Trial no,Sensor position,Sample No,Sensor val,Matching condition
25,FP1,0,12.665,S2M
25,FP1,1,10.223,S2M
25,FP1,2,3.876,S2M
25,FP1,3,-2.960,S2M
25,FP1,4,-7.355,S2M
25,FP1,5,-7.843,S2M
25,FP1,6,-6.866,S2M
25,FP1,7,-6.866,S2M
25,FP1,8,-8.820,S2M
25,FP1,9,-10.284,S2M
25,FP1,10,-8.331,S2M
25,FP1,11,-2.472,S2M
25,FP1,12,4.852,S2M
25,FP1,13,9.735,S2M
25,FP1,14,8.270,S2M
25,FP1,15,2.411,S2M
25,FP1,16,-4.425,S2M
25,FP1,17,-8.331,S2M
25,FP1,18,-6.866,S2M
25,FP1,19,-2.472,S2M
25,FP1,20,2.411,S2M
25,FP1,21,5.341,S2M
25,FP1,22,7.782,S2M
25,FP1,23,8.270,S2M
25,FP1,24,9.247,S2M
25,FP1,25,8.759,S2M
25,FP1,26,6.805,S2M
25,FP1,27,3.387,S2M
25,FP1,28,-0.519,S2M
25,FP1,29,-3.448,S2M
25,FP1,30,-3.937,S2M
25,FP1,31,-3.937,S2M
25,FP1,32,-2.472,S2M
25,FP1,33,-0.519,S2M
25,FP1,34,0.946,S2M
25,FP1,35,2.411,S2M
25,FP1,36,3.876,S2M
25,FP1,37,3.876,S2M
25,FP1,38,1.923,S2M
25,FP1,39,-0.519,S2M
25,FP1,40,-3.937,S2M
25,FP1,41,-5.402,S2M
25,FP1,42,-5.402,S2M
25,FP1,43,-3.448,S2M
25,FP1,44,-1.495,S2M
25,FP1,45,0.458,S2M
25,FP1,46,0.946,S2M
25,FP1,47,0.946,S2M
25,FP1,48,2.411,S2M
25,FP1,49,4.364,S2M
25,FP1,50,6.317,S2M
25,FP1,51,7.782,S2M
25,FP1,52,8.270,S2M
25,FP1,53,8.759,S2M
25,FP1,54,9.735,S2M
25,FP1,55,11.200,S2M
25,FP1,56,12.177,S2M
25,FP1,57,10.712,S2M
25,FP1,58,6.805,S2M
25,FP1,59,2.411,S2M
25,FP1,60,-0.519,S2M
25,FP1,61,-1.007,S2M
25,FP1,62,-1.007,S2M
25,FP1,63,-2.472,S2M
25,FP1,64,-5.890,S2M
25,FP1,65,-9.796,S2M
25,FP1,66,-12.238,S2M
25,FP1,67,-12.238,S2M
25,FP1,68,-10.773,S2M
25,FP1,69,-10.284,S2M
25,FP1,70,-11.749,S2M
25,FP1,71,-14.679,S2M
25,FP1,72,-16.144,S2M
25,FP1,73,-13.702,S2M
25,FP1,74,-7.355,S2M
25,FP1,75,0.946,S2M
25,FP1,76,7.294,S2M
25,FP1,77,9.735,S2M
25,FP1,78,6.805,S2M
25,FP1,79,0.946,S2M
25,FP1,80,-4.425,S2M
25,FP1,81,-7.843,S2M
25,FP1,82,-7.843,S2M
25,FP1,83,-5.890,S2M
25,FP1,84,-3.937,S2M
25,FP1,85,-2.960,S2M
25,FP1,86,-3.937,S2M
25,FP1,87,-5.402,S2M
25,FP1,88,-6.866,S2M
25,FP1,89,-9.308,S2M
25,FP1,90,-11.749,S2M
25,FP1,91,-14.679,S2M
25,FP1,92,-16.632,S2M
25,FP1,93,-16.632,S2M
25,FP1,94,-14.191,S2M
25,FP1,95,-10.284,S2M
25,FP1,96,-6.866,S2M
25,FP1,97,-5.890,S2M
25,FP1,98,-7.355,S2M
25,FP1,99,-9.796,S2M
25,FP1,100,-11.261,S2M
25,FP1,101,-11.749,S2M
25,FP1,102,-11.261,S2M
25,FP1,103,-10.284,S2M
25,FP1,104,-10.284,S2M
25,FP1,105,-10.284,S2M
25,FP1,106,-11.749,S2M
25,FP1,107,-14.191,S2M
25,FP1,108,-16.144,S2M
25,FP1,109,-16.632,S2M
25,FP1,110,-15.656,S2M
25,FP1,111,-12.726,S2M
25,FP1,112,-10.284,S2M
25,FP1,113,-8.820,S2M
25,FP1,114,-8.820,S2M
25,FP1,115,-9.308,S2M
25,FP1,116,-8.331,S2M
25,FP1,117,-5.402,S2M
25,FP1,118,-2.960,S2M
25,FP1,119,-3.448,S2M
25,FP1,120,-6.378,S2M
25,FP1,121,-9.308,S2M
25,FP1,122,-9.796,S2M
25,FP1,123,-6.378,S2M
25,FP1,124,-1.984,S2M
25,FP1,125,0.458,S2M
25,FP1,126,-1.007,S2M
25,FP1,127,-4.913,S2M
25,FP1,128,-8.331,S2M
25,FP1,129,-9.308,S2M
25,FP1,130,-9.796,S2M
25,FP1,131,-11.261,S2M
25,FP1,132,-14.191,S2M
25,FP1,133,-16.144,S2M
25,FP1,134,-15.656,S2M
25,FP1,135,-11.261,S2M
25,FP1,136,-5.890,S2M
25,FP1,137,-1.984,S2M
25,FP1,138,-1.495,S2M
25,FP1,139,-4.913,S2M
25,FP1,140,-9.796,S2M
25,FP1,141,-14.191,S2M
25,FP1,142,-15.656,S2M
25,FP1,143,-13.702,S2M
25,FP1,144,-9.796,S2M
25,FP1,145,-5.402,S2M
25,FP1,146,-2.472,S2M
25,FP1,147,-1.984,S2M
25,FP1,148,-2.472,S2M
25,FP1,149,-2.960,S2M
25,FP1,150,-2.472,S2M
25,FP1,151,-2.472,S2M
25,FP1,152,-3.937,S2M
25,FP1,153,-9.308,S2M
25,FP1,154,-16.144,S2M
25,FP1,155,-21.515,S2M
25,FP1,156,-21.027,S2M
25,FP1,157,-15.656,S2M
25,FP1,158,-7.355,S2M
25,FP1,159,-1.495,S2M
25,FP1,160,-1.495,S2M
25,FP1,161,-5.402,S2M
25,FP1,162,-10.284,S2M
25,FP1,163,-12.238,S2M
25,FP1,164,-10.773,S2M
25,FP1,165,-8.331,S2M
25,FP1,166,-8.820,S2M
25,FP1,167,-11.749,S2M
25,FP1,168,-15.167,S2M
25,FP1,169,-17.120,S2M
25,FP1,170,-16.144,S2M
25,FP1,171,-13.214,S2M
25,FP1,172,-10.284,S2M
25,FP1,173,-8.820,S2M
25,FP1,174,-8.331,S2M
25,FP1,175,-8.331,S2M
25,FP1,176,-8.331,S2M
25,FP1,177,-8.331,S2M
25,FP1,178,-9.308,S2M
25,FP1,179,-11.261,S2M
25,FP1,180,-13.702,S2M
25,FP1,181,-15.656,S2M
25,FP1,182,-17.609,S2M
25,FP1,183,-17.609,S2M
25,FP1,184,-15.656,S2M
25,FP1,185,-12.238,S2M
25,FP1,186,-9.308,S2M
25,FP1,187,-8.820,S2M
25,FP1,188,-10.773,S2M
25,FP1,189,-13.702,S2M
25,FP1,190,-14.191,S2M
25,FP1,191,-11.749,S2M
25,FP1,192,-7.843,S2M
25,FP1,193,-4.425,S2M
25,FP1,194,-3.937,S2M
25,FP1,195,-6.866,S2M
25,FP1,196,-10.773,S2M
25,FP1,197,-14.191,S2M
25,FP1,198,-16.144,S2M
25,FP1,199,-16.632,S2M
25,FP1,200,-16.144,S2M
25,FP1,201,-15.167,S2M
25,FP1,202,-12.238,S2M
25,FP1,203,-8.331,S2M
25,FP1,204,-4.913,S2M
25,FP1,205,-3.448,S2M
25,FP1,206,-4.913,S2M
25,FP1,207,-7.843,S2M
25,FP1,208,-10.773,S2M
25,FP1,209,-9.796,S2M
25,FP1,210,-5.890,S2M
25,FP1,211,-1.007,S2M
25,FP1,212,2.899,S2M
25,FP1,213,3.876,S2M
25,FP1,214,0.946,S2M
25,FP1,215,-2.960,S2M
25,FP1,216,-5.890,S2M
25,FP1,217,-6.378,S2M
25,FP1,218,-4.913,S2M
25,FP1,219,-3.937,S2M
25,FP1,220,-4.425,S2M
25,FP1,221,-5.402,S2M
25,FP1,222,-6.378,S2M
25,FP1,223,-4.913,S2M
25,FP1,224,-1.984,S2M
25,FP1,225,1.923,S2M
25,FP1,226,4.852,S2M
25,FP1,227,4.364,S2M
25,FP1,228,1.434,S2M
25,FP1,229,-2.472,S2M
25,FP1,230,-4.913,S2M
25,FP1,231,-4.425,S2M
25,FP1,232,-1.984,S2M
25,FP1,233,0.458,S2M
25,FP1,234,1.434,S2M
25,FP1,235,0.946,S2M
25,FP1,236,-0.519,S2M
25,FP1,237,-0.519,S2M
25,FP1,238,-0.031,S2M
25,FP1,239,0.458,S2M
25,FP1,240,-1.495,S2M
25,FP1,241,-5.890,S2M
25,FP1,242,-11.749,S2M
25,FP1,243,-15.656,S2M
25,FP1,244,-15.167,S2M
25,FP1,245,-10.284,S2M
25,FP1,246,-4.425,S2M
25,FP1,247,-1.495,S2M
25,FP1,248,-2.472,S2M
25,FP1,249,-5.890,S2M
25,FP1,250,-8.820,S2M
25,FP1,251,-8.820,S2M
25,FP1,252,-6.378,S2M
25,FP1,253,-3.937,S2M
25,FP1,254,-3.448,S2M
25,FP1,255,-5.402,S2M
25,FP2,0,-3.235,S2M
25,FP2,1,-7.141,S2M
25,FP2,2,-5.676,S2M
25,FP2,3,-1.770,S2M
25,FP2,4,0.671,S2M
25,FP2,5,-2.258,S2M
25,FP2,6,-10.071,S2M
25,FP2,7,-16.907,S2M
25,FP2,8,-16.418,S2M
25,FP2,9,-8.606,S2M
25,FP2,10,2.625,S2M
25,FP2,11,10.437,S2M
25,FP2,12,10.925,S2M
25,FP2,13,4.089,S2M
25,FP2,14,-4.211,S2M
25,FP2,15,-10.559,S2M
25,FP2,16,-11.047,S2M
25,FP2,17,-7.629,S2M
25,FP2,18,-2.258,S2M
25,FP2,19,2.136,S2M
25,FP2,20,4.578,S2M
25,FP2,21,6.042,S2M
25,FP2,22,6.531,S2M
25,FP2,23,6.042,S2M
25,FP2,24,5.554,S2M
25,FP2,25,4.089,S2M
25,FP2,26,1.648,S2M
25,FP2,27,-0.793,S2M
25,FP2,28,-3.235,S2M
25,FP2,29,-3.723,S2M
25,FP2,30,-1.770,S2M
25,FP2,31,1.160,S2M
25,FP2,32,3.113,S2M
25,FP2,33,3.113,S2M
25,FP2,34,1.160,S2M
25,FP2,35,-1.282,S2M
25,FP2,36,-3.723,S2M
25,FP2,37,-5.188,S2M
25,FP2,38,-6.653,S2M
25,FP2,39,-9.094,S2M
25,FP2,40,-13.000,S2M
25,FP2,41,-15.442,S2M
25,FP2,42,-13.977,S2M
25,FP2,43,-8.118,S2M
25,FP2,44,-0.793,S2M
25,FP2,45,5.554,S2M
25,FP2,46,7.019,S2M
25,FP2,47,4.578,S2M
25,FP2,48,2.136,S2M
25,FP2,49,2.136,S2M
25,FP2,50,6.042,S2M
25,FP2,51,9.949,S2M
25,FP2,52,11.414,S2M
25,FP2,53,7.996,S2M
25,FP2,54,1.648,S2M
25,FP2,55,-4.700,S2M
25,FP2,56,-7.629,S2M
25,FP2,57,-7.141,S2M
25,FP2,58,-3.235,S2M
25,FP2,59,0.671,S2M
25,FP2,60,3.601,S2M
25,FP2,61,2.625,S2M
25,FP2,62,-2.258,S2M
25,FP2,63,-9.583,S2M
25,FP2,64,-16.907,S2M
25,FP2,65,-19.836,S2M
25,FP2,66,-17.883,S2M
25,FP2,67,-13.489,S2M
25,FP2,68,-10.559,S2M
25,FP2,69,-11.536,S2M
25,FP2,70,-15.442,S2M
25,FP2,71,-16.418,S2M
25,FP2,72,-12.024,S2M
25,FP2,73,-4.211,S2M
25,FP2,74,2.625,S2M
25,FP2,75,3.601,S2M
25,FP2,76,-1.770,S2M
25,FP2,77,-8.606,S2M
25,FP2,78,-11.536,S2M
25,FP2,79,-8.118,S2M
25,FP2,80,-1.282,S2M
25,FP2,81,3.113,S2M
25,FP2,82,2.625,S2M
25,FP2,83,-1.770,S2M
25,FP2,84,-7.141,S2M
25,FP2,85,-10.559,S2M
25,FP2,86,-11.536,S2M
25,FP2,87,-12.024,S2M
25,FP2,88,-13.977,S2M
25,FP2,89,-16.418,S2M
25,FP2,90,-17.883,S2M
25,FP2,91,-17.395,S2M
25,FP2,92,-14.465,S2M
25,FP2,93,-11.047,S2M
25,FP2,94,-8.606,S2M
25,FP2,95,-8.118,S2M
25,FP2,96,-10.071,S2M
25,FP2,97,-13.000,S2M
25,FP2,98,-16.907,S2M
25,FP2,99,-20.325,S2M
25,FP2,100,-22.766,S2M
25,FP2,101,-22.278,S2M
25,FP2,102,-18.372,S2M
25,FP2,103,-12.512,S2M
25,FP2,104,-7.141,S2M
25,FP2,105,-4.211,S2M
25,FP2,106,-7.141,S2M
25,FP2,107,-13.489,S2M
25,FP2,108,-19.836,S2M
25,FP2,109,-21.301,S2M
25,FP2,110,-17.883,S2M
25,FP2,111,-12.024,S2M
25,FP2,112,-8.118,S2M
25,FP2,113,-7.141,S2M
25,FP2,114,-8.118,S2M
25,FP2,115,-10.071,S2M
25,FP2,116,-9.583,S2M
25,FP2,117,-9.094,S2M
25,FP2,118,-9.094,S2M
25,FP2,119,-10.071,S2M
25,FP2,120,-10.071,S2M
25,FP2,121,-7.629,S2M
25,FP2,122,-3.723,S2M
25,FP2,123,-0.793,S2M
25,FP2,124,-1.770,S2M
25,FP2,125,-5.676,S2M
25,FP2,126,-10.071,S2M
25,FP2,127,-12.024,S2M
25,FP2,128,-12.024,S2M
25,FP2,129,-11.536,S2M
25,FP2,130,-12.024,S2M
25,FP2,131,-13.489,S2M
25,FP2,132,-13.977,S2M
25,FP2,133,-12.024,S2M
25,FP2,134,-8.118,S2M
25,FP2,135,-5.676,S2M
25,FP2,136,-6.165,S2M
25,FP2,137,-8.606,S2M
25,FP2,138,-11.047,S2M
25,FP2,139,-11.047,S2M
25,FP2,140,-11.047,S2M
25,FP2,141,-11.536,S2M
25,FP2,142,-13.000,S2M
25,FP2,143,-13.977,S2M
25,FP2,144,-12.024,S2M
25,FP2,145,-7.629,S2M
25,FP2,146,-2.258,S2M
25,FP2,147,-0.305,S2M
25,FP2,148,-1.770,S2M
25,FP2,149,-4.211,S2M
25,FP2,150,-4.211,S2M
25,FP2,151,-1.770,S2M
25,FP2,152,-0.305,S2M
25,FP2,153,-2.258,S2M
25,FP2,154,-9.583,S2M
25,FP2,155,-17.883,S2M
25,FP2,156,-21.790,S2M
25,FP2,157,-18.860,S2M
25,FP2,158,-12.024,S2M
25,FP2,159,-6.165,S2M
25,FP2,160,-4.700,S2M
25,FP2,161,-8.118,S2M
25,FP2,162,-11.536,S2M
25,FP2,163,-13.000,S2M
25,FP2,164,-11.536,S2M
25,FP2,165,-10.071,S2M
25,FP2,166,-10.559,S2M
25,FP2,167,-13.000,S2M
25,FP2,168,-16.418,S2M
25,FP2,169,-18.372,S2M
25,FP2,170,-18.372,S2M
25,FP2,171,-18.372,S2M
25,FP2,172,-16.907,S2M
25,FP2,173,-13.977,S2M
25,FP2,174,-9.583,S2M
25,FP2,175,-3.723,S2M
25,FP2,176,0.183,S2M
25,FP2,177,-1.282,S2M
25,FP2,178,-6.653,S2M
25,FP2,179,-13.977,S2M
25,FP2,180,-18.860,S2M
25,FP2,181,-19.348,S2M
25,FP2,182,-16.907,S2M
25,FP2,183,-13.977,S2M
25,FP2,184,-12.512,S2M
25,FP2,185,-13.000,S2M
25,FP2,186,-14.465,S2M
25,FP2,187,-15.442,S2M
25,FP2,188,-15.930,S2M
25,FP2,189,-15.442,S2M
25,FP2,190,-13.000,S2M
25,FP2,191,-9.094,S2M
25,FP2,192,-4.211,S2M
25,FP2,193,-0.793,S2M
25,FP2,194,-0.793,S2M
25,FP2,195,-5.188,S2M
25,FP2,196,-10.071,S2M
25,FP2,197,-13.489,S2M
25,FP2,198,-13.000,S2M
25,FP2,199,-11.047,S2M
25,FP2,200,-9.583,S2M
25,FP2,201,-10.559,S2M
25,FP2,202,-12.512,S2M
25,FP2,203,-13.489,S2M
25,FP2,204,-12.024,S2M
25,FP2,205,-8.606,S2M
25,FP2,206,-4.700,S2M
25,FP2,207,-1.282,S2M
25,FP2,208,0.671,S2M
25,FP2,209,3.113,S2M
25,FP2,210,4.089,S2M
25,FP2,211,3.601,S2M
25,FP2,212,0.671,S2M
25,FP2,213,-3.235,S2M
25,FP2,214,-6.653,S2M
25,FP2,215,-6.165,S2M
25,FP2,216,-3.723,S2M
25,FP2,217,-1.770,S2M
25,FP2,218,-3.235,S2M
25,FP2,219,-8.118,S2M
25,FP2,220,-13.000,S2M
25,FP2,221,-13.977,S2M
25,FP2,222,-8.118,S2M
25,FP2,223,2.136,S2M
25,FP2,224,10.437,S2M
25,FP2,225,12.390,S2M
25,FP2,226,7.996,S2M
25,FP2,227,1.160,S2M
25,FP2,228,-3.235,S2M
25,FP2,229,-3.235,S2M
25,FP2,230,-0.305,S2M
25,FP2,231,1.160,S2M
25,FP2,232,-0.305,S2M
25,FP2,233,-3.235,S2M
25,FP2,234,-5.188,S2M
25,FP2,235,-3.235,S2M
25,FP2,236,1.160,S2M
25,FP2,237,4.578,S2M
25,FP2,238,5.066,S2M
25,FP2,239,1.648,S2M
25,FP2,240,-4.211,S2M
25,FP2,241,-8.606,S2M
25,FP2,242,-9.094,S2M
25,FP2,243,-6.165,S2M
25,FP2,244,-2.258,S2M
25,FP2,245,0.671,S2M
25,FP2,246,0.183,S2M
25,FP2,247,-3.235,S2M
25,FP2,248,-7.629,S2M
25,FP2,249,-10.559,S2M
25,FP2,250,-11.047,S2M
25,FP2,251,-9.094,S2M
25,FP2,252,-6.165,S2M
25,FP2,253,-3.723,S2M
25,FP2,254,-2.747,S2M
25,FP2,255,-3.235,S2M
25,F7,0,5.849,S2M
25,F7,1,5.361,S2M
25,F7,2,3.408,S2M
25,F7,3,-0.010,S2M
25,F7,4,-4.405,S2M
25,F7,5,-7.823,S2M
25,F7,6,-9.776,S2M
25,F7,7,-9.288,S2M
25,F7,8,-6.846,S2M
25,F7,9,-3.916,S2M
25,F7,10,-0.987,S2M
25,F7,11,0.478,S2M
25,F7,12,1.455,S2M
25,F7,13,0.966,S2M
25,F7,14,0.478,S2M
25,F7,15,-0.010,S2M
25,F7,16,-0.987,S2M
25,F7,17,-2.452,S2M
25,F7,18,-3.428,S2M
25,F7,19,-3.428,S2M
25,F7,20,-0.987,S2M
25,F7,21,2.431,S2M
25,F7,22,6.826,S2M
25,F7,23,10.732,S2M
25,F7,24,14.638,S2M
25,F7,25,16.591,S2M
25,F7,26,17.080,S2M
25,F7,27,15.127,S2M
25,F7,28,10.732,S2M
25,F7,29,4.384,S2M
25,F7,30,-1.475,S2M
25,F7,31,-5.381,S2M
25,F7,32,-5.381,S2M
25,F7,33,-0.498,S2M
25,F7,34,6.337,S2M
25,F7,35,12.197,S2M
25,F7,36,13.662,S2M
25,F7,37,9.267,S2M
25,F7,38,1.943,S2M
25,F7,39,-5.870,S2M
25,F7,40,-10.264,S2M
25,F7,41,-9.776,S2M
25,F7,42,-5.381,S2M
25,F7,43,-0.987,S2M
25,F7,44,0.478,S2M
25,F7,45,-1.963,S2M
25,F7,46,-4.893,S2M
25,F7,47,-6.358,S2M
25,F7,48,-2.940,S2M
25,F7,49,4.384,S2M
25,F7,50,11.220,S2M
25,F7,51,15.615,S2M
25,F7,52,16.103,S2M
25,F7,53,13.173,S2M
25,F7,54,8.291,S2M
25,F7,55,3.896,S2M
25,F7,56,-0.010,S2M
25,F7,57,-2.452,S2M
25,F7,58,-2.452,S2M
25,F7,59,-0.987,S2M
25,F7,60,1.455,S2M
25,F7,61,2.431,S2M
25,F7,62,0.478,S2M
25,F7,63,-4.893,S2M
25,F7,64,-10.752,S2M
25,F7,65,-16.123,S2M
25,F7,66,-18.077,S2M
25,F7,67,-17.588,S2M
25,F7,68,-16.123,S2M
25,F7,69,-15.147,S2M
25,F7,70,-15.147,S2M
25,F7,71,-15.635,S2M
25,F7,72,-14.659,S2M
25,F7,73,-11.241,S2M
25,F7,74,-6.846,S2M
25,F7,75,-2.940,S2M
25,F7,76,-0.987,S2M
25,F7,77,-2.452,S2M
25,F7,78,-5.870,S2M
25,F7,79,-8.799,S2M
25,F7,80,-9.776,S2M
25,F7,81,-9.288,S2M
25,F7,82,-8.311,S2M
25,F7,83,-7.334,S2M
25,F7,84,-6.846,S2M
25,F7,85,-5.381,S2M
25,F7,86,-3.428,S2M
25,F7,87,-1.963,S2M
25,F7,88,-3.916,S2M
25,F7,89,-8.799,S2M
25,F7,90,-14.659,S2M
25,F7,91,-18.565,S2M
25,F7,92,-18.565,S2M
25,F7,93,-14.170,S2M
25,F7,94,-8.799,S2M
25,F7,95,-4.893,S2M
25,F7,96,-4.405,S2M
25,F7,97,-7.334,S2M
25,F7,98,-12.705,S2M
25,F7,99,-18.565,S2M
25,F7,100,-22.471,S2M
25,F7,101,-21.495,S2M
25,F7,102,-16.123,S2M
25,F7,103,-7.334,S2M
25,F7,104,-0.987,S2M
25,F7,105,-0.498,S2M
25,F7,106,-6.846,S2M
25,F7,107,-16.612,S2M
25,F7,108,-22.471,S2M
25,F7,109,-21.006,S2M
25,F7,110,-13.194,S2M
25,F7,111,-3.916,S2M
25,F7,112,1.943,S2M
25,F7,113,2.920,S2M
25,F7,114,0.478,S2M
25,F7,115,-1.475,S2M
25,F7,116,-2.452,S2M
25,F7,117,-4.405,S2M
25,F7,118,-8.311,S2M
25,F7,119,-13.682,S2M
25,F7,120,-16.123,S2M
25,F7,121,-12.705,S2M
25,F7,122,-5.381,S2M
25,F7,123,0.966,S2M
25,F7,124,1.943,S2M
25,F7,125,-3.428,S2M
25,F7,126,-8.799,S2M
25,F7,127,-9.776,S2M
25,F7,128,-4.893,S2M
25,F7,129,-0.498,S2M
25,F7,130,-0.987,S2M
25,F7,131,-7.334,S2M
25,F7,132,-15.147,S2M
25,F7,133,-16.612,S2M
25,F7,134,-10.752,S2M
25,F7,135,-0.987,S2M
25,F7,136,4.873,S2M
25,F7,137,2.920,S2M
25,F7,138,-4.405,S2M
25,F7,139,-10.752,S2M
25,F7,140,-12.705,S2M
25,F7,141,-10.264,S2M
25,F7,142,-7.334,S2M
25,F7,143,-6.846,S2M
25,F7,144,-8.799,S2M
25,F7,145,-9.776,S2M
25,F7,146,-7.334,S2M
25,F7,147,-2.940,S2M
25,F7,148,-0.010,S2M
25,F7,149,0.478,S2M
25,F7,150,-2.452,S2M
25,F7,151,-5.381,S2M
25,F7,152,-6.846,S2M
25,F7,153,-6.846,S2M
25,F7,154,-7.823,S2M
25,F7,155,-11.241,S2M
25,F7,156,-15.147,S2M
25,F7,157,-17.100,S2M
25,F7,158,-14.170,S2M
25,F7,159,-7.334,S2M
25,F7,160,-1.475,S2M
25,F7,161,0.966,S2M
25,F7,162,-1.963,S2M
25,F7,163,-7.334,S2M
25,F7,164,-11.241,S2M
25,F7,165,-11.241,S2M
25,F7,166,-7.823,S2M
25,F7,167,-5.381,S2M
25,F7,168,-5.870,S2M
25,F7,169,-9.776,S2M
25,F7,170,-13.682,S2M
25,F7,171,-15.147,S2M
25,F7,172,-13.194,S2M
25,F7,173,-10.264,S2M
25,F7,174,-7.823,S2M
25,F7,175,-6.846,S2M
25,F7,176,-6.358,S2M
25,F7,177,-3.916,S2M
25,F7,178,-0.987,S2M
25,F7,179,1.943,S2M
25,F7,180,0.966,S2M
25,F7,181,-2.452,S2M
25,F7,182,-6.358,S2M
25,F7,183,-8.311,S2M
25,F7,184,-6.846,S2M
25,F7,185,-3.916,S2M
25,F7,186,-2.452,S2M
25,F7,187,-2.452,S2M
25,F7,188,-2.940,S2M
25,F7,189,-2.452,S2M
25,F7,190,-0.010,S2M
25,F7,191,2.920,S2M
25,F7,192,3.896,S2M
25,F7,193,1.943,S2M
25,F7,194,-2.452,S2M
25,F7,195,-5.870,S2M
25,F7,196,-7.823,S2M
25,F7,197,-8.311,S2M
25,F7,198,-8.311,S2M
25,F7,199,-8.311,S2M
25,F7,200,-8.799,S2M
25,F7,201,-8.311,S2M
25,F7,202,-6.846,S2M
25,F7,203,-4.405,S2M
25,F7,204,-1.475,S2M
25,F7,205,0.966,S2M
25,F7,206,2.431,S2M
25,F7,207,2.920,S2M
25,F7,208,2.920,S2M
25,F7,209,2.431,S2M
25,F7,210,2.431,S2M
25,F7,211,2.431,S2M
25,F7,212,2.920,S2M
25,F7,213,2.431,S2M
25,F7,214,2.431,S2M
25,F7,215,1.943,S2M
25,F7,216,1.455,S2M
25,F7,217,0.966,S2M
25,F7,218,-0.010,S2M
25,F7,219,-1.475,S2M
25,F7,220,-2.940,S2M
25,F7,221,-3.428,S2M
25,F7,222,-1.963,S2M
25,F7,223,0.966,S2M
25,F7,224,4.873,S2M
25,F7,225,7.314,S2M
25,F7,226,7.314,S2M
25,F7,227,5.361,S2M
25,F7,228,2.431,S2M
25,F7,229,0.478,S2M
25,F7,230,0.478,S2M
25,F7,231,1.943,S2M
25,F7,232,2.920,S2M
25,F7,233,2.920,S2M
25,F7,234,1.943,S2M
25,F7,235,2.431,S2M
25,F7,236,4.384,S2M
25,F7,237,6.826,S2M
25,F7,238,7.802,S2M
25,F7,239,5.361,S2M
25,F7,240,-0.010,S2M
25,F7,241,-5.870,S2M
25,F7,242,-8.799,S2M
25,F7,243,-7.823,S2M
25,F7,244,-3.916,S2M
25,F7,245,-0.498,S2M
25,F7,246,-0.498,S2M
25,F7,247,-2.940,S2M
25,F7,248,-6.358,S2M
25,F7,249,-6.846,S2M
25,F7,250,-3.428,S2M
25,F7,251,1.455,S2M
25,F7,252,4.873,S2M
25,F7,253,4.873,S2M
25,F7,254,1.943,S2M
25,F7,255,-0.987,S2M
25,F8,0,7.019,S2M
25,F8,1,0.671,S2M
25,F8,2,-3.723,S2M
25,F8,3,-4.211,S2M
25,F8,4,-3.723,S2M
25,F8,5,-6.165,S2M
25,F8,6,-11.536,S2M
25,F8,7,-17.395,S2M
25,F8,8,-18.372,S2M
25,F8,9,-12.512,S2M
25,F8,10,-1.282,S2M
25,F8,11,8.972,S2M
25,F8,12,13.855,S2M
25,F8,13,12.390,S2M
25,F8,14,6.531,S2M
25,F8,15,0.671,S2M
25,F8,16,-2.258,S2M
25,F8,17,-2.258,S2M
25,F8,18,-0.305,S2M
25,F8,19,1.648,S2M
25,F8,20,3.113,S2M
25,F8,21,4.089,S2M
25,F8,22,5.554,S2M
25,F8,23,7.019,S2M
25,F8,24,8.972,S2M
25,F8,25,9.949,S2M
25,F8,26,9.949,S2M
25,F8,27,7.996,S2M
25,F8,28,5.066,S2M
25,F8,29,2.625,S2M
25,F8,30,0.183,S2M
25,F8,31,-0.793,S2M
25,F8,32,-1.282,S2M
25,F8,33,-1.282,S2M
25,F8,34,-0.305,S2M
25,F8,35,1.648,S2M
25,F8,36,2.625,S2M
25,F8,37,1.648,S2M
25,F8,38,-2.258,S2M
25,F8,39,-8.118,S2M
25,F8,40,-13.000,S2M
25,F8,41,-14.465,S2M
25,F8,42,-13.000,S2M
25,F8,43,-10.071,S2M
25,F8,44,-8.606,S2M
25,F8,45,-9.094,S2M
25,F8,46,-8.606,S2M
25,F8,47,-6.165,S2M
25,F8,48,-1.770,S2M
25,F8,49,1.648,S2M
25,F8,50,1.648,S2M
25,F8,51,-2.258,S2M
25,F8,52,-7.629,S2M
25,F8,53,-11.047,S2M
25,F8,54,-10.559,S2M
25,F8,55,-8.118,S2M
25,F8,56,-6.165,S2M
25,F8,57,-6.653,S2M
25,F8,58,-10.071,S2M
25,F8,59,-13.977,S2M
25,F8,60,-15.930,S2M
25,F8,61,-14.954,S2M
25,F8,62,-13.000,S2M
25,F8,63,-12.024,S2M
25,F8,64,-13.977,S2M
25,F8,65,-18.372,S2M
25,F8,66,-23.743,S2M
25,F8,67,-26.672,S2M
25,F8,68,-26.672,S2M
25,F8,69,-24.231,S2M
25,F8,70,-21.790,S2M
25,F8,71,-19.348,S2M
25,F8,72,-16.418,S2M
25,F8,73,-13.000,S2M
25,F8,74,-8.118,S2M
25,F8,75,-5.188,S2M
25,F8,76,-5.188,S2M
25,F8,77,-7.629,S2M
25,F8,78,-10.071,S2M
25,F8,79,-9.583,S2M
25,F8,80,-5.676,S2M
25,F8,81,-1.282,S2M
25,F8,82,0.183,S2M
25,F8,83,-2.258,S2M
25,F8,84,-7.629,S2M
25,F8,85,-10.559,S2M
25,F8,86,-10.559,S2M
25,F8,87,-7.629,S2M
25,F8,88,-6.165,S2M
25,F8,89,-8.118,S2M
25,F8,90,-13.000,S2M
25,F8,91,-18.372,S2M
25,F8,92,-21.790,S2M
25,F8,93,-21.301,S2M
25,F8,94,-17.883,S2M
25,F8,95,-14.465,S2M
25,F8,96,-12.512,S2M
25,F8,97,-13.489,S2M
25,F8,98,-15.930,S2M
25,F8,99,-17.883,S2M
25,F8,100,-18.860,S2M
25,F8,101,-18.372,S2M
25,F8,102,-17.883,S2M
25,F8,103,-16.907,S2M
25,F8,104,-15.442,S2M
25,F8,105,-14.465,S2M
25,F8,106,-13.000,S2M
25,F8,107,-12.024,S2M
25,F8,108,-13.000,S2M
25,F8,109,-14.954,S2M
25,F8,110,-16.907,S2M
25,F8,111,-16.907,S2M
25,F8,112,-14.954,S2M
25,F8,113,-10.071,S2M
25,F8,114,-6.165,S2M
25,F8,115,-4.211,S2M
25,F8,116,-5.188,S2M
25,F8,117,-8.606,S2M
25,F8,118,-11.536,S2M
25,F8,119,-12.512,S2M
25,F8,120,-11.536,S2M
25,F8,121,-9.583,S2M
25,F8,122,-9.094,S2M
25,F8,123,-9.094,S2M
25,F8,124,-9.583,S2M
25,F8,125,-9.583,S2M
25,F8,126,-8.606,S2M
25,F8,127,-8.118,S2M
25,F8,128,-8.118,S2M
25,F8,129,-8.606,S2M
25,F8,130,-9.583,S2M
25,F8,131,-10.071,S2M
25,F8,132,-10.559,S2M
25,F8,133,-11.047,S2M
25,F8,134,-12.512,S2M
25,F8,135,-14.954,S2M
25,F8,136,-15.442,S2M
25,F8,137,-13.977,S2M
25,F8,138,-11.047,S2M
25,F8,139,-8.118,S2M
25,F8,140,-7.141,S2M
25,F8,141,-8.606,S2M
25,F8,142,-11.047,S2M
25,F8,143,-11.536,S2M
25,F8,144,-9.094,S2M
25,F8,145,-4.211,S2M
25,F8,146,-1.282,S2M
25,F8,147,-1.770,S2M
25,F8,148,-6.653,S2M
25,F8,149,-12.024,S2M
25,F8,150,-13.977,S2M
25,F8,151,-11.536,S2M
25,F8,152,-8.606,S2M
25,F8,153,-7.629,S2M
25,F8,154,-11.536,S2M
25,F8,155,-18.372,S2M
25,F8,156,-23.743,S2M
25,F8,157,-24.231,S2M
25,F8,158,-19.348,S2M
25,F8,159,-13.489,S2M
25,F8,160,-9.094,S2M
25,F8,161,-9.583,S2M
25,F8,162,-12.512,S2M
25,F8,163,-14.954,S2M
25,F8,164,-14.954,S2M
25,F8,165,-12.512,S2M
25,F8,166,-10.071,S2M
25,F8,167,-10.559,S2M
25,F8,168,-13.000,S2M
25,F8,169,-16.418,S2M
25,F8,170,-18.860,S2M
25,F8,171,-18.372,S2M
25,F8,172,-17.395,S2M
25,F8,173,-15.930,S2M
25,F8,174,-13.977,S2M
25,F8,175,-11.536,S2M
25,F8,176,-8.118,S2M
25,F8,177,-5.188,S2M
25,F8,178,-4.211,S2M
25,F8,179,-5.676,S2M
25,F8,180,-8.606,S2M
25,F8,181,-11.536,S2M
25,F8,182,-12.512,S2M
25,F8,183,-11.047,S2M
25,F8,184,-10.071,S2M
25,F8,185,-10.559,S2M
25,F8,186,-13.000,S2M
25,F8,187,-15.442,S2M
25,F8,188,-15.442,S2M
25,F8,189,-12.512,S2M
25,F8,190,-7.141,S2M
25,F8,191,-1.770,S2M
25,F8,192,1.160,S2M
25,F8,193,1.648,S2M
25,F8,194,0.183,S2M
25,F8,195,-2.258,S2M
25,F8,196,-5.188,S2M
25,F8,197,-8.606,S2M
25,F8,198,-12.024,S2M
25,F8,199,-14.954,S2M
25,F8,200,-16.907,S2M
25,F8,201,-15.930,S2M
25,F8,202,-12.024,S2M
25,F8,203,-5.676,S2M
25,F8,204,1.160,S2M
25,F8,205,6.531,S2M
25,F8,206,7.996,S2M
25,F8,207,5.554,S2M
25,F8,208,0.183,S2M
25,F8,209,-5.188,S2M
25,F8,210,-9.094,S2M
25,F8,211,-9.583,S2M
25,F8,212,-7.629,S2M
25,F8,213,-4.211,S2M
25,F8,214,-0.793,S2M
25,F8,215,1.648,S2M
25,F8,216,1.648,S2M
25,F8,217,-0.305,S2M
25,F8,218,-2.747,S2M
25,F8,219,-4.700,S2M
25,F8,220,-6.165,S2M
25,F8,221,-6.165,S2M
25,F8,222,-4.700,S2M
25,F8,223,-2.258,S2M
25,F8,224,0.183,S2M
25,F8,225,1.648,S2M
25,F8,226,0.183,S2M
25,F8,227,-2.747,S2M
25,F8,228,-6.653,S2M
25,F8,229,-8.118,S2M
25,F8,230,-6.165,S2M
25,F8,231,-2.258,S2M
25,F8,232,1.648,S2M
25,F8,233,3.601,S2M
25,F8,234,2.625,S2M
25,F8,235,0.671,S2M
25,F8,236,-0.305,S2M
25,F8,237,0.183,S2M
25,F8,238,0.183,S2M
25,F8,239,-1.282,S2M
25,F8,240,-3.723,S2M
25,F8,241,-5.676,S2M
25,F8,242,-5.188,S2M
25,F8,243,-2.747,S2M
25,F8,244,-0.305,S2M
25,F8,245,0.183,S2M
25,F8,246,-1.770,S2M
25,F8,247,-4.700,S2M
25,F8,248,-7.141,S2M
25,F8,249,-7.629,S2M
25,F8,250,-6.165,S2M
25,F8,251,-4.700,S2M
25,F8,252,-4.211,S2M
25,F8,253,-5.188,S2M
25,F8,254,-5.676,S2M
25,F8,255,-5.676,S2M
25,AF1,0,5.931,S2M
25,AF1,1,2.513,S2M
25,AF1,2,-0.905,S2M
25,AF1,3,-3.835,S2M
25,AF1,4,-5.788,S2M
25,AF1,5,-7.253,S2M
25,AF1,6,-8.230,S2M
25,AF1,7,-9.206,S2M
25,AF1,8,-8.718,S2M
25,AF1,9,-6.765,S2M
25,AF1,10,-3.835,S2M
25,AF1,11,-0.417,S2M
25,AF1,12,1.048,S2M
25,AF1,13,1.048,S2M
25,AF1,14,-0.417,S2M
25,AF1,15,-2.858,S2M
25,AF1,16,-4.812,S2M
25,AF1,17,-6.276,S2M
25,AF1,18,-6.276,S2M
25,AF1,19,-4.812,S2M
25,AF1,20,-2.370,S2M
25,AF1,21,1.536,S2M
25,AF1,22,4.954,S2M
25,AF1,23,7.395,S2M
25,AF1,24,7.884,S2M
25,AF1,25,6.419,S2M
25,AF1,26,3.977,S2M
25,AF1,27,1.536,S2M
25,AF1,28,0.071,S2M
25,AF1,29,-0.417,S2M
25,AF1,30,-0.417,S2M
25,AF1,31,-0.905,S2M
25,AF1,32,-0.905,S2M
25,AF1,33,-1.394,S2M
25,AF1,34,-1.394,S2M
25,AF1,35,-1.882,S2M
25,AF1,36,-2.370,S2M
25,AF1,37,-3.835,S2M
25,AF1,38,-6.276,S2M
25,AF1,39,-8.718,S2M
25,AF1,40,-10.183,S2M
25,AF1,41,-9.694,S2M
25,AF1,42,-7.741,S2M
25,AF1,43,-4.812,S2M
25,AF1,44,-2.858,S2M
25,AF1,45,-1.882,S2M
25,AF1,46,-0.905,S2M
25,AF1,47,1.536,S2M
25,AF1,48,4.954,S2M
25,AF1,49,8.860,S2M
25,AF1,50,11.790,S2M
25,AF1,51,12.278,S2M
25,AF1,52,11.302,S2M
25,AF1,53,9.349,S2M
25,AF1,54,8.372,S2M
25,AF1,55,7.884,S2M
25,AF1,56,7.884,S2M
25,AF1,57,6.907,S2M
25,AF1,58,6.419,S2M
25,AF1,59,5.442,S2M
25,AF1,60,4.466,S2M
25,AF1,61,3.489,S2M
25,AF1,62,1.536,S2M
25,AF1,63,-1.882,S2M
25,AF1,64,-5.788,S2M
25,AF1,65,-9.206,S2M
25,AF1,66,-11.159,S2M
25,AF1,67,-11.648,S2M
25,AF1,68,-10.671,S2M
25,AF1,69,-9.694,S2M
25,AF1,70,-9.206,S2M
25,AF1,71,-8.718,S2M
25,AF1,72,-7.253,S2M
25,AF1,73,-4.812,S2M
25,AF1,74,-1.882,S2M
25,AF1,75,1.048,S2M
25,AF1,76,2.024,S2M
25,AF1,77,1.536,S2M
25,AF1,78,0.559,S2M
25,AF1,79,0.071,S2M
25,AF1,80,-0.417,S2M
25,AF1,81,-0.417,S2M
25,AF1,82,-0.417,S2M
25,AF1,83,-0.905,S2M
25,AF1,84,-0.905,S2M
25,AF1,85,-1.882,S2M
25,AF1,86,-2.370,S2M
25,AF1,87,-3.347,S2M
25,AF1,88,-4.812,S2M
25,AF1,89,-6.765,S2M
25,AF1,90,-8.718,S2M
25,AF1,91,-10.671,S2M
25,AF1,92,-10.671,S2M
25,AF1,93,-9.206,S2M
25,AF1,94,-6.765,S2M
25,AF1,95,-4.323,S2M
25,AF1,96,-3.835,S2M
25,AF1,97,-5.300,S2M
25,AF1,98,-7.741,S2M
25,AF1,99,-10.183,S2M
25,AF1,100,-11.159,S2M
25,AF1,101,-9.694,S2M
25,AF1,102,-6.765,S2M
25,AF1,103,-4.812,S2M
25,AF1,104,-4.812,S2M
25,AF1,105,-7.253,S2M
25,AF1,106,-10.183,S2M
25,AF1,107,-12.136,S2M
25,AF1,108,-12.136,S2M
25,AF1,109,-10.183,S2M
25,AF1,110,-6.765,S2M
25,AF1,111,-3.835,S2M
25,AF1,112,-1.882,S2M
25,AF1,113,-0.905,S2M
25,AF1,114,-0.417,S2M
25,AF1,115,-0.905,S2M
25,AF1,116,-1.394,S2M
25,AF1,117,-2.858,S2M
25,AF1,118,-4.323,S2M
25,AF1,119,-5.788,S2M
25,AF1,120,-5.788,S2M
25,AF1,121,-3.835,S2M
25,AF1,122,-1.882,S2M
25,AF1,123,-0.905,S2M
25,AF1,124,-0.905,S2M
25,AF1,125,-1.882,S2M
25,AF1,126,-2.858,S2M
25,AF1,127,-3.347,S2M
25,AF1,128,-3.347,S2M
25,AF1,129,-3.835,S2M
25,AF1,130,-6.276,S2M
25,AF1,131,-9.694,S2M
25,AF1,132,-11.648,S2M
25,AF1,133,-11.648,S2M
25,AF1,134,-9.206,S2M
25,AF1,135,-5.300,S2M
25,AF1,136,-1.882,S2M
25,AF1,137,-0.417,S2M
25,AF1,138,-0.905,S2M
25,AF1,139,-2.858,S2M
25,AF1,140,-4.812,S2M
25,AF1,141,-6.765,S2M
25,AF1,142,-8.718,S2M
25,AF1,143,-9.694,S2M
25,AF1,144,-8.718,S2M
25,AF1,145,-5.788,S2M
25,AF1,146,-1.882,S2M
25,AF1,147,2.024,S2M
25,AF1,148,3.977,S2M
25,AF1,149,3.977,S2M
25,AF1,150,2.513,S2M
25,AF1,151,1.048,S2M
25,AF1,152,-1.394,S2M
25,AF1,153,-4.323,S2M
25,AF1,154,-8.230,S2M
25,AF1,155,-11.159,S2M
25,AF1,156,-11.648,S2M
25,AF1,157,-9.694,S2M
25,AF1,158,-6.276,S2M
25,AF1,159,-3.347,S2M
25,AF1,160,-2.858,S2M
25,AF1,161,-5.300,S2M
25,AF1,162,-8.230,S2M
25,AF1,163,-9.694,S2M
25,AF1,164,-9.694,S2M
25,AF1,165,-7.741,S2M
25,AF1,166,-6.765,S2M
25,AF1,167,-6.276,S2M
25,AF1,168,-7.741,S2M
25,AF1,169,-9.206,S2M
25,AF1,170,-9.206,S2M
25,AF1,171,-8.230,S2M
25,AF1,172,-6.765,S2M
25,AF1,173,-5.300,S2M
25,AF1,174,-4.323,S2M
25,AF1,175,-3.835,S2M
25,AF1,176,-4.323,S2M
25,AF1,177,-5.300,S2M
25,AF1,178,-6.276,S2M
25,AF1,179,-6.765,S2M
25,AF1,180,-7.253,S2M
25,AF1,181,-8.230,S2M
25,AF1,182,-9.694,S2M
25,AF1,183,-11.159,S2M
25,AF1,184,-11.648,S2M
25,AF1,185,-11.648,S2M
25,AF1,186,-10.183,S2M
25,AF1,187,-8.718,S2M
25,AF1,188,-7.253,S2M
25,AF1,189,-6.276,S2M
25,AF1,190,-5.788,S2M
25,AF1,191,-5.788,S2M
25,AF1,192,-5.788,S2M
25,AF1,193,-5.300,S2M
25,AF1,194,-4.812,S2M
25,AF1,195,-4.812,S2M
25,AF1,196,-5.788,S2M
25,AF1,197,-7.741,S2M
25,AF1,198,-9.694,S2M
25,AF1,199,-10.671,S2M
25,AF1,200,-10.183,S2M
25,AF1,201,-9.206,S2M
25,AF1,202,-7.741,S2M
25,AF1,203,-5.788,S2M
25,AF1,204,-4.323,S2M
25,AF1,205,-2.858,S2M
25,AF1,206,-1.394,S2M
25,AF1,207,0.559,S2M
25,AF1,208,1.048,S2M
25,AF1,209,0.071,S2M
25,AF1,210,-0.905,S2M
25,AF1,211,-1.882,S2M
25,AF1,212,-1.882,S2M
25,AF1,213,-0.905,S2M
25,AF1,214,1.048,S2M
25,AF1,215,1.536,S2M
25,AF1,216,1.536,S2M
25,AF1,217,1.048,S2M
25,AF1,218,0.071,S2M
25,AF1,219,-0.905,S2M
25,AF1,220,0.071,S2M
25,AF1,221,1.536,S2M
25,AF1,222,3.001,S2M
25,AF1,223,4.954,S2M
25,AF1,224,5.931,S2M
25,AF1,225,6.419,S2M
25,AF1,226,5.931,S2M
25,AF1,227,4.954,S2M
25,AF1,228,3.489,S2M
25,AF1,229,2.024,S2M
25,AF1,230,1.048,S2M
25,AF1,231,0.071,S2M
25,AF1,232,0.071,S2M
25,AF1,233,0.559,S2M
25,AF1,234,1.536,S2M
25,AF1,235,3.001,S2M
25,AF1,236,3.489,S2M
25,AF1,237,3.489,S2M
25,AF1,238,3.001,S2M
25,AF1,239,1.536,S2M
25,AF1,240,-0.417,S2M
25,AF1,241,-3.347,S2M
25,AF1,242,-5.788,S2M
25,AF1,243,-7.741,S2M
25,AF1,244,-7.741,S2M
25,AF1,245,-6.276,S2M
25,AF1,246,-4.812,S2M
25,AF1,247,-3.347,S2M
25,AF1,248,-3.347,S2M
25,AF1,249,-3.835,S2M
25,AF1,250,-4.812,S2M
25,AF1,251,-4.812,S2M
25,AF1,252,-3.835,S2M
25,AF1,253,-3.835,S2M
25,AF1,254,-4.323,S2M
25,AF1,255,-5.788,S2M
25,AF2,0,3.042,S2M
25,AF2,1,0.112,S2M
25,AF2,2,-2.818,S2M
25,AF2,3,-4.283,S2M
25,AF2,4,-5.259,S2M
25,AF2,5,-6.724,S2M
25,AF2,6,-7.701,S2M
25,AF2,7,-8.189,S2M
25,AF2,8,-7.701,S2M
25,AF2,9,-6.236,S2M
25,AF2,10,-4.283,S2M
25,AF2,11,-2.330,S2M
25,AF2,12,-0.865,S2M
25,AF2,13,-0.376,S2M
25,AF2,14,-0.865,S2M
25,AF2,15,-1.841,S2M
25,AF2,16,-3.306,S2M
25,AF2,17,-4.283,S2M
25,AF2,18,-4.771,S2M
25,AF2,19,-3.794,S2M
25,AF2,20,-1.841,S2M
25,AF2,21,1.088,S2M
25,AF2,22,3.530,S2M
25,AF2,23,4.995,S2M
25,AF2,24,5.483,S2M
25,AF2,25,4.506,S2M
25,AF2,26,2.553,S2M
25,AF2,27,0.600,S2M
25,AF2,28,-0.865,S2M
25,AF2,29,-1.841,S2M
25,AF2,30,-2.818,S2M
25,AF2,31,-2.818,S2M
25,AF2,32,-2.818,S2M
25,AF2,33,-2.330,S2M
25,AF2,34,-2.818,S2M
25,AF2,35,-3.306,S2M
25,AF2,36,-3.794,S2M
25,AF2,37,-5.747,S2M
25,AF2,38,-7.701,S2M
25,AF2,39,-10.142,S2M
25,AF2,40,-11.607,S2M
25,AF2,41,-12.095,S2M
25,AF2,42,-10.630,S2M
25,AF2,43,-7.701,S2M
25,AF2,44,-4.283,S2M
25,AF2,45,-1.353,S2M
25,AF2,46,0.600,S2M
25,AF2,47,1.577,S2M
25,AF2,48,2.065,S2M
25,AF2,49,3.530,S2M
25,AF2,50,5.483,S2M
25,AF2,51,7.436,S2M
25,AF2,52,7.924,S2M
25,AF2,53,6.948,S2M
25,AF2,54,4.506,S2M
25,AF2,55,1.577,S2M
25,AF2,56,-0.376,S2M
25,AF2,57,-1.353,S2M
25,AF2,58,-1.353,S2M
25,AF2,59,-0.865,S2M
25,AF2,60,-1.353,S2M
25,AF2,61,-3.306,S2M
25,AF2,62,-5.747,S2M
25,AF2,63,-9.165,S2M
25,AF2,64,-12.583,S2M
25,AF2,65,-15.513,S2M
25,AF2,66,-17.466,S2M
25,AF2,67,-17.955,S2M
25,AF2,68,-16.978,S2M
25,AF2,69,-15.513,S2M
25,AF2,70,-13.560,S2M
25,AF2,71,-12.095,S2M
25,AF2,72,-10.142,S2M
25,AF2,73,-8.189,S2M
25,AF2,74,-5.259,S2M
25,AF2,75,-2.818,S2M
25,AF2,76,-1.353,S2M
25,AF2,77,-1.841,S2M
25,AF2,78,-2.818,S2M
25,AF2,79,-3.306,S2M
25,AF2,80,-2.818,S2M
25,AF2,81,-1.841,S2M
25,AF2,82,-0.865,S2M
25,AF2,83,-1.841,S2M
25,AF2,84,-4.283,S2M
25,AF2,85,-6.724,S2M
25,AF2,86,-8.189,S2M
25,AF2,87,-8.677,S2M
25,AF2,88,-8.677,S2M
25,AF2,89,-9.165,S2M
25,AF2,90,-10.630,S2M
25,AF2,91,-12.095,S2M
25,AF2,92,-13.072,S2M
25,AF2,93,-12.095,S2M
25,AF2,94,-10.630,S2M
25,AF2,95,-9.165,S2M
25,AF2,96,-9.165,S2M
25,AF2,97,-10.630,S2M
25,AF2,98,-12.095,S2M
25,AF2,99,-12.583,S2M
25,AF2,100,-11.607,S2M
25,AF2,101,-10.142,S2M
25,AF2,102,-9.654,S2M
25,AF2,103,-10.142,S2M
25,AF2,104,-11.607,S2M
25,AF2,105,-12.095,S2M
25,AF2,106,-12.095,S2M
25,AF2,107,-11.119,S2M
25,AF2,108,-9.654,S2M
25,AF2,109,-9.165,S2M
25,AF2,110,-9.165,S2M
25,AF2,111,-9.654,S2M
25,AF2,112,-9.654,S2M
25,AF2,113,-8.677,S2M
25,AF2,114,-6.724,S2M
25,AF2,115,-3.794,S2M
25,AF2,116,-2.330,S2M
25,AF2,117,-1.841,S2M
25,AF2,118,-3.306,S2M
25,AF2,119,-5.747,S2M
25,AF2,120,-7.701,S2M
25,AF2,121,-8.677,S2M
25,AF2,122,-8.189,S2M
25,AF2,123,-7.212,S2M
25,AF2,124,-6.236,S2M
25,AF2,125,-4.771,S2M
25,AF2,126,-4.283,S2M
25,AF2,127,-3.794,S2M
25,AF2,128,-4.283,S2M
25,AF2,129,-5.259,S2M
25,AF2,130,-7.212,S2M
25,AF2,131,-10.142,S2M
25,AF2,132,-12.583,S2M
25,AF2,133,-13.560,S2M
25,AF2,134,-13.560,S2M
25,AF2,135,-11.607,S2M
25,AF2,136,-9.165,S2M
25,AF2,137,-6.724,S2M
25,AF2,138,-5.259,S2M
25,AF2,139,-4.283,S2M
25,AF2,140,-4.771,S2M
25,AF2,141,-6.724,S2M
25,AF2,142,-8.677,S2M
25,AF2,143,-9.654,S2M
25,AF2,144,-8.677,S2M
25,AF2,145,-6.236,S2M
25,AF2,146,-3.306,S2M
25,AF2,147,-1.353,S2M
25,AF2,148,-0.865,S2M
25,AF2,149,-1.841,S2M
25,AF2,150,-2.330,S2M
25,AF2,151,-2.330,S2M
25,AF2,152,-2.330,S2M
25,AF2,153,-3.306,S2M
25,AF2,154,-5.259,S2M
25,AF2,155,-8.189,S2M
25,AF2,156,-10.142,S2M
25,AF2,157,-10.142,S2M
25,AF2,158,-8.677,S2M
25,AF2,159,-7.701,S2M
25,AF2,160,-7.701,S2M
25,AF2,161,-8.677,S2M
25,AF2,162,-10.142,S2M
25,AF2,163,-10.630,S2M
25,AF2,164,-10.142,S2M
25,AF2,165,-9.165,S2M
25,AF2,166,-9.165,S2M
25,AF2,167,-9.165,S2M
25,AF2,168,-10.630,S2M
25,AF2,169,-11.119,S2M
25,AF2,170,-10.630,S2M
25,AF2,171,-9.654,S2M
25,AF2,172,-8.189,S2M
25,AF2,173,-7.701,S2M
25,AF2,174,-7.212,S2M
25,AF2,175,-6.724,S2M
25,AF2,176,-6.236,S2M
25,AF2,177,-6.724,S2M
25,AF2,178,-7.212,S2M
25,AF2,179,-8.677,S2M
25,AF2,180,-10.630,S2M
25,AF2,181,-11.119,S2M
25,AF2,182,-11.607,S2M
25,AF2,183,-11.119,S2M
25,AF2,184,-11.119,S2M
25,AF2,185,-11.119,S2M
25,AF2,186,-11.119,S2M
25,AF2,187,-10.630,S2M
25,AF2,188,-9.654,S2M
25,AF2,189,-8.189,S2M
25,AF2,190,-7.701,S2M
25,AF2,191,-7.701,S2M
25,AF2,192,-8.677,S2M
25,AF2,193,-8.189,S2M
25,AF2,194,-7.212,S2M
25,AF2,195,-6.236,S2M
25,AF2,196,-6.724,S2M
25,AF2,197,-8.189,S2M
25,AF2,198,-10.630,S2M
25,AF2,199,-12.095,S2M
25,AF2,200,-10.630,S2M
25,AF2,201,-7.701,S2M
25,AF2,202,-5.259,S2M
25,AF2,203,-4.283,S2M
25,AF2,204,-4.771,S2M
25,AF2,205,-5.259,S2M
25,AF2,206,-4.283,S2M
25,AF2,207,-2.330,S2M
25,AF2,208,-0.376,S2M
25,AF2,209,-0.376,S2M
25,AF2,210,-2.818,S2M
25,AF2,211,-5.259,S2M
25,AF2,212,-5.747,S2M
25,AF2,213,-3.794,S2M
25,AF2,214,0.112,S2M
25,AF2,215,3.042,S2M
25,AF2,216,3.042,S2M
25,AF2,217,0.600,S2M
25,AF2,218,-3.306,S2M
25,AF2,219,-5.747,S2M
25,AF2,220,-5.259,S2M
25,AF2,221,-2.330,S2M
25,AF2,222,1.088,S2M
25,AF2,223,3.530,S2M
25,AF2,224,4.018,S2M
25,AF2,225,3.530,S2M
25,AF2,226,2.553,S2M
25,AF2,227,2.553,S2M
25,AF2,228,2.553,S2M
25,AF2,229,3.042,S2M
25,AF2,230,2.553,S2M
25,AF2,231,1.088,S2M
25,AF2,232,-0.376,S2M
25,AF2,233,-1.353,S2M
25,AF2,234,-1.841,S2M
25,AF2,235,-0.865,S2M
25,AF2,236,0.600,S2M
25,AF2,237,2.065,S2M
25,AF2,238,2.553,S2M
25,AF2,239,1.088,S2M
25,AF2,240,-1.353,S2M
25,AF2,241,-4.771,S2M
25,AF2,242,-7.701,S2M
25,AF2,243,-8.677,S2M
25,AF2,244,-8.677,S2M
25,AF2,245,-7.701,S2M
25,AF2,246,-6.724,S2M
25,AF2,247,-6.236,S2M
25,AF2,248,-6.236,S2M
25,AF2,249,-6.236,S2M
25,AF2,250,-5.747,S2M
25,AF2,251,-5.747,S2M
25,AF2,252,-5.259,S2M
25,AF2,253,-6.236,S2M
25,AF2,254,-8.189,S2M
25,AF2,255,-9.654,S2M
25,FZ,0,5.890,S2M
25,FZ,1,2.960,S2M
25,FZ,2,-0.458,S2M
25,FZ,3,-3.387,S2M
25,FZ,4,-4.852,S2M
25,FZ,5,-5.829,S2M
25,FZ,6,-6.317,S2M
25,FZ,7,-6.805,S2M
25,FZ,8,-6.317,S2M
25,FZ,9,-5.829,S2M
25,FZ,10,-4.364,S2M
25,FZ,11,-2.411,S2M
25,FZ,12,-0.458,S2M
25,FZ,13,0.519,S2M
25,FZ,14,-0.458,S2M
25,FZ,15,-1.923,S2M
25,FZ,16,-3.876,S2M
25,FZ,17,-5.341,S2M
25,FZ,18,-5.341,S2M
25,FZ,19,-4.364,S2M
25,FZ,20,-1.923,S2M
25,FZ,21,1.007,S2M
25,FZ,22,3.448,S2M
25,FZ,23,3.937,S2M
25,FZ,24,4.913,S2M
25,FZ,25,3.937,S2M
25,FZ,26,2.472,S2M
25,FZ,27,0.519,S2M
25,FZ,28,-0.458,S2M
25,FZ,29,-0.946,S2M
25,FZ,30,-1.434,S2M
25,FZ,31,-0.946,S2M
25,FZ,32,-0.946,S2M
25,FZ,33,-1.434,S2M
25,FZ,34,-1.923,S2M
25,FZ,35,-2.899,S2M
25,FZ,36,-4.364,S2M
25,FZ,37,-5.829,S2M
25,FZ,38,-7.294,S2M
25,FZ,39,-9.247,S2M
25,FZ,40,-10.223,S2M
25,FZ,41,-9.735,S2M
25,FZ,42,-8.270,S2M
25,FZ,43,-5.829,S2M
25,FZ,44,-4.364,S2M
25,FZ,45,-2.411,S2M
25,FZ,46,-1.434,S2M
25,FZ,47,0.519,S2M
25,FZ,48,2.960,S2M
25,FZ,49,5.402,S2M
25,FZ,50,6.866,S2M
25,FZ,51,7.843,S2M
25,FZ,52,7.355,S2M
25,FZ,53,6.378,S2M
25,FZ,54,4.913,S2M
25,FZ,55,4.425,S2M
25,FZ,56,3.937,S2M
25,FZ,57,3.937,S2M
25,FZ,58,3.448,S2M
25,FZ,59,2.472,S2M
25,FZ,60,1.007,S2M
25,FZ,61,-0.458,S2M
25,FZ,62,-1.923,S2M
25,FZ,63,-4.364,S2M
25,FZ,64,-6.805,S2M
25,FZ,65,-9.735,S2M
25,FZ,66,-11.200,S2M
25,FZ,67,-12.177,S2M
25,FZ,68,-11.688,S2M
25,FZ,69,-10.223,S2M
25,FZ,70,-8.270,S2M
25,FZ,71,-7.294,S2M
25,FZ,72,-6.317,S2M
25,FZ,73,-4.852,S2M
25,FZ,74,-2.899,S2M
25,FZ,75,-0.458,S2M
25,FZ,76,1.495,S2M
25,FZ,77,2.472,S2M
25,FZ,78,1.495,S2M
25,FZ,79,0.031,S2M
25,FZ,80,-0.946,S2M
25,FZ,81,-0.946,S2M
25,FZ,82,0.031,S2M
25,FZ,83,1.495,S2M
25,FZ,84,1.984,S2M
25,FZ,85,0.519,S2M
25,FZ,86,-1.923,S2M
25,FZ,87,-4.364,S2M
25,FZ,88,-6.317,S2M
25,FZ,89,-6.805,S2M
25,FZ,90,-5.341,S2M
25,FZ,91,-3.876,S2M
25,FZ,92,-2.899,S2M
25,FZ,93,-3.387,S2M
25,FZ,94,-4.852,S2M
25,FZ,95,-6.317,S2M
25,FZ,96,-7.294,S2M
25,FZ,97,-7.294,S2M
25,FZ,98,-5.829,S2M
25,FZ,99,-3.387,S2M
25,FZ,100,-1.923,S2M
25,FZ,101,-1.434,S2M
25,FZ,102,-3.387,S2M
25,FZ,103,-6.317,S2M
25,FZ,104,-9.735,S2M
25,FZ,105,-11.688,S2M
25,FZ,106,-10.712,S2M
25,FZ,107,-7.294,S2M
25,FZ,108,-3.876,S2M
25,FZ,109,-0.946,S2M
25,FZ,110,-0.946,S2M
25,FZ,111,-2.411,S2M
25,FZ,112,-4.852,S2M
25,FZ,113,-5.829,S2M
25,FZ,114,-5.341,S2M
25,FZ,115,-2.899,S2M
25,FZ,116,-0.458,S2M
25,FZ,117,0.519,S2M
25,FZ,118,0.031,S2M
25,FZ,119,-1.923,S2M
25,FZ,120,-3.387,S2M
25,FZ,121,-4.364,S2M
25,FZ,122,-4.364,S2M
25,FZ,123,-3.876,S2M
25,FZ,124,-3.387,S2M
25,FZ,125,-2.411,S2M
25,FZ,126,-1.923,S2M
25,FZ,127,-1.923,S2M
25,FZ,128,-1.923,S2M
25,FZ,129,-2.899,S2M
25,FZ,130,-4.364,S2M
25,FZ,131,-5.829,S2M
25,FZ,132,-6.805,S2M
25,FZ,133,-7.294,S2M
25,FZ,134,-6.805,S2M
25,FZ,135,-6.317,S2M
25,FZ,136,-5.341,S2M
25,FZ,137,-3.876,S2M
25,FZ,138,-2.411,S2M
25,FZ,139,-0.946,S2M
25,FZ,140,-0.946,S2M
25,FZ,141,-2.411,S2M
25,FZ,142,-4.852,S2M
25,FZ,143,-6.805,S2M
25,FZ,144,-6.805,S2M
25,FZ,145,-4.852,S2M
25,FZ,146,-1.434,S2M
25,FZ,147,1.984,S2M
25,FZ,148,2.960,S2M
25,FZ,149,2.472,S2M
25,FZ,150,1.007,S2M
25,FZ,151,-0.458,S2M
25,FZ,152,-0.946,S2M
25,FZ,153,-1.434,S2M
25,FZ,154,-2.899,S2M
25,FZ,155,-4.364,S2M
25,FZ,156,-5.341,S2M
25,FZ,157,-5.341,S2M
25,FZ,158,-5.341,S2M
25,FZ,159,-4.852,S2M
25,FZ,160,-4.364,S2M
25,FZ,161,-4.852,S2M
25,FZ,162,-5.341,S2M
25,FZ,163,-5.341,S2M
25,FZ,164,-4.852,S2M
25,FZ,165,-4.364,S2M
25,FZ,166,-4.364,S2M
25,FZ,167,-4.364,S2M
25,FZ,168,-4.852,S2M
25,FZ,169,-4.364,S2M
25,FZ,170,-3.876,S2M
25,FZ,171,-3.387,S2M
25,FZ,172,-2.899,S2M
25,FZ,173,-2.899,S2M
25,FZ,174,-2.899,S2M
25,FZ,175,-2.411,S2M
25,FZ,176,-1.923,S2M
25,FZ,177,-1.434,S2M
25,FZ,178,-2.411,S2M
25,FZ,179,-3.876,S2M
25,FZ,180,-5.829,S2M
25,FZ,181,-7.294,S2M
25,FZ,182,-7.294,S2M
25,FZ,183,-6.805,S2M
25,FZ,184,-6.317,S2M
25,FZ,185,-6.317,S2M
25,FZ,186,-6.317,S2M
25,FZ,187,-7.294,S2M
25,FZ,188,-7.294,S2M
25,FZ,189,-6.317,S2M
25,FZ,190,-5.341,S2M
25,FZ,191,-4.852,S2M
25,FZ,192,-3.876,S2M
25,FZ,193,-3.876,S2M
25,FZ,194,-3.876,S2M
25,FZ,195,-4.364,S2M
25,FZ,196,-5.341,S2M
25,FZ,197,-6.805,S2M
25,FZ,198,-7.294,S2M
25,FZ,199,-7.782,S2M
25,FZ,200,-6.805,S2M
25,FZ,201,-5.341,S2M
25,FZ,202,-4.364,S2M
25,FZ,203,-3.876,S2M
25,FZ,204,-3.876,S2M
25,FZ,205,-3.387,S2M
25,FZ,206,-2.411,S2M
25,FZ,207,-0.946,S2M
25,FZ,208,0.031,S2M
25,FZ,209,-0.458,S2M
25,FZ,210,-1.434,S2M
25,FZ,211,-2.411,S2M
25,FZ,212,-1.434,S2M
25,FZ,213,0.031,S2M
25,FZ,214,1.984,S2M
25,FZ,215,2.472,S2M
25,FZ,216,1.984,S2M
25,FZ,217,0.031,S2M
25,FZ,218,-1.434,S2M
25,FZ,219,-1.923,S2M
25,FZ,220,-1.434,S2M
25,FZ,221,0.031,S2M
25,FZ,222,1.495,S2M
25,FZ,223,1.984,S2M
25,FZ,224,1.984,S2M
25,FZ,225,1.984,S2M
25,FZ,226,1.984,S2M
25,FZ,227,2.472,S2M
25,FZ,228,2.472,S2M
25,FZ,229,1.984,S2M
25,FZ,230,1.007,S2M
25,FZ,231,0.031,S2M
25,FZ,232,-1.434,S2M
25,FZ,233,-2.411,S2M
25,FZ,234,-1.923,S2M
25,FZ,235,-1.434,S2M
25,FZ,236,-0.458,S2M
25,FZ,237,0.031,S2M
25,FZ,238,-0.458,S2M
25,FZ,239,-1.923,S2M
25,FZ,240,-2.899,S2M
25,FZ,241,-4.364,S2M
25,FZ,242,-5.829,S2M
25,FZ,243,-6.317,S2M
25,FZ,244,-6.805,S2M
25,FZ,245,-6.805,S2M
25,FZ,246,-6.805,S2M
25,FZ,247,-5.829,S2M
25,FZ,248,-5.341,S2M
25,FZ,249,-4.852,S2M
25,FZ,250,-4.364,S2M
25,FZ,251,-4.364,S2M
25,FZ,252,-5.341,S2M
25,FZ,253,-6.805,S2M
25,FZ,254,-7.782,S2M
25,FZ,255,-8.270,S2M
25,F4,0,1.953,S2M
25,F4,1,-0.488,S2M
25,F4,2,-2.441,S2M
25,F4,3,-3.906,S2M
25,F4,4,-5.371,S2M
25,F4,5,-6.836,S2M
25,F4,6,-7.812,S2M
25,F4,7,-8.301,S2M
25,F4,8,-8.301,S2M
25,F4,9,-7.324,S2M
25,F4,10,-5.859,S2M
25,F4,11,-3.906,S2M
25,F4,12,-2.441,S2M
25,F4,13,-0.977,S2M
25,F4,14,-0.488,S2M
25,F4,15,-0.977,S2M
25,F4,16,-2.441,S2M
25,F4,17,-3.906,S2M
25,F4,18,-4.883,S2M
25,F4,19,-4.883,S2M
25,F4,20,-2.930,S2M
25,F4,21,-0.488,S2M
25,F4,22,1.953,S2M
25,F4,23,3.418,S2M
25,F4,24,3.906,S2M
25,F4,25,3.906,S2M
25,F4,26,2.930,S2M
25,F4,27,1.465,S2M
25,F4,28,-0.977,S2M
25,F4,29,-2.930,S2M
25,F4,30,-3.906,S2M
25,F4,31,-3.906,S2M
25,F4,32,-2.930,S2M
25,F4,33,-1.465,S2M
25,F4,34,-0.977,S2M
25,F4,35,-0.977,S2M
25,F4,36,-2.441,S2M
25,F4,37,-4.395,S2M
25,F4,38,-6.836,S2M
25,F4,39,-9.766,S2M
25,F4,40,-11.719,S2M
25,F4,41,-12.207,S2M
25,F4,42,-11.230,S2M
25,F4,43,-8.301,S2M
25,F4,44,-5.371,S2M
25,F4,45,-2.930,S2M
25,F4,46,-1.953,S2M
25,F4,47,-1.953,S2M
25,F4,48,-1.465,S2M
25,F4,49,0.000,S2M
25,F4,50,1.953,S2M
25,F4,51,3.906,S2M
25,F4,52,4.395,S2M
25,F4,53,3.418,S2M
25,F4,54,0.488,S2M
25,F4,55,-1.953,S2M
25,F4,56,-3.906,S2M
25,F4,57,-3.906,S2M
25,F4,58,-3.906,S2M
25,F4,59,-3.906,S2M
25,F4,60,-4.395,S2M
25,F4,61,-5.859,S2M
25,F4,62,-8.301,S2M
25,F4,63,-10.742,S2M
25,F4,64,-13.184,S2M
25,F4,65,-15.137,S2M
25,F4,66,-16.602,S2M
25,F4,67,-16.113,S2M
25,F4,68,-15.137,S2M
25,F4,69,-13.672,S2M
25,F4,70,-12.207,S2M
25,F4,71,-11.230,S2M
25,F4,72,-9.766,S2M
25,F4,73,-7.812,S2M
25,F4,74,-5.371,S2M
25,F4,75,-2.930,S2M
25,F4,76,-1.953,S2M
25,F4,77,-2.441,S2M
25,F4,78,-2.930,S2M
25,F4,79,-2.930,S2M
25,F4,80,-1.465,S2M
25,F4,81,0.488,S2M
25,F4,82,1.465,S2M
25,F4,83,0.000,S2M
25,F4,84,-2.441,S2M
25,F4,85,-4.883,S2M
25,F4,86,-6.348,S2M
25,F4,87,-6.836,S2M
25,F4,88,-6.348,S2M
25,F4,89,-6.836,S2M
25,F4,90,-7.812,S2M
25,F4,91,-8.789,S2M
25,F4,92,-9.277,S2M
25,F4,93,-8.789,S2M
25,F4,94,-8.301,S2M
25,F4,95,-7.812,S2M
25,F4,96,-7.812,S2M
25,F4,97,-8.301,S2M
25,F4,98,-8.301,S2M
25,F4,99,-7.812,S2M
25,F4,100,-6.836,S2M
25,F4,101,-6.836,S2M
25,F4,102,-7.812,S2M
25,F4,103,-10.254,S2M
25,F4,104,-11.230,S2M
25,F4,105,-10.742,S2M
25,F4,106,-8.301,S2M
25,F4,107,-5.371,S2M
25,F4,108,-3.906,S2M
25,F4,109,-4.395,S2M
25,F4,110,-6.348,S2M
25,F4,111,-8.301,S2M
25,F4,112,-9.766,S2M
25,F4,113,-8.789,S2M
25,F4,114,-5.859,S2M
25,F4,115,-3.418,S2M
25,F4,116,-0.977,S2M
25,F4,117,-0.977,S2M
25,F4,118,-1.953,S2M
25,F4,119,-3.906,S2M
25,F4,120,-5.859,S2M
25,F4,121,-7.324,S2M
25,F4,122,-7.812,S2M
25,F4,123,-6.836,S2M
25,F4,124,-5.859,S2M
25,F4,125,-4.395,S2M
25,F4,126,-3.418,S2M
25,F4,127,-2.930,S2M
25,F4,128,-2.930,S2M
25,F4,129,-3.906,S2M
25,F4,130,-5.371,S2M
25,F4,131,-6.836,S2M
25,F4,132,-7.812,S2M
25,F4,133,-8.789,S2M
25,F4,134,-9.766,S2M
25,F4,135,-9.766,S2M
25,F4,136,-8.789,S2M
25,F4,137,-7.324,S2M
25,F4,138,-5.371,S2M
25,F4,139,-3.418,S2M
25,F4,140,-3.418,S2M
25,F4,141,-4.395,S2M
25,F4,142,-6.348,S2M
25,F4,143,-7.812,S2M
25,F4,144,-6.836,S2M
25,F4,145,-4.883,S2M
25,F4,146,-2.441,S2M
25,F4,147,-1.465,S2M
25,F4,148,-1.953,S2M
25,F4,149,-2.930,S2M
25,F4,150,-3.418,S2M
25,F4,151,-2.930,S2M
25,F4,152,-1.953,S2M
25,F4,153,-1.953,S2M
25,F4,154,-3.906,S2M
25,F4,155,-6.348,S2M
25,F4,156,-8.789,S2M
25,F4,157,-9.277,S2M
25,F4,158,-8.301,S2M
25,F4,159,-6.836,S2M
25,F4,160,-6.348,S2M
25,F4,161,-6.348,S2M
25,F4,162,-7.812,S2M
25,F4,163,-8.301,S2M
25,F4,164,-8.301,S2M
25,F4,165,-7.812,S2M
25,F4,166,-7.324,S2M
25,F4,167,-7.324,S2M
25,F4,168,-8.301,S2M
25,F4,169,-8.301,S2M
25,F4,170,-8.301,S2M
25,F4,171,-7.324,S2M
25,F4,172,-6.348,S2M
25,F4,173,-5.859,S2M
25,F4,174,-5.859,S2M
25,F4,175,-5.371,S2M
25,F4,176,-5.371,S2M
25,F4,177,-5.371,S2M
25,F4,178,-5.859,S2M
25,F4,179,-6.836,S2M
25,F4,180,-7.812,S2M
25,F4,181,-8.301,S2M
25,F4,182,-7.812,S2M
25,F4,183,-7.812,S2M
25,F4,184,-7.812,S2M
25,F4,185,-8.789,S2M
25,F4,186,-9.766,S2M
25,F4,187,-9.766,S2M
25,F4,188,-8.789,S2M
25,F4,189,-7.324,S2M
25,F4,190,-6.348,S2M
25,F4,191,-5.859,S2M
25,F4,192,-5.371,S2M
25,F4,193,-4.395,S2M
25,F4,194,-3.418,S2M
25,F4,195,-2.930,S2M
25,F4,196,-4.395,S2M
25,F4,197,-6.836,S2M
25,F4,198,-8.789,S2M
25,F4,199,-8.789,S2M
25,F4,200,-6.836,S2M
25,F4,201,-4.395,S2M
25,F4,202,-2.441,S2M
25,F4,203,-2.441,S2M
25,F4,204,-3.418,S2M
25,F4,205,-3.906,S2M
25,F4,206,-2.930,S2M
25,F4,207,-1.465,S2M
25,F4,208,-0.488,S2M
25,F4,209,-0.977,S2M
25,F4,210,-2.930,S2M
25,F4,211,-4.395,S2M
25,F4,212,-3.906,S2M
25,F4,213,-1.953,S2M
25,F4,214,0.977,S2M
25,F4,215,1.953,S2M
25,F4,216,1.465,S2M
25,F4,217,-0.977,S2M
25,F4,218,-3.418,S2M
25,F4,219,-4.395,S2M
25,F4,220,-3.906,S2M
25,F4,221,-1.465,S2M
25,F4,222,0.488,S2M
25,F4,223,1.465,S2M
25,F4,224,1.465,S2M
25,F4,225,0.977,S2M
25,F4,226,0.000,S2M
25,F4,227,0.000,S2M
25,F4,228,0.000,S2M
25,F4,229,0.977,S2M
25,F4,230,1.465,S2M
25,F4,231,1.465,S2M
25,F4,232,0.977,S2M
25,F4,233,-0.488,S2M
25,F4,234,-1.465,S2M
25,F4,235,-1.465,S2M
25,F4,236,-0.977,S2M
25,F4,237,-0.488,S2M
25,F4,238,0.000,S2M
25,F4,239,-0.488,S2M
25,F4,240,-1.953,S2M
25,F4,241,-3.906,S2M
25,F4,242,-4.883,S2M
25,F4,243,-5.859,S2M
25,F4,244,-6.348,S2M
25,F4,245,-6.836,S2M
25,F4,246,-6.836,S2M
25,F4,247,-6.836,S2M
25,F4,248,-5.859,S2M
25,F4,249,-4.883,S2M
25,F4,250,-4.883,S2M
25,F4,251,-5.371,S2M
25,F4,252,-6.836,S2M
25,F4,253,-8.789,S2M
25,F4,254,-9.766,S2M
25,F4,255,-10.254,S2M
25,F3,0,6.938,S2M
25,F3,1,3.520,S2M
25,F3,2,-0.387,S2M
25,F3,3,-3.316,S2M
25,F3,4,-5.758,S2M
25,F3,5,-7.222,S2M
25,F3,6,-7.222,S2M
25,F3,7,-7.222,S2M
25,F3,8,-6.734,S2M
25,F3,9,-5.758,S2M
25,F3,10,-3.805,S2M
25,F3,11,-1.363,S2M
25,F3,12,0.590,S2M
25,F3,13,1.078,S2M
25,F3,14,-0.875,S2M
25,F3,15,-3.805,S2M
25,F3,16,-6.734,S2M
25,F3,17,-8.687,S2M
25,F3,18,-8.199,S2M
25,F3,19,-5.758,S2M
25,F3,20,-1.851,S2M
25,F3,21,2.055,S2M
25,F3,22,4.985,S2M
25,F3,23,5.961,S2M
25,F3,24,5.473,S2M
25,F3,25,4.496,S2M
25,F3,26,2.543,S2M
25,F3,27,1.567,S2M
25,F3,28,1.078,S2M
25,F3,29,1.567,S2M
25,F3,30,2.055,S2M
25,F3,31,1.078,S2M
25,F3,32,0.102,S2M
25,F3,33,-1.851,S2M
25,F3,34,-2.828,S2M
25,F3,35,-2.828,S2M
25,F3,36,-2.828,S2M
25,F3,37,-3.316,S2M
25,F3,38,-4.781,S2M
25,F3,39,-6.734,S2M
25,F3,40,-7.711,S2M
25,F3,41,-7.222,S2M
25,F3,42,-5.269,S2M
25,F3,43,-3.805,S2M
25,F3,44,-3.805,S2M
25,F3,45,-4.781,S2M
25,F3,46,-4.781,S2M
25,F3,47,-2.828,S2M
25,F3,48,1.078,S2M
25,F3,49,5.961,S2M
25,F3,50,9.867,S2M
25,F3,51,10.356,S2M
25,F3,52,9.379,S2M
25,F3,53,7.426,S2M
25,F3,54,5.961,S2M
25,F3,55,5.961,S2M
25,F3,56,6.449,S2M
25,F3,57,6.449,S2M
25,F3,58,5.961,S2M
25,F3,59,4.496,S2M
25,F3,60,2.543,S2M
25,F3,61,0.590,S2M
25,F3,62,-0.875,S2M
25,F3,63,-3.805,S2M
25,F3,64,-6.246,S2M
25,F3,65,-8.687,S2M
25,F3,66,-10.640,S2M
25,F3,67,-11.617,S2M
25,F3,68,-11.129,S2M
25,F3,69,-10.152,S2M
25,F3,70,-8.687,S2M
25,F3,71,-7.711,S2M
25,F3,72,-6.734,S2M
25,F3,73,-6.734,S2M
25,F3,74,-5.269,S2M
25,F3,75,-3.316,S2M
25,F3,76,-0.387,S2M
25,F3,77,2.055,S2M
25,F3,78,3.031,S2M
25,F3,79,1.567,S2M
25,F3,80,-1.363,S2M
25,F3,81,-3.316,S2M
25,F3,82,-3.316,S2M
25,F3,83,-1.363,S2M
25,F3,84,1.078,S2M
25,F3,85,2.055,S2M
25,F3,86,1.567,S2M
25,F3,87,-0.875,S2M
25,F3,88,-3.805,S2M
25,F3,89,-6.734,S2M
25,F3,90,-8.199,S2M
25,F3,91,-7.711,S2M
25,F3,92,-6.734,S2M
25,F3,93,-4.781,S2M
25,F3,94,-3.316,S2M
25,F3,95,-2.828,S2M
25,F3,96,-4.293,S2M
25,F3,97,-6.246,S2M
25,F3,98,-8.687,S2M
25,F3,99,-8.687,S2M
25,F3,100,-6.734,S2M
25,F3,101,-3.316,S2M
25,F3,102,0.590,S2M
25,F3,103,1.567,S2M
25,F3,104,-0.387,S2M
25,F3,105,-5.269,S2M
25,F3,106,-10.152,S2M
25,F3,107,-12.594,S2M
25,F3,108,-12.105,S2M
25,F3,109,-8.199,S2M
25,F3,110,-3.805,S2M
25,F3,111,-0.387,S2M
25,F3,112,1.078,S2M
25,F3,113,1.078,S2M
25,F3,114,1.078,S2M
25,F3,115,0.590,S2M
25,F3,116,0.102,S2M
25,F3,117,-1.851,S2M
25,F3,118,-3.805,S2M
25,F3,119,-5.269,S2M
25,F3,120,-4.781,S2M
25,F3,121,-2.828,S2M
25,F3,122,-0.875,S2M
25,F3,123,0.102,S2M
25,F3,124,-0.387,S2M
25,F3,125,-1.363,S2M
25,F3,126,-1.851,S2M
25,F3,127,-1.363,S2M
25,F3,128,-0.875,S2M
25,F3,129,-1.363,S2M
25,F3,130,-4.293,S2M
25,F3,131,-7.222,S2M
25,F3,132,-8.687,S2M
25,F3,133,-8.199,S2M
25,F3,134,-4.781,S2M
25,F3,135,-1.363,S2M
25,F3,136,0.590,S2M
25,F3,137,1.078,S2M
25,F3,138,0.102,S2M
25,F3,139,-1.851,S2M
25,F3,140,-3.316,S2M
25,F3,141,-4.781,S2M
25,F3,142,-6.734,S2M
25,F3,143,-7.711,S2M
25,F3,144,-7.711,S2M
25,F3,145,-6.246,S2M
25,F3,146,-2.828,S2M
25,F3,147,1.078,S2M
25,F3,148,3.031,S2M
25,F3,149,3.520,S2M
25,F3,150,2.543,S2M
25,F3,151,0.102,S2M
25,F3,152,-2.828,S2M
25,F3,153,-5.758,S2M
25,F3,154,-8.199,S2M
25,F3,155,-9.176,S2M
25,F3,156,-8.199,S2M
25,F3,157,-5.758,S2M
25,F3,158,-3.316,S2M
25,F3,159,-1.851,S2M
25,F3,160,-1.851,S2M
25,F3,161,-2.828,S2M
25,F3,162,-4.293,S2M
25,F3,163,-5.269,S2M
25,F3,164,-5.269,S2M
25,F3,165,-4.781,S2M
25,F3,166,-4.781,S2M
25,F3,167,-5.758,S2M
25,F3,168,-6.734,S2M
25,F3,169,-6.734,S2M
25,F3,170,-5.758,S2M
25,F3,171,-4.293,S2M
25,F3,172,-3.316,S2M
25,F3,173,-2.828,S2M
25,F3,174,-2.340,S2M
25,F3,175,-1.851,S2M
25,F3,176,-1.851,S2M
25,F3,177,-1.851,S2M
25,F3,178,-1.851,S2M
25,F3,179,-3.316,S2M
25,F3,180,-4.293,S2M
25,F3,181,-4.781,S2M
25,F3,182,-5.758,S2M
25,F3,183,-5.758,S2M
25,F3,184,-6.734,S2M
25,F3,185,-6.734,S2M
25,F3,186,-6.246,S2M
25,F3,187,-5.269,S2M
25,F3,188,-4.293,S2M
25,F3,189,-4.293,S2M
25,F3,190,-4.293,S2M
25,F3,191,-4.781,S2M
25,F3,192,-4.781,S2M
25,F3,193,-4.293,S2M
25,F3,194,-3.805,S2M
25,F3,195,-3.805,S2M
25,F3,196,-5.269,S2M
25,F3,197,-6.734,S2M
25,F3,198,-8.199,S2M
25,F3,199,-8.687,S2M
25,F3,200,-7.711,S2M
25,F3,201,-6.734,S2M
25,F3,202,-5.269,S2M
25,F3,203,-4.781,S2M
25,F3,204,-3.316,S2M
25,F3,205,-1.851,S2M
25,F3,206,0.102,S2M
25,F3,207,1.078,S2M
25,F3,208,1.078,S2M
25,F3,209,0.590,S2M
25,F3,210,-0.387,S2M
25,F3,211,-0.875,S2M
25,F3,212,-0.875,S2M
25,F3,213,0.102,S2M
25,F3,214,0.102,S2M
25,F3,215,0.102,S2M
25,F3,216,-0.387,S2M
25,F3,217,-0.875,S2M
25,F3,218,-0.875,S2M
25,F3,219,-0.387,S2M
25,F3,220,0.590,S2M
25,F3,221,1.567,S2M
25,F3,222,3.031,S2M
25,F3,223,3.520,S2M
25,F3,224,4.008,S2M
25,F3,225,4.008,S2M
25,F3,226,3.520,S2M
25,F3,227,3.520,S2M
25,F3,228,2.543,S2M
25,F3,229,2.055,S2M
25,F3,230,0.590,S2M
25,F3,231,-0.387,S2M
25,F3,232,-0.875,S2M
25,F3,233,-0.387,S2M
25,F3,234,1.078,S2M
25,F3,235,2.543,S2M
25,F3,236,3.031,S2M
25,F3,237,3.031,S2M
25,F3,238,1.567,S2M
25,F3,239,0.102,S2M
25,F3,240,-1.363,S2M
25,F3,241,-3.316,S2M
25,F3,242,-5.269,S2M
25,F3,243,-6.246,S2M
25,F3,244,-6.246,S2M
25,F3,245,-4.781,S2M
25,F3,246,-2.828,S2M
25,F3,247,-1.363,S2M
25,F3,248,-0.875,S2M
25,F3,249,-1.851,S2M
25,F3,250,-2.340,S2M
25,F3,251,-2.828,S2M
25,F3,252,-2.828,S2M
25,F3,253,-2.828,S2M
25,F3,254,-3.316,S2M
25,F3,255,-3.805,S2M
25,FC6,0,2.268,S2M
25,FC6,1,2.268,S2M
25,FC6,2,1.780,S2M
25,FC6,3,0.804,S2M
25,FC6,4,-1.638,S2M
25,FC6,5,-4.079,S2M
25,FC6,6,-6.032,S2M
25,FC6,7,-6.521,S2M
25,FC6,8,-5.056,S2M
25,FC6,9,-3.103,S2M
25,FC6,10,-1.149,S2M
25,FC6,11,0.315,S2M
25,FC6,12,1.292,S2M
25,FC6,13,2.757,S2M
25,FC6,14,3.733,S2M
25,FC6,15,3.733,S2M
25,FC6,16,2.268,S2M
25,FC6,17,-0.173,S2M
25,FC6,18,-2.126,S2M
25,FC6,19,-2.126,S2M
25,FC6,20,0.315,S2M
25,FC6,21,3.733,S2M
25,FC6,22,6.663,S2M
25,FC6,23,8.616,S2M
25,FC6,24,9.593,S2M
25,FC6,25,10.081,S2M
25,FC6,26,9.593,S2M
25,FC6,27,8.616,S2M
25,FC6,28,5.686,S2M
25,FC6,29,2.268,S2M
25,FC6,30,-1.149,S2M
25,FC6,31,-2.126,S2M
25,FC6,32,-0.661,S2M
25,FC6,33,1.780,S2M
25,FC6,34,4.222,S2M
25,FC6,35,5.198,S2M
25,FC6,36,4.222,S2M
25,FC6,37,1.292,S2M
25,FC6,38,-2.614,S2M
25,FC6,39,-7.009,S2M
25,FC6,40,-9.450,S2M
25,FC6,41,-10.427,S2M
25,FC6,42,-9.450,S2M
25,FC6,43,-7.497,S2M
25,FC6,44,-5.544,S2M
25,FC6,45,-5.056,S2M
25,FC6,46,-5.544,S2M
25,FC6,47,-6.521,S2M
25,FC6,48,-6.032,S2M
25,FC6,49,-4.567,S2M
25,FC6,50,-2.614,S2M
25,FC6,51,-0.173,S2M
25,FC6,52,0.315,S2M
25,FC6,53,-0.173,S2M
25,FC6,54,-1.638,S2M
25,FC6,55,-3.591,S2M
25,FC6,56,-5.056,S2M
25,FC6,57,-6.032,S2M
25,FC6,58,-6.521,S2M
25,FC6,59,-7.009,S2M
25,FC6,60,-8.474,S2M
25,FC6,61,-10.427,S2M
25,FC6,62,-12.380,S2M
25,FC6,63,-14.821,S2M
25,FC6,64,-16.286,S2M
25,FC6,65,-16.774,S2M
25,FC6,66,-15.798,S2M
25,FC6,67,-14.821,S2M
25,FC6,68,-14.333,S2M
25,FC6,69,-13.845,S2M
25,FC6,70,-13.845,S2M
25,FC6,71,-12.868,S2M
25,FC6,72,-10.427,S2M
25,FC6,73,-7.009,S2M
25,FC6,74,-4.567,S2M
25,FC6,75,-4.567,S2M
25,FC6,76,-6.521,S2M
25,FC6,77,-8.474,S2M
25,FC6,78,-8.474,S2M
25,FC6,79,-5.056,S2M
25,FC6,80,-0.173,S2M
25,FC6,81,3.245,S2M
25,FC6,82,3.245,S2M
25,FC6,83,-0.661,S2M
25,FC6,84,-5.056,S2M
25,FC6,85,-7.009,S2M
25,FC6,86,-6.032,S2M
25,FC6,87,-3.591,S2M
25,FC6,88,-2.126,S2M
25,FC6,89,-5.056,S2M
25,FC6,90,-9.939,S2M
25,FC6,91,-14.821,S2M
25,FC6,92,-16.286,S2M
25,FC6,93,-13.357,S2M
25,FC6,94,-8.962,S2M
25,FC6,95,-5.544,S2M
25,FC6,96,-5.544,S2M
25,FC6,97,-8.474,S2M
25,FC6,98,-11.403,S2M
25,FC6,99,-11.892,S2M
25,FC6,100,-10.915,S2M
25,FC6,101,-8.962,S2M
25,FC6,102,-8.962,S2M
25,FC6,103,-10.427,S2M
25,FC6,104,-11.892,S2M
25,FC6,105,-11.403,S2M
25,FC6,106,-8.962,S2M
25,FC6,107,-6.521,S2M
25,FC6,108,-5.056,S2M
25,FC6,109,-6.521,S2M
25,FC6,110,-9.450,S2M
25,FC6,111,-10.427,S2M
25,FC6,112,-9.450,S2M
25,FC6,113,-7.009,S2M
25,FC6,114,-4.567,S2M
25,FC6,115,-3.103,S2M
25,FC6,116,-3.103,S2M
25,FC6,117,-4.079,S2M
25,FC6,118,-5.056,S2M
25,FC6,119,-6.032,S2M
25,FC6,120,-7.009,S2M
25,FC6,121,-7.985,S2M
25,FC6,122,-8.474,S2M
25,FC6,123,-7.985,S2M
25,FC6,124,-6.521,S2M
25,FC6,125,-5.056,S2M
25,FC6,126,-4.567,S2M
25,FC6,127,-5.056,S2M
25,FC6,128,-6.521,S2M
25,FC6,129,-7.009,S2M
25,FC6,130,-6.521,S2M
25,FC6,131,-5.544,S2M
25,FC6,132,-5.544,S2M
25,FC6,133,-6.032,S2M
25,FC6,134,-7.497,S2M
25,FC6,135,-7.497,S2M
25,FC6,136,-7.497,S2M
25,FC6,137,-6.032,S2M
25,FC6,138,-5.544,S2M
25,FC6,139,-5.544,S2M
25,FC6,140,-6.521,S2M
25,FC6,141,-8.474,S2M
25,FC6,142,-8.962,S2M
25,FC6,143,-7.985,S2M
25,FC6,144,-6.521,S2M
25,FC6,145,-5.056,S2M
25,FC6,146,-4.567,S2M
25,FC6,147,-5.544,S2M
25,FC6,148,-7.009,S2M
25,FC6,149,-7.009,S2M
25,FC6,150,-6.032,S2M
25,FC6,151,-4.567,S2M
25,FC6,152,-4.567,S2M
25,FC6,153,-6.521,S2M
25,FC6,154,-10.427,S2M
25,FC6,155,-13.845,S2M
25,FC6,156,-15.310,S2M
25,FC6,157,-12.868,S2M
25,FC6,158,-8.962,S2M
25,FC6,159,-5.544,S2M
25,FC6,160,-4.567,S2M
25,FC6,161,-5.544,S2M
25,FC6,162,-7.985,S2M
25,FC6,163,-9.450,S2M
25,FC6,164,-9.450,S2M
25,FC6,165,-8.474,S2M
25,FC6,166,-7.985,S2M
25,FC6,167,-8.474,S2M
25,FC6,168,-10.427,S2M
25,FC6,169,-11.892,S2M
25,FC6,170,-11.892,S2M
25,FC6,171,-9.939,S2M
25,FC6,172,-7.009,S2M
25,FC6,173,-5.056,S2M
25,FC6,174,-4.567,S2M
25,FC6,175,-5.544,S2M
25,FC6,176,-6.521,S2M
25,FC6,177,-6.521,S2M
25,FC6,178,-6.032,S2M
25,FC6,179,-5.056,S2M
25,FC6,180,-4.567,S2M
25,FC6,181,-4.567,S2M
25,FC6,182,-4.567,S2M
25,FC6,183,-5.544,S2M
25,FC6,184,-6.032,S2M
25,FC6,185,-7.009,S2M
25,FC6,186,-7.497,S2M
25,FC6,187,-7.985,S2M
25,FC6,188,-7.497,S2M
25,FC6,189,-6.521,S2M
25,FC6,190,-5.056,S2M
25,FC6,191,-2.614,S2M
25,FC6,192,-0.173,S2M
25,FC6,193,1.780,S2M
25,FC6,194,2.757,S2M
25,FC6,195,1.292,S2M
25,FC6,196,-2.126,S2M
25,FC6,197,-5.544,S2M
25,FC6,198,-7.497,S2M
25,FC6,199,-6.521,S2M
25,FC6,200,-4.079,S2M
25,FC6,201,-1.638,S2M
25,FC6,202,-1.149,S2M
25,FC6,203,-2.614,S2M
25,FC6,204,-4.567,S2M
25,FC6,205,-4.079,S2M
25,FC6,206,-1.638,S2M
25,FC6,207,0.804,S2M
25,FC6,208,2.268,S2M
25,FC6,209,0.804,S2M
25,FC6,210,-2.126,S2M
25,FC6,211,-4.079,S2M
25,FC6,212,-4.567,S2M
25,FC6,213,-3.591,S2M
25,FC6,214,-2.126,S2M
25,FC6,215,-1.638,S2M
25,FC6,216,-2.614,S2M
25,FC6,217,-4.079,S2M
25,FC6,218,-5.056,S2M
25,FC6,219,-5.056,S2M
25,FC6,220,-4.567,S2M
25,FC6,221,-3.103,S2M
25,FC6,222,-2.126,S2M
25,FC6,223,-1.149,S2M
25,FC6,224,-1.149,S2M
25,FC6,225,-1.149,S2M
25,FC6,226,-1.638,S2M
25,FC6,227,-2.614,S2M
25,FC6,228,-3.103,S2M
25,FC6,229,-2.126,S2M
25,FC6,230,-0.661,S2M
25,FC6,231,1.292,S2M
25,FC6,232,2.268,S2M
25,FC6,233,2.268,S2M
25,FC6,234,0.315,S2M
25,FC6,235,-1.638,S2M
25,FC6,236,-3.103,S2M
25,FC6,237,-2.614,S2M
25,FC6,238,-1.638,S2M
25,FC6,239,-0.173,S2M
25,FC6,240,-0.173,S2M
25,FC6,241,-0.661,S2M
25,FC6,242,-1.638,S2M
25,FC6,243,-3.591,S2M
25,FC6,244,-5.056,S2M
25,FC6,245,-5.544,S2M
25,FC6,246,-5.544,S2M
25,FC6,247,-4.567,S2M
25,FC6,248,-3.591,S2M
25,FC6,249,-2.614,S2M
25,FC6,250,-3.103,S2M
25,FC6,251,-4.567,S2M
25,FC6,252,-7.009,S2M
25,FC6,253,-8.962,S2M
25,FC6,254,-8.474,S2M
25,FC6,255,-6.521,S2M
25,FC5,0,6.714,S2M
25,FC5,1,4.761,S2M
25,FC5,2,1.831,S2M
25,FC5,3,-1.099,S2M
25,FC5,4,-3.052,S2M
25,FC5,5,-4.028,S2M
25,FC5,6,-4.028,S2M
25,FC5,7,-3.540,S2M
25,FC5,8,-3.052,S2M
25,FC5,9,-2.075,S2M
25,FC5,10,-1.099,S2M
25,FC5,11,0.854,S2M
25,FC5,12,2.808,S2M
25,FC5,13,3.296,S2M
25,FC5,14,1.343,S2M
25,FC5,15,-2.563,S2M
25,FC5,16,-6.470,S2M
25,FC5,17,-7.935,S2M
25,FC5,18,-5.981,S2M
25,FC5,19,-1.099,S2M
25,FC5,20,5.249,S2M
25,FC5,21,10.132,S2M
25,FC5,22,12.573,S2M
25,FC5,23,12.573,S2M
25,FC5,24,10.620,S2M
25,FC5,25,9.155,S2M
25,FC5,26,7.690,S2M
25,FC5,27,8.179,S2M
25,FC5,28,9.155,S2M
25,FC5,29,9.644,S2M
25,FC5,30,8.667,S2M
25,FC5,31,6.226,S2M
25,FC5,32,3.296,S2M
25,FC5,33,1.343,S2M
25,FC5,34,2.319,S2M
25,FC5,35,4.272,S2M
25,FC5,36,5.737,S2M
25,FC5,37,5.249,S2M
25,FC5,38,3.296,S2M
25,FC5,39,1.831,S2M
25,FC5,40,1.831,S2M
25,FC5,41,3.296,S2M
25,FC5,42,4.761,S2M
25,FC5,43,3.784,S2M
25,FC5,44,-0.610,S2M
25,FC5,45,-5.981,S2M
25,FC5,46,-9.399,S2M
25,FC5,47,-8.423,S2M
25,FC5,48,-2.563,S2M
25,FC5,49,5.249,S2M
25,FC5,50,12.085,S2M
25,FC5,51,15.503,S2M
25,FC5,52,14.526,S2M
25,FC5,53,11.108,S2M
25,FC5,54,8.667,S2M
25,FC5,55,7.202,S2M
25,FC5,56,6.226,S2M
25,FC5,57,5.249,S2M
25,FC5,58,3.296,S2M
25,FC5,59,-0.122,S2M
25,FC5,60,-3.052,S2M
25,FC5,61,-4.517,S2M
25,FC5,62,-4.517,S2M
25,FC5,63,-3.540,S2M
25,FC5,64,-4.028,S2M
25,FC5,65,-5.981,S2M
25,FC5,66,-8.911,S2M
25,FC5,67,-11.353,S2M
25,FC5,68,-12.329,S2M
25,FC5,69,-11.841,S2M
25,FC5,70,-10.376,S2M
25,FC5,71,-9.888,S2M
25,FC5,72,-9.888,S2M
25,FC5,73,-10.376,S2M
25,FC5,74,-9.399,S2M
25,FC5,75,-5.981,S2M
25,FC5,76,-1.587,S2M
25,FC5,77,2.319,S2M
25,FC5,78,3.296,S2M
25,FC5,79,1.343,S2M
25,FC5,80,-2.075,S2M
25,FC5,81,-5.005,S2M
25,FC5,82,-6.470,S2M
25,FC5,83,-4.517,S2M
25,FC5,84,-1.587,S2M
25,FC5,85,1.831,S2M
25,FC5,86,3.296,S2M
25,FC5,87,2.808,S2M
25,FC5,88,-0.610,S2M
25,FC5,89,-5.005,S2M
25,FC5,90,-9.399,S2M
25,FC5,91,-11.353,S2M
25,FC5,92,-10.864,S2M
25,FC5,93,-7.935,S2M
25,FC5,94,-4.028,S2M
25,FC5,95,-1.099,S2M
25,FC5,96,-1.099,S2M
25,FC5,97,-2.563,S2M
25,FC5,98,-5.981,S2M
25,FC5,99,-7.935,S2M
25,FC5,100,-7.446,S2M
25,FC5,101,-4.028,S2M
25,FC5,102,0.854,S2M
25,FC5,103,3.784,S2M
25,FC5,104,2.808,S2M
25,FC5,105,-2.075,S2M
25,FC5,106,-8.423,S2M
25,FC5,107,-12.817,S2M
25,FC5,108,-12.817,S2M
25,FC5,109,-8.911,S2M
25,FC5,110,-3.540,S2M
25,FC5,111,0.854,S2M
25,FC5,112,2.808,S2M
25,FC5,113,2.808,S2M
25,FC5,114,2.319,S2M
25,FC5,115,0.854,S2M
25,FC5,116,-1.099,S2M
25,FC5,117,-3.540,S2M
25,FC5,118,-5.493,S2M
25,FC5,119,-5.005,S2M
25,FC5,120,-2.563,S2M
25,FC5,121,1.343,S2M
25,FC5,122,3.784,S2M
25,FC5,123,2.319,S2M
25,FC5,124,-1.099,S2M
25,FC5,125,-3.540,S2M
25,FC5,126,-4.028,S2M
25,FC5,127,-1.587,S2M
25,FC5,128,1.343,S2M
25,FC5,129,1.831,S2M
25,FC5,130,-0.610,S2M
25,FC5,131,-4.028,S2M
25,FC5,132,-6.470,S2M
25,FC5,133,-5.493,S2M
25,FC5,134,-1.587,S2M
25,FC5,135,2.319,S2M
25,FC5,136,4.272,S2M
25,FC5,137,3.296,S2M
25,FC5,138,0.366,S2M
25,FC5,139,-2.075,S2M
25,FC5,140,-3.052,S2M
25,FC5,141,-3.052,S2M
25,FC5,142,-2.563,S2M
25,FC5,143,-3.052,S2M
25,FC5,144,-4.517,S2M
25,FC5,145,-6.958,S2M
25,FC5,146,-7.935,S2M
25,FC5,147,-6.958,S2M
25,FC5,148,-5.005,S2M
25,FC5,149,-2.563,S2M
25,FC5,150,-0.610,S2M
25,FC5,151,-1.099,S2M
25,FC5,152,-3.540,S2M
25,FC5,153,-6.470,S2M
25,FC5,154,-8.911,S2M
25,FC5,155,-8.423,S2M
25,FC5,156,-6.470,S2M
25,FC5,157,-3.540,S2M
25,FC5,158,-0.610,S2M
25,FC5,159,0.854,S2M
25,FC5,160,0.854,S2M
25,FC5,161,-0.122,S2M
25,FC5,162,-1.099,S2M
25,FC5,163,-2.075,S2M
25,FC5,164,-3.540,S2M
25,FC5,165,-5.005,S2M
25,FC5,166,-6.470,S2M
25,FC5,167,-6.470,S2M
25,FC5,168,-5.981,S2M
25,FC5,169,-4.517,S2M
25,FC5,170,-3.540,S2M
25,FC5,171,-4.028,S2M
25,FC5,172,-5.493,S2M
25,FC5,173,-6.958,S2M
25,FC5,174,-5.981,S2M
25,FC5,175,-3.540,S2M
25,FC5,176,-0.610,S2M
25,FC5,177,1.831,S2M
25,FC5,178,2.319,S2M
25,FC5,179,1.343,S2M
25,FC5,180,0.854,S2M
25,FC5,181,1.343,S2M
25,FC5,182,1.343,S2M
25,FC5,183,0.366,S2M
25,FC5,184,-1.587,S2M
25,FC5,185,-3.540,S2M
25,FC5,186,-4.517,S2M
25,FC5,187,-3.052,S2M
25,FC5,188,-0.122,S2M
25,FC5,189,1.831,S2M
25,FC5,190,1.831,S2M
25,FC5,191,0.366,S2M
25,FC5,192,-0.122,S2M
25,FC5,193,0.366,S2M
25,FC5,194,0.854,S2M
25,FC5,195,0.854,S2M
25,FC5,196,-1.099,S2M
25,FC5,197,-3.540,S2M
25,FC5,198,-5.981,S2M
25,FC5,199,-5.981,S2M
25,FC5,200,-4.517,S2M
25,FC5,201,-2.075,S2M
25,FC5,202,0.366,S2M
25,FC5,203,1.831,S2M
25,FC5,204,2.808,S2M
25,FC5,205,3.296,S2M
25,FC5,206,3.784,S2M
25,FC5,207,4.761,S2M
25,FC5,208,5.737,S2M
25,FC5,209,6.714,S2M
25,FC5,210,6.714,S2M
25,FC5,211,4.761,S2M
25,FC5,212,1.831,S2M
25,FC5,213,-1.099,S2M
25,FC5,214,-2.075,S2M
25,FC5,215,-2.075,S2M
25,FC5,216,-1.587,S2M
25,FC5,217,-1.099,S2M
25,FC5,218,-2.075,S2M
25,FC5,219,-3.052,S2M
25,FC5,220,-3.052,S2M
25,FC5,221,-1.099,S2M
25,FC5,222,0.854,S2M
25,FC5,223,2.319,S2M
25,FC5,224,2.808,S2M
25,FC5,225,2.808,S2M
25,FC5,226,3.296,S2M
25,FC5,227,4.272,S2M
25,FC5,228,5.249,S2M
25,FC5,229,4.761,S2M
25,FC5,230,2.319,S2M
25,FC5,231,-0.610,S2M
25,FC5,232,-2.563,S2M
25,FC5,233,-1.587,S2M
25,FC5,234,1.831,S2M
25,FC5,235,4.761,S2M
25,FC5,236,5.737,S2M
25,FC5,237,4.761,S2M
25,FC5,238,2.319,S2M
25,FC5,239,-0.122,S2M
25,FC5,240,-1.587,S2M
25,FC5,241,-1.587,S2M
25,FC5,242,-2.075,S2M
25,FC5,243,-1.587,S2M
25,FC5,244,-1.099,S2M
25,FC5,245,0.854,S2M
25,FC5,246,2.808,S2M
25,FC5,247,4.272,S2M
25,FC5,248,4.272,S2M
25,FC5,249,3.784,S2M
25,FC5,250,3.296,S2M
25,FC5,251,2.808,S2M
25,FC5,252,2.319,S2M
25,FC5,253,1.831,S2M
25,FC5,254,0.854,S2M
25,FC5,255,0.366,S2M
25,FC2,0,1.872,S2M
25,FC2,1,0.407,S2M
25,FC2,2,-1.058,S2M
25,FC2,3,-2.035,S2M
25,FC2,4,-3.011,S2M
25,FC2,5,-3.499,S2M
25,FC2,6,-3.988,S2M
25,FC2,7,-4.476,S2M
25,FC2,8,-4.476,S2M
25,FC2,9,-4.476,S2M
25,FC2,10,-3.988,S2M
25,FC2,11,-3.011,S2M
25,FC2,12,-1.546,S2M
25,FC2,13,-0.570,S2M
25,FC2,14,-0.570,S2M
25,FC2,15,-0.570,S2M
25,FC2,16,-1.546,S2M
25,FC2,17,-2.035,S2M
25,FC2,18,-2.523,S2M
25,FC2,19,-2.523,S2M
25,FC2,20,-1.546,S2M
25,FC2,21,-0.570,S2M
25,FC2,22,0.407,S2M
25,FC2,23,1.872,S2M
25,FC2,24,2.848,S2M
25,FC2,25,3.825,S2M
25,FC2,26,3.337,S2M
25,FC2,27,2.360,S2M
25,FC2,28,0.895,S2M
25,FC2,29,-1.058,S2M
25,FC2,30,-2.035,S2M
25,FC2,31,-2.035,S2M
25,FC2,32,-1.058,S2M
25,FC2,33,-0.081,S2M
25,FC2,34,0.407,S2M
25,FC2,35,0.407,S2M
25,FC2,36,-0.570,S2M
25,FC2,37,-2.523,S2M
25,FC2,38,-4.476,S2M
25,FC2,39,-6.429,S2M
25,FC2,40,-7.406,S2M
25,FC2,41,-7.406,S2M
25,FC2,42,-6.917,S2M
25,FC2,43,-5.452,S2M
25,FC2,44,-3.988,S2M
25,FC2,45,-2.523,S2M
25,FC2,46,-1.058,S2M
25,FC2,47,-0.081,S2M
25,FC2,48,0.895,S2M
25,FC2,49,1.383,S2M
25,FC2,50,2.360,S2M
25,FC2,51,2.848,S2M
25,FC2,52,2.360,S2M
25,FC2,53,2.360,S2M
25,FC2,54,1.872,S2M
25,FC2,55,0.895,S2M
25,FC2,56,0.407,S2M
25,FC2,57,-0.081,S2M
25,FC2,58,-0.081,S2M
25,FC2,59,-0.570,S2M
25,FC2,60,-1.058,S2M
25,FC2,61,-2.035,S2M
25,FC2,62,-3.011,S2M
25,FC2,63,-3.988,S2M
25,FC2,64,-5.941,S2M
25,FC2,65,-6.429,S2M
25,FC2,66,-6.917,S2M
25,FC2,67,-6.917,S2M
25,FC2,68,-6.429,S2M
25,FC2,69,-5.452,S2M
25,FC2,70,-4.476,S2M
25,FC2,71,-3.499,S2M
25,FC2,72,-3.499,S2M
25,FC2,73,-3.011,S2M
25,FC2,74,-2.035,S2M
25,FC2,75,-1.058,S2M
25,FC2,76,-0.081,S2M
25,FC2,77,-0.081,S2M
25,FC2,78,0.407,S2M
25,FC2,79,0.895,S2M
25,FC2,80,1.872,S2M
25,FC2,81,2.848,S2M
25,FC2,82,3.337,S2M
25,FC2,83,2.360,S2M
25,FC2,84,1.383,S2M
25,FC2,85,-0.570,S2M
25,FC2,86,-2.035,S2M
25,FC2,87,-2.523,S2M
25,FC2,88,-2.523,S2M
25,FC2,89,-2.035,S2M
25,FC2,90,-1.058,S2M
25,FC2,91,-1.058,S2M
25,FC2,92,-1.058,S2M
25,FC2,93,-1.546,S2M
25,FC2,94,-2.035,S2M
25,FC2,95,-3.011,S2M
25,FC2,96,-3.499,S2M
25,FC2,97,-3.499,S2M
25,FC2,98,-2.523,S2M
25,FC2,99,-1.546,S2M
25,FC2,100,-1.058,S2M
25,FC2,101,-1.058,S2M
25,FC2,102,-2.523,S2M
25,FC2,103,-4.476,S2M
25,FC2,104,-5.452,S2M
25,FC2,105,-4.964,S2M
25,FC2,106,-2.523,S2M
25,FC2,107,-0.081,S2M
25,FC2,108,1.383,S2M
25,FC2,109,1.383,S2M
25,FC2,110,-0.081,S2M
25,FC2,111,-2.523,S2M
25,FC2,112,-3.988,S2M
25,FC2,113,-3.988,S2M
25,FC2,114,-3.011,S2M
25,FC2,115,-2.035,S2M
25,FC2,116,-1.058,S2M
25,FC2,117,-0.570,S2M
25,FC2,118,-1.058,S2M
25,FC2,119,-2.035,S2M
25,FC2,120,-3.011,S2M
25,FC2,121,-3.988,S2M
25,FC2,122,-3.988,S2M
25,FC2,123,-3.499,S2M
25,FC2,124,-2.523,S2M
25,FC2,125,-1.546,S2M
25,FC2,126,-1.058,S2M
25,FC2,127,-0.570,S2M
25,FC2,128,-1.058,S2M
25,FC2,129,-1.546,S2M
25,FC2,130,-2.035,S2M
25,FC2,131,-2.523,S2M
25,FC2,132,-3.011,S2M
25,FC2,133,-3.499,S2M
25,FC2,134,-3.988,S2M
25,FC2,135,-4.476,S2M
25,FC2,136,-4.476,S2M
25,FC2,137,-3.011,S2M
25,FC2,138,-1.546,S2M
25,FC2,139,-0.570,S2M
25,FC2,140,-0.570,S2M
25,FC2,141,-1.546,S2M
25,FC2,142,-3.011,S2M
25,FC2,143,-3.988,S2M
25,FC2,144,-3.988,S2M
25,FC2,145,-3.011,S2M
25,FC2,146,-1.546,S2M
25,FC2,147,-0.570,S2M
25,FC2,148,-1.058,S2M
25,FC2,149,-1.546,S2M
25,FC2,150,-2.035,S2M
25,FC2,151,-1.546,S2M
25,FC2,152,-1.058,S2M
25,FC2,153,-1.058,S2M
25,FC2,154,-2.035,S2M
25,FC2,155,-3.011,S2M
25,FC2,156,-3.988,S2M
25,FC2,157,-4.964,S2M
25,FC2,158,-4.476,S2M
25,FC2,159,-3.988,S2M
25,FC2,160,-3.499,S2M
25,FC2,161,-3.988,S2M
25,FC2,162,-3.988,S2M
25,FC2,163,-4.476,S2M
25,FC2,164,-3.988,S2M
25,FC2,165,-3.988,S2M
25,FC2,166,-3.988,S2M
25,FC2,167,-3.988,S2M
25,FC2,168,-3.988,S2M
25,FC2,169,-3.988,S2M
25,FC2,170,-3.499,S2M
25,FC2,171,-2.523,S2M
25,FC2,172,-2.035,S2M
25,FC2,173,-2.035,S2M
25,FC2,174,-2.523,S2M
25,FC2,175,-2.523,S2M
25,FC2,176,-3.011,S2M
25,FC2,177,-2.523,S2M
25,FC2,178,-3.011,S2M
25,FC2,179,-3.499,S2M
25,FC2,180,-4.476,S2M
25,FC2,181,-5.452,S2M
25,FC2,182,-5.452,S2M
25,FC2,183,-5.452,S2M
25,FC2,184,-4.964,S2M
25,FC2,185,-4.964,S2M
25,FC2,186,-4.964,S2M
25,FC2,187,-5.452,S2M
25,FC2,188,-5.452,S2M
25,FC2,189,-5.452,S2M
25,FC2,190,-5.452,S2M
25,FC2,191,-4.476,S2M
25,FC2,192,-3.499,S2M
25,FC2,193,-3.011,S2M
25,FC2,194,-2.523,S2M
25,FC2,195,-2.523,S2M
25,FC2,196,-3.499,S2M
25,FC2,197,-3.988,S2M
25,FC2,198,-4.476,S2M
25,FC2,199,-3.988,S2M
25,FC2,200,-3.499,S2M
25,FC2,201,-3.011,S2M
25,FC2,202,-3.011,S2M
25,FC2,203,-3.499,S2M
25,FC2,204,-3.988,S2M
25,FC2,205,-3.988,S2M
25,FC2,206,-3.011,S2M
25,FC2,207,-2.035,S2M
25,FC2,208,-2.035,S2M
25,FC2,209,-2.523,S2M
25,FC2,210,-3.499,S2M
25,FC2,211,-3.499,S2M
25,FC2,212,-3.011,S2M
25,FC2,213,-1.546,S2M
25,FC2,214,-0.570,S2M
25,FC2,215,-0.570,S2M
25,FC2,216,-1.546,S2M
25,FC2,217,-3.011,S2M
25,FC2,218,-3.499,S2M
25,FC2,219,-3.499,S2M
25,FC2,220,-3.499,S2M
25,FC2,221,-3.011,S2M
25,FC2,222,-3.011,S2M
25,FC2,223,-2.523,S2M
25,FC2,224,-2.523,S2M
25,FC2,225,-2.035,S2M
25,FC2,226,-2.035,S2M
25,FC2,227,-2.035,S2M
25,FC2,228,-2.035,S2M
25,FC2,229,-1.546,S2M
25,FC2,230,-1.546,S2M
25,FC2,231,-1.546,S2M
25,FC2,232,-2.035,S2M
25,FC2,233,-2.523,S2M
25,FC2,234,-3.499,S2M
25,FC2,235,-3.499,S2M
25,FC2,236,-3.011,S2M
25,FC2,237,-2.523,S2M
25,FC2,238,-2.035,S2M
25,FC2,239,-2.523,S2M
25,FC2,240,-3.011,S2M
25,FC2,241,-3.011,S2M
25,FC2,242,-3.499,S2M
25,FC2,243,-4.476,S2M
25,FC2,244,-4.964,S2M
25,FC2,245,-5.452,S2M
25,FC2,246,-5.452,S2M
25,FC2,247,-5.452,S2M
25,FC2,248,-5.452,S2M
25,FC2,249,-4.476,S2M
25,FC2,250,-4.964,S2M
25,FC2,251,-4.964,S2M
25,FC2,252,-5.941,S2M
25,FC2,253,-6.917,S2M
25,FC2,254,-6.917,S2M
25,FC2,255,-6.429,S2M
25,FC1,0,4.283,S2M
25,FC1,1,2.818,S2M
25,FC1,2,1.353,S2M
25,FC1,3,-0.600,S2M
25,FC1,4,-2.065,S2M
25,FC1,5,-3.042,S2M
25,FC1,6,-3.042,S2M
25,FC1,7,-3.042,S2M
25,FC1,8,-2.553,S2M
25,FC1,9,-2.553,S2M
25,FC1,10,-1.577,S2M
25,FC1,11,-0.600,S2M
25,FC1,12,0.376,S2M
25,FC1,13,0.865,S2M
25,FC1,14,-0.112,S2M
25,FC1,15,-1.577,S2M
25,FC1,16,-3.042,S2M
25,FC1,17,-4.018,S2M
25,FC1,18,-4.018,S2M
25,FC1,19,-2.553,S2M
25,FC1,20,-0.112,S2M
25,FC1,21,1.841,S2M
25,FC1,22,3.306,S2M
25,FC1,23,3.794,S2M
25,FC1,24,3.306,S2M
25,FC1,25,2.818,S2M
25,FC1,26,2.330,S2M
25,FC1,27,2.330,S2M
25,FC1,28,2.818,S2M
25,FC1,29,3.306,S2M
25,FC1,30,3.306,S2M
25,FC1,31,2.330,S2M
25,FC1,32,0.865,S2M
25,FC1,33,-0.112,S2M
25,FC1,34,-1.088,S2M
25,FC1,35,-1.088,S2M
25,FC1,36,-1.088,S2M
25,FC1,37,-1.577,S2M
25,FC1,38,-2.065,S2M
25,FC1,39,-2.553,S2M
25,FC1,40,-3.042,S2M
25,FC1,41,-2.553,S2M
25,FC1,42,-2.065,S2M
25,FC1,43,-2.065,S2M
25,FC1,44,-2.553,S2M
25,FC1,45,-3.042,S2M
25,FC1,46,-3.042,S2M
25,FC1,47,-2.065,S2M
25,FC1,48,-0.112,S2M
25,FC1,49,2.818,S2M
25,FC1,50,5.259,S2M
25,FC1,51,6.236,S2M
25,FC1,52,6.236,S2M
25,FC1,53,5.747,S2M
25,FC1,54,4.771,S2M
25,FC1,55,4.771,S2M
25,FC1,56,4.771,S2M
25,FC1,57,4.771,S2M
25,FC1,58,4.771,S2M
25,FC1,59,3.794,S2M
25,FC1,60,2.818,S2M
25,FC1,61,1.353,S2M
25,FC1,62,0.865,S2M
25,FC1,63,-0.112,S2M
25,FC1,64,-1.577,S2M
25,FC1,65,-3.042,S2M
25,FC1,66,-4.506,S2M
25,FC1,67,-5.483,S2M
25,FC1,68,-5.483,S2M
25,FC1,69,-4.506,S2M
25,FC1,70,-3.530,S2M
25,FC1,71,-2.553,S2M
25,FC1,72,-2.553,S2M
25,FC1,73,-3.042,S2M
25,FC1,74,-2.553,S2M
25,FC1,75,-1.088,S2M
25,FC1,76,0.865,S2M
25,FC1,77,2.818,S2M
25,FC1,78,3.306,S2M
25,FC1,79,1.841,S2M
25,FC1,80,-0.112,S2M
25,FC1,81,-1.088,S2M
25,FC1,82,-1.088,S2M
25,FC1,83,0.865,S2M
25,FC1,84,2.818,S2M
25,FC1,85,3.306,S2M
25,FC1,86,2.330,S2M
25,FC1,87,0.376,S2M
25,FC1,88,-1.577,S2M
25,FC1,89,-3.042,S2M
25,FC1,90,-2.553,S2M
25,FC1,91,-1.088,S2M
25,FC1,92,-0.112,S2M
25,FC1,93,0.376,S2M
25,FC1,94,0.376,S2M
25,FC1,95,-0.600,S2M
25,FC1,96,-0.600,S2M
25,FC1,97,-0.600,S2M
25,FC1,98,-0.112,S2M
25,FC1,99,0.376,S2M
25,FC1,100,1.353,S2M
25,FC1,101,1.841,S2M
25,FC1,102,1.841,S2M
25,FC1,103,0.865,S2M
25,FC1,104,-0.600,S2M
25,FC1,105,-2.553,S2M
25,FC1,106,-4.018,S2M
25,FC1,107,-4.018,S2M
25,FC1,108,-2.553,S2M
25,FC1,109,-0.600,S2M
25,FC1,110,0.376,S2M
25,FC1,111,0.865,S2M
25,FC1,112,-0.112,S2M
25,FC1,113,-0.600,S2M
25,FC1,114,-0.600,S2M
25,FC1,115,0.376,S2M
25,FC1,116,1.353,S2M
25,FC1,117,1.353,S2M
25,FC1,118,0.376,S2M
25,FC1,119,-0.112,S2M
25,FC1,120,-0.600,S2M
25,FC1,121,0.376,S2M
25,FC1,122,0.865,S2M
25,FC1,123,1.353,S2M
25,FC1,124,1.353,S2M
25,FC1,125,0.865,S2M
25,FC1,126,0.865,S2M
25,FC1,127,1.353,S2M
25,FC1,128,1.841,S2M
25,FC1,129,1.841,S2M
25,FC1,130,0.865,S2M
25,FC1,131,-0.600,S2M
25,FC1,132,-1.577,S2M
25,FC1,133,-1.577,S2M
25,FC1,134,-1.088,S2M
25,FC1,135,-0.112,S2M
25,FC1,136,0.376,S2M
25,FC1,137,0.865,S2M
25,FC1,138,0.865,S2M
25,FC1,139,0.376,S2M
25,FC1,140,0.376,S2M
25,FC1,141,-0.600,S2M
25,FC1,142,-1.577,S2M
25,FC1,143,-3.042,S2M
25,FC1,144,-3.042,S2M
25,FC1,145,-3.042,S2M
25,FC1,146,-1.088,S2M
25,FC1,147,0.865,S2M
25,FC1,148,1.841,S2M
25,FC1,149,2.330,S2M
25,FC1,150,2.330,S2M
25,FC1,151,1.353,S2M
25,FC1,152,-0.112,S2M
25,FC1,153,-1.088,S2M
25,FC1,154,-1.577,S2M
25,FC1,155,-2.065,S2M
25,FC1,156,-2.065,S2M
25,FC1,157,-1.088,S2M
25,FC1,158,-0.600,S2M
25,FC1,159,-0.600,S2M
25,FC1,160,-0.112,S2M
25,FC1,161,-0.112,S2M
25,FC1,162,-0.600,S2M
25,FC1,163,-0.600,S2M
25,FC1,164,-0.600,S2M
25,FC1,165,-1.088,S2M
25,FC1,166,-1.577,S2M
25,FC1,167,-2.065,S2M
25,FC1,168,-2.065,S2M
25,FC1,169,-1.577,S2M
25,FC1,170,-1.088,S2M
25,FC1,171,-1.088,S2M
25,FC1,172,-0.600,S2M
25,FC1,173,-1.088,S2M
25,FC1,174,-0.600,S2M
25,FC1,175,-0.112,S2M
25,FC1,176,0.865,S2M
25,FC1,177,1.353,S2M
25,FC1,178,1.353,S2M
25,FC1,179,0.376,S2M
25,FC1,180,-0.600,S2M
25,FC1,181,-1.088,S2M
25,FC1,182,-1.088,S2M
25,FC1,183,-1.088,S2M
25,FC1,184,-1.088,S2M
25,FC1,185,-1.088,S2M
25,FC1,186,-1.577,S2M
25,FC1,187,-2.065,S2M
25,FC1,188,-2.065,S2M
25,FC1,189,-1.577,S2M
25,FC1,190,-1.088,S2M
25,FC1,191,-0.600,S2M
25,FC1,192,-0.112,S2M
25,FC1,193,0.376,S2M
25,FC1,194,-0.112,S2M
25,FC1,195,-0.112,S2M
25,FC1,196,-1.088,S2M
25,FC1,197,-2.065,S2M
25,FC1,198,-2.553,S2M
25,FC1,199,-3.042,S2M
25,FC1,200,-2.553,S2M
25,FC1,201,-2.065,S2M
25,FC1,202,-1.088,S2M
25,FC1,203,-0.600,S2M
25,FC1,204,-0.112,S2M
25,FC1,205,-0.112,S2M
25,FC1,206,0.376,S2M
25,FC1,207,0.865,S2M
25,FC1,208,1.353,S2M
25,FC1,209,1.353,S2M
25,FC1,210,1.353,S2M
25,FC1,211,0.865,S2M
25,FC1,212,0.865,S2M
25,FC1,213,0.376,S2M
25,FC1,214,0.376,S2M
25,FC1,215,0.376,S2M
25,FC1,216,0.376,S2M
25,FC1,217,0.376,S2M
25,FC1,218,-0.112,S2M
25,FC1,219,-0.112,S2M
25,FC1,220,-0.112,S2M
25,FC1,221,-0.112,S2M
25,FC1,222,0.376,S2M
25,FC1,223,0.376,S2M
25,FC1,224,0.865,S2M
25,FC1,225,1.353,S2M
25,FC1,226,1.841,S2M
25,FC1,227,2.330,S2M
25,FC1,228,2.330,S2M
25,FC1,229,2.330,S2M
25,FC1,230,1.353,S2M
25,FC1,231,0.376,S2M
25,FC1,232,-0.112,S2M
25,FC1,233,-0.112,S2M
25,FC1,234,0.376,S2M
25,FC1,235,1.841,S2M
25,FC1,236,2.330,S2M
25,FC1,237,2.818,S2M
25,FC1,238,1.841,S2M
25,FC1,239,1.353,S2M
25,FC1,240,0.376,S2M
25,FC1,241,-0.600,S2M
25,FC1,242,-1.088,S2M
25,FC1,243,-1.088,S2M
25,FC1,244,-1.577,S2M
25,FC1,245,-0.600,S2M
25,FC1,246,-0.112,S2M
25,FC1,247,0.865,S2M
25,FC1,248,1.353,S2M
25,FC1,249,1.841,S2M
25,FC1,250,1.353,S2M
25,FC1,251,0.865,S2M
25,FC1,252,0.376,S2M
25,FC1,253,-0.112,S2M
25,FC1,254,-0.600,S2M
25,FC1,255,-1.088,S2M
25,T8,0,7.660,S2M
25,T8,1,11.566,S2M
25,T8,2,9.125,S2M
25,T8,3,1.801,S2M
25,T8,4,-6.012,S2M
25,T8,5,-9.918,S2M
25,T8,6,-8.453,S2M
25,T8,7,-3.571,S2M
25,T8,8,0.336,S2M
25,T8,9,2.777,S2M
25,T8,10,3.754,S2M
25,T8,11,5.219,S2M
25,T8,12,5.707,S2M
25,T8,13,5.219,S2M
25,T8,14,2.777,S2M
25,T8,15,0.824,S2M
25,T8,16,2.289,S2M
25,T8,17,6.683,S2M
25,T8,18,11.078,S2M
25,T8,19,12.054,S2M
25,T8,20,9.125,S2M
25,T8,21,5.707,S2M
25,T8,22,5.707,S2M
25,T8,23,10.590,S2M
25,T8,24,18.402,S2M
25,T8,25,23.285,S2M
25,T8,26,23.285,S2M
25,T8,27,18.402,S2M
25,T8,28,11.566,S2M
25,T8,29,6.683,S2M
25,T8,30,5.219,S2M
25,T8,31,5.707,S2M
25,T8,32,7.172,S2M
25,T8,33,7.660,S2M
25,T8,34,6.195,S2M
25,T8,35,2.777,S2M
25,T8,36,-0.153,S2M
25,T8,37,-0.153,S2M
25,T8,38,2.777,S2M
25,T8,39,7.172,S2M
25,T8,40,9.125,S2M
25,T8,41,4.242,S2M
25,T8,42,-6.012,S2M
25,T8,43,-15.289,S2M
25,T8,44,-18.219,S2M
25,T8,45,-11.871,S2M
25,T8,46,0.336,S2M
25,T8,47,9.613,S2M
25,T8,48,11.078,S2M
25,T8,49,5.707,S2M
25,T8,50,-0.641,S2M
25,T8,51,-3.082,S2M
25,T8,52,-0.641,S2M
25,T8,53,2.289,S2M
25,T8,54,1.801,S2M
25,T8,55,-2.594,S2M
25,T8,56,-6.500,S2M
25,T8,57,-6.012,S2M
25,T8,58,-2.594,S2M
25,T8,59,-0.153,S2M
25,T8,60,-3.082,S2M
25,T8,61,-9.918,S2M
25,T8,62,-14.801,S2M
25,T8,63,-13.824,S2M
25,T8,64,-7.477,S2M
25,T8,65,-1.129,S2M
25,T8,66,-0.641,S2M
25,T8,67,-6.989,S2M
25,T8,68,-16.266,S2M
25,T8,69,-21.637,S2M
25,T8,70,-20.172,S2M
25,T8,71,-13.336,S2M
25,T8,72,-6.989,S2M
25,T8,73,-4.547,S2M
25,T8,74,-6.012,S2M
25,T8,75,-7.965,S2M
25,T8,76,-6.500,S2M
25,T8,77,-1.617,S2M
25,T8,78,4.730,S2M
25,T8,79,9.125,S2M
25,T8,80,9.125,S2M
25,T8,81,5.707,S2M
25,T8,82,0.824,S2M
25,T8,83,-2.106,S2M
25,T8,84,-2.594,S2M
25,T8,85,-1.129,S2M
25,T8,86,-0.153,S2M
25,T8,87,-2.106,S2M
25,T8,88,-5.524,S2M
25,T8,89,-8.453,S2M
25,T8,90,-8.453,S2M
25,T8,91,-5.035,S2M
25,T8,92,-1.129,S2M
25,T8,93,-1.617,S2M
25,T8,94,-6.500,S2M
25,T8,95,-12.848,S2M
25,T8,96,-15.289,S2M
25,T8,97,-11.871,S2M
25,T8,98,-5.035,S2M
25,T8,99,0.336,S2M
25,T8,100,-0.641,S2M
25,T8,101,-6.989,S2M
25,T8,102,-14.313,S2M
25,T8,103,-17.242,S2M
25,T8,104,-13.824,S2M
25,T8,105,-6.012,S2M
25,T8,106,-1.129,S2M
25,T8,107,-1.129,S2M
25,T8,108,-4.547,S2M
25,T8,109,-9.430,S2M
25,T8,110,-11.871,S2M
25,T8,111,-9.430,S2M
25,T8,112,-3.571,S2M
25,T8,113,1.801,S2M
25,T8,114,3.265,S2M
25,T8,115,-0.153,S2M
25,T8,116,-8.453,S2M
25,T8,117,-16.754,S2M
25,T8,118,-20.172,S2M
25,T8,119,-15.289,S2M
25,T8,120,-4.547,S2M
25,T8,121,7.660,S2M
25,T8,122,14.008,S2M
25,T8,123,13.031,S2M
25,T8,124,6.195,S2M
25,T8,125,-0.641,S2M
25,T8,126,-3.571,S2M
25,T8,127,-2.594,S2M
25,T8,128,-1.129,S2M
25,T8,129,-3.082,S2M
25,T8,130,-7.477,S2M
25,T8,131,-11.383,S2M
25,T8,132,-11.383,S2M
25,T8,133,-7.477,S2M
25,T8,134,-2.594,S2M
25,T8,135,-0.641,S2M
25,T8,136,-3.082,S2M
25,T8,137,-6.500,S2M
25,T8,138,-7.965,S2M
25,T8,139,-4.547,S2M
25,T8,140,2.777,S2M
25,T8,141,9.125,S2M
25,T8,142,12.054,S2M
25,T8,143,9.613,S2M
25,T8,144,3.265,S2M
25,T8,145,-3.082,S2M
25,T8,146,-6.500,S2M
25,T8,147,-6.989,S2M
25,T8,148,-7.477,S2M
25,T8,149,-9.430,S2M
25,T8,150,-13.336,S2M
25,T8,151,-15.778,S2M
25,T8,152,-14.801,S2M
25,T8,153,-9.918,S2M
25,T8,154,-2.594,S2M
25,T8,155,2.777,S2M
25,T8,156,3.754,S2M
25,T8,157,1.312,S2M
25,T8,158,-2.594,S2M
25,T8,159,-6.500,S2M
25,T8,160,-9.430,S2M
25,T8,161,-10.895,S2M
25,T8,162,-10.895,S2M
25,T8,163,-9.430,S2M
25,T8,164,-8.453,S2M
25,T8,165,-7.965,S2M
25,T8,166,-8.942,S2M
25,T8,167,-9.430,S2M
25,T8,168,-7.477,S2M
25,T8,169,-3.082,S2M
25,T8,170,1.801,S2M
25,T8,171,4.242,S2M
25,T8,172,3.265,S2M
25,T8,173,-1.129,S2M
25,T8,174,-5.035,S2M
25,T8,175,-7.477,S2M
25,T8,176,-7.965,S2M
25,T8,177,-6.989,S2M
25,T8,178,-6.500,S2M
25,T8,179,-6.012,S2M
25,T8,180,-4.059,S2M
25,T8,181,-1.617,S2M
25,T8,182,0.336,S2M
25,T8,183,0.824,S2M
25,T8,184,-1.129,S2M
25,T8,185,-2.594,S2M
25,T8,186,-1.617,S2M
25,T8,187,2.777,S2M
25,T8,188,8.148,S2M
25,T8,189,11.566,S2M
25,T8,190,9.613,S2M
25,T8,191,2.289,S2M
25,T8,192,-7.477,S2M
25,T8,193,-14.313,S2M
25,T8,194,-13.336,S2M
25,T8,195,-4.059,S2M
25,T8,196,9.125,S2M
25,T8,197,17.914,S2M
25,T8,198,15.961,S2M
25,T8,199,3.265,S2M
25,T8,200,-11.871,S2M
25,T8,201,-19.684,S2M
25,T8,202,-13.336,S2M
25,T8,203,3.754,S2M
25,T8,204,20.355,S2M
25,T8,205,26.215,S2M
25,T8,206,17.914,S2M
25,T8,207,1.801,S2M
25,T8,208,-11.871,S2M
25,T8,209,-16.266,S2M
25,T8,210,-9.918,S2M
25,T8,211,-0.153,S2M
25,T8,212,5.707,S2M
25,T8,213,4.242,S2M
25,T8,214,-1.129,S2M
25,T8,215,-5.035,S2M
25,T8,216,-3.082,S2M
25,T8,217,3.265,S2M
25,T8,218,8.148,S2M
25,T8,219,7.660,S2M
25,T8,220,0.336,S2M
25,T8,221,-8.453,S2M
25,T8,222,-11.871,S2M
25,T8,223,-8.453,S2M
25,T8,224,-0.641,S2M
25,T8,225,4.730,S2M
25,T8,226,3.754,S2M
25,T8,227,-2.594,S2M
25,T8,228,-7.965,S2M
25,T8,229,-8.453,S2M
25,T8,230,-3.082,S2M
25,T8,231,3.265,S2M
25,T8,232,6.195,S2M
25,T8,233,3.265,S2M
25,T8,234,-1.617,S2M
25,T8,235,-3.571,S2M
25,T8,236,-0.153,S2M
25,T8,237,6.195,S2M
25,T8,238,10.101,S2M
25,T8,239,6.683,S2M
25,T8,240,-2.106,S2M
25,T8,241,-9.918,S2M
25,T8,242,-11.871,S2M
25,T8,243,-5.524,S2M
25,T8,244,4.242,S2M
25,T8,245,11.078,S2M
25,T8,246,9.613,S2M
25,T8,247,0.824,S2M
25,T8,248,-11.383,S2M
25,T8,249,-18.219,S2M
25,T8,250,-16.754,S2M
25,T8,251,-6.500,S2M
25,T8,252,7.172,S2M
25,T8,253,17.426,S2M
25,T8,254,19.379,S2M
25,T8,255,13.031,S2M
25,T7,0,15.411,S2M
25,T7,1,12.970,S2M
25,T7,2,7.111,S2M
25,T7,3,1.251,S2M
25,T7,4,-2.655,S2M
25,T7,5,-4.608,S2M
25,T7,6,-5.585,S2M
25,T7,7,-6.561,S2M
25,T7,8,-7.538,S2M
25,T7,9,-6.073,S2M
25,T7,10,-1.190,S2M
25,T7,11,5.646,S2M
25,T7,12,10.529,S2M
25,T7,13,11.993,S2M
25,T7,14,8.087,S2M
25,T7,15,2.228,S2M
25,T7,16,-2.655,S2M
25,T7,17,-4.608,S2M
25,T7,18,-3.143,S2M
25,T7,19,0.763,S2M
25,T7,20,5.646,S2M
25,T7,21,11.505,S2M
25,T7,22,16.876,S2M
25,T7,23,20.782,S2M
25,T7,24,22.247,S2M
25,T7,25,20.782,S2M
25,T7,26,17.853,S2M
25,T7,27,15.411,S2M
25,T7,28,14.923,S2M
25,T7,29,15.411,S2M
25,T7,30,15.411,S2M
25,T7,31,13.458,S2M
25,T7,32,10.040,S2M
25,T7,33,8.087,S2M
25,T7,34,9.064,S2M
25,T7,35,11.993,S2M
25,T7,36,14.923,S2M
25,T7,37,13.947,S2M
25,T7,38,10.529,S2M
25,T7,39,7.111,S2M
25,T7,40,5.157,S2M
25,T7,41,5.646,S2M
25,T7,42,6.134,S2M
25,T7,43,5.157,S2M
25,T7,44,1.740,S2M
25,T7,45,-1.190,S2M
25,T7,46,-2.655,S2M
25,T7,47,-2.167,S2M
25,T7,48,1.251,S2M
25,T7,49,6.622,S2M
25,T7,50,13.458,S2M
25,T7,51,20.294,S2M
25,T7,52,23.712,S2M
25,T7,53,20.782,S2M
25,T7,54,12.970,S2M
25,T7,55,3.204,S2M
25,T7,56,-2.655,S2M
25,T7,57,-3.143,S2M
25,T7,58,0.275,S2M
25,T7,59,2.228,S2M
25,T7,60,-0.214,S2M
25,T7,61,-5.096,S2M
25,T7,62,-8.514,S2M
25,T7,63,-7.538,S2M
25,T7,64,-3.143,S2M
25,T7,65,-0.214,S2M
25,T7,66,-1.678,S2M
25,T7,67,-7.538,S2M
25,T7,68,-14.374,S2M
25,T7,69,-18.280,S2M
25,T7,70,-17.792,S2M
25,T7,71,-15.350,S2M
25,T7,72,-12.909,S2M
25,T7,73,-11.932,S2M
25,T7,74,-10.468,S2M
25,T7,75,-7.538,S2M
25,T7,76,-3.632,S2M
25,T7,77,-1.678,S2M
25,T7,78,-2.655,S2M
25,T7,79,-7.050,S2M
25,T7,80,-10.956,S2M
25,T7,81,-12.421,S2M
25,T7,82,-11.444,S2M
25,T7,83,-8.514,S2M
25,T7,84,-4.608,S2M
25,T7,85,-1.190,S2M
25,T7,86,2.228,S2M
25,T7,87,5.646,S2M
25,T7,88,6.622,S2M
25,T7,89,2.716,S2M
25,T7,90,-4.120,S2M
25,T7,91,-11.444,S2M
25,T7,92,-15.839,S2M
25,T7,93,-15.350,S2M
25,T7,94,-11.444,S2M
25,T7,95,-6.561,S2M
25,T7,96,-3.143,S2M
25,T7,97,-3.143,S2M
25,T7,98,-5.585,S2M
25,T7,99,-9.003,S2M
25,T7,100,-11.444,S2M
25,T7,101,-11.932,S2M
25,T7,102,-9.003,S2M
25,T7,103,-2.655,S2M
25,T7,104,3.693,S2M
25,T7,105,5.646,S2M
25,T7,106,2.228,S2M
25,T7,107,-6.073,S2M
25,T7,108,-13.397,S2M
25,T7,109,-16.815,S2M
25,T7,110,-13.397,S2M
25,T7,111,-7.538,S2M
25,T7,112,-0.702,S2M
25,T7,113,4.669,S2M
25,T7,114,7.111,S2M
25,T7,115,6.622,S2M
25,T7,116,3.693,S2M
25,T7,117,-2.167,S2M
25,T7,118,-9.003,S2M
25,T7,119,-13.397,S2M
25,T7,120,-11.932,S2M
25,T7,121,-5.096,S2M
25,T7,122,3.204,S2M
25,T7,123,7.111,S2M
25,T7,124,4.669,S2M
25,T7,125,-1.678,S2M
25,T7,126,-6.561,S2M
25,T7,127,-5.585,S2M
25,T7,128,-0.702,S2M
25,T7,129,4.669,S2M
25,T7,130,5.157,S2M
25,T7,131,0.763,S2M
25,T7,132,-5.096,S2M
25,T7,133,-8.026,S2M
25,T7,134,-5.096,S2M
25,T7,135,1.740,S2M
25,T7,136,6.622,S2M
25,T7,137,6.134,S2M
25,T7,138,-0.702,S2M
25,T7,139,-8.026,S2M
25,T7,140,-11.932,S2M
25,T7,141,-9.491,S2M
25,T7,142,-2.655,S2M
25,T7,143,3.204,S2M
25,T7,144,4.669,S2M
25,T7,145,-1.190,S2M
25,T7,146,-9.491,S2M
25,T7,147,-14.374,S2M
25,T7,148,-13.885,S2M
25,T7,149,-7.538,S2M
25,T7,150,-1.190,S2M
25,T7,151,0.763,S2M
25,T7,152,-3.632,S2M
25,T7,153,-9.491,S2M
25,T7,154,-12.421,S2M
25,T7,155,-9.979,S2M
25,T7,156,-3.143,S2M
25,T7,157,2.716,S2M
25,T7,158,4.181,S2M
25,T7,159,0.275,S2M
25,T7,160,-4.608,S2M
25,T7,161,-6.561,S2M
25,T7,162,-6.073,S2M
25,T7,163,-4.608,S2M
25,T7,164,-5.096,S2M
25,T7,165,-8.514,S2M
25,T7,166,-10.468,S2M
25,T7,167,-9.979,S2M
25,T7,168,-5.585,S2M
25,T7,169,-0.702,S2M
25,T7,170,1.740,S2M
25,T7,171,-0.214,S2M
25,T7,172,-3.632,S2M
25,T7,173,-6.561,S2M
25,T7,174,-6.561,S2M
25,T7,175,-4.608,S2M
25,T7,176,-2.655,S2M
25,T7,177,-2.655,S2M
25,T7,178,-4.120,S2M
25,T7,179,-5.096,S2M
25,T7,180,-3.632,S2M
25,T7,181,-0.702,S2M
25,T7,182,3.204,S2M
25,T7,183,3.693,S2M
25,T7,184,1.251,S2M
25,T7,185,-1.678,S2M
25,T7,186,-2.655,S2M
25,T7,187,-1.678,S2M
25,T7,188,2.228,S2M
25,T7,189,5.646,S2M
25,T7,190,7.111,S2M
25,T7,191,5.646,S2M
25,T7,192,2.228,S2M
25,T7,193,-0.214,S2M
25,T7,194,-1.190,S2M
25,T7,195,-0.702,S2M
25,T7,196,1.251,S2M
25,T7,197,1.740,S2M
25,T7,198,0.275,S2M
25,T7,199,-2.655,S2M
25,T7,200,-4.608,S2M
25,T7,201,-2.655,S2M
25,T7,202,3.204,S2M
25,T7,203,11.505,S2M
25,T7,204,17.365,S2M
25,T7,205,16.876,S2M
25,T7,206,9.552,S2M
25,T7,207,-0.214,S2M
25,T7,208,-5.585,S2M
25,T7,209,-3.632,S2M
25,T7,210,3.693,S2M
25,T7,211,10.529,S2M
25,T7,212,11.993,S2M
25,T7,213,6.622,S2M
25,T7,214,-1.190,S2M
25,T7,215,-5.585,S2M
25,T7,216,-4.608,S2M
25,T7,217,-0.214,S2M
25,T7,218,3.204,S2M
25,T7,219,1.740,S2M
25,T7,220,-3.143,S2M
25,T7,221,-7.050,S2M
25,T7,222,-7.538,S2M
25,T7,223,-4.608,S2M
25,T7,224,-0.702,S2M
25,T7,225,1.251,S2M
25,T7,226,0.763,S2M
25,T7,227,-0.214,S2M
25,T7,228,0.275,S2M
25,T7,229,2.228,S2M
25,T7,230,4.181,S2M
25,T7,231,4.181,S2M
25,T7,232,2.716,S2M
25,T7,233,1.251,S2M
25,T7,234,1.740,S2M
25,T7,235,4.181,S2M
25,T7,236,7.111,S2M
25,T7,237,6.622,S2M
25,T7,238,2.716,S2M
25,T7,239,-3.143,S2M
25,T7,240,-7.538,S2M
25,T7,241,-7.538,S2M
25,T7,242,-4.608,S2M
25,T7,243,0.275,S2M
25,T7,244,3.693,S2M
25,T7,245,5.646,S2M
25,T7,246,5.646,S2M
25,T7,247,5.646,S2M
25,T7,248,5.157,S2M
25,T7,249,4.669,S2M
25,T7,250,4.181,S2M
25,T7,251,3.204,S2M
25,T7,252,3.693,S2M
25,T7,253,4.669,S2M
25,T7,254,6.622,S2M
25,T7,255,6.622,S2M
25,CZ,0,4.089,S2M
25,CZ,1,2.625,S2M
25,CZ,2,1.160,S2M
25,CZ,3,-0.305,S2M
25,CZ,4,-1.770,S2M
25,CZ,5,-4.211,S2M
25,CZ,6,-7.141,S2M
25,CZ,7,-9.583,S2M
25,CZ,8,-9.583,S2M
25,CZ,9,-6.653,S2M
25,CZ,10,-1.282,S2M
25,CZ,11,4.578,S2M
25,CZ,12,8.484,S2M
25,CZ,13,7.996,S2M
25,CZ,14,4.089,S2M
25,CZ,15,-1.282,S2M
25,CZ,16,-5.188,S2M
25,CZ,17,-5.676,S2M
25,CZ,18,-2.258,S2M
25,CZ,19,2.136,S2M
25,CZ,20,6.531,S2M
25,CZ,21,9.460,S2M
25,CZ,22,11.414,S2M
25,CZ,23,12.878,S2M
25,CZ,24,14.832,S2M
25,CZ,25,16.296,S2M
25,CZ,26,16.296,S2M
25,CZ,27,14.343,S2M
25,CZ,28,11.414,S2M
25,CZ,29,8.972,S2M
25,CZ,30,7.507,S2M
25,CZ,31,7.507,S2M
25,CZ,32,8.484,S2M
25,CZ,33,8.972,S2M
25,CZ,34,8.484,S2M
25,CZ,35,8.484,S2M
25,CZ,36,8.484,S2M
25,CZ,37,8.484,S2M
25,CZ,38,7.019,S2M
25,CZ,39,4.089,S2M
25,CZ,40,-0.793,S2M
25,CZ,41,-5.188,S2M
25,CZ,42,-6.653,S2M
25,CZ,43,-5.188,S2M
25,CZ,44,-1.770,S2M
25,CZ,45,1.160,S2M
25,CZ,46,3.113,S2M
25,CZ,47,3.601,S2M
25,CZ,48,5.066,S2M
25,CZ,49,7.507,S2M
25,CZ,50,10.925,S2M
25,CZ,51,13.855,S2M
25,CZ,52,14.343,S2M
25,CZ,53,11.902,S2M
25,CZ,54,8.484,S2M
25,CZ,55,5.066,S2M
25,CZ,56,3.113,S2M
25,CZ,57,1.648,S2M
25,CZ,58,0.671,S2M
25,CZ,59,-0.305,S2M
25,CZ,60,-0.793,S2M
25,CZ,61,-0.793,S2M
25,CZ,62,-1.282,S2M
25,CZ,63,-3.723,S2M
25,CZ,64,-7.629,S2M
25,CZ,65,-12.024,S2M
25,CZ,66,-14.465,S2M
25,CZ,67,-13.977,S2M
25,CZ,68,-12.512,S2M
25,CZ,69,-12.512,S2M
25,CZ,70,-13.977,S2M
25,CZ,71,-16.907,S2M
25,CZ,72,-17.395,S2M
25,CZ,73,-14.465,S2M
25,CZ,74,-10.071,S2M
25,CZ,75,-7.629,S2M
25,CZ,76,-9.094,S2M
25,CZ,77,-13.977,S2M
25,CZ,78,-17.395,S2M
25,CZ,79,-16.418,S2M
25,CZ,80,-11.047,S2M
25,CZ,81,-5.188,S2M
25,CZ,82,-3.235,S2M
25,CZ,83,-7.629,S2M
25,CZ,84,-15.442,S2M
25,CZ,85,-20.325,S2M
25,CZ,86,-19.348,S2M
25,CZ,87,-13.489,S2M
25,CZ,88,-8.606,S2M
25,CZ,89,-9.094,S2M
25,CZ,90,-16.418,S2M
25,CZ,91,-26.672,S2M
25,CZ,92,-33.997,S2M
25,CZ,93,-33.508,S2M
25,CZ,94,-26.672,S2M
25,CZ,95,-17.883,S2M
25,CZ,96,-12.512,S2M
25,CZ,97,-13.000,S2M
25,CZ,98,-19.836,S2M
25,CZ,99,-27.649,S2M
25,CZ,100,-33.997,S2M
25,CZ,101,-34.485,S2M
25,CZ,102,-30.090,S2M
25,CZ,103,-22.278,S2M
25,CZ,104,-13.977,S2M
25,CZ,105,-10.071,S2M
25,CZ,106,-11.536,S2M
25,CZ,107,-17.395,S2M
25,CZ,108,-25.696,S2M
25,CZ,109,-30.579,S2M
25,CZ,110,-30.090,S2M
25,CZ,111,-24.231,S2M
25,CZ,112,-16.418,S2M
25,CZ,113,-11.047,S2M
25,CZ,114,-9.583,S2M
25,CZ,115,-12.512,S2M
25,CZ,116,-16.418,S2M
25,CZ,117,-19.348,S2M
25,CZ,118,-20.813,S2M
25,CZ,119,-20.325,S2M
25,CZ,120,-18.372,S2M
25,CZ,121,-15.442,S2M
25,CZ,122,-11.536,S2M
25,CZ,123,-7.629,S2M
25,CZ,124,-4.211,S2M
25,CZ,125,-4.211,S2M
25,CZ,126,-5.676,S2M
25,CZ,127,-8.606,S2M
25,CZ,128,-9.583,S2M
25,CZ,129,-10.071,S2M
25,CZ,130,-10.071,S2M
25,CZ,131,-11.047,S2M
25,CZ,132,-13.489,S2M
25,CZ,133,-15.930,S2M
25,CZ,134,-16.418,S2M
25,CZ,135,-13.489,S2M
25,CZ,136,-8.606,S2M
25,CZ,137,-3.723,S2M
25,CZ,138,-2.747,S2M
25,CZ,139,-5.188,S2M
25,CZ,140,-10.071,S2M
25,CZ,141,-14.465,S2M
25,CZ,142,-15.930,S2M
25,CZ,143,-14.465,S2M
25,CZ,144,-11.047,S2M
25,CZ,145,-8.118,S2M
25,CZ,146,-6.653,S2M
25,CZ,147,-7.629,S2M
25,CZ,148,-10.071,S2M
25,CZ,149,-11.536,S2M
25,CZ,150,-11.047,S2M
25,CZ,151,-9.094,S2M
25,CZ,152,-7.141,S2M
25,CZ,153,-7.629,S2M
25,CZ,154,-11.047,S2M
25,CZ,155,-15.442,S2M
25,CZ,156,-17.883,S2M
25,CZ,157,-17.395,S2M
25,CZ,158,-13.977,S2M
25,CZ,159,-10.559,S2M
25,CZ,160,-9.583,S2M
25,CZ,161,-12.512,S2M
25,CZ,162,-17.395,S2M
25,CZ,163,-21.301,S2M
25,CZ,164,-22.278,S2M
25,CZ,165,-20.325,S2M
25,CZ,166,-16.907,S2M
25,CZ,167,-14.954,S2M
25,CZ,168,-15.930,S2M
25,CZ,169,-18.372,S2M
25,CZ,170,-21.301,S2M
25,CZ,171,-22.766,S2M
25,CZ,172,-21.790,S2M
25,CZ,173,-19.836,S2M
25,CZ,174,-16.907,S2M
25,CZ,175,-15.930,S2M
25,CZ,176,-16.418,S2M
25,CZ,177,-17.395,S2M
25,CZ,178,-17.883,S2M
25,CZ,179,-17.395,S2M
25,CZ,180,-16.418,S2M
25,CZ,181,-15.442,S2M
25,CZ,182,-15.930,S2M
25,CZ,183,-17.883,S2M
25,CZ,184,-20.325,S2M
25,CZ,185,-20.325,S2M
25,CZ,186,-17.395,S2M
25,CZ,187,-13.000,S2M
25,CZ,188,-8.606,S2M
25,CZ,189,-6.653,S2M
25,CZ,190,-7.629,S2M
25,CZ,191,-10.071,S2M
25,CZ,192,-12.024,S2M
25,CZ,193,-12.024,S2M
25,CZ,194,-9.583,S2M
25,CZ,195,-6.653,S2M
25,CZ,196,-5.188,S2M
25,CZ,197,-7.141,S2M
25,CZ,198,-11.536,S2M
25,CZ,199,-15.930,S2M
25,CZ,200,-18.860,S2M
25,CZ,201,-18.860,S2M
25,CZ,202,-15.442,S2M
25,CZ,203,-10.071,S2M
25,CZ,204,-4.700,S2M
25,CZ,205,-1.282,S2M
25,CZ,206,-0.305,S2M
25,CZ,207,-0.793,S2M
25,CZ,208,-2.258,S2M
25,CZ,209,-4.700,S2M
25,CZ,210,-7.629,S2M
25,CZ,211,-11.536,S2M
25,CZ,212,-15.442,S2M
25,CZ,213,-18.860,S2M
25,CZ,214,-20.325,S2M
25,CZ,215,-19.836,S2M
25,CZ,216,-17.395,S2M
25,CZ,217,-13.977,S2M
25,CZ,218,-12.512,S2M
25,CZ,219,-12.512,S2M
25,CZ,220,-14.465,S2M
25,CZ,221,-15.442,S2M
25,CZ,222,-13.977,S2M
25,CZ,223,-10.559,S2M
25,CZ,224,-5.676,S2M
25,CZ,225,-2.747,S2M
25,CZ,226,-3.235,S2M
25,CZ,227,-6.165,S2M
25,CZ,228,-11.047,S2M
25,CZ,229,-14.465,S2M
25,CZ,230,-14.465,S2M
25,CZ,231,-11.047,S2M
25,CZ,232,-6.653,S2M
25,CZ,233,-3.723,S2M
25,CZ,234,-3.723,S2M
25,CZ,235,-5.676,S2M
25,CZ,236,-7.629,S2M
25,CZ,237,-7.629,S2M
25,CZ,238,-5.676,S2M
25,CZ,239,-3.723,S2M
25,CZ,240,-3.723,S2M
25,CZ,241,-6.165,S2M
25,CZ,242,-10.071,S2M
25,CZ,243,-13.000,S2M
25,CZ,244,-12.512,S2M
25,CZ,245,-9.583,S2M
25,CZ,246,-7.141,S2M
25,CZ,247,-7.141,S2M
25,CZ,248,-9.583,S2M
25,CZ,249,-12.512,S2M
25,CZ,250,-13.977,S2M
25,CZ,251,-12.512,S2M
25,CZ,252,-9.094,S2M
25,CZ,253,-5.676,S2M
25,CZ,254,-4.211,S2M
25,CZ,255,-4.700,S2M
25,C3,0,4.964,S2M
25,C3,1,3.988,S2M
25,C3,2,2.035,S2M
25,C3,3,-0.407,S2M
25,C3,4,-2.360,S2M
25,C3,5,-1.872,S2M
25,C3,6,-0.895,S2M
25,C3,7,0.081,S2M
25,C3,8,1.058,S2M
25,C3,9,0.570,S2M
25,C3,10,1.058,S2M
25,C3,11,2.035,S2M
25,C3,12,2.523,S2M
25,C3,13,2.523,S2M
25,C3,14,1.058,S2M
25,C3,15,-1.872,S2M
25,C3,16,-3.825,S2M
25,C3,17,-4.801,S2M
25,C3,18,-3.337,S2M
25,C3,19,-0.407,S2M
25,C3,20,3.011,S2M
25,C3,21,5.941,S2M
25,C3,22,7.406,S2M
25,C3,23,7.406,S2M
25,C3,24,6.429,S2M
25,C3,25,5.452,S2M
25,C3,26,5.452,S2M
25,C3,27,6.429,S2M
25,C3,28,7.406,S2M
25,C3,29,8.382,S2M
25,C3,30,7.406,S2M
25,C3,31,5.941,S2M
25,C3,32,3.011,S2M
25,C3,33,1.546,S2M
25,C3,34,2.035,S2M
25,C3,35,3.011,S2M
25,C3,36,4.476,S2M
25,C3,37,4.964,S2M
25,C3,38,4.964,S2M
25,C3,39,3.988,S2M
25,C3,40,3.499,S2M
25,C3,41,3.499,S2M
25,C3,42,3.499,S2M
25,C3,43,2.035,S2M
25,C3,44,-0.895,S2M
25,C3,45,-3.825,S2M
25,C3,46,-6.266,S2M
25,C3,47,-6.266,S2M
25,C3,48,-3.825,S2M
25,C3,49,0.081,S2M
25,C3,50,4.964,S2M
25,C3,51,8.382,S2M
25,C3,52,9.847,S2M
25,C3,53,9.359,S2M
25,C3,54,6.917,S2M
25,C3,55,4.476,S2M
25,C3,56,3.499,S2M
25,C3,57,3.499,S2M
25,C3,58,3.499,S2M
25,C3,59,3.011,S2M
25,C3,60,1.546,S2M
25,C3,61,0.081,S2M
25,C3,62,-0.895,S2M
25,C3,63,-0.895,S2M
25,C3,64,-0.407,S2M
25,C3,65,-0.407,S2M
25,C3,66,-1.383,S2M
25,C3,67,-3.825,S2M
25,C3,68,-5.290,S2M
25,C3,69,-6.266,S2M
25,C3,70,-6.266,S2M
25,C3,71,-5.778,S2M
25,C3,72,-5.778,S2M
25,C3,73,-6.266,S2M
25,C3,74,-5.290,S2M
25,C3,75,-3.337,S2M
25,C3,76,-0.895,S2M
25,C3,77,1.546,S2M
25,C3,78,1.546,S2M
25,C3,79,0.081,S2M
25,C3,80,-2.360,S2M
25,C3,81,-4.313,S2M
25,C3,82,-3.825,S2M
25,C3,83,-1.872,S2M
25,C3,84,0.570,S2M
25,C3,85,2.523,S2M
25,C3,86,3.011,S2M
25,C3,87,2.035,S2M
25,C3,88,0.081,S2M
25,C3,89,-1.872,S2M
25,C3,90,-3.337,S2M
25,C3,91,-4.313,S2M
25,C3,92,-4.313,S2M
25,C3,93,-3.337,S2M
25,C3,94,-1.872,S2M
25,C3,95,0.081,S2M
25,C3,96,2.035,S2M
25,C3,97,2.523,S2M
25,C3,98,1.546,S2M
25,C3,99,0.081,S2M
25,C3,100,-0.895,S2M
25,C3,101,-0.895,S2M
25,C3,102,0.570,S2M
25,C3,103,1.546,S2M
25,C3,104,2.035,S2M
25,C3,105,0.570,S2M
25,C3,106,-2.360,S2M
25,C3,107,-5.290,S2M
25,C3,108,-7.243,S2M
25,C3,109,-6.266,S2M
25,C3,110,-3.337,S2M
25,C3,111,-0.407,S2M
25,C3,112,1.546,S2M
25,C3,113,2.035,S2M
25,C3,114,2.035,S2M
25,C3,115,1.546,S2M
25,C3,116,0.570,S2M
25,C3,117,-0.407,S2M
25,C3,118,-1.872,S2M
25,C3,119,-1.872,S2M
25,C3,120,-0.407,S2M
25,C3,121,2.035,S2M
25,C3,122,3.499,S2M
25,C3,123,3.499,S2M
25,C3,124,2.035,S2M
25,C3,125,0.570,S2M
25,C3,126,0.081,S2M
25,C3,127,1.546,S2M
25,C3,128,3.499,S2M
25,C3,129,3.988,S2M
25,C3,130,2.523,S2M
25,C3,131,0.081,S2M
25,C3,132,-1.383,S2M
25,C3,133,-1.383,S2M
25,C3,134,0.570,S2M
25,C3,135,2.523,S2M
25,C3,136,3.988,S2M
25,C3,137,3.499,S2M
25,C3,138,1.546,S2M
25,C3,139,-0.895,S2M
25,C3,140,-2.360,S2M
25,C3,141,-2.360,S2M
25,C3,142,-1.872,S2M
25,C3,143,-1.872,S2M
25,C3,144,-2.360,S2M
25,C3,145,-3.825,S2M
25,C3,146,-4.313,S2M
25,C3,147,-4.313,S2M
25,C3,148,-2.848,S2M
25,C3,149,-0.407,S2M
25,C3,150,1.546,S2M
25,C3,151,1.546,S2M
25,C3,152,0.081,S2M
25,C3,153,-2.360,S2M
25,C3,154,-3.825,S2M
25,C3,155,-3.825,S2M
25,C3,156,-1.383,S2M
25,C3,157,0.570,S2M
25,C3,158,2.523,S2M
25,C3,159,2.523,S2M
25,C3,160,2.523,S2M
25,C3,161,1.546,S2M
25,C3,162,1.058,S2M
25,C3,163,0.570,S2M
25,C3,164,-0.895,S2M
25,C3,165,-1.872,S2M
25,C3,166,-2.848,S2M
25,C3,167,-3.337,S2M
25,C3,168,-2.848,S2M
25,C3,169,-1.872,S2M
25,C3,170,-1.383,S2M
25,C3,171,-1.383,S2M
25,C3,172,-2.848,S2M
25,C3,173,-3.337,S2M
25,C3,174,-3.337,S2M
25,C3,175,-1.872,S2M
25,C3,176,-0.407,S2M
25,C3,177,0.570,S2M
25,C3,178,1.546,S2M
25,C3,179,1.546,S2M
25,C3,180,2.035,S2M
25,C3,181,3.011,S2M
25,C3,182,3.499,S2M
25,C3,183,3.011,S2M
25,C3,184,1.546,S2M
25,C3,185,-0.407,S2M
25,C3,186,-0.895,S2M
25,C3,187,0.081,S2M
25,C3,188,1.546,S2M
25,C3,189,2.523,S2M
25,C3,190,2.523,S2M
25,C3,191,1.546,S2M
25,C3,192,0.570,S2M
25,C3,193,0.570,S2M
25,C3,194,1.546,S2M
25,C3,195,2.035,S2M
25,C3,196,1.546,S2M
25,C3,197,0.570,S2M
25,C3,198,-0.895,S2M
25,C3,199,-2.360,S2M
25,C3,200,-2.360,S2M
25,C3,201,-0.895,S2M
25,C3,202,1.546,S2M
25,C3,203,3.988,S2M
25,C3,204,5.452,S2M
25,C3,205,5.452,S2M
25,C3,206,3.499,S2M
25,C3,207,2.035,S2M
25,C3,208,1.546,S2M
25,C3,209,2.523,S2M
25,C3,210,3.988,S2M
25,C3,211,4.476,S2M
25,C3,212,2.523,S2M
25,C3,213,-0.407,S2M
25,C3,214,-2.848,S2M
25,C3,215,-3.337,S2M
25,C3,216,-1.872,S2M
25,C3,217,0.081,S2M
25,C3,218,0.570,S2M
25,C3,219,-0.407,S2M
25,C3,220,-1.383,S2M
25,C3,221,-2.360,S2M
25,C3,222,-1.872,S2M
25,C3,223,-0.895,S2M
25,C3,224,0.570,S2M
25,C3,225,1.058,S2M
25,C3,226,1.058,S2M
25,C3,227,1.546,S2M
25,C3,228,2.523,S2M
25,C3,229,2.523,S2M
25,C3,230,1.546,S2M
25,C3,231,0.570,S2M
25,C3,232,0.081,S2M
25,C3,233,1.058,S2M
25,C3,234,3.011,S2M
25,C3,235,5.452,S2M
25,C3,236,5.452,S2M
25,C3,237,4.476,S2M
25,C3,238,3.011,S2M
25,C3,239,1.058,S2M
25,C3,240,0.081,S2M
25,C3,241,-0.407,S2M
25,C3,242,0.081,S2M
25,C3,243,0.570,S2M
25,C3,244,1.546,S2M
25,C3,245,3.011,S2M
25,C3,246,4.476,S2M
25,C3,247,6.429,S2M
25,C3,248,7.406,S2M
25,C3,249,7.406,S2M
25,C3,250,6.917,S2M
25,C3,251,6.429,S2M
25,C3,252,5.452,S2M
25,C3,253,4.476,S2M
25,C3,254,3.011,S2M
25,C3,255,1.546,S2M
25,C4,0,0.183,S2M
25,C4,1,-0.305,S2M
25,C4,2,-0.793,S2M
25,C4,3,-1.282,S2M
25,C4,4,-1.282,S2M
25,C4,5,-2.258,S2M
25,C4,6,-3.235,S2M
25,C4,7,-4.211,S2M
25,C4,8,-4.211,S2M
25,C4,9,-3.723,S2M
25,C4,10,-2.258,S2M
25,C4,11,-1.282,S2M
25,C4,12,-0.793,S2M
25,C4,13,0.183,S2M
25,C4,14,0.671,S2M
25,C4,15,1.160,S2M
25,C4,16,1.648,S2M
25,C4,17,1.160,S2M
25,C4,18,0.671,S2M
25,C4,19,-0.793,S2M
25,C4,20,-1.282,S2M
25,C4,21,-0.305,S2M
25,C4,22,1.648,S2M
25,C4,23,4.578,S2M
25,C4,24,7.507,S2M
25,C4,25,8.972,S2M
25,C4,26,8.484,S2M
25,C4,27,6.531,S2M
25,C4,28,3.601,S2M
25,C4,29,0.671,S2M
25,C4,30,-1.282,S2M
25,C4,31,-2.258,S2M
25,C4,32,-1.282,S2M
25,C4,33,0.183,S2M
25,C4,34,2.136,S2M
25,C4,35,3.601,S2M
25,C4,36,3.601,S2M
25,C4,37,2.136,S2M
25,C4,38,-0.305,S2M
25,C4,39,-3.235,S2M
25,C4,40,-5.676,S2M
25,C4,41,-6.653,S2M
25,C4,42,-7.141,S2M
25,C4,43,-6.653,S2M
25,C4,44,-5.676,S2M
25,C4,45,-4.211,S2M
25,C4,46,-2.747,S2M
25,C4,47,-1.282,S2M
25,C4,48,-0.793,S2M
25,C4,49,-0.793,S2M
25,C4,50,-0.305,S2M
25,C4,51,0.671,S2M
25,C4,52,1.160,S2M
25,C4,53,1.648,S2M
25,C4,54,1.160,S2M
25,C4,55,0.183,S2M
25,C4,56,-1.282,S2M
25,C4,57,-1.770,S2M
25,C4,58,-1.770,S2M
25,C4,59,-1.770,S2M
25,C4,60,-2.258,S2M
25,C4,61,-4.211,S2M
25,C4,62,-5.676,S2M
25,C4,63,-6.653,S2M
25,C4,64,-6.653,S2M
25,C4,65,-5.188,S2M
25,C4,66,-4.211,S2M
25,C4,67,-4.211,S2M
25,C4,68,-4.700,S2M
25,C4,69,-5.188,S2M
25,C4,70,-4.700,S2M
25,C4,71,-2.747,S2M
25,C4,72,-0.793,S2M
25,C4,73,0.671,S2M
25,C4,74,0.671,S2M
25,C4,75,0.183,S2M
25,C4,76,-0.793,S2M
25,C4,77,-0.793,S2M
25,C4,78,1.160,S2M
25,C4,79,4.089,S2M
25,C4,80,6.531,S2M
25,C4,81,7.996,S2M
25,C4,82,6.042,S2M
25,C4,83,3.113,S2M
25,C4,84,-0.305,S2M
25,C4,85,-1.770,S2M
25,C4,86,-0.793,S2M
25,C4,87,0.671,S2M
25,C4,88,1.648,S2M
25,C4,89,0.671,S2M
25,C4,90,-1.282,S2M
25,C4,91,-3.235,S2M
25,C4,92,-3.723,S2M
25,C4,93,-3.235,S2M
25,C4,94,-1.770,S2M
25,C4,95,-0.793,S2M
25,C4,96,-1.282,S2M
25,C4,97,-2.258,S2M
25,C4,98,-3.235,S2M
25,C4,99,-3.235,S2M
25,C4,100,-2.747,S2M
25,C4,101,-2.747,S2M
25,C4,102,-3.235,S2M
25,C4,103,-3.235,S2M
25,C4,104,-2.747,S2M
25,C4,105,-0.793,S2M
25,C4,106,1.648,S2M
25,C4,107,3.601,S2M
25,C4,108,3.113,S2M
25,C4,109,1.160,S2M
25,C4,110,-0.793,S2M
25,C4,111,-1.770,S2M
25,C4,112,-1.282,S2M
25,C4,113,-0.305,S2M
25,C4,114,0.671,S2M
25,C4,115,0.183,S2M
25,C4,116,-1.282,S2M
25,C4,117,-2.747,S2M
25,C4,118,-3.235,S2M
25,C4,119,-3.235,S2M
25,C4,120,-2.747,S2M
25,C4,121,-1.770,S2M
25,C4,122,-1.282,S2M
25,C4,123,-0.305,S2M
25,C4,124,0.183,S2M
25,C4,125,1.160,S2M
25,C4,126,1.160,S2M
25,C4,127,0.671,S2M
25,C4,128,-0.305,S2M
25,C4,129,-0.793,S2M
25,C4,130,-0.793,S2M
25,C4,131,-0.793,S2M
25,C4,132,-0.305,S2M
25,C4,133,-0.793,S2M
25,C4,134,-1.770,S2M
25,C4,135,-2.258,S2M
25,C4,136,-2.258,S2M
25,C4,137,-1.770,S2M
25,C4,138,-0.793,S2M
25,C4,139,-0.305,S2M
25,C4,140,-0.305,S2M
25,C4,141,-0.793,S2M
25,C4,142,-0.793,S2M
25,C4,143,-0.793,S2M
25,C4,144,-0.305,S2M
25,C4,145,0.183,S2M
25,C4,146,0.183,S2M
25,C4,147,-0.793,S2M
25,C4,148,-2.258,S2M
25,C4,149,-3.235,S2M
25,C4,150,-3.235,S2M
25,C4,151,-2.258,S2M
25,C4,152,-0.793,S2M
25,C4,153,-0.305,S2M
25,C4,154,-0.793,S2M
25,C4,155,-2.258,S2M
25,C4,156,-3.723,S2M
25,C4,157,-4.700,S2M
25,C4,158,-3.723,S2M
25,C4,159,-2.258,S2M
25,C4,160,-1.282,S2M
25,C4,161,-2.258,S2M
25,C4,162,-2.747,S2M
25,C4,163,-3.723,S2M
25,C4,164,-4.211,S2M
25,C4,165,-3.723,S2M
25,C4,166,-2.747,S2M
25,C4,167,-2.747,S2M
25,C4,168,-2.747,S2M
25,C4,169,-2.747,S2M
25,C4,170,-1.770,S2M
25,C4,171,-0.305,S2M
25,C4,172,1.160,S2M
25,C4,173,2.136,S2M
25,C4,174,1.160,S2M
25,C4,175,-0.793,S2M
25,C4,176,-2.747,S2M
25,C4,177,-3.235,S2M
25,C4,178,-2.258,S2M
25,C4,179,-0.793,S2M
25,C4,180,0.671,S2M
25,C4,181,0.671,S2M
25,C4,182,-0.305,S2M
25,C4,183,-1.282,S2M
25,C4,184,-1.770,S2M
25,C4,185,-1.282,S2M
25,C4,186,-0.793,S2M
25,C4,187,-1.282,S2M
25,C4,188,-1.770,S2M
25,C4,189,-3.235,S2M
25,C4,190,-3.723,S2M
25,C4,191,-2.747,S2M
25,C4,192,-0.305,S2M
25,C4,193,1.160,S2M
25,C4,194,2.136,S2M
25,C4,195,1.648,S2M
25,C4,196,0.183,S2M
25,C4,197,-0.793,S2M
25,C4,198,-0.793,S2M
25,C4,199,-0.305,S2M
25,C4,200,0.671,S2M
25,C4,201,0.671,S2M
25,C4,202,0.183,S2M
25,C4,203,-0.793,S2M
25,C4,204,-1.770,S2M
25,C4,205,-1.770,S2M
25,C4,206,-0.793,S2M
25,C4,207,-0.305,S2M
25,C4,208,0.183,S2M
25,C4,209,-0.793,S2M
25,C4,210,-1.770,S2M
25,C4,211,-2.258,S2M
25,C4,212,-1.770,S2M
25,C4,213,-0.793,S2M
25,C4,214,0.183,S2M
25,C4,215,-0.305,S2M
25,C4,216,-1.282,S2M
25,C4,217,-1.770,S2M
25,C4,218,-2.747,S2M
25,C4,219,-2.747,S2M
25,C4,220,-2.747,S2M
25,C4,221,-2.747,S2M
25,C4,222,-2.747,S2M
25,C4,223,-2.258,S2M
25,C4,224,-1.770,S2M
25,C4,225,-1.282,S2M
25,C4,226,-0.793,S2M
25,C4,227,-0.793,S2M
25,C4,228,-1.282,S2M
25,C4,229,-1.282,S2M
25,C4,230,-0.305,S2M
25,C4,231,0.671,S2M
25,C4,232,1.160,S2M
25,C4,233,0.671,S2M
25,C4,234,-0.793,S2M
25,C4,235,-2.258,S2M
25,C4,236,-3.235,S2M
25,C4,237,-2.747,S2M
25,C4,238,-1.770,S2M
25,C4,239,-1.282,S2M
25,C4,240,-0.793,S2M
25,C4,241,-1.282,S2M
25,C4,242,-1.282,S2M
25,C4,243,-1.282,S2M
25,C4,244,-1.770,S2M
25,C4,245,-1.770,S2M
25,C4,246,-1.770,S2M
25,C4,247,-1.770,S2M
25,C4,248,-2.258,S2M
25,C4,249,-2.747,S2M
25,C4,250,-3.723,S2M
25,C4,251,-4.700,S2M
25,C4,252,-4.700,S2M
25,C4,253,-4.700,S2M
25,C4,254,-3.723,S2M
25,C4,255,-2.747,S2M
25,CP5,0,9.684,S2M
25,CP5,1,9.196,S2M
25,CP5,2,4.313,S2M
25,CP5,3,-1.546,S2M
25,CP5,4,-4.476,S2M
25,CP5,5,-3.499,S2M
25,CP5,6,-0.081,S2M
25,CP5,7,2.848,S2M
25,CP5,8,3.337,S2M
25,CP5,9,2.848,S2M
25,CP5,10,2.360,S2M
25,CP5,11,3.337,S2M
25,CP5,12,4.801,S2M
25,CP5,13,4.313,S2M
25,CP5,14,1.872,S2M
25,CP5,15,-2.035,S2M
25,CP5,16,-4.964,S2M
25,CP5,17,-5.452,S2M
25,CP5,18,-3.499,S2M
25,CP5,19,0.895,S2M
25,CP5,20,5.778,S2M
25,CP5,21,10.661,S2M
25,CP5,22,14.079,S2M
25,CP5,23,16.032,S2M
25,CP5,24,15.544,S2M
25,CP5,25,14.567,S2M
25,CP5,26,13.590,S2M
25,CP5,27,14.079,S2M
25,CP5,28,15.544,S2M
25,CP5,29,15.544,S2M
25,CP5,30,13.590,S2M
25,CP5,31,10.173,S2M
25,CP5,32,7.243,S2M
25,CP5,33,6.755,S2M
25,CP5,34,9.196,S2M
25,CP5,35,12.126,S2M
25,CP5,36,14.079,S2M
25,CP5,37,12.126,S2M
25,CP5,38,8.708,S2M
25,CP5,39,5.778,S2M
25,CP5,40,4.313,S2M
25,CP5,41,4.801,S2M
25,CP5,42,4.313,S2M
25,CP5,43,3.825,S2M
25,CP5,44,1.383,S2M
25,CP5,45,-1.058,S2M
25,CP5,46,-3.499,S2M
25,CP5,47,-4.964,S2M
25,CP5,48,-3.011,S2M
25,CP5,49,1.872,S2M
25,CP5,50,10.173,S2M
25,CP5,51,17.985,S2M
25,CP5,52,21.403,S2M
25,CP5,53,16.520,S2M
25,CP5,54,7.243,S2M
25,CP5,55,-2.035,S2M
25,CP5,56,-5.452,S2M
25,CP5,57,-2.523,S2M
25,CP5,58,2.848,S2M
25,CP5,59,4.801,S2M
25,CP5,60,1.383,S2M
25,CP5,61,-3.988,S2M
25,CP5,62,-6.917,S2M
25,CP5,63,-4.964,S2M
25,CP5,64,0.407,S2M
25,CP5,65,3.337,S2M
25,CP5,66,1.872,S2M
25,CP5,67,-3.011,S2M
25,CP5,68,-7.894,S2M
25,CP5,69,-9.359,S2M
25,CP5,70,-7.406,S2M
25,CP5,71,-5.941,S2M
25,CP5,72,-6.429,S2M
25,CP5,73,-7.894,S2M
25,CP5,74,-7.894,S2M
25,CP5,75,-4.964,S2M
25,CP5,76,0.895,S2M
25,CP5,77,4.801,S2M
25,CP5,78,4.313,S2M
25,CP5,79,-1.546,S2M
25,CP5,80,-8.870,S2M
25,CP5,81,-12.777,S2M
25,CP5,82,-11.800,S2M
25,CP5,83,-7.406,S2M
25,CP5,84,-2.035,S2M
25,CP5,85,1.383,S2M
25,CP5,86,2.848,S2M
25,CP5,87,2.360,S2M
25,CP5,88,0.895,S2M
25,CP5,89,-1.546,S2M
25,CP5,90,-3.988,S2M
25,CP5,91,-7.406,S2M
25,CP5,92,-9.359,S2M
25,CP5,93,-9.847,S2M
25,CP5,94,-8.382,S2M
25,CP5,95,-5.452,S2M
25,CP5,96,-2.523,S2M
25,CP5,97,0.407,S2M
25,CP5,98,0.895,S2M
25,CP5,99,-0.570,S2M
25,CP5,100,-3.988,S2M
25,CP5,101,-6.917,S2M
25,CP5,102,-7.406,S2M
25,CP5,103,-4.476,S2M
25,CP5,104,0.895,S2M
25,CP5,105,3.337,S2M
25,CP5,106,1.383,S2M
25,CP5,107,-4.476,S2M
25,CP5,108,-11.312,S2M
25,CP5,109,-14.730,S2M
25,CP5,110,-12.288,S2M
25,CP5,111,-6.429,S2M
25,CP5,112,0.895,S2M
25,CP5,113,6.266,S2M
25,CP5,114,7.731,S2M
25,CP5,115,5.778,S2M
25,CP5,116,1.383,S2M
25,CP5,117,-4.476,S2M
25,CP5,118,-9.847,S2M
25,CP5,119,-11.312,S2M
25,CP5,120,-8.382,S2M
25,CP5,121,-3.011,S2M
25,CP5,122,2.360,S2M
25,CP5,123,3.825,S2M
25,CP5,124,1.872,S2M
25,CP5,125,-1.546,S2M
25,CP5,126,-2.035,S2M
25,CP5,127,-0.081,S2M
25,CP5,128,3.825,S2M
25,CP5,129,5.290,S2M
25,CP5,130,3.337,S2M
25,CP5,131,-0.081,S2M
25,CP5,132,-3.011,S2M
25,CP5,133,-3.011,S2M
25,CP5,134,-0.081,S2M
25,CP5,135,3.825,S2M
25,CP5,136,5.290,S2M
25,CP5,137,3.825,S2M
25,CP5,138,-0.081,S2M
25,CP5,139,-3.988,S2M
25,CP5,140,-4.964,S2M
25,CP5,141,-3.988,S2M
25,CP5,142,-1.058,S2M
25,CP5,143,0.895,S2M
25,CP5,144,-0.570,S2M
25,CP5,145,-4.476,S2M
25,CP5,146,-9.359,S2M
25,CP5,147,-11.800,S2M
25,CP5,148,-9.847,S2M
25,CP5,149,-4.964,S2M
25,CP5,150,0.407,S2M
25,CP5,151,2.848,S2M
25,CP5,152,0.895,S2M
25,CP5,153,-3.988,S2M
25,CP5,154,-8.382,S2M
25,CP5,155,-8.870,S2M
25,CP5,156,-4.476,S2M
25,CP5,157,1.383,S2M
25,CP5,158,5.778,S2M
25,CP5,159,6.755,S2M
25,CP5,160,4.801,S2M
25,CP5,161,1.872,S2M
25,CP5,162,-0.570,S2M
25,CP5,163,-1.546,S2M
25,CP5,164,-3.011,S2M
25,CP5,165,-4.476,S2M
25,CP5,166,-5.941,S2M
25,CP5,167,-6.429,S2M
25,CP5,168,-5.452,S2M
25,CP5,169,-3.011,S2M
25,CP5,170,-0.081,S2M
25,CP5,171,-0.081,S2M
25,CP5,172,-2.035,S2M
25,CP5,173,-4.964,S2M
25,CP5,174,-6.917,S2M
25,CP5,175,-7.406,S2M
25,CP5,176,-5.452,S2M
25,CP5,177,-2.035,S2M
25,CP5,178,0.895,S2M
25,CP5,179,3.337,S2M
25,CP5,180,4.801,S2M
25,CP5,181,5.290,S2M
25,CP5,182,5.290,S2M
25,CP5,183,3.337,S2M
25,CP5,184,0.895,S2M
25,CP5,185,-1.546,S2M
25,CP5,186,-2.035,S2M
25,CP5,187,-0.081,S2M
25,CP5,188,2.848,S2M
25,CP5,189,5.290,S2M
25,CP5,190,5.290,S2M
25,CP5,191,3.825,S2M
25,CP5,192,1.872,S2M
25,CP5,193,0.407,S2M
25,CP5,194,0.895,S2M
25,CP5,195,1.872,S2M
25,CP5,196,1.872,S2M
25,CP5,197,0.895,S2M
25,CP5,198,-1.058,S2M
25,CP5,199,-3.011,S2M
25,CP5,200,-2.523,S2M
25,CP5,201,0.895,S2M
25,CP5,202,7.731,S2M
25,CP5,203,14.079,S2M
25,CP5,204,17.008,S2M
25,CP5,205,14.567,S2M
25,CP5,206,6.755,S2M
25,CP5,207,-0.570,S2M
25,CP5,208,-3.499,S2M
25,CP5,209,0.895,S2M
25,CP5,210,8.708,S2M
25,CP5,211,13.590,S2M
25,CP5,212,12.126,S2M
25,CP5,213,3.825,S2M
25,CP5,214,-4.964,S2M
25,CP5,215,-8.382,S2M
25,CP5,216,-5.941,S2M
25,CP5,217,-0.081,S2M
25,CP5,218,3.825,S2M
25,CP5,219,3.337,S2M
25,CP5,220,-1.058,S2M
25,CP5,221,-4.964,S2M
25,CP5,222,-5.452,S2M
25,CP5,223,-3.011,S2M
25,CP5,224,-0.081,S2M
25,CP5,225,1.872,S2M
25,CP5,226,2.360,S2M
25,CP5,227,2.848,S2M
25,CP5,228,3.337,S2M
25,CP5,229,3.825,S2M
25,CP5,230,3.337,S2M
25,CP5,231,1.872,S2M
25,CP5,232,0.895,S2M
25,CP5,233,2.360,S2M
25,CP5,234,5.778,S2M
25,CP5,235,9.684,S2M
25,CP5,236,11.149,S2M
25,CP5,237,8.708,S2M
25,CP5,238,3.825,S2M
25,CP5,239,-1.546,S2M
25,CP5,240,-3.988,S2M
25,CP5,241,-3.988,S2M
25,CP5,242,-1.058,S2M
25,CP5,243,1.872,S2M
25,CP5,244,3.337,S2M
25,CP5,245,4.313,S2M
25,CP5,246,4.801,S2M
25,CP5,247,5.778,S2M
25,CP5,248,7.731,S2M
25,CP5,249,9.196,S2M
25,CP5,250,11.149,S2M
25,CP5,251,11.637,S2M
25,CP5,252,11.149,S2M
25,CP5,253,9.196,S2M
25,CP5,254,7.243,S2M
25,CP5,255,5.778,S2M
25,CP6,0,3.693,S2M
25,CP6,1,4.669,S2M
25,CP6,2,4.181,S2M
25,CP6,3,3.204,S2M
25,CP6,4,1.740,S2M
25,CP6,5,-0.214,S2M
25,CP6,6,-1.678,S2M
25,CP6,7,-3.143,S2M
25,CP6,8,-3.143,S2M
25,CP6,9,-1.190,S2M
25,CP6,10,0.763,S2M
25,CP6,11,3.204,S2M
25,CP6,12,4.181,S2M
25,CP6,13,3.693,S2M
25,CP6,14,3.693,S2M
25,CP6,15,4.181,S2M
25,CP6,16,5.157,S2M
25,CP6,17,5.646,S2M
25,CP6,18,5.157,S2M
25,CP6,19,3.204,S2M
25,CP6,20,1.740,S2M
25,CP6,21,1.740,S2M
25,CP6,22,4.669,S2M
25,CP6,23,9.064,S2M
25,CP6,24,13.458,S2M
25,CP6,25,16.388,S2M
25,CP6,26,16.388,S2M
25,CP6,27,13.947,S2M
25,CP6,28,10.529,S2M
25,CP6,29,7.111,S2M
25,CP6,30,4.181,S2M
25,CP6,31,2.716,S2M
25,CP6,32,3.204,S2M
25,CP6,33,5.157,S2M
25,CP6,34,7.599,S2M
25,CP6,35,8.575,S2M
25,CP6,36,7.599,S2M
25,CP6,37,5.157,S2M
25,CP6,38,1.740,S2M
25,CP6,39,-0.702,S2M
25,CP6,40,-3.143,S2M
25,CP6,41,-4.608,S2M
25,CP6,42,-5.585,S2M
25,CP6,43,-7.050,S2M
25,CP6,44,-6.561,S2M
25,CP6,45,-4.608,S2M
25,CP6,46,-2.167,S2M
25,CP6,47,-0.702,S2M
25,CP6,48,-0.214,S2M
25,CP6,49,-0.214,S2M
25,CP6,50,0.763,S2M
25,CP6,51,2.228,S2M
25,CP6,52,4.181,S2M
25,CP6,53,4.669,S2M
25,CP6,54,3.204,S2M
25,CP6,55,0.763,S2M
25,CP6,56,-0.702,S2M
25,CP6,57,-0.702,S2M
25,CP6,58,0.763,S2M
25,CP6,59,1.251,S2M
25,CP6,60,-0.702,S2M
25,CP6,61,-5.096,S2M
25,CP6,62,-8.026,S2M
25,CP6,63,-9.003,S2M
25,CP6,64,-7.050,S2M
25,CP6,65,-4.608,S2M
25,CP6,66,-4.120,S2M
25,CP6,67,-5.585,S2M
25,CP6,68,-8.026,S2M
25,CP6,69,-8.514,S2M
25,CP6,70,-7.050,S2M
25,CP6,71,-3.143,S2M
25,CP6,72,0.275,S2M
25,CP6,73,1.251,S2M
25,CP6,74,-0.214,S2M
25,CP6,75,-1.678,S2M
25,CP6,76,-2.655,S2M
25,CP6,77,-0.702,S2M
25,CP6,78,2.716,S2M
25,CP6,79,6.622,S2M
25,CP6,80,8.575,S2M
25,CP6,81,7.599,S2M
25,CP6,82,3.204,S2M
25,CP6,83,-1.190,S2M
25,CP6,84,-4.608,S2M
25,CP6,85,-4.608,S2M
25,CP6,86,-2.655,S2M
25,CP6,87,0.275,S2M
25,CP6,88,1.251,S2M
25,CP6,89,-0.702,S2M
25,CP6,90,-4.608,S2M
25,CP6,91,-8.514,S2M
25,CP6,92,-9.979,S2M
25,CP6,93,-8.514,S2M
25,CP6,94,-5.585,S2M
25,CP6,95,-3.143,S2M
25,CP6,96,-3.143,S2M
25,CP6,97,-4.120,S2M
25,CP6,98,-5.585,S2M
25,CP6,99,-6.561,S2M
25,CP6,100,-6.561,S2M
25,CP6,101,-6.561,S2M
25,CP6,102,-7.050,S2M
25,CP6,103,-7.538,S2M
25,CP6,104,-6.561,S2M
25,CP6,105,-4.120,S2M
25,CP6,106,-0.702,S2M
25,CP6,107,0.763,S2M
25,CP6,108,-0.214,S2M
25,CP6,109,-3.143,S2M
25,CP6,110,-6.073,S2M
25,CP6,111,-6.073,S2M
25,CP6,112,-3.632,S2M
25,CP6,113,-0.214,S2M
25,CP6,114,1.251,S2M
25,CP6,115,-0.702,S2M
25,CP6,116,-4.120,S2M
25,CP6,117,-7.538,S2M
25,CP6,118,-8.026,S2M
25,CP6,119,-6.561,S2M
25,CP6,120,-3.143,S2M
25,CP6,121,-0.702,S2M
25,CP6,122,0.275,S2M
25,CP6,123,0.763,S2M
25,CP6,124,0.275,S2M
25,CP6,125,0.275,S2M
25,CP6,126,0.275,S2M
25,CP6,127,-0.702,S2M
25,CP6,128,-1.678,S2M
25,CP6,129,-2.655,S2M
25,CP6,130,-3.143,S2M
25,CP6,131,-2.655,S2M
25,CP6,132,-2.655,S2M
25,CP6,133,-3.143,S2M
25,CP6,134,-3.632,S2M
25,CP6,135,-3.632,S2M
25,CP6,136,-2.655,S2M
25,CP6,137,-0.214,S2M
25,CP6,138,0.763,S2M
25,CP6,139,0.763,S2M
25,CP6,140,-0.702,S2M
25,CP6,141,-1.678,S2M
25,CP6,142,-1.678,S2M
25,CP6,143,-0.702,S2M
25,CP6,144,0.763,S2M
25,CP6,145,0.763,S2M
25,CP6,146,-0.214,S2M
25,CP6,147,-2.655,S2M
25,CP6,148,-4.608,S2M
25,CP6,149,-6.073,S2M
25,CP6,150,-6.073,S2M
25,CP6,151,-5.585,S2M
25,CP6,152,-4.120,S2M
25,CP6,153,-3.143,S2M
25,CP6,154,-3.143,S2M
25,CP6,155,-3.632,S2M
25,CP6,156,-3.632,S2M
25,CP6,157,-3.143,S2M
25,CP6,158,-2.655,S2M
25,CP6,159,-1.678,S2M
25,CP6,160,-2.167,S2M
25,CP6,161,-3.143,S2M
25,CP6,162,-4.608,S2M
25,CP6,163,-5.585,S2M
25,CP6,164,-5.096,S2M
25,CP6,165,-3.632,S2M
25,CP6,166,-2.655,S2M
25,CP6,167,-2.655,S2M
25,CP6,168,-3.143,S2M
25,CP6,169,-3.143,S2M
25,CP6,170,-2.655,S2M
25,CP6,171,-0.214,S2M
25,CP6,172,2.228,S2M
25,CP6,173,2.228,S2M
25,CP6,174,0.763,S2M
25,CP6,175,-2.655,S2M
25,CP6,176,-5.096,S2M
25,CP6,177,-5.096,S2M
25,CP6,178,-2.167,S2M
25,CP6,179,2.228,S2M
25,CP6,180,5.646,S2M
25,CP6,181,6.134,S2M
25,CP6,182,3.693,S2M
25,CP6,183,1.251,S2M
25,CP6,184,0.275,S2M
25,CP6,185,1.251,S2M
25,CP6,186,2.716,S2M
25,CP6,187,3.204,S2M
25,CP6,188,1.251,S2M
25,CP6,189,-0.702,S2M
25,CP6,190,-2.167,S2M
25,CP6,191,-0.702,S2M
25,CP6,192,1.740,S2M
25,CP6,193,4.181,S2M
25,CP6,194,5.157,S2M
25,CP6,195,4.181,S2M
25,CP6,196,2.716,S2M
25,CP6,197,1.740,S2M
25,CP6,198,1.740,S2M
25,CP6,199,2.228,S2M
25,CP6,200,2.716,S2M
25,CP6,201,2.716,S2M
25,CP6,202,3.204,S2M
25,CP6,203,3.693,S2M
25,CP6,204,5.157,S2M
25,CP6,205,5.646,S2M
25,CP6,206,5.646,S2M
25,CP6,207,4.669,S2M
25,CP6,208,3.693,S2M
25,CP6,209,2.716,S2M
25,CP6,210,3.204,S2M
25,CP6,211,4.181,S2M
25,CP6,212,5.157,S2M
25,CP6,213,5.157,S2M
25,CP6,214,4.181,S2M
25,CP6,215,2.716,S2M
25,CP6,216,1.740,S2M
25,CP6,217,0.763,S2M
25,CP6,218,1.251,S2M
25,CP6,219,1.740,S2M
25,CP6,220,1.251,S2M
25,CP6,221,0.763,S2M
25,CP6,222,0.275,S2M
25,CP6,223,0.763,S2M
25,CP6,224,2.228,S2M
25,CP6,225,3.204,S2M
25,CP6,226,3.204,S2M
25,CP6,227,2.716,S2M
25,CP6,228,1.740,S2M
25,CP6,229,2.228,S2M
25,CP6,230,3.693,S2M
25,CP6,231,6.134,S2M
25,CP6,232,7.599,S2M
25,CP6,233,7.111,S2M
25,CP6,234,4.669,S2M
25,CP6,235,2.716,S2M
25,CP6,236,1.740,S2M
25,CP6,237,2.228,S2M
25,CP6,238,3.693,S2M
25,CP6,239,3.693,S2M
25,CP6,240,2.716,S2M
25,CP6,241,1.251,S2M
25,CP6,242,-0.214,S2M
25,CP6,243,-0.214,S2M
25,CP6,244,0.763,S2M
25,CP6,245,2.228,S2M
25,CP6,246,3.204,S2M
25,CP6,247,3.693,S2M
25,CP6,248,3.204,S2M
25,CP6,249,2.716,S2M
25,CP6,250,2.228,S2M
25,CP6,251,2.716,S2M
25,CP6,252,3.204,S2M
25,CP6,253,3.693,S2M
25,CP6,254,4.669,S2M
25,CP6,255,4.669,S2M
25,CP1,0,2.258,S2M
25,CP1,1,2.258,S2M
25,CP1,2,1.770,S2M
25,CP1,3,1.282,S2M
25,CP1,4,1.282,S2M
25,CP1,5,1.770,S2M
25,CP1,6,1.770,S2M
25,CP1,7,1.770,S2M
25,CP1,8,1.770,S2M
25,CP1,9,1.770,S2M
25,CP1,10,1.770,S2M
25,CP1,11,1.770,S2M
25,CP1,12,1.770,S2M
25,CP1,13,1.282,S2M
25,CP1,14,-0.671,S2M
25,CP1,15,-2.136,S2M
25,CP1,16,-2.625,S2M
25,CP1,17,-2.625,S2M
25,CP1,18,-1.160,S2M
25,CP1,19,0.305,S2M
25,CP1,20,1.770,S2M
25,CP1,21,2.747,S2M
25,CP1,22,3.723,S2M
25,CP1,23,4.211,S2M
25,CP1,24,3.723,S2M
25,CP1,25,3.723,S2M
25,CP1,26,4.211,S2M
25,CP1,27,5.188,S2M
25,CP1,28,5.676,S2M
25,CP1,29,5.676,S2M
25,CP1,30,5.188,S2M
25,CP1,31,3.723,S2M
25,CP1,32,1.770,S2M
25,CP1,33,0.793,S2M
25,CP1,34,1.282,S2M
25,CP1,35,2.258,S2M
25,CP1,36,3.723,S2M
25,CP1,37,4.700,S2M
25,CP1,38,5.676,S2M
25,CP1,39,5.676,S2M
25,CP1,40,5.676,S2M
25,CP1,41,5.188,S2M
25,CP1,42,4.700,S2M
25,CP1,43,3.235,S2M
25,CP1,44,1.770,S2M
25,CP1,45,0.305,S2M
25,CP1,46,-0.671,S2M
25,CP1,47,-2.136,S2M
25,CP1,48,-2.136,S2M
25,CP1,49,-1.160,S2M
25,CP1,50,1.282,S2M
25,CP1,51,3.235,S2M
25,CP1,52,5.188,S2M
25,CP1,53,5.188,S2M
25,CP1,54,3.723,S2M
25,CP1,55,1.770,S2M
25,CP1,56,-0.183,S2M
25,CP1,57,-0.671,S2M
25,CP1,58,-0.183,S2M
25,CP1,59,0.305,S2M
25,CP1,60,0.305,S2M
25,CP1,61,0.305,S2M
25,CP1,62,0.305,S2M
25,CP1,63,1.282,S2M
25,CP1,64,2.258,S2M
25,CP1,65,3.235,S2M
25,CP1,66,2.747,S2M
25,CP1,67,1.770,S2M
25,CP1,68,0.305,S2M
25,CP1,69,-1.160,S2M
25,CP1,70,-2.136,S2M
25,CP1,71,-2.136,S2M
25,CP1,72,-2.136,S2M
25,CP1,73,-0.671,S2M
25,CP1,74,0.305,S2M
25,CP1,75,1.282,S2M
25,CP1,76,1.282,S2M
25,CP1,77,0.793,S2M
25,CP1,78,-0.671,S2M
25,CP1,79,-2.625,S2M
25,CP1,80,-3.601,S2M
25,CP1,81,-3.601,S2M
25,CP1,82,-3.113,S2M
25,CP1,83,-2.625,S2M
25,CP1,84,-2.136,S2M
25,CP1,85,-1.160,S2M
25,CP1,86,-0.671,S2M
25,CP1,87,0.305,S2M
25,CP1,88,0.793,S2M
25,CP1,89,0.305,S2M
25,CP1,90,-1.160,S2M
25,CP1,91,-3.113,S2M
25,CP1,92,-4.089,S2M
25,CP1,93,-3.601,S2M
25,CP1,94,-2.136,S2M
25,CP1,95,0.305,S2M
25,CP1,96,2.258,S2M
25,CP1,97,3.723,S2M
25,CP1,98,2.747,S2M
25,CP1,99,1.770,S2M
25,CP1,100,0.305,S2M
25,CP1,101,-0.183,S2M
25,CP1,102,1.282,S2M
25,CP1,103,2.747,S2M
25,CP1,104,3.723,S2M
25,CP1,105,2.747,S2M
25,CP1,106,0.305,S2M
25,CP1,107,-3.113,S2M
25,CP1,108,-5.066,S2M
25,CP1,109,-5.554,S2M
25,CP1,110,-4.089,S2M
25,CP1,111,-2.136,S2M
25,CP1,112,-0.183,S2M
25,CP1,113,0.793,S2M
25,CP1,114,1.282,S2M
25,CP1,115,1.282,S2M
25,CP1,116,0.793,S2M
25,CP1,117,-0.183,S2M
25,CP1,118,-1.160,S2M
25,CP1,119,-1.160,S2M
25,CP1,120,0.305,S2M
25,CP1,121,2.258,S2M
25,CP1,122,3.235,S2M
25,CP1,123,3.723,S2M
25,CP1,124,2.747,S2M
25,CP1,125,1.770,S2M
25,CP1,126,1.770,S2M
25,CP1,127,2.747,S2M
25,CP1,128,3.235,S2M
25,CP1,129,3.723,S2M
25,CP1,130,3.235,S2M
25,CP1,131,2.258,S2M
25,CP1,132,1.770,S2M
25,CP1,133,1.770,S2M
25,CP1,134,2.747,S2M
25,CP1,135,4.211,S2M
25,CP1,136,4.700,S2M
25,CP1,137,4.211,S2M
25,CP1,138,2.747,S2M
25,CP1,139,1.282,S2M
25,CP1,140,-0.183,S2M
25,CP1,141,-0.183,S2M
25,CP1,142,0.305,S2M
25,CP1,143,0.793,S2M
25,CP1,144,0.793,S2M
25,CP1,145,-0.183,S2M
25,CP1,146,-0.671,S2M
25,CP1,147,-1.160,S2M
25,CP1,148,-0.183,S2M
25,CP1,149,0.793,S2M
25,CP1,150,1.770,S2M
25,CP1,151,1.770,S2M
25,CP1,152,0.793,S2M
25,CP1,153,-0.183,S2M
25,CP1,154,-0.183,S2M
25,CP1,155,0.305,S2M
25,CP1,156,1.282,S2M
25,CP1,157,2.747,S2M
25,CP1,158,3.235,S2M
25,CP1,159,3.723,S2M
25,CP1,160,3.723,S2M
25,CP1,161,3.235,S2M
25,CP1,162,2.258,S2M
25,CP1,163,0.793,S2M
25,CP1,164,-0.183,S2M
25,CP1,165,-1.160,S2M
25,CP1,166,-1.160,S2M
25,CP1,167,-0.671,S2M
25,CP1,168,0.793,S2M
25,CP1,169,1.282,S2M
25,CP1,170,1.282,S2M
25,CP1,171,0.305,S2M
25,CP1,172,-0.671,S2M
25,CP1,173,-1.160,S2M
25,CP1,174,-1.160,S2M
25,CP1,175,-0.183,S2M
25,CP1,176,0.793,S2M
25,CP1,177,1.282,S2M
25,CP1,178,1.770,S2M
25,CP1,179,2.258,S2M
25,CP1,180,3.235,S2M
25,CP1,181,4.211,S2M
25,CP1,182,4.700,S2M
25,CP1,183,4.700,S2M
25,CP1,184,3.723,S2M
25,CP1,185,2.747,S2M
25,CP1,186,2.258,S2M
25,CP1,187,2.258,S2M
25,CP1,188,3.723,S2M
25,CP1,189,4.700,S2M
25,CP1,190,4.700,S2M
25,CP1,191,4.211,S2M
25,CP1,192,2.747,S2M
25,CP1,193,1.770,S2M
25,CP1,194,1.282,S2M
25,CP1,195,1.770,S2M
25,CP1,196,1.770,S2M
25,CP1,197,1.770,S2M
25,CP1,198,1.282,S2M
25,CP1,199,0.793,S2M
25,CP1,200,0.305,S2M
25,CP1,201,1.282,S2M
25,CP1,202,3.235,S2M
25,CP1,203,5.188,S2M
25,CP1,204,6.653,S2M
25,CP1,205,6.165,S2M
25,CP1,206,4.211,S2M
25,CP1,207,2.747,S2M
25,CP1,208,2.258,S2M
25,CP1,209,3.235,S2M
25,CP1,210,5.188,S2M
25,CP1,211,5.188,S2M
25,CP1,212,3.235,S2M
25,CP1,213,0.793,S2M
25,CP1,214,-0.671,S2M
25,CP1,215,-0.671,S2M
25,CP1,216,1.282,S2M
25,CP1,217,2.747,S2M
25,CP1,218,3.235,S2M
25,CP1,219,2.258,S2M
25,CP1,220,1.282,S2M
25,CP1,221,0.793,S2M
25,CP1,222,1.770,S2M
25,CP1,223,2.258,S2M
25,CP1,224,2.747,S2M
25,CP1,225,2.747,S2M
25,CP1,226,2.258,S2M
25,CP1,227,1.770,S2M
25,CP1,228,2.258,S2M
25,CP1,229,2.747,S2M
25,CP1,230,3.235,S2M
25,CP1,231,3.723,S2M
25,CP1,232,4.700,S2M
25,CP1,233,5.676,S2M
25,CP1,234,6.653,S2M
25,CP1,235,7.141,S2M
25,CP1,236,7.141,S2M
25,CP1,237,5.676,S2M
25,CP1,238,4.700,S2M
25,CP1,239,3.723,S2M
25,CP1,240,3.235,S2M
25,CP1,241,2.747,S2M
25,CP1,242,2.258,S2M
25,CP1,243,2.747,S2M
25,CP1,244,4.211,S2M
25,CP1,245,6.165,S2M
25,CP1,246,8.118,S2M
25,CP1,247,9.094,S2M
25,CP1,248,9.583,S2M
25,CP1,249,9.583,S2M
25,CP1,250,9.583,S2M
25,CP1,251,9.583,S2M
25,CP1,252,9.583,S2M
25,CP1,253,8.606,S2M
25,CP1,254,7.141,S2M
25,CP1,255,5.676,S2M
25,CP2,0,-1.668,S2M
25,CP2,1,-0.692,S2M
25,CP2,2,0.773,S2M
25,CP2,3,2.238,S2M
25,CP2,4,2.726,S2M
25,CP2,5,2.726,S2M
25,CP2,6,2.238,S2M
25,CP2,7,1.750,S2M
25,CP2,8,1.750,S2M
25,CP2,9,1.750,S2M
25,CP2,10,2.238,S2M
25,CP2,11,1.750,S2M
25,CP2,12,1.261,S2M
25,CP2,13,0.773,S2M
25,CP2,14,0.285,S2M
25,CP2,15,0.773,S2M
25,CP2,16,1.261,S2M
25,CP2,17,1.261,S2M
25,CP2,18,0.773,S2M
25,CP2,19,-0.203,S2M
25,CP2,20,-0.203,S2M
25,CP2,21,0.285,S2M
25,CP2,22,2.238,S2M
25,CP2,23,3.703,S2M
25,CP2,24,5.656,S2M
25,CP2,25,6.632,S2M
25,CP2,26,6.144,S2M
25,CP2,27,5.168,S2M
25,CP2,28,2.726,S2M
25,CP2,29,1.261,S2M
25,CP2,30,-0.203,S2M
25,CP2,31,-1.180,S2M
25,CP2,32,-1.180,S2M
25,CP2,33,-0.692,S2M
25,CP2,34,-0.203,S2M
25,CP2,35,0.285,S2M
25,CP2,36,0.773,S2M
25,CP2,37,1.261,S2M
25,CP2,38,1.750,S2M
25,CP2,39,1.261,S2M
25,CP2,40,1.261,S2M
25,CP2,41,0.285,S2M
25,CP2,42,-1.180,S2M
25,CP2,43,-2.157,S2M
25,CP2,44,-1.668,S2M
25,CP2,45,-0.692,S2M
25,CP2,46,0.285,S2M
25,CP2,47,0.773,S2M
25,CP2,48,0.773,S2M
25,CP2,49,-0.203,S2M
25,CP2,50,-0.203,S2M
25,CP2,51,0.773,S2M
25,CP2,52,1.750,S2M
25,CP2,53,2.238,S2M
25,CP2,54,1.261,S2M
25,CP2,55,-0.692,S2M
25,CP2,56,-2.645,S2M
25,CP2,57,-3.621,S2M
25,CP2,58,-3.133,S2M
25,CP2,59,-2.645,S2M
25,CP2,60,-2.157,S2M
25,CP2,61,-2.645,S2M
25,CP2,62,-3.133,S2M
25,CP2,63,-3.133,S2M
25,CP2,64,-1.668,S2M
25,CP2,65,-0.692,S2M
25,CP2,66,-0.203,S2M
25,CP2,67,-0.692,S2M
25,CP2,68,-1.668,S2M
25,CP2,69,-2.645,S2M
25,CP2,70,-2.645,S2M
25,CP2,71,-1.668,S2M
25,CP2,72,0.285,S2M
25,CP2,73,1.261,S2M
25,CP2,74,1.750,S2M
25,CP2,75,1.261,S2M
25,CP2,76,0.773,S2M
25,CP2,77,0.285,S2M
25,CP2,78,0.285,S2M
25,CP2,79,1.750,S2M
25,CP2,80,2.726,S2M
25,CP2,81,2.726,S2M
25,CP2,82,0.773,S2M
25,CP2,83,-1.668,S2M
25,CP2,84,-3.621,S2M
25,CP2,85,-3.621,S2M
25,CP2,86,-2.645,S2M
25,CP2,87,-0.692,S2M
25,CP2,88,0.285,S2M
25,CP2,89,-0.692,S2M
25,CP2,90,-2.645,S2M
25,CP2,91,-4.598,S2M
25,CP2,92,-5.575,S2M
25,CP2,93,-5.575,S2M
25,CP2,94,-4.598,S2M
25,CP2,95,-3.621,S2M
25,CP2,96,-2.645,S2M
25,CP2,97,-2.157,S2M
25,CP2,98,-2.157,S2M
25,CP2,99,-2.645,S2M
25,CP2,100,-2.645,S2M
25,CP2,101,-2.645,S2M
25,CP2,102,-2.645,S2M
25,CP2,103,-1.180,S2M
25,CP2,104,-0.203,S2M
25,CP2,105,0.773,S2M
25,CP2,106,1.261,S2M
25,CP2,107,0.285,S2M
25,CP2,108,-1.668,S2M
25,CP2,109,-3.133,S2M
25,CP2,110,-4.110,S2M
25,CP2,111,-3.621,S2M
25,CP2,112,-2.645,S2M
25,CP2,113,-2.157,S2M
25,CP2,114,-2.645,S2M
25,CP2,115,-3.621,S2M
25,CP2,116,-5.086,S2M
25,CP2,117,-5.575,S2M
25,CP2,118,-4.598,S2M
25,CP2,119,-4.110,S2M
25,CP2,120,-3.133,S2M
25,CP2,121,-2.157,S2M
25,CP2,122,-1.668,S2M
25,CP2,123,-0.692,S2M
25,CP2,124,0.285,S2M
25,CP2,125,0.773,S2M
25,CP2,126,-0.203,S2M
25,CP2,127,-1.180,S2M
25,CP2,128,-1.668,S2M
25,CP2,129,-1.668,S2M
25,CP2,130,-0.692,S2M
25,CP2,131,0.285,S2M
25,CP2,132,0.285,S2M
25,CP2,133,-0.203,S2M
25,CP2,134,-1.180,S2M
25,CP2,135,-1.668,S2M
25,CP2,136,-1.180,S2M
25,CP2,137,-0.692,S2M
25,CP2,138,-0.692,S2M
25,CP2,139,-1.180,S2M
25,CP2,140,-1.668,S2M
25,CP2,141,-1.668,S2M
25,CP2,142,-1.180,S2M
25,CP2,143,-0.203,S2M
25,CP2,144,0.773,S2M
25,CP2,145,0.773,S2M
25,CP2,146,-0.203,S2M
25,CP2,147,-0.692,S2M
25,CP2,148,-2.157,S2M
25,CP2,149,-3.133,S2M
25,CP2,150,-3.621,S2M
25,CP2,151,-3.133,S2M
25,CP2,152,-2.157,S2M
25,CP2,153,-1.180,S2M
25,CP2,154,-0.692,S2M
25,CP2,155,-0.692,S2M
25,CP2,156,-1.668,S2M
25,CP2,157,-2.157,S2M
25,CP2,158,-1.668,S2M
25,CP2,159,-1.180,S2M
25,CP2,160,-0.692,S2M
25,CP2,161,-1.180,S2M
25,CP2,162,-1.668,S2M
25,CP2,163,-2.645,S2M
25,CP2,164,-2.645,S2M
25,CP2,165,-1.668,S2M
25,CP2,166,-1.180,S2M
25,CP2,167,-0.692,S2M
25,CP2,168,-0.203,S2M
25,CP2,169,-0.203,S2M
25,CP2,170,-0.203,S2M
25,CP2,171,0.285,S2M
25,CP2,172,1.261,S2M
25,CP2,173,1.750,S2M
25,CP2,174,1.261,S2M
25,CP2,175,0.285,S2M
25,CP2,176,-0.692,S2M
25,CP2,177,-0.692,S2M
25,CP2,178,-0.203,S2M
25,CP2,179,1.261,S2M
25,CP2,180,2.238,S2M
25,CP2,181,2.238,S2M
25,CP2,182,1.261,S2M
25,CP2,183,0.285,S2M
25,CP2,184,-0.203,S2M
25,CP2,185,-0.203,S2M
25,CP2,186,-0.203,S2M
25,CP2,187,-0.692,S2M
25,CP2,188,-1.180,S2M
25,CP2,189,-1.668,S2M
25,CP2,190,-1.180,S2M
25,CP2,191,-0.692,S2M
25,CP2,192,-0.203,S2M
25,CP2,193,-0.203,S2M
25,CP2,194,-1.180,S2M
25,CP2,195,-1.180,S2M
25,CP2,196,-1.180,S2M
25,CP2,197,-0.203,S2M
25,CP2,198,0.773,S2M
25,CP2,199,0.773,S2M
25,CP2,200,0.285,S2M
25,CP2,201,-0.203,S2M
25,CP2,202,-0.692,S2M
25,CP2,203,-0.203,S2M
25,CP2,204,0.285,S2M
25,CP2,205,0.773,S2M
25,CP2,206,0.773,S2M
25,CP2,207,1.261,S2M
25,CP2,208,1.261,S2M
25,CP2,209,1.261,S2M
25,CP2,210,0.773,S2M
25,CP2,211,0.773,S2M
25,CP2,212,0.773,S2M
25,CP2,213,0.285,S2M
25,CP2,214,0.285,S2M
25,CP2,215,0.285,S2M
25,CP2,216,-0.203,S2M
25,CP2,217,-0.203,S2M
25,CP2,218,0.285,S2M
25,CP2,219,0.773,S2M
25,CP2,220,0.773,S2M
25,CP2,221,1.261,S2M
25,CP2,222,1.261,S2M
25,CP2,223,1.261,S2M
25,CP2,224,1.261,S2M
25,CP2,225,1.261,S2M
25,CP2,226,0.773,S2M
25,CP2,227,0.773,S2M
25,CP2,228,0.773,S2M
25,CP2,229,0.773,S2M
25,CP2,230,1.261,S2M
25,CP2,231,2.726,S2M
25,CP2,232,3.215,S2M
25,CP2,233,3.215,S2M
25,CP2,234,2.238,S2M
25,CP2,235,1.261,S2M
25,CP2,236,0.285,S2M
25,CP2,237,-0.203,S2M
25,CP2,238,0.773,S2M
25,CP2,239,1.261,S2M
25,CP2,240,1.750,S2M
25,CP2,241,2.238,S2M
25,CP2,242,2.238,S2M
25,CP2,243,2.238,S2M
25,CP2,244,2.726,S2M
25,CP2,245,3.215,S2M
25,CP2,246,3.703,S2M
25,CP2,247,3.703,S2M
25,CP2,248,3.215,S2M
25,CP2,249,2.238,S2M
25,CP2,250,1.750,S2M
25,CP2,251,1.261,S2M
25,CP2,252,1.750,S2M
25,CP2,253,2.238,S2M
25,CP2,254,2.726,S2M
25,CP2,255,3.215,S2M
25,P3,0,7.314,S2M
25,P3,1,6.337,S2M
25,P3,2,3.408,S2M
25,P3,3,0.966,S2M
25,P3,4,-0.010,S2M
25,P3,5,0.478,S2M
25,P3,6,1.455,S2M
25,P3,7,1.455,S2M
25,P3,8,0.966,S2M
25,P3,9,0.966,S2M
25,P3,10,1.943,S2M
25,P3,11,3.408,S2M
25,P3,12,3.896,S2M
25,P3,13,2.431,S2M
25,P3,14,-0.010,S2M
25,P3,15,-2.452,S2M
25,P3,16,-2.940,S2M
25,P3,17,-1.963,S2M
25,P3,18,-0.010,S2M
25,P3,19,1.943,S2M
25,P3,20,3.896,S2M
25,P3,21,5.849,S2M
25,P3,22,7.802,S2M
25,P3,23,9.755,S2M
25,P3,24,11.709,S2M
25,P3,25,12.685,S2M
25,P3,26,12.685,S2M
25,P3,27,13.173,S2M
25,P3,28,13.173,S2M
25,P3,29,12.685,S2M
25,P3,30,10.732,S2M
25,P3,31,8.291,S2M
25,P3,32,6.337,S2M
25,P3,33,5.849,S2M
25,P3,34,6.337,S2M
25,P3,35,7.802,S2M
25,P3,36,9.267,S2M
25,P3,37,9.755,S2M
25,P3,38,9.755,S2M
25,P3,39,8.779,S2M
25,P3,40,6.826,S2M
25,P3,41,5.361,S2M
25,P3,42,4.384,S2M
25,P3,43,3.896,S2M
25,P3,44,3.408,S2M
25,P3,45,1.943,S2M
25,P3,46,-0.010,S2M
25,P3,47,-1.963,S2M
25,P3,48,-2.452,S2M
25,P3,49,-0.498,S2M
25,P3,50,3.896,S2M
25,P3,51,8.291,S2M
25,P3,52,10.244,S2M
25,P3,53,8.779,S2M
25,P3,54,5.361,S2M
25,P3,55,1.455,S2M
25,P3,56,-0.987,S2M
25,P3,57,-0.498,S2M
25,P3,58,0.478,S2M
25,P3,59,1.455,S2M
25,P3,60,0.966,S2M
25,P3,61,0.966,S2M
25,P3,62,0.966,S2M
25,P3,63,1.943,S2M
25,P3,64,2.431,S2M
25,P3,65,2.431,S2M
25,P3,66,1.455,S2M
25,P3,67,0.966,S2M
25,P3,68,0.478,S2M
25,P3,69,-0.010,S2M
25,P3,70,-0.498,S2M
25,P3,71,-0.987,S2M
25,P3,72,-1.475,S2M
25,P3,73,-0.987,S2M
25,P3,74,0.478,S2M
25,P3,75,1.943,S2M
25,P3,76,2.431,S2M
25,P3,77,0.966,S2M
25,P3,78,-0.987,S2M
25,P3,79,-3.916,S2M
25,P3,80,-5.870,S2M
25,P3,81,-6.358,S2M
25,P3,82,-6.358,S2M
25,P3,83,-5.381,S2M
25,P3,84,-4.405,S2M
25,P3,85,-3.428,S2M
25,P3,86,-1.963,S2M
25,P3,87,-0.498,S2M
25,P3,88,-0.010,S2M
25,P3,89,-0.987,S2M
25,P3,90,-4.405,S2M
25,P3,91,-7.823,S2M
25,P3,92,-10.264,S2M
25,P3,93,-10.264,S2M
25,P3,94,-7.334,S2M
25,P3,95,-2.452,S2M
25,P3,96,1.455,S2M
25,P3,97,3.408,S2M
25,P3,98,2.920,S2M
25,P3,99,0.478,S2M
25,P3,100,-2.452,S2M
25,P3,101,-3.916,S2M
25,P3,102,-3.428,S2M
25,P3,103,-0.987,S2M
25,P3,104,1.943,S2M
25,P3,105,1.943,S2M
25,P3,106,-0.987,S2M
25,P3,107,-5.870,S2M
25,P3,108,-10.264,S2M
25,P3,109,-12.217,S2M
25,P3,110,-10.264,S2M
25,P3,111,-6.358,S2M
25,P3,112,-1.963,S2M
25,P3,113,1.455,S2M
25,P3,114,2.920,S2M
25,P3,115,2.431,S2M
25,P3,116,-0.010,S2M
25,P3,117,-3.428,S2M
25,P3,118,-5.870,S2M
25,P3,119,-5.870,S2M
25,P3,120,-3.428,S2M
25,P3,121,-0.010,S2M
25,P3,122,2.431,S2M
25,P3,123,1.943,S2M
25,P3,124,0.478,S2M
25,P3,125,-0.498,S2M
25,P3,126,0.966,S2M
25,P3,127,3.408,S2M
25,P3,128,6.337,S2M
25,P3,129,6.826,S2M
25,P3,130,5.849,S2M
25,P3,131,2.920,S2M
25,P3,132,0.478,S2M
25,P3,133,-0.010,S2M
25,P3,134,0.966,S2M
25,P3,135,3.408,S2M
25,P3,136,4.873,S2M
25,P3,137,5.849,S2M
25,P3,138,4.384,S2M
25,P3,139,2.431,S2M
25,P3,140,-0.010,S2M
25,P3,141,-0.987,S2M
25,P3,142,-0.987,S2M
25,P3,143,-0.987,S2M
25,P3,144,-0.987,S2M
25,P3,145,-2.452,S2M
25,P3,146,-3.916,S2M
25,P3,147,-4.405,S2M
25,P3,148,-2.940,S2M
25,P3,149,-0.987,S2M
25,P3,150,0.966,S2M
25,P3,151,1.455,S2M
25,P3,152,0.478,S2M
25,P3,153,-1.475,S2M
25,P3,154,-2.452,S2M
25,P3,155,-1.963,S2M
25,P3,156,-0.010,S2M
25,P3,157,1.943,S2M
25,P3,158,3.408,S2M
25,P3,159,3.896,S2M
25,P3,160,3.408,S2M
25,P3,161,2.920,S2M
25,P3,162,1.943,S2M
25,P3,163,0.966,S2M
25,P3,164,-0.498,S2M
25,P3,165,-1.963,S2M
25,P3,166,-3.428,S2M
25,P3,167,-3.428,S2M
25,P3,168,-1.963,S2M
25,P3,169,-0.498,S2M
25,P3,170,-0.010,S2M
25,P3,171,-0.987,S2M
25,P3,172,-2.940,S2M
25,P3,173,-4.893,S2M
25,P3,174,-4.893,S2M
25,P3,175,-3.428,S2M
25,P3,176,-1.475,S2M
25,P3,177,0.966,S2M
25,P3,178,1.455,S2M
25,P3,179,2.431,S2M
25,P3,180,2.920,S2M
25,P3,181,3.408,S2M
25,P3,182,3.896,S2M
25,P3,183,3.408,S2M
25,P3,184,1.943,S2M
25,P3,185,0.478,S2M
25,P3,186,0.478,S2M
25,P3,187,1.455,S2M
25,P3,188,3.408,S2M
25,P3,189,4.873,S2M
25,P3,190,5.361,S2M
25,P3,191,3.896,S2M
25,P3,192,1.943,S2M
25,P3,193,0.478,S2M
25,P3,194,-0.498,S2M
25,P3,195,-0.498,S2M
25,P3,196,-0.498,S2M
25,P3,197,-0.498,S2M
25,P3,198,-1.475,S2M
25,P3,199,-2.452,S2M
25,P3,200,-2.452,S2M
25,P3,201,-0.498,S2M
25,P3,202,3.408,S2M
25,P3,203,8.291,S2M
25,P3,204,11.220,S2M
25,P3,205,10.732,S2M
25,P3,206,6.826,S2M
25,P3,207,1.943,S2M
25,P3,208,0.966,S2M
25,P3,209,4.384,S2M
25,P3,210,8.291,S2M
25,P3,211,10.732,S2M
25,P3,212,8.291,S2M
25,P3,213,2.920,S2M
25,P3,214,-1.475,S2M
25,P3,215,-1.963,S2M
25,P3,216,0.966,S2M
25,P3,217,3.896,S2M
25,P3,218,3.896,S2M
25,P3,219,0.966,S2M
25,P3,220,-2.452,S2M
25,P3,221,-3.428,S2M
25,P3,222,-1.475,S2M
25,P3,223,0.478,S2M
25,P3,224,1.455,S2M
25,P3,225,0.478,S2M
25,P3,226,-0.498,S2M
25,P3,227,-0.498,S2M
25,P3,228,1.455,S2M
25,P3,229,3.408,S2M
25,P3,230,4.873,S2M
25,P3,231,5.361,S2M
25,P3,232,5.849,S2M
25,P3,233,6.826,S2M
25,P3,234,8.779,S2M
25,P3,235,10.244,S2M
25,P3,236,9.755,S2M
25,P3,237,7.802,S2M
25,P3,238,5.361,S2M
25,P3,239,2.431,S2M
25,P3,240,-0.010,S2M
25,P3,241,-1.963,S2M
25,P3,242,-1.963,S2M
25,P3,243,-0.498,S2M
25,P3,244,2.431,S2M
25,P3,245,5.849,S2M
25,P3,246,7.802,S2M
25,P3,247,8.779,S2M
25,P3,248,9.755,S2M
25,P3,249,10.732,S2M
25,P3,250,12.197,S2M
25,P3,251,13.662,S2M
25,P3,252,13.173,S2M
25,P3,253,10.732,S2M
25,P3,254,6.826,S2M
25,P3,255,4.384,S2M
25,P4,0,0.264,S2M
25,P4,1,1.729,S2M
25,P4,2,3.194,S2M
25,P4,3,3.194,S2M
25,P4,4,1.729,S2M
25,P4,5,0.264,S2M
25,P4,6,-1.200,S2M
25,P4,7,-1.689,S2M
25,P4,8,-0.712,S2M
25,P4,9,0.264,S2M
25,P4,10,1.241,S2M
25,P4,11,1.241,S2M
25,P4,12,0.753,S2M
25,P4,13,0.264,S2M
25,P4,14,1.241,S2M
25,P4,15,2.706,S2M
25,P4,16,4.171,S2M
25,P4,17,4.659,S2M
25,P4,18,3.194,S2M
25,P4,19,0.753,S2M
25,P4,20,-0.712,S2M
25,P4,21,0.264,S2M
25,P4,22,4.171,S2M
25,P4,23,9.542,S2M
25,P4,24,13.936,S2M
25,P4,25,15.889,S2M
25,P4,26,15.401,S2M
25,P4,27,13.448,S2M
25,P4,28,11.007,S2M
25,P4,29,8.565,S2M
25,P4,30,7.100,S2M
25,P4,31,5.636,S2M
25,P4,32,4.659,S2M
25,P4,33,4.659,S2M
25,P4,34,4.171,S2M
25,P4,35,4.171,S2M
25,P4,36,3.682,S2M
25,P4,37,2.706,S2M
25,P4,38,2.706,S2M
25,P4,39,2.706,S2M
25,P4,40,2.706,S2M
25,P4,41,1.241,S2M
25,P4,42,-2.177,S2M
25,P4,43,-4.618,S2M
25,P4,44,-5.595,S2M
25,P4,45,-3.642,S2M
25,P4,46,0.264,S2M
25,P4,47,2.218,S2M
25,P4,48,2.706,S2M
25,P4,49,1.729,S2M
25,P4,50,2.218,S2M
25,P4,51,3.682,S2M
25,P4,52,6.124,S2M
25,P4,53,7.100,S2M
25,P4,54,5.636,S2M
25,P4,55,2.706,S2M
25,P4,56,0.264,S2M
25,P4,57,-0.224,S2M
25,P4,58,0.753,S2M
25,P4,59,1.729,S2M
25,P4,60,0.753,S2M
25,P4,61,-1.689,S2M
25,P4,62,-3.153,S2M
25,P4,63,-2.665,S2M
25,P4,64,-0.224,S2M
25,P4,65,1.729,S2M
25,P4,66,1.729,S2M
25,P4,67,-0.224,S2M
25,P4,68,-2.665,S2M
25,P4,69,-4.130,S2M
25,P4,70,-2.665,S2M
25,P4,71,-0.224,S2M
25,P4,72,2.706,S2M
25,P4,73,3.682,S2M
25,P4,74,3.682,S2M
25,P4,75,3.194,S2M
25,P4,76,2.706,S2M
25,P4,77,3.682,S2M
25,P4,78,5.147,S2M
25,P4,79,7.100,S2M
25,P4,80,7.100,S2M
25,P4,81,4.659,S2M
25,P4,82,-0.224,S2M
25,P4,83,-4.618,S2M
25,P4,84,-7.060,S2M
25,P4,85,-6.083,S2M
25,P4,86,-2.665,S2M
25,P4,87,0.264,S2M
25,P4,88,1.729,S2M
25,P4,89,-0.224,S2M
25,P4,90,-3.153,S2M
25,P4,91,-6.083,S2M
25,P4,92,-7.548,S2M
25,P4,93,-7.548,S2M
25,P4,94,-6.571,S2M
25,P4,95,-4.618,S2M
25,P4,96,-3.153,S2M
25,P4,97,-2.177,S2M
25,P4,98,-1.689,S2M
25,P4,99,-1.689,S2M
25,P4,100,-2.665,S2M
25,P4,101,-3.153,S2M
25,P4,102,-3.153,S2M
25,P4,103,-1.689,S2M
25,P4,104,0.753,S2M
25,P4,105,2.218,S2M
25,P4,106,2.218,S2M
25,P4,107,-0.224,S2M
25,P4,108,-3.642,S2M
25,P4,109,-6.571,S2M
25,P4,110,-7.060,S2M
25,P4,111,-5.107,S2M
25,P4,112,-2.177,S2M
25,P4,113,-0.712,S2M
25,P4,114,-1.689,S2M
25,P4,115,-4.130,S2M
25,P4,116,-6.571,S2M
25,P4,117,-7.548,S2M
25,P4,118,-6.571,S2M
25,P4,119,-4.130,S2M
25,P4,120,-2.177,S2M
25,P4,121,-1.200,S2M
25,P4,122,-0.224,S2M
25,P4,123,0.753,S2M
25,P4,124,2.218,S2M
25,P4,125,3.194,S2M
25,P4,126,2.218,S2M
25,P4,127,-0.224,S2M
25,P4,128,-1.689,S2M
25,P4,129,-2.177,S2M
25,P4,130,-0.224,S2M
25,P4,131,1.729,S2M
25,P4,132,2.218,S2M
25,P4,133,0.753,S2M
25,P4,134,-0.712,S2M
25,P4,135,-1.200,S2M
25,P4,136,-0.224,S2M
25,P4,137,1.729,S2M
25,P4,138,2.218,S2M
25,P4,139,0.753,S2M
25,P4,140,-0.712,S2M
25,P4,141,-1.200,S2M
25,P4,142,-0.224,S2M
25,P4,143,1.241,S2M
25,P4,144,2.218,S2M
25,P4,145,1.729,S2M
25,P4,146,0.264,S2M
25,P4,147,-1.200,S2M
25,P4,148,-3.153,S2M
25,P4,149,-4.618,S2M
25,P4,150,-6.083,S2M
25,P4,151,-5.595,S2M
25,P4,152,-4.130,S2M
25,P4,153,-1.689,S2M
25,P4,154,-0.712,S2M
25,P4,155,-0.712,S2M
25,P4,156,-2.177,S2M
25,P4,157,-3.153,S2M
25,P4,158,-2.665,S2M
25,P4,159,-1.200,S2M
25,P4,160,-0.712,S2M
25,P4,161,-1.689,S2M
25,P4,162,-3.642,S2M
25,P4,163,-4.618,S2M
25,P4,164,-4.618,S2M
25,P4,165,-3.153,S2M
25,P4,166,-1.689,S2M
25,P4,167,-1.689,S2M
25,P4,168,-2.177,S2M
25,P4,169,-2.177,S2M
25,P4,170,-0.712,S2M
25,P4,171,2.218,S2M
25,P4,172,4.659,S2M
25,P4,173,5.147,S2M
25,P4,174,3.194,S2M
25,P4,175,-0.712,S2M
25,P4,176,-4.130,S2M
25,P4,177,-5.107,S2M
25,P4,178,-2.665,S2M
25,P4,179,1.241,S2M
25,P4,180,4.171,S2M
25,P4,181,5.636,S2M
25,P4,182,4.659,S2M
25,P4,183,2.706,S2M
25,P4,184,1.729,S2M
25,P4,185,1.241,S2M
25,P4,186,0.264,S2M
25,P4,187,-2.177,S2M
25,P4,188,-4.130,S2M
25,P4,189,-5.107,S2M
25,P4,190,-3.642,S2M
25,P4,191,-1.200,S2M
25,P4,192,0.753,S2M
25,P4,193,0.264,S2M
25,P4,194,-1.200,S2M
25,P4,195,-1.689,S2M
25,P4,196,-0.224,S2M
25,P4,197,2.218,S2M
25,P4,198,4.659,S2M
25,P4,199,4.171,S2M
25,P4,200,2.218,S2M
25,P4,201,0.753,S2M
25,P4,202,0.264,S2M
25,P4,203,1.729,S2M
25,P4,204,3.682,S2M
25,P4,205,4.659,S2M
25,P4,206,4.659,S2M
25,P4,207,5.147,S2M
25,P4,208,5.636,S2M
25,P4,209,6.124,S2M
25,P4,210,6.124,S2M
25,P4,211,5.147,S2M
25,P4,212,4.171,S2M
25,P4,213,3.194,S2M
25,P4,214,3.682,S2M
25,P4,215,4.171,S2M
25,P4,216,4.659,S2M
25,P4,217,4.171,S2M
25,P4,218,3.682,S2M
25,P4,219,3.194,S2M
25,P4,220,3.194,S2M
25,P4,221,3.194,S2M
25,P4,222,3.682,S2M
25,P4,223,4.171,S2M
25,P4,224,3.682,S2M
25,P4,225,3.194,S2M
25,P4,226,2.706,S2M
25,P4,227,2.706,S2M
25,P4,228,2.218,S2M
25,P4,229,2.706,S2M
25,P4,230,3.682,S2M
25,P4,231,5.147,S2M
25,P4,232,7.100,S2M
25,P4,233,7.589,S2M
25,P4,234,5.636,S2M
25,P4,235,2.706,S2M
25,P4,236,0.264,S2M
25,P4,237,0.264,S2M
25,P4,238,1.729,S2M
25,P4,239,3.194,S2M
25,P4,240,3.682,S2M
25,P4,241,2.218,S2M
25,P4,242,1.241,S2M
25,P4,243,1.241,S2M
25,P4,244,3.194,S2M
25,P4,245,6.612,S2M
25,P4,246,9.054,S2M
25,P4,247,10.030,S2M
25,P4,248,8.077,S2M
25,P4,249,6.124,S2M
25,P4,250,4.171,S2M
25,P4,251,3.682,S2M
25,P4,252,4.659,S2M
25,P4,253,6.124,S2M
25,P4,254,6.612,S2M
25,P4,255,6.612,S2M
25,PZ,0,1.821,S2M
25,PZ,1,2.797,S2M
25,PZ,2,3.774,S2M
25,PZ,3,4.262,S2M
25,PZ,4,4.262,S2M
25,PZ,5,3.774,S2M
25,PZ,6,3.286,S2M
25,PZ,7,2.797,S2M
25,PZ,8,2.309,S2M
25,PZ,9,2.309,S2M
25,PZ,10,1.821,S2M
25,PZ,11,1.821,S2M
25,PZ,12,1.333,S2M
25,PZ,13,0.844,S2M
25,PZ,14,-0.132,S2M
25,PZ,15,-0.621,S2M
25,PZ,16,-1.109,S2M
25,PZ,17,-1.109,S2M
25,PZ,18,-0.621,S2M
25,PZ,19,0.844,S2M
25,PZ,20,2.309,S2M
25,PZ,21,4.262,S2M
25,PZ,22,6.704,S2M
25,PZ,23,8.169,S2M
25,PZ,24,9.633,S2M
25,PZ,25,10.610,S2M
25,PZ,26,10.122,S2M
25,PZ,27,9.633,S2M
25,PZ,28,8.169,S2M
25,PZ,29,7.192,S2M
25,PZ,30,6.215,S2M
25,PZ,31,5.727,S2M
25,PZ,32,4.751,S2M
25,PZ,33,3.774,S2M
25,PZ,34,2.797,S2M
25,PZ,35,1.821,S2M
25,PZ,36,2.797,S2M
25,PZ,37,4.751,S2M
25,PZ,38,7.192,S2M
25,PZ,39,9.145,S2M
25,PZ,40,9.633,S2M
25,PZ,41,7.680,S2M
25,PZ,42,4.751,S2M
25,PZ,43,2.309,S2M
25,PZ,44,2.309,S2M
25,PZ,45,3.286,S2M
25,PZ,46,4.262,S2M
25,PZ,47,4.751,S2M
25,PZ,48,3.774,S2M
25,PZ,49,3.286,S2M
25,PZ,50,3.774,S2M
25,PZ,51,5.727,S2M
25,PZ,52,7.680,S2M
25,PZ,53,8.657,S2M
25,PZ,54,7.192,S2M
25,PZ,55,4.262,S2M
25,PZ,56,0.356,S2M
25,PZ,57,-1.597,S2M
25,PZ,58,-1.597,S2M
25,PZ,59,-0.621,S2M
25,PZ,60,0.356,S2M
25,PZ,61,0.844,S2M
25,PZ,62,1.333,S2M
25,PZ,63,1.333,S2M
25,PZ,64,2.309,S2M
25,PZ,65,3.286,S2M
25,PZ,66,4.262,S2M
25,PZ,67,4.262,S2M
25,PZ,68,2.309,S2M
25,PZ,69,0.356,S2M
25,PZ,70,-2.085,S2M
25,PZ,71,-1.597,S2M
25,PZ,72,-0.132,S2M
25,PZ,73,2.797,S2M
25,PZ,74,5.239,S2M
25,PZ,75,5.239,S2M
25,PZ,76,3.774,S2M
25,PZ,77,0.844,S2M
25,PZ,78,-1.109,S2M
25,PZ,79,-1.597,S2M
25,PZ,80,-0.621,S2M
25,PZ,81,-0.132,S2M
25,PZ,82,-1.597,S2M
25,PZ,83,-4.038,S2M
25,PZ,84,-6.968,S2M
25,PZ,85,-7.456,S2M
25,PZ,86,-5.992,S2M
25,PZ,87,-3.062,S2M
25,PZ,88,-0.132,S2M
25,PZ,89,-0.132,S2M
25,PZ,90,-2.574,S2M
25,PZ,91,-6.968,S2M
25,PZ,92,-9.898,S2M
25,PZ,93,-10.874,S2M
25,PZ,94,-8.433,S2M
25,PZ,95,-4.527,S2M
25,PZ,96,-0.621,S2M
25,PZ,97,0.844,S2M
25,PZ,98,0.844,S2M
25,PZ,99,-0.621,S2M
25,PZ,100,-1.597,S2M
25,PZ,101,-1.109,S2M
25,PZ,102,0.356,S2M
25,PZ,103,2.797,S2M
25,PZ,104,4.262,S2M
25,PZ,105,3.286,S2M
25,PZ,106,0.844,S2M
25,PZ,107,-3.550,S2M
25,PZ,108,-6.968,S2M
25,PZ,109,-8.433,S2M
25,PZ,110,-7.945,S2M
25,PZ,111,-5.503,S2M
25,PZ,112,-3.550,S2M
25,PZ,113,-3.062,S2M
25,PZ,114,-3.062,S2M
25,PZ,115,-4.038,S2M
25,PZ,116,-4.527,S2M
25,PZ,117,-4.038,S2M
25,PZ,118,-2.574,S2M
25,PZ,119,-1.109,S2M
25,PZ,120,-0.132,S2M
25,PZ,121,0.844,S2M
25,PZ,122,1.333,S2M
25,PZ,123,2.309,S2M
25,PZ,124,3.286,S2M
25,PZ,125,3.286,S2M
25,PZ,126,2.797,S2M
25,PZ,127,2.309,S2M
25,PZ,128,1.821,S2M
25,PZ,129,1.821,S2M
25,PZ,130,2.797,S2M
25,PZ,131,3.286,S2M
25,PZ,132,3.286,S2M
25,PZ,133,3.286,S2M
25,PZ,134,3.774,S2M
25,PZ,135,4.751,S2M
25,PZ,136,5.239,S2M
25,PZ,137,5.727,S2M
25,PZ,138,4.262,S2M
25,PZ,139,2.309,S2M
25,PZ,140,0.844,S2M
25,PZ,141,-0.132,S2M
25,PZ,142,0.844,S2M
25,PZ,143,1.821,S2M
25,PZ,144,2.309,S2M
25,PZ,145,1.821,S2M
25,PZ,146,0.844,S2M
25,PZ,147,0.356,S2M
25,PZ,148,-0.132,S2M
25,PZ,149,-1.109,S2M
25,PZ,150,-1.597,S2M
25,PZ,151,-1.597,S2M
25,PZ,152,-1.597,S2M
25,PZ,153,-0.621,S2M
25,PZ,154,0.844,S2M
25,PZ,155,1.333,S2M
25,PZ,156,0.356,S2M
25,PZ,157,-0.132,S2M
25,PZ,158,-0.132,S2M
25,PZ,159,0.844,S2M
25,PZ,160,2.309,S2M
25,PZ,161,2.797,S2M
25,PZ,162,2.309,S2M
25,PZ,163,-0.132,S2M
25,PZ,164,-1.597,S2M
25,PZ,165,-1.597,S2M
25,PZ,166,-0.132,S2M
25,PZ,167,1.821,S2M
25,PZ,168,3.286,S2M
25,PZ,169,2.797,S2M
25,PZ,170,1.821,S2M
25,PZ,171,0.844,S2M
25,PZ,172,0.844,S2M
25,PZ,173,1.333,S2M
25,PZ,174,1.821,S2M
25,PZ,175,1.821,S2M
25,PZ,176,1.333,S2M
25,PZ,177,0.844,S2M
25,PZ,178,1.333,S2M
25,PZ,179,2.797,S2M
25,PZ,180,4.751,S2M
25,PZ,181,6.215,S2M
25,PZ,182,6.215,S2M
25,PZ,183,5.239,S2M
25,PZ,184,3.774,S2M
25,PZ,185,2.309,S2M
25,PZ,186,1.333,S2M
25,PZ,187,0.844,S2M
25,PZ,188,1.333,S2M
25,PZ,189,2.309,S2M
25,PZ,190,3.286,S2M
25,PZ,191,3.774,S2M
25,PZ,192,2.309,S2M
25,PZ,193,0.356,S2M
25,PZ,194,-1.597,S2M
25,PZ,195,-1.597,S2M
25,PZ,196,-0.132,S2M
25,PZ,197,2.309,S2M
25,PZ,198,3.774,S2M
25,PZ,199,3.286,S2M
25,PZ,200,1.333,S2M
25,PZ,201,0.356,S2M
25,PZ,202,0.844,S2M
25,PZ,203,3.286,S2M
25,PZ,204,5.239,S2M
25,PZ,205,5.727,S2M
25,PZ,206,5.239,S2M
25,PZ,207,4.751,S2M
25,PZ,208,4.751,S2M
25,PZ,209,6.215,S2M
25,PZ,210,7.192,S2M
25,PZ,211,7.192,S2M
25,PZ,212,5.727,S2M
25,PZ,213,4.262,S2M
25,PZ,214,3.286,S2M
25,PZ,215,4.262,S2M
25,PZ,216,5.727,S2M
25,PZ,217,7.192,S2M
25,PZ,218,7.192,S2M
25,PZ,219,6.215,S2M
25,PZ,220,5.239,S2M
25,PZ,221,5.239,S2M
25,PZ,222,5.727,S2M
25,PZ,223,5.727,S2M
25,PZ,224,5.727,S2M
25,PZ,225,4.262,S2M
25,PZ,226,3.774,S2M
25,PZ,227,2.797,S2M
25,PZ,228,3.286,S2M
25,PZ,229,3.774,S2M
25,PZ,230,4.751,S2M
25,PZ,231,6.704,S2M
25,PZ,232,8.169,S2M
25,PZ,233,9.633,S2M
25,PZ,234,9.633,S2M
25,PZ,235,8.657,S2M
25,PZ,236,6.704,S2M
25,PZ,237,5.727,S2M
25,PZ,238,5.727,S2M
25,PZ,239,6.704,S2M
25,PZ,240,7.192,S2M
25,PZ,241,6.704,S2M
25,PZ,242,4.751,S2M
25,PZ,243,4.262,S2M
25,PZ,244,5.239,S2M
25,PZ,245,7.680,S2M
25,PZ,246,10.122,S2M
25,PZ,247,12.075,S2M
25,PZ,248,12.075,S2M
25,PZ,249,11.587,S2M
25,PZ,250,10.122,S2M
25,PZ,251,10.122,S2M
25,PZ,252,10.122,S2M
25,PZ,253,10.122,S2M
25,PZ,254,9.633,S2M
25,PZ,255,8.169,S2M
25,P8,0,7.853,S2M
25,P8,1,11.759,S2M
25,P8,2,8.341,S2M
25,P8,3,1.017,S2M
25,P8,4,-6.795,S2M
25,P8,5,-9.725,S2M
25,P8,6,-7.284,S2M
25,P8,7,-2.889,S2M
25,P8,8,0.529,S2M
25,P8,9,2.482,S2M
25,P8,10,4.435,S2M
25,P8,11,6.388,S2M
25,P8,12,7.853,S2M
25,P8,13,6.388,S2M
25,P8,14,3.459,S2M
25,P8,15,1.506,S2M
25,P8,16,2.970,S2M
25,P8,17,7.853,S2M
25,P8,18,12.736,S2M
25,P8,19,13.224,S2M
25,P8,20,9.806,S2M
25,P8,21,5.900,S2M
25,P8,22,6.388,S2M
25,P8,23,11.759,S2M
25,P8,24,19.084,S2M
25,P8,25,23.966,S2M
25,P8,26,23.478,S2M
25,P8,27,18.595,S2M
25,P8,28,12.248,S2M
25,P8,29,7.853,S2M
25,P8,30,6.388,S2M
25,P8,31,5.900,S2M
25,P8,32,6.877,S2M
25,P8,33,6.877,S2M
25,P8,34,5.900,S2M
25,P8,35,3.459,S2M
25,P8,36,1.506,S2M
25,P8,37,0.529,S2M
25,P8,38,3.459,S2M
25,P8,39,7.853,S2M
25,P8,40,8.830,S2M
25,P8,41,4.435,S2M
25,P8,42,-5.819,S2M
25,P8,43,-15.096,S2M
25,P8,44,-17.537,S2M
25,P8,45,-10.213,S2M
25,P8,46,1.994,S2M
25,P8,47,10.783,S2M
25,P8,48,11.271,S2M
25,P8,49,5.412,S2M
25,P8,50,-0.936,S2M
25,P8,51,-2.401,S2M
25,P8,52,0.529,S2M
25,P8,53,3.459,S2M
25,P8,54,1.994,S2M
25,P8,55,-3.377,S2M
25,P8,56,-6.795,S2M
25,P8,57,-5.819,S2M
25,P8,58,-1.424,S2M
25,P8,59,1.017,S2M
25,P8,60,-2.889,S2M
25,P8,61,-10.701,S2M
25,P8,62,-16.073,S2M
25,P8,63,-14.119,S2M
25,P8,64,-6.795,S2M
25,P8,65,0.041,S2M
25,P8,66,0.041,S2M
25,P8,67,-7.284,S2M
25,P8,68,-16.561,S2M
25,P8,69,-21.932,S2M
25,P8,70,-19.491,S2M
25,P8,71,-13.143,S2M
25,P8,72,-7.284,S2M
25,P8,73,-5.330,S2M
25,P8,74,-6.307,S2M
25,P8,75,-7.284,S2M
25,P8,76,-4.842,S2M
25,P8,77,0.529,S2M
25,P8,78,6.388,S2M
25,P8,79,9.806,S2M
25,P8,80,9.318,S2M
25,P8,81,6.388,S2M
25,P8,82,2.482,S2M
25,P8,83,-0.448,S2M
25,P8,84,-0.936,S2M
25,P8,85,0.041,S2M
25,P8,86,0.529,S2M
25,P8,87,-1.424,S2M
25,P8,88,-5.330,S2M
25,P8,89,-7.772,S2M
25,P8,90,-6.795,S2M
25,P8,91,-3.377,S2M
25,P8,92,0.041,S2M
25,P8,93,-0.936,S2M
25,P8,94,-6.307,S2M
25,P8,95,-13.143,S2M
25,P8,96,-15.584,S2M
25,P8,97,-11.190,S2M
25,P8,98,-3.866,S2M
25,P8,99,1.506,S2M
25,P8,100,0.041,S2M
25,P8,101,-7.284,S2M
25,P8,102,-14.608,S2M
25,P8,103,-16.561,S2M
25,P8,104,-12.655,S2M
25,P8,105,-4.842,S2M
25,P8,106,0.041,S2M
25,P8,107,0.529,S2M
25,P8,108,-3.866,S2M
25,P8,109,-9.237,S2M
25,P8,110,-10.701,S2M
25,P8,111,-8.260,S2M
25,P8,112,-2.889,S2M
25,P8,113,2.482,S2M
25,P8,114,4.435,S2M
25,P8,115,0.041,S2M
25,P8,116,-8.260,S2M
25,P8,117,-17.049,S2M
25,P8,118,-20.467,S2M
25,P8,119,-15.584,S2M
25,P8,120,-3.377,S2M
25,P8,121,9.318,S2M
25,P8,122,16.154,S2M
25,P8,123,14.201,S2M
25,P8,124,6.877,S2M
25,P8,125,0.041,S2M
25,P8,126,-2.401,S2M
25,P8,127,-0.936,S2M
25,P8,128,0.041,S2M
25,P8,129,-1.912,S2M
25,P8,130,-6.795,S2M
25,P8,131,-11.190,S2M
25,P8,132,-10.701,S2M
25,P8,133,-6.307,S2M
25,P8,134,-1.424,S2M
25,P8,135,-0.448,S2M
25,P8,136,-2.889,S2M
25,P8,137,-6.307,S2M
25,P8,138,-6.795,S2M
25,P8,139,-2.889,S2M
25,P8,140,4.435,S2M
25,P8,141,10.783,S2M
25,P8,142,13.224,S2M
25,P8,143,10.295,S2M
25,P8,144,4.435,S2M
25,P8,145,-1.424,S2M
25,P8,146,-4.842,S2M
25,P8,147,-6.307,S2M
25,P8,148,-6.795,S2M
25,P8,149,-9.237,S2M
25,P8,150,-13.143,S2M
25,P8,151,-15.584,S2M
25,P8,152,-13.631,S2M
25,P8,153,-7.772,S2M
25,P8,154,-0.936,S2M
25,P8,155,3.459,S2M
25,P8,156,4.435,S2M
25,P8,157,2.482,S2M
25,P8,158,-1.912,S2M
25,P8,159,-5.819,S2M
25,P8,160,-8.260,S2M
25,P8,161,-9.725,S2M
25,P8,162,-9.725,S2M
25,P8,163,-8.260,S2M
25,P8,164,-7.284,S2M
25,P8,165,-7.284,S2M
25,P8,166,-7.772,S2M
25,P8,167,-8.260,S2M
25,P8,168,-5.819,S2M
25,P8,169,-0.936,S2M
25,P8,170,4.435,S2M
25,P8,171,6.388,S2M
25,P8,172,4.435,S2M
25,P8,173,0.041,S2M
25,P8,174,-4.842,S2M
25,P8,175,-6.307,S2M
25,P8,176,-6.307,S2M
25,P8,177,-5.330,S2M
25,P8,178,-5.330,S2M
25,P8,179,-4.842,S2M
25,P8,180,-3.377,S2M
25,P8,181,0.041,S2M
25,P8,182,2.482,S2M
25,P8,183,2.482,S2M
25,P8,184,0.529,S2M
25,P8,185,-0.936,S2M
25,P8,186,0.041,S2M
25,P8,187,3.947,S2M
25,P8,188,9.318,S2M
25,P8,189,12.248,S2M
25,P8,190,9.806,S2M
25,P8,191,2.482,S2M
25,P8,192,-6.795,S2M
25,P8,193,-13.143,S2M
25,P8,194,-11.678,S2M
25,P8,195,-2.401,S2M
25,P8,196,10.783,S2M
25,P8,197,19.084,S2M
25,P8,198,16.642,S2M
25,P8,199,3.947,S2M
25,P8,200,-11.678,S2M
25,P8,201,-18.514,S2M
25,P8,202,-11.678,S2M
25,P8,203,5.900,S2M
25,P8,204,22.502,S2M
25,P8,205,27.384,S2M
25,P8,206,18.107,S2M
25,P8,207,1.994,S2M
25,P8,208,-11.190,S2M
25,P8,209,-14.608,S2M
25,P8,210,-7.772,S2M
25,P8,211,1.506,S2M
25,P8,212,6.877,S2M
25,P8,213,4.924,S2M
25,P8,214,-0.448,S2M
25,P8,215,-3.377,S2M
25,P8,216,-0.448,S2M
25,P8,217,5.900,S2M
25,P8,218,10.295,S2M
25,P8,219,8.341,S2M
25,P8,220,0.041,S2M
25,P8,221,-8.260,S2M
25,P8,222,-11.190,S2M
25,P8,223,-6.795,S2M
25,P8,224,1.506,S2M
25,P8,225,5.900,S2M
25,P8,226,3.947,S2M
25,P8,227,-2.401,S2M
25,P8,228,-7.772,S2M
25,P8,229,-7.284,S2M
25,P8,230,-0.936,S2M
25,P8,231,6.388,S2M
25,P8,232,8.830,S2M
25,P8,233,5.900,S2M
25,P8,234,1.017,S2M
25,P8,235,-0.936,S2M
25,P8,236,2.970,S2M
25,P8,237,9.806,S2M
25,P8,238,13.224,S2M
25,P8,239,9.318,S2M
25,P8,240,1.017,S2M
25,P8,241,-7.284,S2M
25,P8,242,-8.748,S2M
25,P8,243,-2.401,S2M
25,P8,244,7.365,S2M
25,P8,245,14.201,S2M
25,P8,246,12.736,S2M
25,P8,247,3.947,S2M
25,P8,248,-7.772,S2M
25,P8,249,-15.096,S2M
25,P8,250,-13.143,S2M
25,P8,251,-3.377,S2M
25,P8,252,10.783,S2M
25,P8,253,20.549,S2M
25,P8,254,22.502,S2M
25,P8,255,15.666,S2M
25,P7,0,6.022,S2M
25,P7,1,2.116,S2M
25,P7,2,4.557,S2M
25,P7,3,10.417,S2M
25,P7,4,14.323,S2M
25,P7,5,10.905,S2M
25,P7,6,1.628,S2M
25,P7,7,-7.650,S2M
25,P7,8,-12.533,S2M
25,P7,9,-11.556,S2M
25,P7,10,-6.185,S2M
25,P7,11,-0.814,S2M
25,P7,12,3.092,S2M
25,P7,13,5.534,S2M
25,P7,14,6.510,S2M
25,P7,15,7.487,S2M
25,P7,16,6.999,S2M
25,P7,17,6.510,S2M
25,P7,18,5.534,S2M
25,P7,19,5.534,S2M
25,P7,20,6.022,S2M
25,P7,21,6.022,S2M
25,P7,22,6.022,S2M
25,P7,23,6.999,S2M
25,P7,24,10.905,S2M
25,P7,25,17.253,S2M
25,P7,26,22.135,S2M
25,P7,27,22.135,S2M
25,P7,28,16.276,S2M
25,P7,29,8.952,S2M
25,P7,30,4.069,S2M
25,P7,31,5.534,S2M
25,P7,32,9.928,S2M
25,P7,33,12.370,S2M
25,P7,34,9.440,S2M
25,P7,35,4.069,S2M
25,P7,36,0.163,S2M
25,P7,37,3.092,S2M
25,P7,38,10.417,S2M
25,P7,39,17.741,S2M
25,P7,40,19.694,S2M
25,P7,41,14.323,S2M
25,P7,42,5.534,S2M
25,P7,43,-1.302,S2M
25,P7,44,-2.767,S2M
25,P7,45,-0.326,S2M
25,P7,46,4.069,S2M
25,P7,47,5.534,S2M
25,P7,48,3.581,S2M
25,P7,49,-1.302,S2M
25,P7,50,-7.161,S2M
25,P7,51,-10.091,S2M
25,P7,52,-7.161,S2M
25,P7,53,1.139,S2M
25,P7,54,11.393,S2M
25,P7,55,17.741,S2M
25,P7,56,14.811,S2M
25,P7,57,3.581,S2M
25,P7,58,-10.091,S2M
25,P7,59,-16.439,S2M
25,P7,60,-12.044,S2M
25,P7,61,-1.302,S2M
25,P7,62,6.022,S2M
25,P7,63,4.557,S2M
25,P7,64,-5.697,S2M
25,P7,65,-16.439,S2M
25,P7,66,-19.368,S2M
25,P7,67,-13.509,S2M
25,P7,68,-5.697,S2M
25,P7,69,-3.743,S2M
25,P7,70,-9.603,S2M
25,P7,71,-16.927,S2M
25,P7,72,-18.392,S2M
25,P7,73,-11.068,S2M
25,P7,74,-1.302,S2M
25,P7,75,1.628,S2M
25,P7,76,-5.697,S2M
25,P7,77,-18.880,S2M
25,P7,78,-27.181,S2M
25,P7,79,-22.786,S2M
25,P7,80,-8.138,S2M
25,P7,81,6.510,S2M
25,P7,82,10.905,S2M
25,P7,83,2.604,S2M
25,P7,84,-12.044,S2M
25,P7,85,-22.298,S2M
25,P7,86,-22.786,S2M
25,P7,87,-14.486,S2M
25,P7,88,-5.208,S2M
25,P7,89,-2.279,S2M
25,P7,90,-7.161,S2M
25,P7,91,-16.439,S2M
25,P7,92,-23.763,S2M
25,P7,93,-23.275,S2M
25,P7,94,-14.974,S2M
25,P7,95,-4.232,S2M
25,P7,96,2.116,S2M
25,P7,97,0.163,S2M
25,P7,98,-9.115,S2M
25,P7,99,-19.857,S2M
25,P7,100,-23.763,S2M
25,P7,101,-17.904,S2M
25,P7,102,-6.673,S2M
25,P7,103,3.092,S2M
25,P7,104,5.046,S2M
25,P7,105,-1.790,S2M
25,P7,106,-10.579,S2M
25,P7,107,-15.951,S2M
25,P7,108,-14.974,S2M
25,P7,109,-11.068,S2M
25,P7,110,-8.138,S2M
25,P7,111,-9.603,S2M
25,P7,112,-13.997,S2M
25,P7,113,-17.415,S2M
25,P7,114,-17.415,S2M
25,P7,115,-13.997,S2M
25,P7,116,-9.115,S2M
25,P7,117,-4.720,S2M
25,P7,118,-0.814,S2M
25,P7,119,2.116,S2M
25,P7,120,4.069,S2M
25,P7,121,3.581,S2M
25,P7,122,0.651,S2M
25,P7,123,-2.767,S2M
25,P7,124,-5.697,S2M
25,P7,125,-5.697,S2M
25,P7,126,-3.255,S2M
25,P7,127,1.139,S2M
25,P7,128,5.534,S2M
25,P7,129,7.975,S2M
25,P7,130,6.510,S2M
25,P7,131,2.116,S2M
25,P7,132,-3.743,S2M
25,P7,133,-8.626,S2M
25,P7,134,-8.626,S2M
25,P7,135,-4.232,S2M
25,P7,136,3.581,S2M
25,P7,137,9.928,S2M
25,P7,138,12.370,S2M
25,P7,139,9.928,S2M
25,P7,140,3.581,S2M
25,P7,141,-3.743,S2M
25,P7,142,-9.603,S2M
25,P7,143,-12.533,S2M
25,P7,144,-12.533,S2M
25,P7,145,-9.603,S2M
25,P7,146,-5.208,S2M
25,P7,147,-1.790,S2M
25,P7,148,-1.302,S2M
25,P7,149,-5.208,S2M
25,P7,150,-11.068,S2M
25,P7,151,-15.462,S2M
25,P7,152,-14.486,S2M
25,P7,153,-7.650,S2M
25,P7,154,1.628,S2M
25,P7,155,7.487,S2M
25,P7,156,7.487,S2M
25,P7,157,0.651,S2M
25,P7,158,-8.138,S2M
25,P7,159,-13.509,S2M
25,P7,160,-13.021,S2M
25,P7,161,-8.138,S2M
25,P7,162,-3.743,S2M
25,P7,163,-1.302,S2M
25,P7,164,-1.302,S2M
25,P7,165,-0.814,S2M
25,P7,166,1.628,S2M
25,P7,167,5.534,S2M
25,P7,168,6.999,S2M
25,P7,169,3.581,S2M
25,P7,170,-5.208,S2M
25,P7,171,-14.486,S2M
25,P7,172,-18.392,S2M
25,P7,173,-14.974,S2M
25,P7,174,-4.232,S2M
25,P7,175,6.510,S2M
25,P7,176,12.858,S2M
25,P7,177,10.905,S2M
25,P7,178,2.604,S2M
25,P7,179,-7.650,S2M
25,P7,180,-14.486,S2M
25,P7,181,-13.997,S2M
25,P7,182,-8.626,S2M
25,P7,183,0.163,S2M
25,P7,184,6.999,S2M
25,P7,185,10.417,S2M
25,P7,186,10.905,S2M
25,P7,187,8.952,S2M
25,P7,188,7.975,S2M
25,P7,189,8.464,S2M
25,P7,190,9.928,S2M
25,P7,191,10.417,S2M
25,P7,192,8.464,S2M
25,P7,193,4.557,S2M
25,P7,194,-0.814,S2M
25,P7,195,-4.232,S2M
25,P7,196,-5.208,S2M
25,P7,197,-4.720,S2M
25,P7,198,-3.743,S2M
25,P7,199,-2.767,S2M
25,P7,200,-2.279,S2M
25,P7,201,-2.279,S2M
25,P7,202,-2.767,S2M
25,P7,203,-3.255,S2M
25,P7,204,-1.790,S2M
25,P7,205,3.581,S2M
25,P7,206,12.858,S2M
25,P7,207,23.112,S2M
25,P7,208,28.483,S2M
25,P7,209,25.065,S2M
25,P7,210,14.811,S2M
25,P7,211,4.557,S2M
25,P7,212,0.163,S2M
25,P7,213,5.046,S2M
25,P7,214,14.811,S2M
25,P7,215,22.624,S2M
25,P7,216,22.624,S2M
25,P7,217,14.323,S2M
25,P7,218,2.604,S2M
25,P7,219,-5.697,S2M
25,P7,220,-7.650,S2M
25,P7,221,-2.767,S2M
25,P7,222,4.557,S2M
25,P7,223,9.440,S2M
25,P7,224,10.417,S2M
25,P7,225,6.999,S2M
25,P7,226,0.163,S2M
25,P7,227,-5.697,S2M
25,P7,228,-7.650,S2M
25,P7,229,-3.255,S2M
25,P7,230,6.022,S2M
25,P7,231,16.276,S2M
25,P7,232,22.624,S2M
25,P7,233,20.671,S2M
25,P7,234,12.370,S2M
25,P7,235,2.604,S2M
25,P7,236,-2.279,S2M
25,P7,237,0.651,S2M
25,P7,238,8.952,S2M
25,P7,239,16.764,S2M
25,P7,240,17.253,S2M
25,P7,241,10.417,S2M
25,P7,242,2.116,S2M
25,P7,243,-1.302,S2M
25,P7,244,3.092,S2M
25,P7,245,11.882,S2M
25,P7,246,19.206,S2M
25,P7,247,19.206,S2M
25,P7,248,12.858,S2M
25,P7,249,5.534,S2M
25,P7,250,2.116,S2M
25,P7,251,4.557,S2M
25,P7,252,9.440,S2M
25,P7,253,12.858,S2M
25,P7,254,12.370,S2M
25,P7,255,10.905,S2M
25,PO2,0,-0.285,S2M
25,PO2,1,0.692,S2M
25,PO2,2,2.157,S2M
25,PO2,3,3.133,S2M
25,PO2,4,2.645,S2M
25,PO2,5,1.180,S2M
25,PO2,6,-0.285,S2M
25,PO2,7,-1.261,S2M
25,PO2,8,-0.773,S2M
25,PO2,9,0.203,S2M
25,PO2,10,1.668,S2M
25,PO2,11,2.645,S2M
25,PO2,12,2.645,S2M
25,PO2,13,2.645,S2M
25,PO2,14,1.668,S2M
25,PO2,15,0.692,S2M
25,PO2,16,0.203,S2M
25,PO2,17,-0.285,S2M
25,PO2,18,0.692,S2M
25,PO2,19,1.668,S2M
25,PO2,20,3.621,S2M
25,PO2,21,6.551,S2M
25,PO2,22,9.481,S2M
25,PO2,23,12.410,S2M
25,PO2,24,14.852,S2M
25,PO2,25,15.828,S2M
25,PO2,26,15.828,S2M
25,PO2,27,14.364,S2M
25,PO2,28,12.410,S2M
25,PO2,29,10.457,S2M
25,PO2,30,9.969,S2M
25,PO2,31,9.481,S2M
25,PO2,32,8.993,S2M
25,PO2,33,8.016,S2M
25,PO2,34,5.575,S2M
25,PO2,35,4.110,S2M
25,PO2,36,3.133,S2M
25,PO2,37,4.110,S2M
25,PO2,38,5.575,S2M
25,PO2,39,6.551,S2M
25,PO2,40,5.086,S2M
25,PO2,41,2.157,S2M
25,PO2,42,-0.773,S2M
25,PO2,43,-2.238,S2M
25,PO2,44,-1.750,S2M
25,PO2,45,0.692,S2M
25,PO2,46,2.645,S2M
25,PO2,47,3.621,S2M
25,PO2,48,3.133,S2M
25,PO2,49,2.645,S2M
25,PO2,50,4.110,S2M
25,PO2,51,6.551,S2M
25,PO2,52,9.481,S2M
25,PO2,53,10.946,S2M
25,PO2,54,9.969,S2M
25,PO2,55,6.551,S2M
25,PO2,56,2.645,S2M
25,PO2,57,0.203,S2M
25,PO2,58,-0.773,S2M
25,PO2,59,-0.285,S2M
25,PO2,60,0.203,S2M
25,PO2,61,0.203,S2M
25,PO2,62,-0.285,S2M
25,PO2,63,-1.261,S2M
25,PO2,64,-1.261,S2M
25,PO2,65,-0.285,S2M
25,PO2,66,0.692,S2M
25,PO2,67,1.668,S2M
25,PO2,68,1.180,S2M
25,PO2,69,-0.285,S2M
25,PO2,70,-2.238,S2M
25,PO2,71,-2.238,S2M
25,PO2,72,0.203,S2M
25,PO2,73,3.621,S2M
25,PO2,74,6.551,S2M
25,PO2,75,6.551,S2M
25,PO2,76,4.598,S2M
25,PO2,77,1.668,S2M
25,PO2,78,0.692,S2M
25,PO2,79,2.157,S2M
25,PO2,80,4.598,S2M
25,PO2,81,5.575,S2M
25,PO2,82,3.133,S2M
25,PO2,83,-1.750,S2M
25,PO2,84,-5.656,S2M
25,PO2,85,-6.632,S2M
25,PO2,86,-4.191,S2M
25,PO2,87,-0.773,S2M
25,PO2,88,1.668,S2M
25,PO2,89,0.692,S2M
25,PO2,90,-3.215,S2M
25,PO2,91,-7.609,S2M
25,PO2,92,-10.539,S2M
25,PO2,93,-10.539,S2M
25,PO2,94,-8.097,S2M
25,PO2,95,-4.679,S2M
25,PO2,96,-2.238,S2M
25,PO2,97,-1.750,S2M
25,PO2,98,-2.238,S2M
25,PO2,99,-3.215,S2M
25,PO2,100,-3.703,S2M
25,PO2,101,-3.215,S2M
25,PO2,102,-1.750,S2M
25,PO2,103,0.203,S2M
25,PO2,104,1.180,S2M
25,PO2,105,1.668,S2M
25,PO2,106,0.203,S2M
25,PO2,107,-2.726,S2M
25,PO2,108,-6.144,S2M
25,PO2,109,-7.609,S2M
25,PO2,110,-7.609,S2M
25,PO2,111,-5.656,S2M
25,PO2,112,-3.703,S2M
25,PO2,113,-3.215,S2M
25,PO2,114,-4.191,S2M
25,PO2,115,-5.656,S2M
25,PO2,116,-6.144,S2M
25,PO2,117,-5.168,S2M
25,PO2,118,-3.215,S2M
25,PO2,119,-1.750,S2M
25,PO2,120,-1.261,S2M
25,PO2,121,-1.750,S2M
25,PO2,122,-1.261,S2M
25,PO2,123,0.692,S2M
25,PO2,124,3.133,S2M
25,PO2,125,4.110,S2M
25,PO2,126,3.133,S2M
25,PO2,127,0.692,S2M
25,PO2,128,-1.261,S2M
25,PO2,129,-1.261,S2M
25,PO2,130,-0.285,S2M
25,PO2,131,1.668,S2M
25,PO2,132,2.157,S2M
25,PO2,133,2.157,S2M
25,PO2,134,1.668,S2M
25,PO2,135,2.157,S2M
25,PO2,136,3.133,S2M
25,PO2,137,3.621,S2M
25,PO2,138,3.133,S2M
25,PO2,139,1.668,S2M
25,PO2,140,0.203,S2M
25,PO2,141,-0.773,S2M
25,PO2,142,-0.285,S2M
25,PO2,143,0.692,S2M
25,PO2,144,0.692,S2M
25,PO2,145,0.203,S2M
25,PO2,146,-1.261,S2M
25,PO2,147,-2.238,S2M
25,PO2,148,-2.726,S2M
25,PO2,149,-2.726,S2M
25,PO2,150,-2.726,S2M
25,PO2,151,-2.726,S2M
25,PO2,152,-2.238,S2M
25,PO2,153,-1.261,S2M
25,PO2,154,-1.750,S2M
25,PO2,155,-3.215,S2M
25,PO2,156,-5.168,S2M
25,PO2,157,-6.632,S2M
25,PO2,158,-5.656,S2M
25,PO2,159,-3.215,S2M
25,PO2,160,0.692,S2M
25,PO2,161,2.645,S2M
25,PO2,162,1.180,S2M
25,PO2,163,-1.750,S2M
25,PO2,164,-4.191,S2M
25,PO2,165,-4.679,S2M
25,PO2,166,-3.215,S2M
25,PO2,167,-0.773,S2M
25,PO2,168,0.203,S2M
25,PO2,169,-0.285,S2M
25,PO2,170,-1.261,S2M
25,PO2,171,-1.261,S2M
25,PO2,172,0.203,S2M
25,PO2,173,2.157,S2M
25,PO2,174,2.645,S2M
25,PO2,175,1.668,S2M
25,PO2,176,-0.773,S2M
25,PO2,177,-3.215,S2M
25,PO2,178,-3.215,S2M
25,PO2,179,-1.261,S2M
25,PO2,180,1.180,S2M
25,PO2,181,3.133,S2M
25,PO2,182,4.598,S2M
25,PO2,183,4.110,S2M
25,PO2,184,3.133,S2M
25,PO2,185,1.180,S2M
25,PO2,186,-1.261,S2M
25,PO2,187,-4.191,S2M
25,PO2,188,-5.656,S2M
25,PO2,189,-4.679,S2M
25,PO2,190,-1.750,S2M
25,PO2,191,1.180,S2M
25,PO2,192,2.645,S2M
25,PO2,193,1.180,S2M
25,PO2,194,-1.261,S2M
25,PO2,195,-2.726,S2M
25,PO2,196,-1.750,S2M
25,PO2,197,0.692,S2M
25,PO2,198,3.133,S2M
25,PO2,199,3.621,S2M
25,PO2,200,2.645,S2M
25,PO2,201,1.668,S2M
25,PO2,202,1.668,S2M
25,PO2,203,3.133,S2M
25,PO2,204,4.598,S2M
25,PO2,205,5.086,S2M
25,PO2,206,4.598,S2M
25,PO2,207,5.086,S2M
25,PO2,208,6.063,S2M
25,PO2,209,7.528,S2M
25,PO2,210,8.504,S2M
25,PO2,211,7.528,S2M
25,PO2,212,5.575,S2M
25,PO2,213,4.110,S2M
25,PO2,214,4.110,S2M
25,PO2,215,6.063,S2M
25,PO2,216,8.016,S2M
25,PO2,217,9.481,S2M
25,PO2,218,8.504,S2M
25,PO2,219,7.039,S2M
25,PO2,220,5.575,S2M
25,PO2,221,5.575,S2M
25,PO2,222,6.063,S2M
25,PO2,223,6.063,S2M
25,PO2,224,5.086,S2M
25,PO2,225,3.621,S2M
25,PO2,226,2.157,S2M
25,PO2,227,1.668,S2M
25,PO2,228,1.180,S2M
25,PO2,229,2.645,S2M
25,PO2,230,4.110,S2M
25,PO2,231,6.551,S2M
25,PO2,232,9.481,S2M
25,PO2,233,10.946,S2M
25,PO2,234,10.457,S2M
25,PO2,235,7.039,S2M
25,PO2,236,3.621,S2M
25,PO2,237,1.668,S2M
25,PO2,238,2.645,S2M
25,PO2,239,5.086,S2M
25,PO2,240,6.063,S2M
25,PO2,241,5.575,S2M
25,PO2,242,2.645,S2M
25,PO2,243,0.203,S2M
25,PO2,244,1.180,S2M
25,PO2,245,4.598,S2M
25,PO2,246,8.993,S2M
25,PO2,247,12.410,S2M
25,PO2,248,12.899,S2M
25,PO2,249,10.457,S2M
25,PO2,250,8.016,S2M
25,PO2,251,5.575,S2M
25,PO2,252,5.086,S2M
25,PO2,253,5.575,S2M
25,PO2,254,6.063,S2M
25,PO2,255,6.063,S2M
25,PO1,0,3.652,S2M
25,PO1,1,3.652,S2M
25,PO1,2,3.652,S2M
25,PO1,3,3.652,S2M
25,PO1,4,2.675,S2M
25,PO1,5,1.699,S2M
25,PO1,6,-0.254,S2M
25,PO1,7,-1.231,S2M
25,PO1,8,-2.696,S2M
25,PO1,9,-2.696,S2M
25,PO1,10,-2.696,S2M
25,PO1,11,-2.207,S2M
25,PO1,12,-1.231,S2M
25,PO1,13,-0.254,S2M
25,PO1,14,-0.254,S2M
25,PO1,15,-1.719,S2M
25,PO1,16,-2.696,S2M
25,PO1,17,-3.184,S2M
25,PO1,18,-2.207,S2M
25,PO1,19,-0.254,S2M
25,PO1,20,3.164,S2M
25,PO1,21,6.093,S2M
25,PO1,22,8.046,S2M
25,PO1,23,10.000,S2M
25,PO1,24,10.976,S2M
25,PO1,25,11.953,S2M
25,PO1,26,12.441,S2M
25,PO1,27,12.441,S2M
25,PO1,28,10.976,S2M
25,PO1,29,10.000,S2M
25,PO1,30,9.511,S2M
25,PO1,31,9.511,S2M
25,PO1,32,9.511,S2M
25,PO1,33,8.535,S2M
25,PO1,34,5.605,S2M
25,PO1,35,2.187,S2M
25,PO1,36,1.211,S2M
25,PO1,37,3.164,S2M
25,PO1,38,7.070,S2M
25,PO1,39,10.488,S2M
25,PO1,40,11.464,S2M
25,PO1,41,9.023,S2M
25,PO1,42,5.117,S2M
25,PO1,43,1.699,S2M
25,PO1,44,0.234,S2M
25,PO1,45,1.211,S2M
25,PO1,46,3.164,S2M
25,PO1,47,3.652,S2M
25,PO1,48,3.164,S2M
25,PO1,49,3.164,S2M
25,PO1,50,5.117,S2M
25,PO1,51,8.535,S2M
25,PO1,52,11.953,S2M
25,PO1,53,13.418,S2M
25,PO1,54,11.464,S2M
25,PO1,55,7.070,S2M
25,PO1,56,2.675,S2M
25,PO1,57,0.234,S2M
25,PO1,58,-0.254,S2M
25,PO1,59,0.234,S2M
25,PO1,60,1.211,S2M
25,PO1,61,1.211,S2M
25,PO1,62,1.211,S2M
25,PO1,63,1.699,S2M
25,PO1,64,1.699,S2M
25,PO1,65,2.675,S2M
25,PO1,66,2.675,S2M
25,PO1,67,2.675,S2M
25,PO1,68,0.722,S2M
25,PO1,69,-2.207,S2M
25,PO1,70,-4.649,S2M
25,PO1,71,-5.625,S2M
25,PO1,72,-4.161,S2M
25,PO1,73,-0.254,S2M
25,PO1,74,3.652,S2M
25,PO1,75,5.117,S2M
25,PO1,76,3.652,S2M
25,PO1,77,0.234,S2M
25,PO1,78,-3.184,S2M
25,PO1,79,-3.672,S2M
25,PO1,80,-1.719,S2M
25,PO1,81,0.234,S2M
25,PO1,82,0.234,S2M
25,PO1,83,-2.696,S2M
25,PO1,84,-6.602,S2M
25,PO1,85,-8.555,S2M
25,PO1,86,-7.090,S2M
25,PO1,87,-3.672,S2M
25,PO1,88,-0.254,S2M
25,PO1,89,-0.254,S2M
25,PO1,90,-3.672,S2M
25,PO1,91,-8.555,S2M
25,PO1,92,-11.973,S2M
25,PO1,93,-11.973,S2M
25,PO1,94,-8.555,S2M
25,PO1,95,-4.161,S2M
25,PO1,96,-0.743,S2M
25,PO1,97,0.234,S2M
25,PO1,98,-1.719,S2M
25,PO1,99,-3.672,S2M
25,PO1,100,-5.137,S2M
25,PO1,101,-4.649,S2M
25,PO1,102,-1.231,S2M
25,PO1,103,1.699,S2M
25,PO1,104,3.164,S2M
25,PO1,105,2.187,S2M
25,PO1,106,-1.719,S2M
25,PO1,107,-5.625,S2M
25,PO1,108,-8.555,S2M
25,PO1,109,-9.532,S2M
25,PO1,110,-8.555,S2M
25,PO1,111,-6.602,S2M
25,PO1,112,-5.625,S2M
25,PO1,113,-4.649,S2M
25,PO1,114,-3.672,S2M
25,PO1,115,-3.184,S2M
25,PO1,116,-2.696,S2M
25,PO1,117,-2.207,S2M
25,PO1,118,-1.719,S2M
25,PO1,119,-1.231,S2M
25,PO1,120,-0.254,S2M
25,PO1,121,1.211,S2M
25,PO1,122,2.187,S2M
25,PO1,123,3.164,S2M
25,PO1,124,2.675,S2M
25,PO1,125,2.675,S2M
25,PO1,126,3.164,S2M
25,PO1,127,4.140,S2M
25,PO1,128,5.117,S2M
25,PO1,129,5.117,S2M
25,PO1,130,3.652,S2M
25,PO1,131,1.211,S2M
25,PO1,132,0.234,S2M
25,PO1,133,1.211,S2M
25,PO1,134,3.652,S2M
25,PO1,135,7.070,S2M
25,PO1,136,8.535,S2M
25,PO1,137,8.535,S2M
25,PO1,138,6.093,S2M
25,PO1,139,4.140,S2M
25,PO1,140,2.187,S2M
25,PO1,141,1.211,S2M
25,PO1,142,0.722,S2M
25,PO1,143,0.234,S2M
25,PO1,144,-0.254,S2M
25,PO1,145,-0.743,S2M
25,PO1,146,-0.254,S2M
25,PO1,147,0.234,S2M
25,PO1,148,0.234,S2M
25,PO1,149,-0.254,S2M
25,PO1,150,-1.719,S2M
25,PO1,151,-1.719,S2M
25,PO1,152,-1.231,S2M
25,PO1,153,0.234,S2M
25,PO1,154,1.699,S2M
25,PO1,155,2.187,S2M
25,PO1,156,0.722,S2M
25,PO1,157,0.234,S2M
25,PO1,158,0.234,S2M
25,PO1,159,2.187,S2M
25,PO1,160,4.628,S2M
25,PO1,161,5.117,S2M
25,PO1,162,2.675,S2M
25,PO1,163,-0.743,S2M
25,PO1,164,-3.184,S2M
25,PO1,165,-2.207,S2M
25,PO1,166,1.699,S2M
25,PO1,167,5.117,S2M
25,PO1,168,6.582,S2M
25,PO1,169,4.628,S2M
25,PO1,170,0.722,S2M
25,PO1,171,-1.719,S2M
25,PO1,172,-2.207,S2M
25,PO1,173,-0.254,S2M
25,PO1,174,2.187,S2M
25,PO1,175,3.164,S2M
25,PO1,176,2.675,S2M
25,PO1,177,1.699,S2M
25,PO1,178,1.211,S2M
25,PO1,179,2.187,S2M
25,PO1,180,4.140,S2M
25,PO1,181,6.093,S2M
25,PO1,182,7.558,S2M
25,PO1,183,8.046,S2M
25,PO1,184,7.558,S2M
25,PO1,185,6.093,S2M
25,PO1,186,4.140,S2M
25,PO1,187,3.164,S2M
25,PO1,188,4.140,S2M
25,PO1,189,6.582,S2M
25,PO1,190,8.535,S2M
25,PO1,191,8.535,S2M
25,PO1,192,6.582,S2M
25,PO1,193,3.164,S2M
25,PO1,194,0.722,S2M
25,PO1,195,0.722,S2M
25,PO1,196,2.675,S2M
25,PO1,197,4.628,S2M
25,PO1,198,5.117,S2M
25,PO1,199,4.140,S2M
25,PO1,200,2.187,S2M
25,PO1,201,2.187,S2M
25,PO1,202,3.652,S2M
25,PO1,203,6.582,S2M
25,PO1,204,9.023,S2M
25,PO1,205,10.488,S2M
25,PO1,206,10.976,S2M
25,PO1,207,11.953,S2M
25,PO1,208,13.418,S2M
25,PO1,209,14.882,S2M
25,PO1,210,14.882,S2M
25,PO1,211,13.906,S2M
25,PO1,212,11.953,S2M
25,PO1,213,11.464,S2M
25,PO1,214,11.953,S2M
25,PO1,215,13.418,S2M
25,PO1,216,13.906,S2M
25,PO1,217,12.929,S2M
25,PO1,218,10.976,S2M
25,PO1,219,9.511,S2M
25,PO1,220,10.000,S2M
25,PO1,221,10.976,S2M
25,PO1,222,11.953,S2M
25,PO1,223,11.464,S2M
25,PO1,224,10.488,S2M
25,PO1,225,9.511,S2M
25,PO1,226,9.511,S2M
25,PO1,227,9.511,S2M
25,PO1,228,10.488,S2M
25,PO1,229,10.976,S2M
25,PO1,230,11.464,S2M
25,PO1,231,12.929,S2M
25,PO1,232,14.394,S2M
25,PO1,233,15.859,S2M
25,PO1,234,15.371,S2M
25,PO1,235,13.906,S2M
25,PO1,236,12.929,S2M
25,PO1,237,12.441,S2M
25,PO1,238,13.418,S2M
25,PO1,239,14.882,S2M
25,PO1,240,14.394,S2M
25,PO1,241,12.929,S2M
25,PO1,242,10.488,S2M
25,PO1,243,10.000,S2M
25,PO1,244,11.464,S2M
25,PO1,245,14.882,S2M
25,PO1,246,18.300,S2M
25,PO1,247,19.765,S2M
25,PO1,248,19.277,S2M
25,PO1,249,18.300,S2M
25,PO1,250,17.812,S2M
25,PO1,251,18.300,S2M
25,PO1,252,18.789,S2M
25,PO1,253,18.300,S2M
25,PO1,254,16.836,S2M
25,PO1,255,15.371,S2M
25,O2,0,-5.646,S2M
25,O2,1,-1.251,S2M
25,O2,2,3.143,S2M
25,O2,3,3.632,S2M
25,O2,4,0.702,S2M
25,O2,5,-3.204,S2M
25,O2,6,-4.181,S2M
25,O2,7,-2.716,S2M
25,O2,8,0.214,S2M
25,O2,9,2.167,S2M
25,O2,10,2.167,S2M
25,O2,11,0.702,S2M
25,O2,12,-1.251,S2M
25,O2,13,-2.228,S2M
25,O2,14,-2.716,S2M
25,O2,15,-2.228,S2M
25,O2,16,-0.275,S2M
25,O2,17,1.678,S2M
25,O2,18,2.655,S2M
25,O2,19,2.167,S2M
25,O2,20,1.190,S2M
25,O2,21,2.655,S2M
25,O2,22,7.050,S2M
25,O2,23,13.397,S2M
25,O2,24,18.280,S2M
25,O2,25,19.745,S2M
25,O2,26,17.303,S2M
25,O2,27,14.374,S2M
25,O2,28,12.909,S2M
25,O2,29,15.350,S2M
25,O2,30,19.257,S2M
25,O2,31,21.210,S2M
25,O2,32,19.257,S2M
25,O2,33,13.397,S2M
25,O2,34,6.073,S2M
25,O2,35,0.702,S2M
25,O2,36,-1.251,S2M
25,O2,37,0.214,S2M
25,O2,38,4.120,S2M
25,O2,39,7.538,S2M
25,O2,40,8.026,S2M
25,O2,41,4.608,S2M
25,O2,42,-0.763,S2M
25,O2,43,-4.181,S2M
25,O2,44,-4.181,S2M
25,O2,45,-0.275,S2M
25,O2,46,5.096,S2M
25,O2,47,9.003,S2M
25,O2,48,9.491,S2M
25,O2,49,8.026,S2M
25,O2,50,7.538,S2M
25,O2,51,10.468,S2M
25,O2,52,14.862,S2M
25,O2,53,18.280,S2M
25,O2,54,17.303,S2M
25,O2,55,11.932,S2M
25,O2,56,4.608,S2M
25,O2,57,-0.763,S2M
25,O2,58,-3.693,S2M
25,O2,59,-4.181,S2M
25,O2,60,-5.157,S2M
25,O2,61,-7.111,S2M
25,O2,62,-10.529,S2M
25,O2,63,-11.993,S2M
25,O2,64,-11.017,S2M
25,O2,65,-7.111,S2M
25,O2,66,-3.204,S2M
25,O2,67,-0.763,S2M
25,O2,68,-2.716,S2M
25,O2,69,-6.622,S2M
25,O2,70,-9.552,S2M
25,O2,71,-8.575,S2M
25,O2,72,-4.181,S2M
25,O2,73,1.190,S2M
25,O2,74,4.608,S2M
25,O2,75,4.120,S2M
25,O2,76,2.655,S2M
25,O2,77,2.167,S2M
25,O2,78,4.120,S2M
25,O2,79,6.073,S2M
25,O2,80,4.120,S2M
25,O2,81,-2.716,S2M
25,O2,82,-11.993,S2M
25,O2,83,-18.829,S2M
25,O2,84,-20.294,S2M
25,O2,85,-16.388,S2M
25,O2,86,-11.017,S2M
25,O2,87,-6.622,S2M
25,O2,88,-5.157,S2M
25,O2,89,-5.646,S2M
25,O2,90,-7.599,S2M
25,O2,91,-11.017,S2M
25,O2,92,-13.947,S2M
25,O2,93,-16.388,S2M
25,O2,94,-16.388,S2M
25,O2,95,-13.947,S2M
25,O2,96,-9.552,S2M
25,O2,97,-5.646,S2M
25,O2,98,-4.181,S2M
25,O2,99,-5.157,S2M
25,O2,100,-6.134,S2M
25,O2,101,-5.646,S2M
25,O2,102,-3.204,S2M
25,O2,103,-0.275,S2M
25,O2,104,0.702,S2M
25,O2,105,-2.228,S2M
25,O2,106,-8.087,S2M
25,O2,107,-14.923,S2M
25,O2,108,-19.806,S2M
25,O2,109,-20.782,S2M
25,O2,110,-17.853,S2M
25,O2,111,-12.482,S2M
25,O2,112,-8.575,S2M
25,O2,113,-7.599,S2M
25,O2,114,-10.529,S2M
25,O2,115,-14.435,S2M
25,O2,116,-15.900,S2M
25,O2,117,-12.970,S2M
25,O2,118,-7.599,S2M
25,O2,119,-3.204,S2M
25,O2,120,-1.251,S2M
25,O2,121,-0.763,S2M
25,O2,122,0.702,S2M
25,O2,123,4.120,S2M
25,O2,124,7.538,S2M
25,O2,125,9.003,S2M
25,O2,126,5.585,S2M
25,O2,127,-1.251,S2M
25,O2,128,-6.622,S2M
25,O2,129,-8.087,S2M
25,O2,130,-4.669,S2M
25,O2,131,0.702,S2M
25,O2,132,3.632,S2M
25,O2,133,4.120,S2M
25,O2,134,1.678,S2M
25,O2,135,-0.275,S2M
25,O2,136,-0.763,S2M
25,O2,137,-1.251,S2M
25,O2,138,-2.228,S2M
25,O2,139,-4.181,S2M
25,O2,140,-4.669,S2M
25,O2,141,-3.204,S2M
25,O2,142,-0.275,S2M
25,O2,143,2.167,S2M
25,O2,144,1.678,S2M
25,O2,145,-0.275,S2M
25,O2,146,-1.251,S2M
25,O2,147,-1.251,S2M
25,O2,148,-0.763,S2M
25,O2,149,-1.740,S2M
25,O2,150,-4.181,S2M
25,O2,151,-6.134,S2M
25,O2,152,-5.646,S2M
25,O2,153,-3.204,S2M
25,O2,154,-1.740,S2M
25,O2,155,-5.157,S2M
25,O2,156,-12.482,S2M
25,O2,157,-18.341,S2M
25,O2,158,-17.365,S2M
25,O2,159,-9.552,S2M
25,O2,160,0.214,S2M
25,O2,161,5.096,S2M
25,O2,162,2.167,S2M
25,O2,163,-5.157,S2M
25,O2,164,-11.017,S2M
25,O2,165,-11.505,S2M
25,O2,166,-8.087,S2M
25,O2,167,-3.693,S2M
25,O2,168,-2.228,S2M
25,O2,169,-2.228,S2M
25,O2,170,-0.275,S2M
25,O2,171,4.608,S2M
25,O2,172,10.468,S2M
25,O2,173,12.909,S2M
25,O2,174,8.026,S2M
25,O2,175,-2.716,S2M
25,O2,176,-15.900,S2M
25,O2,177,-23.712,S2M
25,O2,178,-23.224,S2M
25,O2,179,-15.900,S2M
25,O2,180,-5.646,S2M
25,O2,181,3.143,S2M
25,O2,182,8.514,S2M
25,O2,183,10.468,S2M
25,O2,184,9.491,S2M
25,O2,185,3.632,S2M
25,O2,186,-6.622,S2M
25,O2,187,-18.341,S2M
25,O2,188,-25.177,S2M
25,O2,189,-22.247,S2M
25,O2,190,-11.505,S2M
25,O2,191,-0.275,S2M
25,O2,192,3.632,S2M
25,O2,193,-1.251,S2M
25,O2,194,-11.017,S2M
25,O2,195,-15.411,S2M
25,O2,196,-10.040,S2M
25,O2,197,1.190,S2M
25,O2,198,10.468,S2M
25,O2,199,10.956,S2M
25,O2,200,5.096,S2M
25,O2,201,-1.251,S2M
25,O2,202,-1.740,S2M
25,O2,203,1.678,S2M
25,O2,204,5.585,S2M
25,O2,205,6.073,S2M
25,O2,206,4.120,S2M
25,O2,207,4.608,S2M
25,O2,208,9.003,S2M
25,O2,209,15.839,S2M
25,O2,210,18.280,S2M
25,O2,211,14.862,S2M
25,O2,212,7.050,S2M
25,O2,213,1.678,S2M
25,O2,214,3.632,S2M
25,O2,215,11.932,S2M
25,O2,216,20.721,S2M
25,O2,217,23.651,S2M
25,O2,218,19.745,S2M
25,O2,219,12.421,S2M
25,O2,220,6.561,S2M
25,O2,221,5.096,S2M
25,O2,222,5.585,S2M
25,O2,223,4.120,S2M
25,O2,224,1.190,S2M
25,O2,225,-2.228,S2M
25,O2,226,-3.204,S2M
25,O2,227,-1.740,S2M
25,O2,228,-0.275,S2M
25,O2,229,-0.275,S2M
25,O2,230,-0.275,S2M
25,O2,231,2.655,S2M
25,O2,232,9.003,S2M
25,O2,233,14.374,S2M
25,O2,234,13.397,S2M
25,O2,235,6.073,S2M
25,O2,236,-3.204,S2M
25,O2,237,-6.622,S2M
25,O2,238,-2.228,S2M
25,O2,239,6.561,S2M
25,O2,240,11.932,S2M
25,O2,241,8.514,S2M
25,O2,242,-0.275,S2M
25,O2,243,-6.134,S2M
25,O2,244,-4.181,S2M
25,O2,245,6.561,S2M
25,O2,246,18.280,S2M
25,O2,247,24.139,S2M
25,O2,248,21.210,S2M
25,O2,249,12.909,S2M
25,O2,250,4.608,S2M
25,O2,251,1.678,S2M
25,O2,252,4.120,S2M
25,O2,253,9.003,S2M
25,O2,254,12.421,S2M
25,O2,255,12.421,S2M
25,O1,0,5.198,S2M
25,O1,1,5.198,S2M
25,O1,2,3.733,S2M
25,O1,3,1.780,S2M
25,O1,4,-0.173,S2M
25,O1,5,-1.638,S2M
25,O1,6,-2.614,S2M
25,O1,7,-2.614,S2M
25,O1,8,-2.614,S2M
25,O1,9,-1.638,S2M
25,O1,10,-0.661,S2M
25,O1,11,0.315,S2M
25,O1,12,0.804,S2M
25,O1,13,0.315,S2M
25,O1,14,-0.661,S2M
25,O1,15,-2.126,S2M
25,O1,16,-2.614,S2M
25,O1,17,-2.614,S2M
25,O1,18,-1.638,S2M
25,O1,19,-0.173,S2M
25,O1,20,1.780,S2M
25,O1,21,4.222,S2M
25,O1,22,7.151,S2M
25,O1,23,10.081,S2M
25,O1,24,13.011,S2M
25,O1,25,14.476,S2M
25,O1,26,14.964,S2M
25,O1,27,13.499,S2M
25,O1,28,11.546,S2M
25,O1,29,9.104,S2M
25,O1,30,7.151,S2M
25,O1,31,6.175,S2M
25,O1,32,6.175,S2M
25,O1,33,6.175,S2M
25,O1,34,6.175,S2M
25,O1,35,6.663,S2M
25,O1,36,7.151,S2M
25,O1,37,7.151,S2M
25,O1,38,6.663,S2M
25,O1,39,5.198,S2M
25,O1,40,3.245,S2M
25,O1,41,1.780,S2M
25,O1,42,0.804,S2M
25,O1,43,1.292,S2M
25,O1,44,0.804,S2M
25,O1,45,0.315,S2M
25,O1,46,-0.661,S2M
25,O1,47,-1.638,S2M
25,O1,48,-0.661,S2M
25,O1,49,1.780,S2M
25,O1,50,6.175,S2M
25,O1,51,10.569,S2M
25,O1,52,12.522,S2M
25,O1,53,11.546,S2M
25,O1,54,8.128,S2M
25,O1,55,3.733,S2M
25,O1,56,0.315,S2M
25,O1,57,-1.638,S2M
25,O1,58,-1.638,S2M
25,O1,59,-0.661,S2M
25,O1,60,0.315,S2M
25,O1,61,0.804,S2M
25,O1,62,-0.173,S2M
25,O1,63,-1.638,S2M
25,O1,64,-3.103,S2M
25,O1,65,-4.079,S2M
25,O1,66,-5.056,S2M
25,O1,67,-5.056,S2M
25,O1,68,-5.544,S2M
25,O1,69,-6.521,S2M
25,O1,70,-7.985,S2M
25,O1,71,-8.962,S2M
25,O1,72,-7.985,S2M
25,O1,73,-5.056,S2M
25,O1,74,-1.638,S2M
25,O1,75,1.292,S2M
25,O1,76,0.804,S2M
25,O1,77,-1.638,S2M
25,O1,78,-4.567,S2M
25,O1,79,-6.521,S2M
25,O1,80,-6.521,S2M
25,O1,81,-5.544,S2M
25,O1,82,-5.544,S2M
25,O1,83,-6.521,S2M
25,O1,84,-7.985,S2M
25,O1,85,-7.985,S2M
25,O1,86,-6.521,S2M
25,O1,87,-3.591,S2M
25,O1,88,-2.614,S2M
25,O1,89,-4.567,S2M
25,O1,90,-8.962,S2M
25,O1,91,-13.357,S2M
25,O1,92,-15.310,S2M
25,O1,93,-14.333,S2M
25,O1,94,-10.427,S2M
25,O1,95,-5.544,S2M
25,O1,96,-3.103,S2M
25,O1,97,-2.614,S2M
25,O1,98,-5.544,S2M
25,O1,99,-8.962,S2M
25,O1,100,-11.892,S2M
25,O1,101,-12.380,S2M
25,O1,102,-9.450,S2M
25,O1,103,-5.056,S2M
25,O1,104,-1.638,S2M
25,O1,105,-1.149,S2M
25,O1,106,-4.567,S2M
25,O1,107,-10.427,S2M
25,O1,108,-15.310,S2M
25,O1,109,-16.286,S2M
25,O1,110,-13.357,S2M
25,O1,111,-8.474,S2M
25,O1,112,-4.567,S2M
25,O1,113,-2.614,S2M
25,O1,114,-1.638,S2M
25,O1,115,-2.614,S2M
25,O1,116,-3.591,S2M
25,O1,117,-5.544,S2M
25,O1,118,-7.497,S2M
25,O1,119,-8.474,S2M
25,O1,120,-7.985,S2M
25,O1,121,-5.544,S2M
25,O1,122,-1.638,S2M
25,O1,123,0.315,S2M
25,O1,124,-0.173,S2M
25,O1,125,-1.638,S2M
25,O1,126,-2.614,S2M
25,O1,127,-1.149,S2M
25,O1,128,1.292,S2M
25,O1,129,2.757,S2M
25,O1,130,0.804,S2M
25,O1,131,-3.591,S2M
25,O1,132,-7.009,S2M
25,O1,133,-7.497,S2M
25,O1,134,-3.591,S2M
25,O1,135,1.292,S2M
25,O1,136,4.222,S2M
25,O1,137,3.245,S2M
25,O1,138,-0.173,S2M
25,O1,139,-3.591,S2M
25,O1,140,-5.056,S2M
25,O1,141,-5.056,S2M
25,O1,142,-4.567,S2M
25,O1,143,-5.056,S2M
25,O1,144,-5.544,S2M
25,O1,145,-6.032,S2M
25,O1,146,-5.544,S2M
25,O1,147,-3.591,S2M
25,O1,148,-2.614,S2M
25,O1,149,-2.614,S2M
25,O1,150,-3.591,S2M
25,O1,151,-4.567,S2M
25,O1,152,-4.567,S2M
25,O1,153,-4.079,S2M
25,O1,154,-4.567,S2M
25,O1,155,-5.544,S2M
25,O1,156,-7.009,S2M
25,O1,157,-7.497,S2M
25,O1,158,-5.544,S2M
25,O1,159,-2.126,S2M
25,O1,160,0.804,S2M
25,O1,161,1.292,S2M
25,O1,162,-1.149,S2M
25,O1,163,-4.567,S2M
25,O1,164,-7.009,S2M
25,O1,165,-7.009,S2M
25,O1,166,-5.056,S2M
25,O1,167,-3.103,S2M
25,O1,168,-2.614,S2M
25,O1,169,-4.079,S2M
25,O1,170,-6.032,S2M
25,O1,171,-7.009,S2M
25,O1,172,-6.521,S2M
25,O1,173,-5.544,S2M
25,O1,174,-4.567,S2M
25,O1,175,-4.079,S2M
25,O1,176,-4.079,S2M
25,O1,177,-3.591,S2M
25,O1,178,-2.614,S2M
25,O1,179,-1.149,S2M
25,O1,180,-0.661,S2M
25,O1,181,-0.173,S2M
25,O1,182,-0.173,S2M
25,O1,183,-0.173,S2M
25,O1,184,0.315,S2M
25,O1,185,-0.173,S2M
25,O1,186,-1.638,S2M
25,O1,187,-2.126,S2M
25,O1,188,-1.638,S2M
25,O1,189,0.315,S2M
25,O1,190,3.245,S2M
25,O1,191,4.222,S2M
25,O1,192,2.757,S2M
25,O1,193,0.315,S2M
25,O1,194,-3.103,S2M
25,O1,195,-4.079,S2M
25,O1,196,-3.591,S2M
25,O1,197,-2.614,S2M
25,O1,198,-2.126,S2M
25,O1,199,-3.103,S2M
25,O1,200,-3.591,S2M
25,O1,201,-3.591,S2M
25,O1,202,-1.149,S2M
25,O1,203,2.757,S2M
25,O1,204,5.686,S2M
25,O1,205,6.663,S2M
25,O1,206,5.686,S2M
25,O1,207,4.222,S2M
25,O1,208,3.733,S2M
25,O1,209,5.198,S2M
25,O1,210,7.640,S2M
25,O1,211,8.128,S2M
25,O1,212,7.640,S2M
25,O1,213,5.686,S2M
25,O1,214,4.222,S2M
25,O1,215,4.222,S2M
25,O1,216,4.710,S2M
25,O1,217,5.198,S2M
25,O1,218,4.710,S2M
25,O1,219,2.757,S2M
25,O1,220,0.804,S2M
25,O1,221,0.315,S2M
25,O1,222,0.804,S2M
25,O1,223,2.268,S2M
25,O1,224,3.245,S2M
25,O1,225,3.733,S2M
25,O1,226,3.245,S2M
25,O1,227,2.268,S2M
25,O1,228,2.268,S2M
25,O1,229,2.757,S2M
25,O1,230,3.733,S2M
25,O1,231,5.198,S2M
25,O1,232,6.175,S2M
25,O1,233,6.175,S2M
25,O1,234,6.175,S2M
25,O1,235,6.175,S2M
25,O1,236,6.175,S2M
25,O1,237,6.663,S2M
25,O1,238,6.663,S2M
25,O1,239,5.198,S2M
25,O1,240,2.268,S2M
25,O1,241,-1.149,S2M
25,O1,242,-2.614,S2M
25,O1,243,-2.126,S2M
25,O1,244,0.804,S2M
25,O1,245,4.222,S2M
25,O1,246,5.686,S2M
25,O1,247,5.686,S2M
25,O1,248,4.710,S2M
25,O1,249,4.222,S2M
25,O1,250,5.686,S2M
25,O1,251,7.640,S2M
25,O1,252,9.104,S2M
25,O1,253,8.128,S2M
25,O1,254,5.686,S2M
25,O1,255,3.733,S2M
25,X,0,8.077,S2M
25,X,1,1.241,S2M
25,X,2,-5.107,S2M
25,X,3,-8.525,S2M
25,X,4,-8.036,S2M
25,X,5,-6.571,S2M
25,X,6,-6.083,S2M
25,X,7,-8.036,S2M
25,X,8,-9.013,S2M
25,X,9,-8.036,S2M
25,X,10,-2.665,S2M
25,X,11,4.659,S2M
25,X,12,9.542,S2M
25,X,13,10.030,S2M
25,X,14,5.147,S2M
25,X,15,-2.177,S2M
25,X,16,-8.036,S2M
25,X,17,-10.478,S2M
25,X,18,-8.036,S2M
25,X,19,-2.177,S2M
25,X,20,4.171,S2M
25,X,21,9.542,S2M
25,X,22,12.472,S2M
25,X,23,13.448,S2M
25,X,24,13.448,S2M
25,X,25,12.472,S2M
25,X,26,11.495,S2M
25,X,27,10.518,S2M
25,X,28,9.054,S2M
25,X,29,7.100,S2M
25,X,30,5.147,S2M
25,X,31,3.682,S2M
25,X,32,3.194,S2M
25,X,33,2.706,S2M
25,X,34,1.729,S2M
25,X,35,0.753,S2M
25,X,36,0.264,S2M
25,X,37,0.264,S2M
25,X,38,0.264,S2M
25,X,39,-0.712,S2M
25,X,40,-2.177,S2M
25,X,41,-4.130,S2M
25,X,42,-5.595,S2M
25,X,43,-6.083,S2M
25,X,44,-4.618,S2M
25,X,45,-2.665,S2M
25,X,46,-0.712,S2M
25,X,47,1.729,S2M
25,X,48,4.171,S2M
25,X,49,7.100,S2M
25,X,50,10.518,S2M
25,X,51,12.960,S2M
25,X,52,13.448,S2M
25,X,53,11.495,S2M
25,X,54,6.612,S2M
25,X,55,0.753,S2M
25,X,56,-4.130,S2M
25,X,57,-7.548,S2M
25,X,58,-8.036,S2M
25,X,59,-6.571,S2M
25,X,60,-3.642,S2M
25,X,61,-2.177,S2M
25,X,62,-3.153,S2M
25,X,63,-7.060,S2M
25,X,64,-11.943,S2M
25,X,65,-14.872,S2M
25,X,66,-15.361,S2M
25,X,67,-13.896,S2M
25,X,68,-12.431,S2M
25,X,69,-13.407,S2M
25,X,70,-16.337,S2M
25,X,71,-19.267,S2M
25,X,72,-19.267,S2M
25,X,73,-15.849,S2M
25,X,74,-10.478,S2M
25,X,75,-6.083,S2M
25,X,76,-5.107,S2M
25,X,77,-7.548,S2M
25,X,78,-10.478,S2M
25,X,79,-11.454,S2M
25,X,80,-10.478,S2M
25,X,81,-9.013,S2M
25,X,82,-10.478,S2M
25,X,83,-14.872,S2M
25,X,84,-19.267,S2M
25,X,85,-19.755,S2M
25,X,86,-14.384,S2M
25,X,87,-6.571,S2M
25,X,88,-1.689,S2M
25,X,89,-6.083,S2M
25,X,90,-18.290,S2M
25,X,91,-32.450,S2M
25,X,92,-40.751,S2M
25,X,93,-39.775,S2M
25,X,94,-30.497,S2M
25,X,95,-19.755,S2M
25,X,96,-12.431,S2M
25,X,97,-11.943,S2M
25,X,98,-17.802,S2M
25,X,99,-25.614,S2M
25,X,100,-31.962,S2M
25,X,101,-33.427,S2M
25,X,102,-29.032,S2M
25,X,103,-22.196,S2M
25,X,104,-17.314,S2M
25,X,105,-17.314,S2M
25,X,106,-22.685,S2M
25,X,107,-30.986,S2M
25,X,108,-36.845,S2M
25,X,109,-35.380,S2M
25,X,110,-28.056,S2M
25,X,111,-16.825,S2M
25,X,112,-9.013,S2M
25,X,113,-6.083,S2M
25,X,114,-9.013,S2M
25,X,115,-14.384,S2M
25,X,116,-19.267,S2M
25,X,117,-21.708,S2M
25,X,118,-21.708,S2M
25,X,119,-21.220,S2M
25,X,120,-20.243,S2M
25,X,121,-17.802,S2M
25,X,122,-13.407,S2M
25,X,123,-8.036,S2M
25,X,124,-4.130,S2M
25,X,125,-3.642,S2M
25,X,126,-6.571,S2M
25,X,127,-10.478,S2M
25,X,128,-12.919,S2M
25,X,129,-13.896,S2M
25,X,130,-14.872,S2M
25,X,131,-18.290,S2M
25,X,132,-23.173,S2M
25,X,133,-26.103,S2M
25,X,134,-24.150,S2M
25,X,135,-17.314,S2M
25,X,136,-9.501,S2M
25,X,137,-4.618,S2M
25,X,138,-6.083,S2M
25,X,139,-10.966,S2M
25,X,140,-15.849,S2M
25,X,141,-17.314,S2M
25,X,142,-14.872,S2M
25,X,143,-11.943,S2M
25,X,144,-10.478,S2M
25,X,145,-11.943,S2M
25,X,146,-14.384,S2M
25,X,147,-15.361,S2M
25,X,148,-13.896,S2M
25,X,149,-10.478,S2M
25,X,150,-6.571,S2M
25,X,151,-3.153,S2M
25,X,152,-1.689,S2M
25,X,153,-3.153,S2M
25,X,154,-7.548,S2M
25,X,155,-14.872,S2M
25,X,156,-21.708,S2M
25,X,157,-25.126,S2M
25,X,158,-23.173,S2M
25,X,159,-16.825,S2M
25,X,160,-9.989,S2M
25,X,161,-7.060,S2M
25,X,162,-9.501,S2M
25,X,163,-15.849,S2M
25,X,164,-21.220,S2M
25,X,165,-23.661,S2M
25,X,166,-23.173,S2M
25,X,167,-22.685,S2M
25,X,168,-22.685,S2M
25,X,169,-22.685,S2M
25,X,170,-21.708,S2M
25,X,171,-18.290,S2M
25,X,172,-14.384,S2M
25,X,173,-12.919,S2M
25,X,174,-15.849,S2M
25,X,175,-21.220,S2M
25,X,176,-26.103,S2M
25,X,177,-26.103,S2M
25,X,178,-21.708,S2M
25,X,179,-14.872,S2M
25,X,180,-10.478,S2M
25,X,181,-11.943,S2M
25,X,182,-18.778,S2M
25,X,183,-26.591,S2M
25,X,184,-30.497,S2M
25,X,185,-27.079,S2M
25,X,186,-18.290,S2M
25,X,187,-8.525,S2M
25,X,188,-4.130,S2M
25,X,189,-7.060,S2M
25,X,190,-14.872,S2M
25,X,191,-22.196,S2M
25,X,192,-24.150,S2M
25,X,193,-19.755,S2M
25,X,194,-11.454,S2M
25,X,195,-3.642,S2M
25,X,196,-1.200,S2M
25,X,197,-3.642,S2M
25,X,198,-10.478,S2M
25,X,199,-18.290,S2M
25,X,200,-23.173,S2M
25,X,201,-23.661,S2M
25,X,202,-19.755,S2M
25,X,203,-13.407,S2M
25,X,204,-7.060,S2M
25,X,205,-4.130,S2M
25,X,206,-4.618,S2M
25,X,207,-6.083,S2M
25,X,208,-6.571,S2M
25,X,209,-5.595,S2M
25,X,210,-4.130,S2M
25,X,211,-3.642,S2M
25,X,212,-5.595,S2M
25,X,213,-8.036,S2M
25,X,214,-10.478,S2M
25,X,215,-10.966,S2M
25,X,216,-10.966,S2M
25,X,217,-11.943,S2M
25,X,218,-12.919,S2M
25,X,219,-13.896,S2M
25,X,220,-13.407,S2M
25,X,221,-10.966,S2M
25,X,222,-7.060,S2M
25,X,223,-3.153,S2M
25,X,224,-0.712,S2M
25,X,225,-0.712,S2M
25,X,226,-2.177,S2M
25,X,227,-5.107,S2M
25,X,228,-9.013,S2M
25,X,229,-12.431,S2M
25,X,230,-12.919,S2M
25,X,231,-9.989,S2M
25,X,232,-5.107,S2M
25,X,233,-0.712,S2M
25,X,234,0.264,S2M
25,X,235,-2.177,S2M
25,X,236,-6.083,S2M
25,X,237,-8.036,S2M
25,X,238,-4.618,S2M
25,X,239,2.218,S2M
25,X,240,7.589,S2M
25,X,241,7.100,S2M
25,X,242,0.264,S2M
25,X,243,-9.501,S2M
25,X,244,-16.825,S2M
25,X,245,-17.802,S2M
25,X,246,-12.919,S2M
25,X,247,-6.571,S2M
25,X,248,-2.177,S2M
25,X,249,-1.689,S2M
25,X,250,-3.642,S2M
25,X,251,-4.618,S2M
25,X,252,-3.642,S2M
25,X,253,-2.177,S2M
25,X,254,-2.177,S2M
25,X,255,-4.130,S2M
25,AF7,0,0.142,S2M
25,AF7,1,6.002,S2M
25,AF7,2,12.838,S2M
25,AF7,3,11.373,S2M
25,AF7,4,-2.299,S2M
25,AF7,5,-17.924,S2M
25,AF7,6,-22.807,S2M
25,AF7,7,-13.529,S2M
25,AF7,8,-0.834,S2M
25,AF7,9,4.537,S2M
25,AF7,10,1.607,S2M
25,AF7,11,-2.299,S2M
25,AF7,12,-0.346,S2M
25,AF7,13,4.049,S2M
25,AF7,14,4.537,S2M
25,AF7,15,-1.322,S2M
25,AF7,16,-8.158,S2M
25,AF7,17,-10.600,S2M
25,AF7,18,-7.670,S2M
25,AF7,19,-1.322,S2M
25,AF7,20,6.490,S2M
25,AF7,21,12.838,S2M
25,AF7,22,16.256,S2M
25,AF7,23,14.791,S2M
25,AF7,24,9.420,S2M
25,AF7,25,5.025,S2M
25,AF7,26,3.560,S2M
25,AF7,27,6.490,S2M
25,AF7,28,7.955,S2M
25,AF7,29,4.049,S2M
25,AF7,30,-3.276,S2M
25,AF7,31,-9.623,S2M
25,AF7,32,-9.135,S2M
25,AF7,33,-1.811,S2M
25,AF7,34,7.955,S2M
25,AF7,35,12.838,S2M
25,AF7,36,9.420,S2M
25,AF7,37,0.631,S2M
25,AF7,38,-8.158,S2M
25,AF7,39,-13.041,S2M
25,AF7,40,-12.065,S2M
25,AF7,41,-6.694,S2M
25,AF7,42,-0.346,S2M
25,AF7,43,4.049,S2M
25,AF7,44,3.072,S2M
25,AF7,45,-2.787,S2M
25,AF7,46,-9.623,S2M
25,AF7,47,-9.623,S2M
25,AF7,48,-0.834,S2M
25,AF7,49,9.908,S2M
25,AF7,50,15.279,S2M
25,AF7,51,13.326,S2M
25,AF7,52,8.931,S2M
25,AF7,53,9.420,S2M
25,AF7,54,12.838,S2M
25,AF7,55,13.814,S2M
25,AF7,56,7.955,S2M
25,AF7,57,0.142,S2M
25,AF7,58,-1.811,S2M
25,AF7,59,2.096,S2M
25,AF7,60,3.560,S2M
25,AF7,61,-3.276,S2M
25,AF7,62,-14.018,S2M
25,AF7,63,-18.901,S2M
25,AF7,64,-13.529,S2M
25,AF7,65,-3.764,S2M
25,AF7,66,-1.322,S2M
25,AF7,67,-8.647,S2M
25,AF7,68,-18.901,S2M
25,AF7,69,-23.295,S2M
25,AF7,70,-20.365,S2M
25,AF7,71,-14.506,S2M
25,AF7,72,-9.135,S2M
25,AF7,73,-5.717,S2M
25,AF7,74,-1.811,S2M
25,AF7,75,2.096,S2M
25,AF7,76,2.584,S2M
25,AF7,77,-2.787,S2M
25,AF7,78,-10.111,S2M
25,AF7,79,-15.483,S2M
25,AF7,80,-14.506,S2M
25,AF7,81,-8.158,S2M
25,AF7,82,-1.811,S2M
25,AF7,83,0.142,S2M
25,AF7,84,-4.740,S2M
25,AF7,85,-12.553,S2M
25,AF7,86,-17.436,S2M
25,AF7,87,-16.459,S2M
25,AF7,88,-13.041,S2M
25,AF7,89,-11.576,S2M
25,AF7,90,-13.529,S2M
25,AF7,91,-14.994,S2M
25,AF7,92,-12.065,S2M
25,AF7,93,-7.182,S2M
25,AF7,94,-4.740,S2M
25,AF7,95,-7.182,S2M
25,AF7,96,-12.065,S2M
25,AF7,97,-14.506,S2M
25,AF7,98,-15.483,S2M
25,AF7,99,-16.947,S2M
25,AF7,100,-18.412,S2M
25,AF7,101,-17.924,S2M
25,AF7,102,-14.506,S2M
25,AF7,103,-12.065,S2M
25,AF7,104,-13.041,S2M
25,AF7,105,-17.436,S2M
25,AF7,106,-20.365,S2M
25,AF7,107,-19.389,S2M
25,AF7,108,-16.459,S2M
25,AF7,109,-14.018,S2M
25,AF7,110,-12.553,S2M
25,AF7,111,-9.135,S2M
25,AF7,112,-4.740,S2M
25,AF7,113,-1.322,S2M
25,AF7,114,-2.299,S2M
25,AF7,115,-8.158,S2M
25,AF7,116,-14.506,S2M
25,AF7,117,-17.924,S2M
25,AF7,118,-16.947,S2M
25,AF7,119,-13.041,S2M
25,AF7,120,-8.647,S2M
25,AF7,121,-4.252,S2M
25,AF7,122,-2.787,S2M
25,AF7,123,-5.229,S2M
25,AF7,124,-10.600,S2M
25,AF7,125,-13.529,S2M
25,AF7,126,-9.135,S2M
25,AF7,127,0.142,S2M
25,AF7,128,5.025,S2M
25,AF7,129,-2.787,S2M
25,AF7,130,-18.901,S2M
25,AF7,131,-30.619,S2M
25,AF7,132,-27.690,S2M
25,AF7,133,-14.506,S2M
25,AF7,134,-2.299,S2M
25,AF7,135,2.096,S2M
25,AF7,136,3.072,S2M
25,AF7,137,6.490,S2M
25,AF7,138,8.931,S2M
25,AF7,139,3.072,S2M
25,AF7,140,-11.576,S2M
25,AF7,141,-26.225,S2M
25,AF7,142,-28.666,S2M
25,AF7,143,-18.412,S2M
25,AF7,144,-7.670,S2M
25,AF7,145,-7.670,S2M
25,AF7,146,-15.971,S2M
25,AF7,147,-20.365,S2M
25,AF7,148,-10.111,S2M
25,AF7,149,7.955,S2M
25,AF7,150,18.697,S2M
25,AF7,151,13.326,S2M
25,AF7,152,-3.764,S2M
25,AF7,153,-16.459,S2M
25,AF7,154,-16.947,S2M
25,AF7,155,-10.600,S2M
25,AF7,156,-8.647,S2M
25,AF7,157,-15.971,S2M
25,AF7,158,-23.783,S2M
25,AF7,159,-21.830,S2M
25,AF7,160,-10.600,S2M
25,AF7,161,0.142,S2M
25,AF7,162,0.142,S2M
25,AF7,163,-7.182,S2M
25,AF7,164,-12.553,S2M
25,AF7,165,-10.111,S2M
25,AF7,166,-5.229,S2M
25,AF7,167,-5.717,S2M
25,AF7,168,-14.506,S2M
25,AF7,169,-23.295,S2M
25,AF7,170,-27.690,S2M
25,AF7,171,-25.248,S2M
25,AF7,172,-19.389,S2M
25,AF7,173,-12.065,S2M
25,AF7,174,-4.252,S2M
25,AF7,175,3.072,S2M
25,AF7,176,6.978,S2M
25,AF7,177,5.025,S2M
25,AF7,178,-0.346,S2M
25,AF7,179,-6.205,S2M
25,AF7,180,-11.088,S2M
25,AF7,181,-16.459,S2M
25,AF7,182,-20.854,S2M
25,AF7,183,-20.854,S2M
25,AF7,184,-15.971,S2M
25,AF7,185,-11.088,S2M
25,AF7,186,-13.041,S2M
25,AF7,187,-20.365,S2M
25,AF7,188,-23.295,S2M
25,AF7,189,-14.018,S2M
25,AF7,190,3.560,S2M
25,AF7,191,16.256,S2M
25,AF7,192,14.791,S2M
25,AF7,193,2.096,S2M
25,AF7,194,-9.623,S2M
25,AF7,195,-12.065,S2M
25,AF7,196,-12.065,S2M
25,AF7,197,-15.483,S2M
25,AF7,198,-23.295,S2M
25,AF7,199,-26.713,S2M
25,AF7,200,-19.389,S2M
25,AF7,201,-6.205,S2M
25,AF7,202,0.142,S2M
25,AF7,203,-5.229,S2M
25,AF7,204,-14.994,S2M
25,AF7,205,-14.994,S2M
25,AF7,206,-0.346,S2M
25,AF7,207,17.721,S2M
25,AF7,208,23.092,S2M
25,AF7,209,13.326,S2M
25,AF7,210,-0.834,S2M
25,AF7,211,-7.670,S2M
25,AF7,212,-6.694,S2M
25,AF7,213,-5.229,S2M
25,AF7,214,-6.205,S2M
25,AF7,215,-6.205,S2M
25,AF7,216,-2.299,S2M
25,AF7,217,3.072,S2M
25,AF7,218,1.607,S2M
25,AF7,219,-5.717,S2M
25,AF7,220,-11.088,S2M
25,AF7,221,-9.135,S2M
25,AF7,222,-1.322,S2M
25,AF7,223,4.049,S2M
25,AF7,224,3.560,S2M
25,AF7,225,1.119,S2M
25,AF7,226,1.607,S2M
25,AF7,227,6.978,S2M
25,AF7,228,11.373,S2M
25,AF7,229,10.885,S2M
25,AF7,230,5.514,S2M
25,AF7,231,-1.322,S2M
25,AF7,232,-7.670,S2M
25,AF7,233,-10.111,S2M
25,AF7,234,-8.647,S2M
25,AF7,235,-0.834,S2M
25,AF7,236,9.420,S2M
25,AF7,237,16.744,S2M
25,AF7,238,16.256,S2M
25,AF7,239,7.955,S2M
25,AF7,240,-3.276,S2M
25,AF7,241,-11.576,S2M
25,AF7,242,-13.529,S2M
25,AF7,243,-10.600,S2M
25,AF7,244,-8.158,S2M
25,AF7,245,-9.623,S2M
25,AF7,246,-14.506,S2M
25,AF7,247,-16.947,S2M
25,AF7,248,-10.111,S2M
25,AF7,249,3.072,S2M
25,AF7,250,14.303,S2M
25,AF7,251,12.838,S2M
25,AF7,252,-0.346,S2M
25,AF7,253,-14.994,S2M
25,AF7,254,-20.365,S2M
25,AF7,255,-14.994,S2M
25,AF8,0,-2.736,S2M
25,AF8,1,2.146,S2M
25,AF8,2,5.076,S2M
25,AF8,3,1.658,S2M
25,AF8,4,-8.596,S2M
25,AF8,5,-18.850,S2M
25,AF8,6,-23.733,S2M
25,AF8,7,-20.803,S2M
25,AF8,8,-13.479,S2M
25,AF8,9,-6.643,S2M
25,AF8,10,-2.248,S2M
25,AF8,11,1.170,S2M
25,AF8,12,3.611,S2M
25,AF8,13,5.564,S2M
25,AF8,14,5.076,S2M
25,AF8,15,2.146,S2M
25,AF8,16,-0.295,S2M
25,AF8,17,-0.783,S2M
25,AF8,18,0.682,S2M
25,AF8,19,0.193,S2M
25,AF8,20,-4.690,S2M
25,AF8,21,-9.572,S2M
25,AF8,22,-8.596,S2M
25,AF8,23,1.658,S2M
25,AF8,24,14.353,S2M
25,AF8,25,19.236,S2M
25,AF8,26,11.424,S2M
25,AF8,27,-1.760,S2M
25,AF8,28,-7.619,S2M
25,AF8,29,-2.248,S2M
25,AF8,30,7.517,S2M
25,AF8,31,8.982,S2M
25,AF8,32,0.193,S2M
25,AF8,33,-10.549,S2M
25,AF8,34,-12.502,S2M
25,AF8,35,-7.131,S2M
25,AF8,36,-3.225,S2M
25,AF8,37,-8.108,S2M
25,AF8,38,-15.432,S2M
25,AF8,39,-13.967,S2M
25,AF8,40,-3.225,S2M
25,AF8,41,6.053,S2M
25,AF8,42,3.611,S2M
25,AF8,43,-8.596,S2M
25,AF8,44,-16.897,S2M
25,AF8,45,-13.479,S2M
25,AF8,46,-3.225,S2M
25,AF8,47,3.123,S2M
25,AF8,48,1.658,S2M
25,AF8,49,-1.760,S2M
25,AF8,50,-1.760,S2M
25,AF8,51,1.170,S2M
25,AF8,52,2.146,S2M
25,AF8,53,0.193,S2M
25,AF8,54,-2.736,S2M
25,AF8,55,-2.736,S2M
25,AF8,56,-2.248,S2M
25,AF8,57,-1.760,S2M
25,AF8,58,-2.248,S2M
25,AF8,59,-1.760,S2M
25,AF8,60,-0.295,S2M
25,AF8,61,-1.272,S2M
25,AF8,62,-7.619,S2M
25,AF8,63,-17.385,S2M
25,AF8,64,-26.662,S2M
25,AF8,65,-31.057,S2M
25,AF8,66,-28.615,S2M
25,AF8,67,-22.268,S2M
25,AF8,68,-15.432,S2M
25,AF8,69,-11.525,S2M
25,AF8,70,-11.037,S2M
25,AF8,71,-10.549,S2M
25,AF8,72,-7.131,S2M
25,AF8,73,-1.760,S2M
25,AF8,74,1.170,S2M
25,AF8,75,-0.783,S2M
25,AF8,76,-6.643,S2M
25,AF8,77,-10.061,S2M
25,AF8,78,-6.643,S2M
25,AF8,79,0.682,S2M
25,AF8,80,5.076,S2M
25,AF8,81,3.611,S2M
25,AF8,82,-4.201,S2M
25,AF8,83,-12.502,S2M
25,AF8,84,-15.920,S2M
25,AF8,85,-11.525,S2M
25,AF8,86,-3.225,S2M
25,AF8,87,1.658,S2M
25,AF8,88,-2.736,S2M
25,AF8,89,-14.943,S2M
25,AF8,90,-26.174,S2M
25,AF8,91,-27.639,S2M
25,AF8,92,-18.850,S2M
25,AF8,93,-9.572,S2M
25,AF8,94,-10.061,S2M
25,AF8,95,-19.338,S2M
25,AF8,96,-27.639,S2M
25,AF8,97,-24.709,S2M
25,AF8,98,-12.014,S2M
25,AF8,99,-0.783,S2M
25,AF8,100,-1.272,S2M
25,AF8,101,-11.525,S2M
25,AF8,102,-18.361,S2M
25,AF8,103,-13.479,S2M
25,AF8,104,-3.225,S2M
25,AF8,105,-0.295,S2M
25,AF8,106,-9.572,S2M
25,AF8,107,-23.733,S2M
25,AF8,108,-28.127,S2M
25,AF8,109,-20.315,S2M
25,AF8,110,-11.037,S2M
25,AF8,111,-10.549,S2M
25,AF8,112,-17.873,S2M
25,AF8,113,-20.803,S2M
25,AF8,114,-12.502,S2M
25,AF8,115,1.658,S2M
25,AF8,116,9.471,S2M
25,AF8,117,5.076,S2M
25,AF8,118,-5.666,S2M
25,AF8,119,-12.990,S2M
25,AF8,120,-13.479,S2M
25,AF8,121,-10.549,S2M
25,AF8,122,-7.619,S2M
25,AF8,123,-4.201,S2M
25,AF8,124,1.170,S2M
25,AF8,125,4.588,S2M
25,AF8,126,2.146,S2M
25,AF8,127,-5.666,S2M
25,AF8,128,-12.990,S2M
25,AF8,129,-13.479,S2M
25,AF8,130,-10.061,S2M
25,AF8,131,-11.037,S2M
25,AF8,132,-19.338,S2M
25,AF8,133,-27.639,S2M
25,AF8,134,-25.686,S2M
25,AF8,135,-9.572,S2M
25,AF8,136,9.471,S2M
25,AF8,137,17.283,S2M
25,AF8,138,8.982,S2M
25,AF8,139,-6.154,S2M
25,AF8,140,-16.408,S2M
25,AF8,141,-16.897,S2M
25,AF8,142,-11.525,S2M
25,AF8,143,-8.596,S2M
25,AF8,144,-8.596,S2M
25,AF8,145,-8.108,S2M
25,AF8,146,-5.178,S2M
25,AF8,147,-0.783,S2M
25,AF8,148,1.170,S2M
25,AF8,149,0.682,S2M
25,AF8,150,-1.272,S2M
25,AF8,151,-3.713,S2M
25,AF8,152,-7.131,S2M
25,AF8,153,-10.061,S2M
25,AF8,154,-11.037,S2M
25,AF8,155,-9.572,S2M
25,AF8,156,-9.572,S2M
25,AF8,157,-12.990,S2M
25,AF8,158,-16.408,S2M
25,AF8,159,-16.408,S2M
25,AF8,160,-12.502,S2M
25,AF8,161,-8.108,S2M
25,AF8,162,-7.619,S2M
25,AF8,163,-8.108,S2M
25,AF8,164,-8.596,S2M
25,AF8,165,-7.619,S2M
25,AF8,166,-10.061,S2M
25,AF8,167,-16.897,S2M
25,AF8,168,-24.709,S2M
25,AF8,169,-25.686,S2M
25,AF8,170,-18.850,S2M
25,AF8,171,-9.084,S2M
25,AF8,172,-3.713,S2M
25,AF8,173,-4.201,S2M
25,AF8,174,-5.178,S2M
25,AF8,175,-3.225,S2M
25,AF8,176,0.193,S2M
25,AF8,177,-1.760,S2M
25,AF8,178,-10.549,S2M
25,AF8,179,-20.315,S2M
25,AF8,180,-23.244,S2M
25,AF8,181,-18.361,S2M
25,AF8,182,-11.525,S2M
25,AF8,183,-10.061,S2M
25,AF8,184,-12.990,S2M
25,AF8,185,-15.432,S2M
25,AF8,186,-14.943,S2M
25,AF8,187,-13.479,S2M
25,AF8,188,-12.990,S2M
25,AF8,189,-11.525,S2M
25,AF8,190,-4.690,S2M
25,AF8,191,5.564,S2M
25,AF8,192,11.424,S2M
25,AF8,193,8.006,S2M
25,AF8,194,-2.248,S2M
25,AF8,195,-11.037,S2M
25,AF8,196,-12.990,S2M
25,AF8,197,-10.061,S2M
25,AF8,198,-8.596,S2M
25,AF8,199,-11.037,S2M
25,AF8,200,-14.943,S2M
25,AF8,201,-16.897,S2M
25,AF8,202,-14.455,S2M
25,AF8,203,-8.108,S2M
25,AF8,204,0.682,S2M
25,AF8,205,9.471,S2M
25,AF8,206,14.842,S2M
25,AF8,207,13.377,S2M
25,AF8,208,6.053,S2M
25,AF8,209,-0.295,S2M
25,AF8,210,-2.248,S2M
25,AF8,211,0.193,S2M
25,AF8,212,2.146,S2M
25,AF8,213,0.682,S2M
25,AF8,214,-2.736,S2M
25,AF8,215,-3.225,S2M
25,AF8,216,-2.248,S2M
25,AF8,217,-4.201,S2M
25,AF8,218,-9.084,S2M
25,AF8,219,-12.990,S2M
25,AF8,220,-8.596,S2M
25,AF8,221,4.100,S2M
25,AF8,222,16.307,S2M
25,AF8,223,17.771,S2M
25,AF8,224,8.006,S2M
25,AF8,225,-2.248,S2M
25,AF8,226,-3.713,S2M
25,AF8,227,1.658,S2M
25,AF8,228,5.076,S2M
25,AF8,229,1.170,S2M
25,AF8,230,-5.666,S2M
25,AF8,231,-5.666,S2M
25,AF8,232,1.170,S2M
25,AF8,233,7.517,S2M
25,AF8,234,8.494,S2M
25,AF8,235,5.564,S2M
25,AF8,236,4.588,S2M
25,AF8,237,5.076,S2M
25,AF8,238,3.611,S2M
25,AF8,239,-1.760,S2M
25,AF8,240,-4.690,S2M
25,AF8,241,-1.760,S2M
25,AF8,242,4.100,S2M
25,AF8,243,5.564,S2M
25,AF8,244,0.682,S2M
25,AF8,245,-4.201,S2M
25,AF8,246,-4.201,S2M
25,AF8,247,-1.272,S2M
25,AF8,248,-1.760,S2M
25,AF8,249,-8.108,S2M
25,AF8,250,-14.455,S2M
25,AF8,251,-14.943,S2M
25,AF8,252,-8.596,S2M
25,AF8,253,-0.295,S2M
25,AF8,254,4.100,S2M
25,AF8,255,4.100,S2M
25,F5,0,3.967,S2M
25,F5,1,1.038,S2M
25,F5,2,-1.892,S2M
25,F5,3,-3.357,S2M
25,F5,4,-4.822,S2M
25,F5,5,-6.775,S2M
25,F5,6,-8.728,S2M
25,F5,7,-8.728,S2M
25,F5,8,-6.775,S2M
25,F5,9,-3.357,S2M
25,F5,10,-0.916,S2M
25,F5,11,0.061,S2M
25,F5,12,-0.427,S2M
25,F5,13,-0.916,S2M
25,F5,14,-2.869,S2M
25,F5,15,-4.822,S2M
25,F5,16,-6.775,S2M
25,F5,17,-7.263,S2M
25,F5,18,-5.798,S2M
25,F5,19,-2.380,S2M
25,F5,20,1.526,S2M
25,F5,21,4.944,S2M
25,F5,22,5.920,S2M
25,F5,23,5.920,S2M
25,F5,24,4.944,S2M
25,F5,25,3.967,S2M
25,F5,26,2.014,S2M
25,F5,27,1.038,S2M
25,F5,28,0.549,S2M
25,F5,29,1.526,S2M
25,F5,30,1.038,S2M
25,F5,31,-0.916,S2M
25,F5,32,-2.380,S2M
25,F5,33,-2.869,S2M
25,F5,34,-0.916,S2M
25,F5,35,-0.427,S2M
25,F5,36,-1.892,S2M
25,F5,37,-5.310,S2M
25,F5,38,-8.240,S2M
25,F5,39,-8.728,S2M
25,F5,40,-7.751,S2M
25,F5,41,-5.310,S2M
25,F5,42,-3.845,S2M
25,F5,43,-3.845,S2M
25,F5,44,-4.333,S2M
25,F5,45,-3.357,S2M
25,F5,46,-0.916,S2M
25,F5,47,2.502,S2M
25,F5,48,5.432,S2M
25,F5,49,7.874,S2M
25,F5,50,9.827,S2M
25,F5,51,9.827,S2M
25,F5,52,8.850,S2M
25,F5,53,7.385,S2M
25,F5,54,6.409,S2M
25,F5,55,7.385,S2M
25,F5,56,6.897,S2M
25,F5,57,5.920,S2M
25,F5,58,4.456,S2M
25,F5,59,3.479,S2M
25,F5,60,2.502,S2M
25,F5,61,0.061,S2M
25,F5,62,-3.357,S2M
25,F5,63,-6.287,S2M
25,F5,64,-8.728,S2M
25,F5,65,-10.193,S2M
25,F5,66,-11.169,S2M
25,F5,67,-11.169,S2M
25,F5,68,-10.681,S2M
25,F5,69,-9.705,S2M
25,F5,70,-8.728,S2M
25,F5,71,-7.751,S2M
25,F5,72,-7.263,S2M
25,F5,73,-5.798,S2M
25,F5,74,-3.357,S2M
25,F5,75,0.061,S2M
25,F5,76,2.502,S2M
25,F5,77,2.014,S2M
25,F5,78,-0.916,S2M
25,F5,79,-3.845,S2M
25,F5,80,-3.845,S2M
25,F5,81,-1.892,S2M
25,F5,82,0.061,S2M
25,F5,83,0.549,S2M
25,F5,84,0.061,S2M
25,F5,85,-1.404,S2M
25,F5,86,-3.357,S2M
25,F5,87,-5.798,S2M
25,F5,88,-7.263,S2M
25,F5,89,-7.751,S2M
25,F5,90,-7.263,S2M
25,F5,91,-5.798,S2M
25,F5,92,-4.333,S2M
25,F5,93,-3.845,S2M
25,F5,94,-4.822,S2M
25,F5,95,-6.775,S2M
25,F5,96,-8.728,S2M
25,F5,97,-9.216,S2M
25,F5,98,-8.240,S2M
25,F5,99,-6.287,S2M
25,F5,100,-3.845,S2M
25,F5,101,-1.892,S2M
25,F5,102,-2.380,S2M
25,F5,103,-5.798,S2M
25,F5,104,-10.193,S2M
25,F5,105,-13.123,S2M
25,F5,106,-12.146,S2M
25,F5,107,-9.216,S2M
25,F5,108,-6.775,S2M
25,F5,109,-4.822,S2M
25,F5,110,-4.333,S2M
25,F5,111,-3.845,S2M
25,F5,112,-3.357,S2M
25,F5,113,-2.380,S2M
25,F5,114,-1.404,S2M
25,F5,115,-0.916,S2M
25,F5,116,-2.869,S2M
25,F5,117,-4.822,S2M
25,F5,118,-6.287,S2M
25,F5,119,-5.310,S2M
25,F5,120,-3.845,S2M
25,F5,121,-2.869,S2M
25,F5,122,-2.380,S2M
25,F5,123,-2.869,S2M
25,F5,124,-3.845,S2M
25,F5,125,-3.845,S2M
25,F5,126,-2.869,S2M
25,F5,127,-1.892,S2M
25,F5,128,-2.869,S2M
25,F5,129,-5.798,S2M
25,F5,130,-8.728,S2M
25,F5,131,-9.705,S2M
25,F5,132,-8.728,S2M
25,F5,133,-6.775,S2M
25,F5,134,-5.310,S2M
25,F5,135,-4.333,S2M
25,F5,136,-3.357,S2M
25,F5,137,-1.404,S2M
25,F5,138,-0.427,S2M
25,F5,139,-1.404,S2M
25,F5,140,-4.333,S2M
25,F5,141,-7.751,S2M
25,F5,142,-10.193,S2M
25,F5,143,-9.705,S2M
25,F5,144,-6.775,S2M
25,F5,145,-3.357,S2M
25,F5,146,-0.916,S2M
25,F5,147,0.549,S2M
25,F5,148,1.038,S2M
25,F5,149,2.014,S2M
25,F5,150,1.526,S2M
25,F5,151,-0.916,S2M
25,F5,152,-4.333,S2M
25,F5,153,-7.263,S2M
25,F5,154,-8.240,S2M
25,F5,155,-7.751,S2M
25,F5,156,-5.798,S2M
25,F5,157,-4.822,S2M
25,F5,158,-5.310,S2M
25,F5,159,-5.798,S2M
25,F5,160,-5.798,S2M
25,F5,161,-5.310,S2M
25,F5,162,-5.310,S2M
25,F5,163,-5.310,S2M
25,F5,164,-5.798,S2M
25,F5,165,-6.287,S2M
25,F5,166,-6.287,S2M
25,F5,167,-6.775,S2M
25,F5,168,-7.263,S2M
25,F5,169,-7.263,S2M
25,F5,170,-6.287,S2M
25,F5,171,-5.798,S2M
25,F5,172,-5.310,S2M
25,F5,173,-4.822,S2M
25,F5,174,-2.869,S2M
25,F5,175,-1.404,S2M
25,F5,176,-1.892,S2M
25,F5,177,-3.357,S2M
25,F5,178,-4.822,S2M
25,F5,179,-5.310,S2M
25,F5,180,-5.798,S2M
25,F5,181,-6.775,S2M
25,F5,182,-7.751,S2M
25,F5,183,-8.728,S2M
25,F5,184,-8.240,S2M
25,F5,185,-7.751,S2M
25,F5,186,-6.775,S2M
25,F5,187,-6.775,S2M
25,F5,188,-6.775,S2M
25,F5,189,-6.775,S2M
25,F5,190,-5.798,S2M
25,F5,191,-4.822,S2M
25,F5,192,-3.357,S2M
25,F5,193,-3.357,S2M
25,F5,194,-4.333,S2M
25,F5,195,-5.798,S2M
25,F5,196,-7.263,S2M
25,F5,197,-8.728,S2M
25,F5,198,-9.705,S2M
25,F5,199,-8.728,S2M
25,F5,200,-7.263,S2M
25,F5,201,-6.287,S2M
25,F5,202,-5.798,S2M
25,F5,203,-5.310,S2M
25,F5,204,-3.845,S2M
25,F5,205,-1.892,S2M
25,F5,206,0.061,S2M
25,F5,207,0.549,S2M
25,F5,208,0.061,S2M
25,F5,209,-0.427,S2M
25,F5,210,-1.404,S2M
25,F5,211,-1.404,S2M
25,F5,212,-0.916,S2M
25,F5,213,-0.427,S2M
25,F5,214,-0.427,S2M
25,F5,215,-0.916,S2M
25,F5,216,-1.404,S2M
25,F5,217,-1.404,S2M
25,F5,218,-1.404,S2M
25,F5,219,-1.404,S2M
25,F5,220,-0.427,S2M
25,F5,221,1.038,S2M
25,F5,222,2.502,S2M
25,F5,223,2.991,S2M
25,F5,224,2.502,S2M
25,F5,225,2.014,S2M
25,F5,226,2.502,S2M
25,F5,227,2.991,S2M
25,F5,228,2.502,S2M
25,F5,229,2.014,S2M
25,F5,230,0.549,S2M
25,F5,231,-0.916,S2M
25,F5,232,-1.404,S2M
25,F5,233,-0.427,S2M
25,F5,234,0.549,S2M
25,F5,235,1.526,S2M
25,F5,236,1.526,S2M
25,F5,237,1.526,S2M
25,F5,238,2.014,S2M
25,F5,239,0.549,S2M
25,F5,240,-2.380,S2M
25,F5,241,-5.310,S2M
25,F5,242,-7.263,S2M
25,F5,243,-6.775,S2M
25,F5,244,-5.310,S2M
25,F5,245,-4.822,S2M
25,F5,246,-4.822,S2M
25,F5,247,-5.798,S2M
25,F5,248,-5.310,S2M
25,F5,249,-3.845,S2M
25,F5,250,-1.892,S2M
25,F5,251,-1.404,S2M
25,F5,252,-3.357,S2M
25,F5,253,-5.798,S2M
25,F5,254,-6.775,S2M
25,F5,255,-5.310,S2M
25,F6,0,-2.035,S2M
25,F6,1,-2.523,S2M
25,F6,2,-3.011,S2M
25,F6,3,-4.476,S2M
25,F6,4,-7.406,S2M
25,F6,5,-9.847,S2M
25,F6,6,-10.335,S2M
25,F6,7,-8.382,S2M
25,F6,8,-5.941,S2M
25,F6,9,-4.964,S2M
25,F6,10,-4.476,S2M
25,F6,11,-3.011,S2M
25,F6,12,0.407,S2M
25,F6,13,3.337,S2M
25,F6,14,2.848,S2M
25,F6,15,-0.570,S2M
25,F6,16,-4.964,S2M
25,F6,17,-6.917,S2M
25,F6,18,-5.941,S2M
25,F6,19,-3.011,S2M
25,F6,20,0.407,S2M
25,F6,21,2.360,S2M
25,F6,22,4.801,S2M
25,F6,23,6.755,S2M
25,F6,24,7.731,S2M
25,F6,25,6.755,S2M
25,F6,26,2.848,S2M
25,F6,27,-1.058,S2M
25,F6,28,-3.988,S2M
25,F6,29,-4.964,S2M
25,F6,30,-4.476,S2M
25,F6,31,-3.011,S2M
25,F6,32,-1.546,S2M
25,F6,33,-0.570,S2M
25,F6,34,-0.081,S2M
25,F6,35,-0.081,S2M
25,F6,36,-2.035,S2M
25,F6,37,-7.406,S2M
25,F6,38,-12.777,S2M
25,F6,39,-16.195,S2M
25,F6,40,-16.683,S2M
25,F6,41,-14.730,S2M
25,F6,42,-12.288,S2M
25,F6,43,-9.847,S2M
25,F6,44,-7.406,S2M
25,F6,45,-5.941,S2M
25,F6,46,-4.964,S2M
25,F6,47,-4.964,S2M
25,F6,48,-4.476,S2M
25,F6,49,-3.011,S2M
25,F6,50,-0.081,S2M
25,F6,51,0.895,S2M
25,F6,52,-1.058,S2M
25,F6,53,-4.964,S2M
25,F6,54,-8.382,S2M
25,F6,55,-8.870,S2M
25,F6,56,-7.894,S2M
25,F6,57,-7.406,S2M
25,F6,58,-8.382,S2M
25,F6,59,-9.847,S2M
25,F6,60,-11.800,S2M
25,F6,61,-12.288,S2M
25,F6,62,-14.242,S2M
25,F6,63,-17.660,S2M
25,F6,64,-21.566,S2M
25,F6,65,-22.542,S2M
25,F6,66,-21.077,S2M
25,F6,67,-18.148,S2M
25,F6,68,-16.683,S2M
25,F6,69,-17.171,S2M
25,F6,70,-17.660,S2M
25,F6,71,-15.706,S2M
25,F6,72,-10.335,S2M
25,F6,73,-5.941,S2M
25,F6,74,-4.964,S2M
25,F6,75,-7.894,S2M
25,F6,76,-10.335,S2M
25,F6,77,-9.359,S2M
25,F6,78,-4.964,S2M
25,F6,79,-0.081,S2M
25,F6,80,0.895,S2M
25,F6,81,-1.546,S2M
25,F6,82,-5.452,S2M
25,F6,83,-6.917,S2M
25,F6,84,-6.429,S2M
25,F6,85,-5.452,S2M
25,F6,86,-6.429,S2M
25,F6,87,-8.870,S2M
25,F6,88,-11.312,S2M
25,F6,89,-13.265,S2M
25,F6,90,-14.242,S2M
25,F6,91,-14.730,S2M
25,F6,92,-13.753,S2M
25,F6,93,-11.312,S2M
25,F6,94,-8.382,S2M
25,F6,95,-7.894,S2M
25,F6,96,-10.335,S2M
25,F6,97,-14.242,S2M
25,F6,98,-16.195,S2M
25,F6,99,-14.730,S2M
25,F6,100,-11.312,S2M
25,F6,101,-10.824,S2M
25,F6,102,-12.288,S2M
25,F6,103,-14.242,S2M
25,F6,104,-12.777,S2M
25,F6,105,-10.335,S2M
25,F6,106,-8.870,S2M
25,F6,107,-9.359,S2M
25,F6,108,-11.312,S2M
25,F6,109,-12.288,S2M
25,F6,110,-11.800,S2M
25,F6,111,-11.312,S2M
25,F6,112,-10.335,S2M
25,F6,113,-8.382,S2M
25,F6,114,-4.964,S2M
25,F6,115,-2.523,S2M
25,F6,116,-2.035,S2M
25,F6,117,-3.988,S2M
25,F6,118,-6.429,S2M
25,F6,119,-8.382,S2M
25,F6,120,-8.870,S2M
25,F6,121,-9.359,S2M
25,F6,122,-9.359,S2M
25,F6,123,-9.359,S2M
25,F6,124,-7.894,S2M
25,F6,125,-6.429,S2M
25,F6,126,-5.452,S2M
25,F6,127,-4.964,S2M
25,F6,128,-5.452,S2M
25,F6,129,-5.941,S2M
25,F6,130,-7.894,S2M
25,F6,131,-10.335,S2M
25,F6,132,-12.777,S2M
25,F6,133,-13.753,S2M
25,F6,134,-13.265,S2M
25,F6,135,-11.800,S2M
25,F6,136,-10.335,S2M
25,F6,137,-9.359,S2M
25,F6,138,-7.406,S2M
25,F6,139,-5.941,S2M
25,F6,140,-6.429,S2M
25,F6,141,-7.894,S2M
25,F6,142,-8.382,S2M
25,F6,143,-6.917,S2M
25,F6,144,-3.988,S2M
25,F6,145,-3.011,S2M
25,F6,146,-4.964,S2M
25,F6,147,-7.406,S2M
25,F6,148,-7.894,S2M
25,F6,149,-4.964,S2M
25,F6,150,-1.058,S2M
25,F6,151,0.407,S2M
25,F6,152,-3.011,S2M
25,F6,153,-8.382,S2M
25,F6,154,-11.800,S2M
25,F6,155,-12.288,S2M
25,F6,156,-10.824,S2M
25,F6,157,-9.847,S2M
25,F6,158,-9.847,S2M
25,F6,159,-9.847,S2M
25,F6,160,-10.335,S2M
25,F6,161,-10.824,S2M
25,F6,162,-11.312,S2M
25,F6,163,-11.800,S2M
25,F6,164,-10.824,S2M
25,F6,165,-9.847,S2M
25,F6,166,-9.847,S2M
25,F6,167,-11.800,S2M
25,F6,168,-13.265,S2M
25,F6,169,-13.753,S2M
25,F6,170,-12.288,S2M
25,F6,171,-10.824,S2M
25,F6,172,-9.359,S2M
25,F6,173,-8.870,S2M
25,F6,174,-7.894,S2M
25,F6,175,-6.917,S2M
25,F6,176,-6.917,S2M
25,F6,177,-7.894,S2M
25,F6,178,-9.847,S2M
25,F6,179,-9.847,S2M
25,F6,180,-7.894,S2M
25,F6,181,-5.941,S2M
25,F6,182,-7.406,S2M
25,F6,183,-11.312,S2M
25,F6,184,-14.242,S2M
25,F6,185,-13.753,S2M
25,F6,186,-10.335,S2M
25,F6,187,-6.429,S2M
25,F6,188,-5.452,S2M
25,F6,189,-6.917,S2M
25,F6,190,-8.870,S2M
25,F6,191,-7.894,S2M
25,F6,192,-3.499,S2M
25,F6,193,0.895,S2M
25,F6,194,1.872,S2M
25,F6,195,-2.035,S2M
25,F6,196,-7.894,S2M
25,F6,197,-11.312,S2M
25,F6,198,-10.335,S2M
25,F6,199,-6.917,S2M
25,F6,200,-3.499,S2M
25,F6,201,-2.035,S2M
25,F6,202,-2.035,S2M
25,F6,203,-1.058,S2M
25,F6,204,0.407,S2M
25,F6,205,1.872,S2M
25,F6,206,1.383,S2M
25,F6,207,-0.081,S2M
25,F6,208,-2.035,S2M
25,F6,209,-4.476,S2M
25,F6,210,-5.941,S2M
25,F6,211,-5.452,S2M
25,F6,212,-3.011,S2M
25,F6,213,0.895,S2M
25,F6,214,3.825,S2M
25,F6,215,3.337,S2M
25,F6,216,-0.570,S2M
25,F6,217,-4.476,S2M
25,F6,218,-5.452,S2M
25,F6,219,-2.523,S2M
25,F6,220,0.895,S2M
25,F6,221,2.360,S2M
25,F6,222,0.895,S2M
25,F6,223,-0.570,S2M
25,F6,224,-1.058,S2M
25,F6,225,-0.081,S2M
25,F6,226,0.407,S2M
25,F6,227,0.895,S2M
25,F6,228,1.383,S2M
25,F6,229,3.337,S2M
25,F6,230,4.801,S2M
25,F6,231,4.801,S2M
25,F6,232,1.872,S2M
25,F6,233,-1.546,S2M
25,F6,234,-2.035,S2M
25,F6,235,-0.081,S2M
25,F6,236,2.848,S2M
25,F6,237,2.848,S2M
25,F6,238,0.407,S2M
25,F6,239,-2.035,S2M
25,F6,240,-3.011,S2M
25,F6,241,-2.523,S2M
25,F6,242,-3.011,S2M
25,F6,243,-4.476,S2M
25,F6,244,-6.429,S2M
25,F6,245,-6.429,S2M
25,F6,246,-4.476,S2M
25,F6,247,-2.035,S2M
25,F6,248,-1.058,S2M
25,F6,249,-2.523,S2M
25,F6,250,-4.964,S2M
25,F6,251,-7.406,S2M
25,F6,252,-8.870,S2M
25,F6,253,-9.359,S2M
25,F6,254,-9.847,S2M
25,F6,255,-10.335,S2M
25,FT7,0,11.963,S2M
25,FT7,1,10.498,S2M
25,FT7,2,4.639,S2M
25,FT7,3,-3.174,S2M
25,FT7,4,-9.521,S2M
25,FT7,5,-11.475,S2M
25,FT7,6,-9.521,S2M
25,FT7,7,-5.127,S2M
25,FT7,8,0.732,S2M
25,FT7,9,5.615,S2M
25,FT7,10,7.568,S2M
25,FT7,11,6.592,S2M
25,FT7,12,2.686,S2M
25,FT7,13,-1.709,S2M
25,FT7,14,-5.127,S2M
25,FT7,15,-6.104,S2M
25,FT7,16,-4.150,S2M
25,FT7,17,-0.732,S2M
25,FT7,18,2.686,S2M
25,FT7,19,4.150,S2M
25,FT7,20,5.127,S2M
25,FT7,21,6.104,S2M
25,FT7,22,10.010,S2M
25,FT7,23,15.381,S2M
25,FT7,24,20.264,S2M
25,FT7,25,21.240,S2M
25,FT7,26,17.334,S2M
25,FT7,27,11.963,S2M
25,FT7,28,9.033,S2M
25,FT7,29,10.010,S2M
25,FT7,30,13.428,S2M
25,FT7,31,14.893,S2M
25,FT7,32,12.451,S2M
25,FT7,33,6.592,S2M
25,FT7,34,1.221,S2M
25,FT7,35,0.732,S2M
25,FT7,36,4.639,S2M
25,FT7,37,9.033,S2M
25,FT7,38,10.498,S2M
25,FT7,39,7.568,S2M
25,FT7,40,2.197,S2M
25,FT7,41,-1.221,S2M
25,FT7,42,-0.732,S2M
25,FT7,43,3.174,S2M
25,FT7,44,6.592,S2M
25,FT7,45,5.127,S2M
25,FT7,46,-1.709,S2M
25,FT7,47,-10.010,S2M
25,FT7,48,-12.451,S2M
25,FT7,49,-4.150,S2M
25,FT7,50,12.939,S2M
25,FT7,51,30.029,S2M
25,FT7,52,36.377,S2M
25,FT7,53,29.053,S2M
25,FT7,54,12.451,S2M
25,FT7,55,-2.197,S2M
25,FT7,56,-7.568,S2M
25,FT7,57,-4.639,S2M
25,FT7,58,0.732,S2M
25,FT7,59,1.221,S2M
25,FT7,60,-3.662,S2M
25,FT7,61,-9.033,S2M
25,FT7,62,-8.545,S2M
25,FT7,63,-3.662,S2M
25,FT7,64,2.197,S2M
25,FT7,65,3.662,S2M
25,FT7,66,-1.709,S2M
25,FT7,67,-9.521,S2M
25,FT7,68,-16.357,S2M
25,FT7,69,-19.287,S2M
25,FT7,70,-19.287,S2M
25,FT7,71,-17.822,S2M
25,FT7,72,-14.404,S2M
25,FT7,73,-8.057,S2M
25,FT7,74,-1.221,S2M
25,FT7,75,4.150,S2M
25,FT7,76,4.639,S2M
25,FT7,77,-0.244,S2M
25,FT7,78,-7.080,S2M
25,FT7,79,-10.986,S2M
25,FT7,80,-10.010,S2M
25,FT7,81,-5.127,S2M
25,FT7,82,-0.732,S2M
25,FT7,83,0.244,S2M
25,FT7,84,-1.221,S2M
25,FT7,85,-2.197,S2M
25,FT7,86,-1.221,S2M
25,FT7,87,-0.244,S2M
25,FT7,88,-1.221,S2M
25,FT7,89,-6.104,S2M
25,FT7,90,-13.428,S2M
25,FT7,91,-18.799,S2M
25,FT7,92,-19.287,S2M
25,FT7,93,-12.451,S2M
25,FT7,94,-2.197,S2M
25,FT7,95,6.592,S2M
25,FT7,96,9.033,S2M
25,FT7,97,5.127,S2M
25,FT7,98,-3.662,S2M
25,FT7,99,-12.451,S2M
25,FT7,100,-16.357,S2M
25,FT7,101,-14.893,S2M
25,FT7,102,-10.010,S2M
25,FT7,103,-4.639,S2M
25,FT7,104,-2.197,S2M
25,FT7,105,-3.662,S2M
25,FT7,106,-7.080,S2M
25,FT7,107,-8.545,S2M
25,FT7,108,-7.080,S2M
25,FT7,109,-3.174,S2M
25,FT7,110,1.709,S2M
25,FT7,111,4.639,S2M
25,FT7,112,3.174,S2M
25,FT7,113,-1.221,S2M
25,FT7,114,-7.080,S2M
25,FT7,115,-11.475,S2M
25,FT7,116,-12.451,S2M
25,FT7,117,-8.545,S2M
25,FT7,118,-1.709,S2M
25,FT7,119,4.639,S2M
25,FT7,120,7.080,S2M
25,FT7,121,5.615,S2M
25,FT7,122,0.732,S2M
25,FT7,123,-2.686,S2M
25,FT7,124,-3.174,S2M
25,FT7,125,-1.221,S2M
25,FT7,126,0.244,S2M
25,FT7,127,0.244,S2M
25,FT7,128,-1.221,S2M
25,FT7,129,-1.709,S2M
25,FT7,130,-0.244,S2M
25,FT7,131,2.197,S2M
25,FT7,132,3.174,S2M
25,FT7,133,1.709,S2M
25,FT7,134,0.732,S2M
25,FT7,135,2.197,S2M
25,FT7,136,4.639,S2M
25,FT7,137,5.615,S2M
25,FT7,138,0.244,S2M
25,FT7,139,-9.521,S2M
25,FT7,140,-17.822,S2M
25,FT7,141,-18.799,S2M
25,FT7,142,-10.498,S2M
25,FT7,143,2.197,S2M
25,FT7,144,9.521,S2M
25,FT7,145,6.592,S2M
25,FT7,146,-3.662,S2M
25,FT7,147,-13.916,S2M
25,FT7,148,-14.893,S2M
25,FT7,149,-8.057,S2M
25,FT7,150,0.732,S2M
25,FT7,151,4.639,S2M
25,FT7,152,1.221,S2M
25,FT7,153,-5.127,S2M
25,FT7,154,-8.545,S2M
25,FT7,155,-7.568,S2M
25,FT7,156,-3.662,S2M
25,FT7,157,-1.221,S2M
25,FT7,158,-0.732,S2M
25,FT7,159,-1.221,S2M
25,FT7,160,-0.732,S2M
25,FT7,161,-0.244,S2M
25,FT7,162,-1.709,S2M
25,FT7,163,-5.127,S2M
25,FT7,164,-9.033,S2M
25,FT7,165,-9.033,S2M
25,FT7,166,-4.150,S2M
25,FT7,167,2.686,S2M
25,FT7,168,4.639,S2M
25,FT7,169,0.732,S2M
25,FT7,170,-7.568,S2M
25,FT7,171,-14.404,S2M
25,FT7,172,-16.357,S2M
25,FT7,173,-12.451,S2M
25,FT7,174,-7.568,S2M
25,FT7,175,-3.174,S2M
25,FT7,176,-1.221,S2M
25,FT7,177,1.221,S2M
25,FT7,178,4.150,S2M
25,FT7,179,7.080,S2M
25,FT7,180,7.080,S2M
25,FT7,181,3.662,S2M
25,FT7,182,-0.244,S2M
25,FT7,183,-1.709,S2M
25,FT7,184,0.244,S2M
25,FT7,185,3.662,S2M
25,FT7,186,2.686,S2M
25,FT7,187,-2.197,S2M
25,FT7,188,-7.080,S2M
25,FT7,189,-7.080,S2M
25,FT7,190,0.732,S2M
25,FT7,191,12.451,S2M
25,FT7,192,20.264,S2M
25,FT7,193,19.287,S2M
25,FT7,194,10.010,S2M
25,FT7,195,-0.732,S2M
25,FT7,196,-6.592,S2M
25,FT7,197,-7.080,S2M
25,FT7,198,-4.639,S2M
25,FT7,199,-3.662,S2M
25,FT7,200,-3.662,S2M
25,FT7,201,-1.221,S2M
25,FT7,202,4.150,S2M
25,FT7,203,10.986,S2M
25,FT7,204,13.428,S2M
25,FT7,205,8.545,S2M
25,FT7,206,0.732,S2M
25,FT7,207,-3.174,S2M
25,FT7,208,0.732,S2M
25,FT7,209,10.010,S2M
25,FT7,210,17.334,S2M
25,FT7,211,15.869,S2M
25,FT7,212,8.057,S2M
25,FT7,213,-0.244,S2M
25,FT7,214,-1.709,S2M
25,FT7,215,3.174,S2M
25,FT7,216,9.033,S2M
25,FT7,217,10.498,S2M
25,FT7,218,6.104,S2M
25,FT7,219,-0.244,S2M
25,FT7,220,-2.686,S2M
25,FT7,221,-0.244,S2M
25,FT7,222,3.174,S2M
25,FT7,223,3.662,S2M
25,FT7,224,0.244,S2M
25,FT7,225,-2.686,S2M
25,FT7,226,-0.732,S2M
25,FT7,227,6.104,S2M
25,FT7,228,13.916,S2M
25,FT7,229,16.846,S2M
25,FT7,230,13.428,S2M
25,FT7,231,6.592,S2M
25,FT7,232,1.709,S2M
25,FT7,233,1.709,S2M
25,FT7,234,5.127,S2M
25,FT7,235,8.545,S2M
25,FT7,236,8.057,S2M
25,FT7,237,5.127,S2M
25,FT7,238,3.174,S2M
25,FT7,239,3.662,S2M
25,FT7,240,6.592,S2M
25,FT7,241,8.545,S2M
25,FT7,242,7.080,S2M
25,FT7,243,3.174,S2M
25,FT7,244,-0.244,S2M
25,FT7,245,0.244,S2M
25,FT7,246,4.150,S2M
25,FT7,247,9.521,S2M
25,FT7,248,10.010,S2M
25,FT7,249,4.639,S2M
25,FT7,250,-3.174,S2M
25,FT7,251,-7.568,S2M
25,FT7,252,-3.662,S2M
25,FT7,253,6.592,S2M
25,FT7,254,16.357,S2M
25,FT7,255,18.799,S2M
25,FT8,0,3.123,S2M
25,FT8,1,7.517,S2M
25,FT8,2,10.447,S2M
25,FT8,3,8.982,S2M
25,FT8,4,1.658,S2M
25,FT8,5,-7.131,S2M
25,FT8,6,-11.525,S2M
25,FT8,7,-9.572,S2M
25,FT8,8,-3.225,S2M
25,FT8,9,3.123,S2M
25,FT8,10,5.564,S2M
25,FT8,11,4.588,S2M
25,FT8,12,3.123,S2M
25,FT8,13,3.123,S2M
25,FT8,14,3.123,S2M
25,FT8,15,2.146,S2M
25,FT8,16,-1.272,S2M
25,FT8,17,-2.736,S2M
25,FT8,18,0.193,S2M
25,FT8,19,6.541,S2M
25,FT8,20,13.865,S2M
25,FT8,21,17.283,S2M
25,FT8,22,15.818,S2M
25,FT8,23,12.889,S2M
25,FT8,24,11.424,S2M
25,FT8,25,11.912,S2M
25,FT8,26,12.400,S2M
25,FT8,27,10.447,S2M
25,FT8,28,6.541,S2M
25,FT8,29,2.635,S2M
25,FT8,30,1.170,S2M
25,FT8,31,1.658,S2M
25,FT8,32,3.611,S2M
25,FT8,33,5.076,S2M
25,FT8,34,7.517,S2M
25,FT8,35,9.959,S2M
25,FT8,36,11.424,S2M
25,FT8,37,8.982,S2M
25,FT8,38,2.635,S2M
25,FT8,39,-5.178,S2M
25,FT8,40,-10.061,S2M
25,FT8,41,-9.084,S2M
25,FT8,42,-4.201,S2M
25,FT8,43,-0.783,S2M
25,FT8,44,-3.225,S2M
25,FT8,45,-9.572,S2M
25,FT8,46,-14.943,S2M
25,FT8,47,-13.479,S2M
25,FT8,48,-4.690,S2M
25,FT8,49,5.564,S2M
25,FT8,50,11.424,S2M
25,FT8,51,9.959,S2M
25,FT8,52,3.611,S2M
25,FT8,53,-1.272,S2M
25,FT8,54,-3.225,S2M
25,FT8,55,-2.248,S2M
25,FT8,56,-2.736,S2M
25,FT8,57,-4.690,S2M
25,FT8,58,-7.619,S2M
25,FT8,59,-9.572,S2M
25,FT8,60,-10.549,S2M
25,FT8,61,-12.014,S2M
25,FT8,62,-15.432,S2M
25,FT8,63,-18.361,S2M
25,FT8,64,-19.338,S2M
25,FT8,65,-16.408,S2M
25,FT8,66,-12.502,S2M
25,FT8,67,-10.061,S2M
25,FT8,68,-11.037,S2M
25,FT8,69,-14.455,S2M
25,FT8,70,-15.920,S2M
25,FT8,71,-13.967,S2M
25,FT8,72,-8.108,S2M
25,FT8,73,-3.225,S2M
25,FT8,74,-1.760,S2M
25,FT8,75,-6.154,S2M
25,FT8,76,-11.525,S2M
25,FT8,77,-14.943,S2M
25,FT8,78,-12.502,S2M
25,FT8,79,-5.178,S2M
25,FT8,80,3.123,S2M
25,FT8,81,7.517,S2M
25,FT8,82,6.053,S2M
25,FT8,83,-0.295,S2M
25,FT8,84,-6.154,S2M
25,FT8,85,-7.131,S2M
25,FT8,86,-3.225,S2M
25,FT8,87,2.635,S2M
25,FT8,88,4.100,S2M
25,FT8,89,-2.248,S2M
25,FT8,90,-13.479,S2M
25,FT8,91,-23.244,S2M
25,FT8,92,-24.709,S2M
25,FT8,93,-17.385,S2M
25,FT8,94,-6.154,S2M
25,FT8,95,0.682,S2M
25,FT8,96,-0.783,S2M
25,FT8,97,-8.108,S2M
25,FT8,98,-15.920,S2M
25,FT8,99,-18.850,S2M
25,FT8,100,-17.873,S2M
25,FT8,101,-15.920,S2M
25,FT8,102,-15.920,S2M
25,FT8,103,-15.920,S2M
25,FT8,104,-13.479,S2M
25,FT8,105,-7.619,S2M
25,FT8,106,-1.760,S2M
25,FT8,107,0.193,S2M
25,FT8,108,-4.201,S2M
25,FT8,109,-11.037,S2M
25,FT8,110,-15.432,S2M
25,FT8,111,-13.479,S2M
25,FT8,112,-8.108,S2M
25,FT8,113,-2.248,S2M
25,FT8,114,-0.295,S2M
25,FT8,115,-2.248,S2M
25,FT8,116,-4.690,S2M
25,FT8,117,-7.131,S2M
25,FT8,118,-8.596,S2M
25,FT8,119,-10.061,S2M
25,FT8,120,-11.525,S2M
25,FT8,121,-11.037,S2M
25,FT8,122,-6.643,S2M
25,FT8,123,-1.272,S2M
25,FT8,124,2.635,S2M
25,FT8,125,2.146,S2M
25,FT8,126,-2.736,S2M
25,FT8,127,-8.108,S2M
25,FT8,128,-11.037,S2M
25,FT8,129,-10.061,S2M
25,FT8,130,-7.619,S2M
25,FT8,131,-6.154,S2M
25,FT8,132,-7.619,S2M
25,FT8,133,-9.572,S2M
25,FT8,134,-9.084,S2M
25,FT8,135,-5.666,S2M
25,FT8,136,-0.783,S2M
25,FT8,137,2.635,S2M
25,FT8,138,1.658,S2M
25,FT8,139,-3.225,S2M
25,FT8,140,-9.572,S2M
25,FT8,141,-12.502,S2M
25,FT8,142,-10.549,S2M
25,FT8,143,-5.178,S2M
25,FT8,144,-0.295,S2M
25,FT8,145,-0.295,S2M
25,FT8,146,-3.713,S2M
25,FT8,147,-8.596,S2M
25,FT8,148,-10.549,S2M
25,FT8,149,-8.596,S2M
25,FT8,150,-5.178,S2M
25,FT8,151,-3.225,S2M
25,FT8,152,-6.154,S2M
25,FT8,153,-12.014,S2M
25,FT8,154,-16.897,S2M
25,FT8,155,-18.850,S2M
25,FT8,156,-15.432,S2M
25,FT8,157,-10.061,S2M
25,FT8,158,-5.178,S2M
25,FT8,159,-3.225,S2M
25,FT8,160,-3.713,S2M
25,FT8,161,-6.154,S2M
25,FT8,162,-9.084,S2M
25,FT8,163,-11.037,S2M
25,FT8,164,-12.502,S2M
25,FT8,165,-12.502,S2M
25,FT8,166,-11.525,S2M
25,FT8,167,-10.549,S2M
25,FT8,168,-9.572,S2M
25,FT8,169,-9.572,S2M
25,FT8,170,-9.572,S2M
25,FT8,171,-9.572,S2M
25,FT8,172,-8.108,S2M
25,FT8,173,-6.154,S2M
25,FT8,174,-3.713,S2M
25,FT8,175,-2.248,S2M
25,FT8,176,-2.736,S2M
25,FT8,177,-4.690,S2M
25,FT8,178,-7.131,S2M
25,FT8,179,-8.108,S2M
25,FT8,180,-7.619,S2M
25,FT8,181,-5.666,S2M
25,FT8,182,-3.225,S2M
25,FT8,183,-2.248,S2M
25,FT8,184,-4.201,S2M
25,FT8,185,-6.643,S2M
25,FT8,186,-8.108,S2M
25,FT8,187,-8.108,S2M
25,FT8,188,-5.178,S2M
25,FT8,189,-1.272,S2M
25,FT8,190,3.123,S2M
25,FT8,191,7.029,S2M
25,FT8,192,9.471,S2M
25,FT8,193,9.959,S2M
25,FT8,194,6.541,S2M
25,FT8,195,0.682,S2M
25,FT8,196,-7.619,S2M
25,FT8,197,-13.479,S2M
25,FT8,198,-14.943,S2M
25,FT8,199,-11.037,S2M
25,FT8,200,-4.201,S2M
25,FT8,201,0.682,S2M
25,FT8,202,1.170,S2M
25,FT8,203,-0.783,S2M
25,FT8,204,-2.248,S2M
25,FT8,205,-0.295,S2M
25,FT8,206,3.611,S2M
25,FT8,207,8.006,S2M
25,FT8,208,8.982,S2M
25,FT8,209,6.053,S2M
25,FT8,210,0.682,S2M
25,FT8,211,-4.201,S2M
25,FT8,212,-7.619,S2M
25,FT8,213,-9.572,S2M
25,FT8,214,-9.572,S2M
25,FT8,215,-7.619,S2M
25,FT8,216,-4.201,S2M
25,FT8,217,-0.295,S2M
25,FT8,218,1.658,S2M
25,FT8,219,1.170,S2M
25,FT8,220,-0.295,S2M
25,FT8,221,-1.272,S2M
25,FT8,222,-0.295,S2M
25,FT8,223,2.635,S2M
25,FT8,224,4.100,S2M
25,FT8,225,2.635,S2M
25,FT8,226,-0.295,S2M
25,FT8,227,-3.225,S2M
25,FT8,228,-4.690,S2M
25,FT8,229,-3.713,S2M
25,FT8,230,-2.248,S2M
25,FT8,231,-1.760,S2M
25,FT8,232,-2.736,S2M
25,FT8,233,-3.225,S2M
25,FT8,234,-2.736,S2M
25,FT8,235,-0.783,S2M
25,FT8,236,1.658,S2M
25,FT8,237,3.123,S2M
25,FT8,238,4.100,S2M
25,FT8,239,5.076,S2M
25,FT8,240,6.053,S2M
25,FT8,241,6.053,S2M
25,FT8,242,3.611,S2M
25,FT8,243,-0.295,S2M
25,FT8,244,-4.690,S2M
25,FT8,245,-7.131,S2M
25,FT8,246,-6.643,S2M
25,FT8,247,-5.178,S2M
25,FT8,248,-4.201,S2M
25,FT8,249,-5.178,S2M
25,FT8,250,-6.643,S2M
25,FT8,251,-6.643,S2M
25,FT8,252,-5.178,S2M
25,FT8,253,-3.225,S2M
25,FT8,254,-2.248,S2M
25,FT8,255,-2.248,S2M
25,FPZ,0,3.499,S2M
25,FPZ,1,0.081,S2M
25,FPZ,2,-2.848,S2M
25,FPZ,3,-3.825,S2M
25,FPZ,4,-4.313,S2M
25,FPZ,5,-5.778,S2M
25,FPZ,6,-8.219,S2M
25,FPZ,7,-9.684,S2M
25,FPZ,8,-8.708,S2M
25,FPZ,9,-5.778,S2M
25,FPZ,10,-1.383,S2M
25,FPZ,11,2.035,S2M
25,FPZ,12,3.011,S2M
25,FPZ,13,2.035,S2M
25,FPZ,14,-0.895,S2M
25,FPZ,15,-2.848,S2M
25,FPZ,16,-3.825,S2M
25,FPZ,17,-3.825,S2M
25,FPZ,18,-2.848,S2M
25,FPZ,19,-1.383,S2M
25,FPZ,20,1.058,S2M
25,FPZ,21,3.499,S2M
25,FPZ,22,5.452,S2M
25,FPZ,23,6.917,S2M
25,FPZ,24,7.406,S2M
25,FPZ,25,6.917,S2M
25,FPZ,26,5.452,S2M
25,FPZ,27,3.011,S2M
25,FPZ,28,0.081,S2M
25,FPZ,29,-1.383,S2M
25,FPZ,30,-1.872,S2M
25,FPZ,31,-0.407,S2M
25,FPZ,32,1.058,S2M
25,FPZ,33,1.546,S2M
25,FPZ,34,0.570,S2M
25,FPZ,35,-1.383,S2M
25,FPZ,36,-2.360,S2M
25,FPZ,37,-3.337,S2M
25,FPZ,38,-4.313,S2M
25,FPZ,39,-5.778,S2M
25,FPZ,40,-8.219,S2M
25,FPZ,41,-9.196,S2M
25,FPZ,42,-8.219,S2M
25,FPZ,43,-5.778,S2M
25,FPZ,44,-3.825,S2M
25,FPZ,45,-1.872,S2M
25,FPZ,46,-0.895,S2M
25,FPZ,47,1.058,S2M
25,FPZ,48,4.964,S2M
25,FPZ,49,9.847,S2M
25,FPZ,50,12.777,S2M
25,FPZ,51,12.777,S2M
25,FPZ,52,9.847,S2M
25,FPZ,53,6.429,S2M
25,FPZ,54,3.988,S2M
25,FPZ,55,3.988,S2M
25,FPZ,56,4.476,S2M
25,FPZ,57,3.988,S2M
25,FPZ,58,2.035,S2M
25,FPZ,59,0.081,S2M
25,FPZ,60,-0.895,S2M
25,FPZ,61,-1.872,S2M
25,FPZ,62,-2.848,S2M
25,FPZ,63,-5.778,S2M
25,FPZ,64,-9.684,S2M
25,FPZ,65,-13.590,S2M
25,FPZ,66,-15.055,S2M
25,FPZ,67,-14.079,S2M
25,FPZ,68,-12.614,S2M
25,FPZ,69,-12.126,S2M
25,FPZ,70,-12.614,S2M
25,FPZ,71,-12.126,S2M
25,FPZ,72,-9.684,S2M
25,FPZ,73,-5.290,S2M
25,FPZ,74,-0.895,S2M
25,FPZ,75,0.570,S2M
25,FPZ,76,-1.383,S2M
25,FPZ,77,-5.290,S2M
25,FPZ,78,-7.731,S2M
25,FPZ,79,-6.755,S2M
25,FPZ,80,-4.313,S2M
25,FPZ,81,-2.360,S2M
25,FPZ,82,-2.848,S2M
25,FPZ,83,-5.778,S2M
25,FPZ,84,-8.708,S2M
25,FPZ,85,-9.196,S2M
25,FPZ,86,-7.731,S2M
25,FPZ,87,-6.755,S2M
25,FPZ,88,-7.731,S2M
25,FPZ,89,-12.614,S2M
25,FPZ,90,-18.473,S2M
25,FPZ,91,-22.380,S2M
25,FPZ,92,-22.380,S2M
25,FPZ,93,-18.473,S2M
25,FPZ,94,-12.126,S2M
25,FPZ,95,-7.243,S2M
25,FPZ,96,-6.266,S2M
25,FPZ,97,-9.196,S2M
25,FPZ,98,-14.567,S2M
25,FPZ,99,-18.962,S2M
25,FPZ,100,-20.915,S2M
25,FPZ,101,-19.938,S2M
25,FPZ,102,-16.520,S2M
25,FPZ,103,-13.102,S2M
25,FPZ,104,-10.661,S2M
25,FPZ,105,-10.173,S2M
25,FPZ,106,-12.126,S2M
25,FPZ,107,-15.055,S2M
25,FPZ,108,-17.497,S2M
25,FPZ,109,-17.985,S2M
25,FPZ,110,-16.520,S2M
25,FPZ,111,-13.590,S2M
25,FPZ,112,-11.149,S2M
25,FPZ,113,-9.196,S2M
25,FPZ,114,-7.731,S2M
25,FPZ,115,-7.243,S2M
25,FPZ,116,-6.755,S2M
25,FPZ,117,-6.755,S2M
25,FPZ,118,-8.219,S2M
25,FPZ,119,-10.173,S2M
25,FPZ,120,-12.126,S2M
25,FPZ,121,-12.126,S2M
25,FPZ,122,-9.684,S2M
25,FPZ,123,-6.755,S2M
25,FPZ,124,-5.290,S2M
25,FPZ,125,-5.290,S2M
25,FPZ,126,-7.243,S2M
25,FPZ,127,-8.708,S2M
25,FPZ,128,-9.196,S2M
25,FPZ,129,-9.684,S2M
25,FPZ,130,-11.149,S2M
25,FPZ,131,-14.079,S2M
25,FPZ,132,-16.032,S2M
25,FPZ,133,-16.520,S2M
25,FPZ,134,-14.079,S2M
25,FPZ,135,-10.173,S2M
25,FPZ,136,-7.243,S2M
25,FPZ,137,-6.266,S2M
25,FPZ,138,-8.219,S2M
25,FPZ,139,-10.661,S2M
25,FPZ,140,-12.614,S2M
25,FPZ,141,-13.590,S2M
25,FPZ,142,-13.102,S2M
25,FPZ,143,-12.126,S2M
25,FPZ,144,-10.173,S2M
25,FPZ,145,-7.731,S2M
25,FPZ,146,-5.290,S2M
25,FPZ,147,-3.825,S2M
25,FPZ,148,-3.337,S2M
25,FPZ,149,-3.337,S2M
25,FPZ,150,-2.848,S2M
25,FPZ,151,-2.848,S2M
25,FPZ,152,-3.825,S2M
25,FPZ,153,-6.266,S2M
25,FPZ,154,-10.661,S2M
25,FPZ,155,-15.055,S2M
25,FPZ,156,-16.032,S2M
25,FPZ,157,-13.590,S2M
25,FPZ,158,-9.684,S2M
25,FPZ,159,-6.755,S2M
25,FPZ,160,-6.755,S2M
25,FPZ,161,-9.684,S2M
25,FPZ,162,-13.102,S2M
25,FPZ,163,-15.055,S2M
25,FPZ,164,-15.055,S2M
25,FPZ,165,-14.079,S2M
25,FPZ,166,-13.590,S2M
25,FPZ,167,-14.079,S2M
25,FPZ,168,-14.567,S2M
25,FPZ,169,-14.567,S2M
25,FPZ,170,-13.590,S2M
25,FPZ,171,-12.614,S2M
25,FPZ,172,-12.126,S2M
25,FPZ,173,-11.637,S2M
25,FPZ,174,-10.661,S2M
25,FPZ,175,-9.684,S2M
25,FPZ,176,-9.196,S2M
25,FPZ,177,-9.684,S2M
25,FPZ,178,-11.637,S2M
25,FPZ,179,-13.590,S2M
25,FPZ,180,-15.055,S2M
25,FPZ,181,-15.055,S2M
25,FPZ,182,-15.544,S2M
25,FPZ,183,-16.032,S2M
25,FPZ,184,-17.008,S2M
25,FPZ,185,-17.008,S2M
25,FPZ,186,-16.032,S2M
25,FPZ,187,-14.079,S2M
25,FPZ,188,-12.126,S2M
25,FPZ,189,-10.173,S2M
25,FPZ,190,-9.684,S2M
25,FPZ,191,-9.684,S2M
25,FPZ,192,-9.684,S2M
25,FPZ,193,-9.196,S2M
25,FPZ,194,-8.219,S2M
25,FPZ,195,-7.731,S2M
25,FPZ,196,-9.196,S2M
25,FPZ,197,-11.637,S2M
25,FPZ,198,-14.079,S2M
25,FPZ,199,-15.544,S2M
25,FPZ,200,-15.055,S2M
25,FPZ,201,-13.590,S2M
25,FPZ,202,-11.149,S2M
25,FPZ,203,-9.196,S2M
25,FPZ,204,-7.731,S2M
25,FPZ,205,-6.755,S2M
25,FPZ,206,-5.290,S2M
25,FPZ,207,-3.337,S2M
25,FPZ,208,-1.872,S2M
25,FPZ,209,-1.872,S2M
25,FPZ,210,-2.848,S2M
25,FPZ,211,-5.290,S2M
25,FPZ,212,-6.266,S2M
25,FPZ,213,-6.266,S2M
25,FPZ,214,-4.801,S2M
25,FPZ,215,-2.848,S2M
25,FPZ,216,-1.872,S2M
25,FPZ,217,-2.848,S2M
25,FPZ,218,-4.801,S2M
25,FPZ,219,-6.266,S2M
25,FPZ,220,-6.266,S2M
25,FPZ,221,-5.290,S2M
25,FPZ,222,-2.360,S2M
25,FPZ,223,1.058,S2M
25,FPZ,224,3.988,S2M
25,FPZ,225,4.476,S2M
25,FPZ,226,3.011,S2M
25,FPZ,227,0.081,S2M
25,FPZ,228,-2.848,S2M
25,FPZ,229,-4.313,S2M
25,FPZ,230,-4.313,S2M
25,FPZ,231,-2.360,S2M
25,FPZ,232,0.081,S2M
25,FPZ,233,1.058,S2M
25,FPZ,234,0.570,S2M
25,FPZ,235,-0.407,S2M
25,FPZ,236,-0.895,S2M
25,FPZ,237,-0.407,S2M
25,FPZ,238,0.570,S2M
25,FPZ,239,0.081,S2M
25,FPZ,240,-1.872,S2M
25,FPZ,241,-5.778,S2M
25,FPZ,242,-8.708,S2M
25,FPZ,243,-10.661,S2M
25,FPZ,244,-10.173,S2M
25,FPZ,245,-7.731,S2M
25,FPZ,246,-5.778,S2M
25,FPZ,247,-5.290,S2M
25,FPZ,248,-5.778,S2M
25,FPZ,249,-7.243,S2M
25,FPZ,250,-7.243,S2M
25,FPZ,251,-6.266,S2M
25,FPZ,252,-4.801,S2M
25,FPZ,253,-4.313,S2M
25,FPZ,254,-5.290,S2M
25,FPZ,255,-7.243,S2M
25,FC4,0,1.546,S2M
25,FC4,1,0.081,S2M
25,FC4,2,-1.383,S2M
25,FC4,3,-2.360,S2M
25,FC4,4,-3.825,S2M
25,FC4,5,-4.801,S2M
25,FC4,6,-5.778,S2M
25,FC4,7,-6.266,S2M
25,FC4,8,-6.266,S2M
25,FC4,9,-5.778,S2M
25,FC4,10,-4.801,S2M
25,FC4,11,-3.825,S2M
25,FC4,12,-2.848,S2M
25,FC4,13,-1.383,S2M
25,FC4,14,0.081,S2M
25,FC4,15,0.570,S2M
25,FC4,16,-0.407,S2M
25,FC4,17,-1.872,S2M
25,FC4,18,-3.337,S2M
25,FC4,19,-3.825,S2M
25,FC4,20,-3.337,S2M
25,FC4,21,-0.895,S2M
25,FC4,22,1.546,S2M
25,FC4,23,3.499,S2M
25,FC4,24,5.452,S2M
25,FC4,25,6.429,S2M
25,FC4,26,5.941,S2M
25,FC4,27,4.476,S2M
25,FC4,28,1.546,S2M
25,FC4,29,-1.383,S2M
25,FC4,30,-3.337,S2M
25,FC4,31,-3.825,S2M
25,FC4,32,-2.360,S2M
25,FC4,33,-0.407,S2M
25,FC4,34,1.546,S2M
25,FC4,35,2.035,S2M
25,FC4,36,1.546,S2M
25,FC4,37,-0.895,S2M
25,FC4,38,-3.825,S2M
25,FC4,39,-7.243,S2M
25,FC4,40,-9.684,S2M
25,FC4,41,-10.661,S2M
25,FC4,42,-10.173,S2M
25,FC4,43,-8.219,S2M
25,FC4,44,-6.266,S2M
25,FC4,45,-4.313,S2M
25,FC4,46,-3.337,S2M
25,FC4,47,-2.848,S2M
25,FC4,48,-2.848,S2M
25,FC4,49,-1.872,S2M
25,FC4,50,-0.407,S2M
25,FC4,51,1.058,S2M
25,FC4,52,2.035,S2M
25,FC4,53,1.546,S2M
25,FC4,54,0.081,S2M
25,FC4,55,-1.872,S2M
25,FC4,56,-3.337,S2M
25,FC4,57,-3.825,S2M
25,FC4,58,-3.825,S2M
25,FC4,59,-3.825,S2M
25,FC4,60,-4.801,S2M
25,FC4,61,-6.266,S2M
25,FC4,62,-7.731,S2M
25,FC4,63,-8.708,S2M
25,FC4,64,-9.684,S2M
25,FC4,65,-10.661,S2M
25,FC4,66,-10.661,S2M
25,FC4,67,-11.149,S2M
25,FC4,68,-10.661,S2M
25,FC4,69,-9.684,S2M
25,FC4,70,-8.708,S2M
25,FC4,71,-7.243,S2M
25,FC4,72,-5.778,S2M
25,FC4,73,-4.313,S2M
25,FC4,74,-3.337,S2M
25,FC4,75,-2.360,S2M
25,FC4,76,-2.848,S2M
25,FC4,77,-3.337,S2M
25,FC4,78,-2.360,S2M
25,FC4,79,-0.895,S2M
25,FC4,80,2.035,S2M
25,FC4,81,3.499,S2M
25,FC4,82,3.011,S2M
25,FC4,83,1.546,S2M
25,FC4,84,-1.383,S2M
25,FC4,85,-3.337,S2M
25,FC4,86,-3.337,S2M
25,FC4,87,-2.848,S2M
25,FC4,88,-1.872,S2M
25,FC4,89,-2.848,S2M
25,FC4,90,-4.801,S2M
25,FC4,91,-6.266,S2M
25,FC4,92,-6.755,S2M
25,FC4,93,-5.778,S2M
25,FC4,94,-4.313,S2M
25,FC4,95,-3.825,S2M
25,FC4,96,-4.313,S2M
25,FC4,97,-5.290,S2M
25,FC4,98,-5.778,S2M
25,FC4,99,-4.801,S2M
25,FC4,100,-3.825,S2M
25,FC4,101,-3.825,S2M
25,FC4,102,-4.801,S2M
25,FC4,103,-6.755,S2M
25,FC4,104,-7.731,S2M
25,FC4,105,-6.266,S2M
25,FC4,106,-3.337,S2M
25,FC4,107,-0.895,S2M
25,FC4,108,0.570,S2M
25,FC4,109,-0.895,S2M
25,FC4,110,-3.337,S2M
25,FC4,111,-4.801,S2M
25,FC4,112,-5.290,S2M
25,FC4,113,-4.801,S2M
25,FC4,114,-3.825,S2M
25,FC4,115,-2.848,S2M
25,FC4,116,-2.360,S2M
25,FC4,117,-2.360,S2M
25,FC4,118,-2.848,S2M
25,FC4,119,-3.825,S2M
25,FC4,120,-4.801,S2M
25,FC4,121,-5.778,S2M
25,FC4,122,-5.778,S2M
25,FC4,123,-4.801,S2M
25,FC4,124,-3.825,S2M
25,FC4,125,-2.360,S2M
25,FC4,126,-1.383,S2M
25,FC4,127,-1.872,S2M
25,FC4,128,-2.360,S2M
25,FC4,129,-2.848,S2M
25,FC4,130,-2.848,S2M
25,FC4,131,-2.848,S2M
25,FC4,132,-3.337,S2M
25,FC4,133,-4.313,S2M
25,FC4,134,-4.801,S2M
25,FC4,135,-5.290,S2M
25,FC4,136,-5.290,S2M
25,FC4,137,-4.313,S2M
25,FC4,138,-2.848,S2M
25,FC4,139,-2.360,S2M
25,FC4,140,-2.848,S2M
25,FC4,141,-3.825,S2M
25,FC4,142,-4.801,S2M
25,FC4,143,-5.290,S2M
25,FC4,144,-5.290,S2M
25,FC4,145,-4.313,S2M
25,FC4,146,-3.337,S2M
25,FC4,147,-3.337,S2M
25,FC4,148,-3.337,S2M
25,FC4,149,-3.825,S2M
25,FC4,150,-3.337,S2M
25,FC4,151,-2.848,S2M
25,FC4,152,-1.872,S2M
25,FC4,153,-2.360,S2M
25,FC4,154,-4.313,S2M
25,FC4,155,-6.266,S2M
25,FC4,156,-7.731,S2M
25,FC4,157,-7.731,S2M
25,FC4,158,-6.266,S2M
25,FC4,159,-4.313,S2M
25,FC4,160,-3.825,S2M
25,FC4,161,-3.825,S2M
25,FC4,162,-5.290,S2M
25,FC4,163,-5.778,S2M
25,FC4,164,-6.266,S2M
25,FC4,165,-5.778,S2M
25,FC4,166,-5.778,S2M
25,FC4,167,-5.778,S2M
25,FC4,168,-6.266,S2M
25,FC4,169,-6.755,S2M
25,FC4,170,-5.778,S2M
25,FC4,171,-4.313,S2M
25,FC4,172,-2.848,S2M
25,FC4,173,-2.848,S2M
25,FC4,174,-3.337,S2M
25,FC4,175,-4.801,S2M
25,FC4,176,-5.290,S2M
25,FC4,177,-5.778,S2M
25,FC4,178,-5.290,S2M
25,FC4,179,-4.313,S2M
25,FC4,180,-4.313,S2M
25,FC4,181,-4.801,S2M
25,FC4,182,-5.290,S2M
25,FC4,183,-5.778,S2M
25,FC4,184,-6.266,S2M
25,FC4,185,-6.755,S2M
25,FC4,186,-6.755,S2M
25,FC4,187,-6.755,S2M
25,FC4,188,-6.755,S2M
25,FC4,189,-6.755,S2M
25,FC4,190,-6.266,S2M
25,FC4,191,-4.801,S2M
25,FC4,192,-3.337,S2M
25,FC4,193,-1.872,S2M
25,FC4,194,-0.895,S2M
25,FC4,195,-1.383,S2M
25,FC4,196,-2.360,S2M
25,FC4,197,-4.313,S2M
25,FC4,198,-5.290,S2M
25,FC4,199,-5.290,S2M
25,FC4,200,-3.825,S2M
25,FC4,201,-2.360,S2M
25,FC4,202,-2.360,S2M
25,FC4,203,-2.848,S2M
25,FC4,204,-3.825,S2M
25,FC4,205,-4.313,S2M
25,FC4,206,-3.337,S2M
25,FC4,207,-1.872,S2M
25,FC4,208,-1.872,S2M
25,FC4,209,-2.848,S2M
25,FC4,210,-3.825,S2M
25,FC4,211,-4.801,S2M
25,FC4,212,-4.313,S2M
25,FC4,213,-2.848,S2M
25,FC4,214,-1.383,S2M
25,FC4,215,-1.383,S2M
25,FC4,216,-2.360,S2M
25,FC4,217,-3.825,S2M
25,FC4,218,-4.801,S2M
25,FC4,219,-4.801,S2M
25,FC4,220,-4.313,S2M
25,FC4,221,-4.313,S2M
25,FC4,222,-3.337,S2M
25,FC4,223,-2.848,S2M
25,FC4,224,-1.872,S2M
25,FC4,225,-2.360,S2M
25,FC4,226,-2.360,S2M
25,FC4,227,-2.848,S2M
25,FC4,228,-3.337,S2M
25,FC4,229,-2.360,S2M
25,FC4,230,-1.383,S2M
25,FC4,231,0.081,S2M
25,FC4,232,-0.407,S2M
25,FC4,233,-1.383,S2M
25,FC4,234,-2.848,S2M
25,FC4,235,-3.825,S2M
25,FC4,236,-3.825,S2M
25,FC4,237,-3.337,S2M
25,FC4,238,-2.360,S2M
25,FC4,239,-2.360,S2M
25,FC4,240,-2.848,S2M
25,FC4,241,-3.825,S2M
25,FC4,242,-4.313,S2M
25,FC4,243,-5.290,S2M
25,FC4,244,-5.778,S2M
25,FC4,245,-6.266,S2M
25,FC4,246,-6.755,S2M
25,FC4,247,-6.755,S2M
25,FC4,248,-5.778,S2M
25,FC4,249,-5.290,S2M
25,FC4,250,-5.778,S2M
25,FC4,251,-7.243,S2M
25,FC4,252,-8.708,S2M
25,FC4,253,-9.684,S2M
25,FC4,254,-9.196,S2M
25,FC4,255,-8.219,S2M
25,FC3,0,4.557,S2M
25,FC3,1,1.628,S2M
25,FC3,2,-0.814,S2M
25,FC3,3,-2.767,S2M
25,FC3,4,-3.255,S2M
25,FC3,5,-3.255,S2M
25,FC3,6,-3.255,S2M
25,FC3,7,-3.743,S2M
25,FC3,8,-3.255,S2M
25,FC3,9,-2.279,S2M
25,FC3,10,-0.326,S2M
25,FC3,11,1.139,S2M
25,FC3,12,1.628,S2M
25,FC3,13,-0.326,S2M
25,FC3,14,-3.255,S2M
25,FC3,15,-5.697,S2M
25,FC3,16,-7.161,S2M
25,FC3,17,-6.185,S2M
25,FC3,18,-3.743,S2M
25,FC3,19,0.163,S2M
25,FC3,20,3.581,S2M
25,FC3,21,6.022,S2M
25,FC3,22,6.999,S2M
25,FC3,23,6.022,S2M
25,FC3,24,4.069,S2M
25,FC3,25,2.604,S2M
25,FC3,26,3.581,S2M
25,FC3,27,5.534,S2M
25,FC3,28,6.999,S2M
25,FC3,29,6.022,S2M
25,FC3,30,3.581,S2M
25,FC3,31,0.163,S2M
25,FC3,32,-1.302,S2M
25,FC3,33,-0.814,S2M
25,FC3,34,0.163,S2M
25,FC3,35,0.163,S2M
25,FC3,36,-0.814,S2M
25,FC3,37,-1.302,S2M
25,FC3,38,-0.814,S2M
25,FC3,39,0.163,S2M
25,FC3,40,1.139,S2M
25,FC3,41,0.651,S2M
25,FC3,42,-0.814,S2M
25,FC3,43,-3.743,S2M
25,FC3,44,-7.161,S2M
25,FC3,45,-8.626,S2M
25,FC3,46,-7.650,S2M
25,FC3,47,-4.232,S2M
25,FC3,48,1.628,S2M
25,FC3,49,6.510,S2M
25,FC3,50,9.440,S2M
25,FC3,51,9.928,S2M
25,FC3,52,8.464,S2M
25,FC3,53,6.510,S2M
25,FC3,54,5.046,S2M
25,FC3,55,4.557,S2M
25,FC3,56,5.046,S2M
25,FC3,57,4.557,S2M
25,FC3,58,3.092,S2M
25,FC3,59,0.651,S2M
25,FC3,60,-0.814,S2M
25,FC3,61,-1.302,S2M
25,FC3,62,-1.790,S2M
25,FC3,63,-2.767,S2M
25,FC3,64,-5.208,S2M
25,FC3,65,-7.650,S2M
25,FC3,66,-9.115,S2M
25,FC3,67,-9.115,S2M
25,FC3,68,-8.138,S2M
25,FC3,69,-7.161,S2M
25,FC3,70,-6.673,S2M
25,FC3,71,-7.161,S2M
25,FC3,72,-7.650,S2M
25,FC3,73,-7.650,S2M
25,FC3,74,-5.697,S2M
25,FC3,75,-1.790,S2M
25,FC3,76,1.628,S2M
25,FC3,77,3.581,S2M
25,FC3,78,1.628,S2M
25,FC3,79,-1.302,S2M
25,FC3,80,-3.743,S2M
25,FC3,81,-3.743,S2M
25,FC3,82,-1.790,S2M
25,FC3,83,0.651,S2M
25,FC3,84,2.604,S2M
25,FC3,85,2.604,S2M
25,FC3,86,1.628,S2M
25,FC3,87,-0.814,S2M
25,FC3,88,-3.255,S2M
25,FC3,89,-5.697,S2M
25,FC3,90,-6.673,S2M
25,FC3,91,-5.697,S2M
25,FC3,92,-4.232,S2M
25,FC3,93,-2.767,S2M
25,FC3,94,-1.302,S2M
25,FC3,95,-0.814,S2M
25,FC3,96,-1.302,S2M
25,FC3,97,-2.279,S2M
25,FC3,98,-3.255,S2M
25,FC3,99,-3.255,S2M
25,FC3,100,-1.302,S2M
25,FC3,101,1.628,S2M
25,FC3,102,4.069,S2M
25,FC3,103,3.092,S2M
25,FC3,104,-0.814,S2M
25,FC3,105,-6.185,S2M
25,FC3,106,-8.626,S2M
25,FC3,107,-7.650,S2M
25,FC3,108,-4.720,S2M
25,FC3,109,-2.279,S2M
25,FC3,110,-1.302,S2M
25,FC3,111,-1.302,S2M
25,FC3,112,-0.326,S2M
25,FC3,113,1.139,S2M
25,FC3,114,2.116,S2M
25,FC3,115,0.651,S2M
25,FC3,116,-2.279,S2M
25,FC3,117,-4.232,S2M
25,FC3,118,-3.743,S2M
25,FC3,119,-0.814,S2M
25,FC3,120,1.628,S2M
25,FC3,121,2.604,S2M
25,FC3,122,0.651,S2M
25,FC3,123,-1.302,S2M
25,FC3,124,-2.279,S2M
25,FC3,125,-0.814,S2M
25,FC3,126,1.628,S2M
25,FC3,127,2.604,S2M
25,FC3,128,1.628,S2M
25,FC3,129,-0.814,S2M
25,FC3,130,-2.279,S2M
25,FC3,131,-3.255,S2M
25,FC3,132,-2.279,S2M
25,FC3,133,-1.302,S2M
25,FC3,134,-0.326,S2M
25,FC3,135,0.651,S2M
25,FC3,136,1.139,S2M
25,FC3,137,1.139,S2M
25,FC3,138,-0.814,S2M
25,FC3,139,-1.790,S2M
25,FC3,140,-3.255,S2M
25,FC3,141,-3.743,S2M
25,FC3,142,-3.743,S2M
25,FC3,143,-4.720,S2M
25,FC3,144,-6.185,S2M
25,FC3,145,-6.185,S2M
25,FC3,146,-4.720,S2M
25,FC3,147,-1.790,S2M
25,FC3,148,0.651,S2M
25,FC3,149,1.628,S2M
25,FC3,150,0.163,S2M
25,FC3,151,-2.279,S2M
25,FC3,152,-4.720,S2M
25,FC3,153,-5.697,S2M
25,FC3,154,-5.697,S2M
25,FC3,155,-5.208,S2M
25,FC3,156,-3.255,S2M
25,FC3,157,-1.790,S2M
25,FC3,158,-0.814,S2M
25,FC3,159,-0.326,S2M
25,FC3,160,-0.814,S2M
25,FC3,161,-0.814,S2M
25,FC3,162,-1.302,S2M
25,FC3,163,-1.790,S2M
25,FC3,164,-3.255,S2M
25,FC3,165,-5.208,S2M
25,FC3,166,-6.185,S2M
25,FC3,167,-5.697,S2M
25,FC3,168,-4.232,S2M
25,FC3,169,-2.767,S2M
25,FC3,170,-3.255,S2M
25,FC3,171,-4.232,S2M
25,FC3,172,-4.720,S2M
25,FC3,173,-3.743,S2M
25,FC3,174,-1.790,S2M
25,FC3,175,-0.326,S2M
25,FC3,176,0.163,S2M
25,FC3,177,-0.326,S2M
25,FC3,178,-0.814,S2M
25,FC3,179,0.163,S2M
25,FC3,180,1.628,S2M
25,FC3,181,1.628,S2M
25,FC3,182,0.163,S2M
25,FC3,183,-2.767,S2M
25,FC3,184,-4.232,S2M
25,FC3,185,-4.232,S2M
25,FC3,186,-2.279,S2M
25,FC3,187,-0.814,S2M
25,FC3,188,-0.814,S2M
25,FC3,189,-1.790,S2M
25,FC3,190,-2.279,S2M
25,FC3,191,-1.790,S2M
25,FC3,192,-0.326,S2M
25,FC3,193,0.163,S2M
25,FC3,194,-0.326,S2M
25,FC3,195,-2.279,S2M
25,FC3,196,-3.743,S2M
25,FC3,197,-4.720,S2M
25,FC3,198,-4.720,S2M
25,FC3,199,-4.720,S2M
25,FC3,200,-4.720,S2M
25,FC3,201,-3.743,S2M
25,FC3,202,-1.790,S2M
25,FC3,203,-0.326,S2M
25,FC3,204,1.139,S2M
25,FC3,205,0.651,S2M
25,FC3,206,-0.326,S2M
25,FC3,207,0.163,S2M
25,FC3,208,2.116,S2M
25,FC3,209,3.581,S2M
25,FC3,210,2.604,S2M
25,FC3,211,0.163,S2M
25,FC3,212,-2.279,S2M
25,FC3,213,-2.767,S2M
25,FC3,214,-1.302,S2M
25,FC3,215,-0.326,S2M
25,FC3,216,-0.814,S2M
25,FC3,217,-1.790,S2M
25,FC3,218,-2.767,S2M
25,FC3,219,-2.279,S2M
25,FC3,220,-0.814,S2M
25,FC3,221,-0.326,S2M
25,FC3,222,-0.814,S2M
25,FC3,223,-0.814,S2M
25,FC3,224,-0.326,S2M
25,FC3,225,1.628,S2M
25,FC3,226,3.092,S2M
25,FC3,227,3.581,S2M
25,FC3,228,2.116,S2M
25,FC3,229,-0.326,S2M
25,FC3,230,-2.279,S2M
25,FC3,231,-2.767,S2M
25,FC3,232,-1.302,S2M
25,FC3,233,0.651,S2M
25,FC3,234,2.604,S2M
25,FC3,235,2.604,S2M
25,FC3,236,2.116,S2M
25,FC3,237,1.628,S2M
25,FC3,238,1.139,S2M
25,FC3,239,0.651,S2M
25,FC3,240,-0.814,S2M
25,FC3,241,-2.279,S2M
25,FC3,242,-3.255,S2M
25,FC3,243,-2.279,S2M
25,FC3,244,-0.326,S2M
25,FC3,245,1.628,S2M
25,FC3,246,2.604,S2M
25,FC3,247,2.604,S2M
25,FC3,248,2.604,S2M
25,FC3,249,3.581,S2M
25,FC3,250,3.581,S2M
25,FC3,251,2.604,S2M
25,FC3,252,-0.326,S2M
25,FC3,253,-2.279,S2M
25,FC3,254,-1.790,S2M
25,FC3,255,-0.814,S2M
25,C6,0,1.719,S2M
25,C6,1,1.231,S2M
25,C6,2,1.719,S2M
25,C6,3,1.719,S2M
25,C6,4,-1.211,S2M
25,C6,5,-5.605,S2M
25,C6,6,-7.070,S2M
25,C6,7,-5.605,S2M
25,C6,8,-1.699,S2M
25,C6,9,0.254,S2M
25,C6,10,0.743,S2M
25,C6,11,0.743,S2M
25,C6,12,2.207,S2M
25,C6,13,4.649,S2M
25,C6,14,5.625,S2M
25,C6,15,4.161,S2M
25,C6,16,1.719,S2M
25,C6,17,0.743,S2M
25,C6,18,1.231,S2M
25,C6,19,2.207,S2M
25,C6,20,2.696,S2M
25,C6,21,4.161,S2M
25,C6,22,6.602,S2M
25,C6,23,10.997,S2M
25,C6,24,13.926,S2M
25,C6,25,14.414,S2M
25,C6,26,11.973,S2M
25,C6,27,8.555,S2M
25,C6,28,5.625,S2M
25,C6,29,2.696,S2M
25,C6,30,0.743,S2M
25,C6,31,-0.722,S2M
25,C6,32,0.743,S2M
25,C6,33,4.161,S2M
25,C6,34,8.067,S2M
25,C6,35,9.043,S2M
25,C6,36,6.114,S2M
25,C6,37,0.254,S2M
25,C6,38,-4.140,S2M
25,C6,39,-6.582,S2M
25,C6,40,-7.070,S2M
25,C6,41,-7.558,S2M
25,C6,42,-8.046,S2M
25,C6,43,-7.558,S2M
25,C6,44,-6.582,S2M
25,C6,45,-4.628,S2M
25,C6,46,-3.652,S2M
25,C6,47,-3.164,S2M
25,C6,48,-2.675,S2M
25,C6,49,-1.699,S2M
25,C6,50,-0.234,S2M
25,C6,51,0.743,S2M
25,C6,52,-0.234,S2M
25,C6,53,-1.699,S2M
25,C6,54,-3.164,S2M
25,C6,55,-2.675,S2M
25,C6,56,-2.675,S2M
25,C6,57,-2.187,S2M
25,C6,58,-3.164,S2M
25,C6,59,-5.605,S2M
25,C6,60,-9.023,S2M
25,C6,61,-11.953,S2M
25,C6,62,-12.929,S2M
25,C6,63,-11.953,S2M
25,C6,64,-10.488,S2M
25,C6,65,-10.000,S2M
25,C6,66,-10.976,S2M
25,C6,67,-12.441,S2M
25,C6,68,-12.929,S2M
25,C6,69,-11.464,S2M
25,C6,70,-9.023,S2M
25,C6,71,-6.093,S2M
25,C6,72,-3.652,S2M
25,C6,73,-3.164,S2M
25,C6,74,-3.652,S2M
25,C6,75,-5.605,S2M
25,C6,76,-7.070,S2M
25,C6,77,-5.117,S2M
25,C6,78,-0.234,S2M
25,C6,79,5.625,S2M
25,C6,80,8.067,S2M
25,C6,81,5.625,S2M
25,C6,82,-0.234,S2M
25,C6,83,-5.117,S2M
25,C6,84,-5.605,S2M
25,C6,85,-2.187,S2M
25,C6,86,1.231,S2M
25,C6,87,1.719,S2M
25,C6,88,-2.187,S2M
25,C6,89,-8.046,S2M
25,C6,90,-11.464,S2M
25,C6,91,-10.976,S2M
25,C6,92,-8.046,S2M
25,C6,93,-5.117,S2M
25,C6,94,-3.164,S2M
25,C6,95,-4.140,S2M
25,C6,96,-7.070,S2M
25,C6,97,-9.511,S2M
25,C6,98,-10.976,S2M
25,C6,99,-10.000,S2M
25,C6,100,-9.511,S2M
25,C6,101,-10.000,S2M
25,C6,102,-10.976,S2M
25,C6,103,-10.000,S2M
25,C6,104,-6.582,S2M
25,C6,105,-2.675,S2M
25,C6,106,-0.722,S2M
25,C6,107,-2.187,S2M
25,C6,108,-5.605,S2M
25,C6,109,-7.070,S2M
25,C6,110,-6.093,S2M
25,C6,111,-4.140,S2M
25,C6,112,-3.164,S2M
25,C6,113,-3.164,S2M
25,C6,114,-3.652,S2M
25,C6,115,-4.140,S2M
25,C6,116,-5.117,S2M
25,C6,117,-6.582,S2M
25,C6,118,-7.558,S2M
25,C6,119,-7.558,S2M
25,C6,120,-6.093,S2M
25,C6,121,-3.652,S2M
25,C6,122,-1.699,S2M
25,C6,123,-0.722,S2M
25,C6,124,-1.211,S2M
25,C6,125,-2.187,S2M
25,C6,126,-3.652,S2M
25,C6,127,-5.117,S2M
25,C6,128,-5.117,S2M
25,C6,129,-4.628,S2M
25,C6,130,-4.140,S2M
25,C6,131,-4.628,S2M
25,C6,132,-5.117,S2M
25,C6,133,-6.093,S2M
25,C6,134,-5.605,S2M
25,C6,135,-4.140,S2M
25,C6,136,-3.164,S2M
25,C6,137,-3.164,S2M
25,C6,138,-3.652,S2M
25,C6,139,-4.140,S2M
25,C6,140,-4.628,S2M
25,C6,141,-5.117,S2M
25,C6,142,-4.140,S2M
25,C6,143,-3.164,S2M
25,C6,144,-2.187,S2M
25,C6,145,-2.675,S2M
25,C6,146,-4.140,S2M
25,C6,147,-6.093,S2M
25,C6,148,-7.070,S2M
25,C6,149,-7.070,S2M
25,C6,150,-6.093,S2M
25,C6,151,-5.605,S2M
25,C6,152,-6.093,S2M
25,C6,153,-7.558,S2M
25,C6,154,-9.023,S2M
25,C6,155,-10.000,S2M
25,C6,156,-8.535,S2M
25,C6,157,-6.582,S2M
25,C6,158,-4.628,S2M
25,C6,159,-4.140,S2M
25,C6,160,-5.605,S2M
25,C6,161,-7.070,S2M
25,C6,162,-7.558,S2M
25,C6,163,-7.070,S2M
25,C6,164,-7.070,S2M
25,C6,165,-7.070,S2M
25,C6,166,-7.558,S2M
25,C6,167,-7.558,S2M
25,C6,168,-7.558,S2M
25,C6,169,-6.582,S2M
25,C6,170,-4.628,S2M
25,C6,171,-2.675,S2M
25,C6,172,-1.211,S2M
25,C6,173,-1.699,S2M
25,C6,174,-4.140,S2M
25,C6,175,-6.582,S2M
25,C6,176,-7.070,S2M
25,C6,177,-5.117,S2M
25,C6,178,-2.187,S2M
25,C6,179,-0.234,S2M
25,C6,180,-0.234,S2M
25,C6,181,-1.699,S2M
25,C6,182,-2.675,S2M
25,C6,183,-2.675,S2M
25,C6,184,-1.211,S2M
25,C6,185,-0.234,S2M
25,C6,186,-0.234,S2M
25,C6,187,-2.187,S2M
25,C6,188,-4.140,S2M
25,C6,189,-5.117,S2M
25,C6,190,-3.164,S2M
25,C6,191,-0.234,S2M
25,C6,192,3.184,S2M
25,C6,193,4.649,S2M
25,C6,194,3.672,S2M
25,C6,195,0.254,S2M
25,C6,196,-2.675,S2M
25,C6,197,-4.140,S2M
25,C6,198,-3.164,S2M
25,C6,199,-0.722,S2M
25,C6,200,0.743,S2M
25,C6,201,0.743,S2M
25,C6,202,-1.211,S2M
25,C6,203,-2.675,S2M
25,C6,204,-1.699,S2M
25,C6,205,0.254,S2M
25,C6,206,1.719,S2M
25,C6,207,0.743,S2M
25,C6,208,-1.699,S2M
25,C6,209,-4.140,S2M
25,C6,210,-4.140,S2M
25,C6,211,-2.187,S2M
25,C6,212,0.254,S2M
25,C6,213,0.254,S2M
25,C6,214,-1.699,S2M
25,C6,215,-3.652,S2M
25,C6,216,-4.140,S2M
25,C6,217,-2.675,S2M
25,C6,218,-1.699,S2M
25,C6,219,-1.699,S2M
25,C6,220,-3.164,S2M
25,C6,221,-4.628,S2M
25,C6,222,-4.140,S2M
25,C6,223,-2.675,S2M
25,C6,224,-1.211,S2M
25,C6,225,-1.211,S2M
25,C6,226,-2.187,S2M
25,C6,227,-3.164,S2M
25,C6,228,-2.675,S2M
25,C6,229,-0.722,S2M
25,C6,230,2.207,S2M
25,C6,231,3.184,S2M
25,C6,232,2.696,S2M
25,C6,233,0.743,S2M
25,C6,234,-0.722,S2M
25,C6,235,-1.211,S2M
25,C6,236,-1.211,S2M
25,C6,237,-0.722,S2M
25,C6,238,-1.211,S2M
25,C6,239,-1.699,S2M
25,C6,240,-1.211,S2M
25,C6,241,-1.211,S2M
25,C6,242,-1.699,S2M
25,C6,243,-3.164,S2M
25,C6,244,-4.140,S2M
25,C6,245,-4.140,S2M
25,C6,246,-3.164,S2M
25,C6,247,-2.187,S2M
25,C6,248,-2.187,S2M
25,C6,249,-3.164,S2M
25,C6,250,-4.628,S2M
25,C6,251,-5.605,S2M
25,C6,252,-5.117,S2M
25,C6,253,-4.140,S2M
25,C6,254,-2.675,S2M
25,C6,255,-1.699,S2M
25,C5,0,7.314,S2M
25,C5,1,2.920,S2M
25,C5,2,-0.987,S2M
25,C5,3,-2.452,S2M
25,C5,4,-1.475,S2M
25,C5,5,-0.987,S2M
25,C5,6,-1.475,S2M
25,C5,7,-1.963,S2M
25,C5,8,-1.475,S2M
25,C5,9,1.455,S2M
25,C5,10,4.384,S2M
25,C5,11,5.361,S2M
25,C5,12,4.384,S2M
25,C5,13,1.455,S2M
25,C5,14,-1.475,S2M
25,C5,15,-3.916,S2M
25,C5,16,-4.893,S2M
25,C5,17,-3.916,S2M
25,C5,18,-0.987,S2M
25,C5,19,3.896,S2M
25,C5,20,8.779,S2M
25,C5,21,12.685,S2M
25,C5,22,15.127,S2M
25,C5,23,14.150,S2M
25,C5,24,12.197,S2M
25,C5,25,10.732,S2M
25,C5,26,11.709,S2M
25,C5,27,13.662,S2M
25,C5,28,14.638,S2M
25,C5,29,12.685,S2M
25,C5,30,8.291,S2M
25,C5,31,4.873,S2M
25,C5,32,4.873,S2M
25,C5,33,6.826,S2M
25,C5,34,9.267,S2M
25,C5,35,8.779,S2M
25,C5,36,6.826,S2M
25,C5,37,5.361,S2M
25,C5,38,5.361,S2M
25,C5,39,6.826,S2M
25,C5,40,6.826,S2M
25,C5,41,5.849,S2M
25,C5,42,3.408,S2M
25,C5,43,0.966,S2M
25,C5,44,-1.475,S2M
25,C5,45,-4.405,S2M
25,C5,46,-6.846,S2M
25,C5,47,-5.870,S2M
25,C5,48,-0.498,S2M
25,C5,49,8.779,S2M
25,C5,50,17.080,S2M
25,C5,51,19.521,S2M
25,C5,52,15.127,S2M
25,C5,53,7.802,S2M
25,C5,54,2.431,S2M
25,C5,55,2.431,S2M
25,C5,56,5.361,S2M
25,C5,57,6.337,S2M
25,C5,58,3.408,S2M
25,C5,59,-1.963,S2M
25,C5,60,-4.893,S2M
25,C5,61,-3.916,S2M
25,C5,62,-1.475,S2M
25,C5,63,-0.010,S2M
25,C5,64,-1.963,S2M
25,C5,65,-5.870,S2M
25,C5,66,-8.311,S2M
25,C5,67,-9.288,S2M
25,C5,68,-9.288,S2M
25,C5,69,-9.288,S2M
25,C5,70,-10.264,S2M
25,C5,71,-11.729,S2M
25,C5,72,-11.729,S2M
25,C5,73,-9.288,S2M
25,C5,74,-5.870,S2M
25,C5,75,-1.963,S2M
25,C5,76,1.455,S2M
25,C5,77,1.943,S2M
25,C5,78,-0.498,S2M
25,C5,79,-3.916,S2M
25,C5,80,-6.358,S2M
25,C5,81,-5.870,S2M
25,C5,82,-4.405,S2M
25,C5,83,-1.475,S2M
25,C5,84,0.966,S2M
25,C5,85,3.408,S2M
25,C5,86,5.361,S2M
25,C5,87,4.384,S2M
25,C5,88,0.966,S2M
25,C5,89,-4.893,S2M
25,C5,90,-9.288,S2M
25,C5,91,-10.264,S2M
25,C5,92,-8.311,S2M
25,C5,93,-5.381,S2M
25,C5,94,-2.940,S2M
25,C5,95,-0.987,S2M
25,C5,96,-0.010,S2M
25,C5,97,-0.498,S2M
25,C5,98,-2.452,S2M
25,C5,99,-5.870,S2M
25,C5,100,-7.334,S2M
25,C5,101,-4.893,S2M
25,C5,102,0.966,S2M
25,C5,103,5.361,S2M
25,C5,104,4.384,S2M
25,C5,105,-1.963,S2M
25,C5,106,-9.288,S2M
25,C5,107,-12.217,S2M
25,C5,108,-9.288,S2M
25,C5,109,-4.405,S2M
25,C5,110,-0.987,S2M
25,C5,111,0.966,S2M
25,C5,112,2.431,S2M
25,C5,113,4.384,S2M
25,C5,114,5.849,S2M
25,C5,115,2.431,S2M
25,C5,116,-3.428,S2M
25,C5,117,-8.311,S2M
25,C5,118,-8.311,S2M
25,C5,119,-2.940,S2M
25,C5,120,2.920,S2M
25,C5,121,4.873,S2M
25,C5,122,2.920,S2M
25,C5,123,-0.987,S2M
25,C5,124,-1.963,S2M
25,C5,125,-0.498,S2M
25,C5,126,2.431,S2M
25,C5,127,2.920,S2M
25,C5,128,1.943,S2M
25,C5,129,-0.010,S2M
25,C5,130,-1.475,S2M
25,C5,131,-2.452,S2M
25,C5,132,-1.963,S2M
25,C5,133,-0.498,S2M
25,C5,134,2.431,S2M
25,C5,135,4.873,S2M
25,C5,136,5.361,S2M
25,C5,137,2.920,S2M
25,C5,138,-0.987,S2M
25,C5,139,-4.405,S2M
25,C5,140,-4.893,S2M
25,C5,141,-2.452,S2M
25,C5,142,-0.010,S2M
25,C5,143,-0.498,S2M
25,C5,144,-3.916,S2M
25,C5,145,-7.823,S2M
25,C5,146,-9.776,S2M
25,C5,147,-7.334,S2M
25,C5,148,-2.940,S2M
25,C5,149,0.966,S2M
25,C5,150,1.455,S2M
25,C5,151,-1.475,S2M
25,C5,152,-5.381,S2M
25,C5,153,-7.823,S2M
25,C5,154,-7.334,S2M
25,C5,155,-4.405,S2M
25,C5,156,-1.475,S2M
25,C5,157,1.455,S2M
25,C5,158,2.431,S2M
25,C5,159,1.943,S2M
25,C5,160,1.455,S2M
25,C5,161,0.478,S2M
25,C5,162,-0.498,S2M
25,C5,163,-1.963,S2M
25,C5,164,-3.916,S2M
25,C5,165,-4.893,S2M
25,C5,166,-5.381,S2M
25,C5,167,-4.405,S2M
25,C5,168,-2.940,S2M
25,C5,169,-2.452,S2M
25,C5,170,-2.940,S2M
25,C5,171,-4.405,S2M
25,C5,172,-5.381,S2M
25,C5,173,-4.893,S2M
25,C5,174,-3.428,S2M
25,C5,175,-0.987,S2M
25,C5,176,-0.010,S2M
25,C5,177,0.478,S2M
25,C5,178,0.966,S2M
25,C5,179,2.431,S2M
25,C5,180,3.896,S2M
25,C5,181,4.873,S2M
25,C5,182,3.408,S2M
25,C5,183,-0.010,S2M
25,C5,184,-2.452,S2M
25,C5,185,-2.940,S2M
25,C5,186,-0.498,S2M
25,C5,187,2.431,S2M
25,C5,188,3.896,S2M
25,C5,189,3.408,S2M
25,C5,190,1.943,S2M
25,C5,191,1.943,S2M
25,C5,192,2.920,S2M
25,C5,193,3.896,S2M
25,C5,194,3.408,S2M
25,C5,195,0.966,S2M
25,C5,196,-0.987,S2M
25,C5,197,-1.963,S2M
25,C5,198,-1.963,S2M
25,C5,199,-2.452,S2M
25,C5,200,-1.475,S2M
25,C5,201,1.943,S2M
25,C5,202,7.314,S2M
25,C5,203,11.709,S2M
25,C5,204,11.220,S2M
25,C5,205,6.337,S2M
25,C5,206,0.966,S2M
25,C5,207,0.966,S2M
25,C5,208,5.849,S2M
25,C5,209,10.732,S2M
25,C5,210,10.732,S2M
25,C5,211,4.873,S2M
25,C5,212,-1.475,S2M
25,C5,213,-3.916,S2M
25,C5,214,-2.452,S2M
25,C5,215,0.478,S2M
25,C5,216,0.966,S2M
25,C5,217,-0.498,S2M
25,C5,218,-1.963,S2M
25,C5,219,-1.475,S2M
25,C5,220,-0.498,S2M
25,C5,221,-0.498,S2M
25,C5,222,-1.475,S2M
25,C5,223,-0.987,S2M
25,C5,224,0.478,S2M
25,C5,225,2.920,S2M
25,C5,226,4.873,S2M
25,C5,227,4.873,S2M
25,C5,228,3.408,S2M
25,C5,229,1.943,S2M
25,C5,230,0.966,S2M
25,C5,231,1.455,S2M
25,C5,232,2.431,S2M
25,C5,233,4.873,S2M
25,C5,234,6.337,S2M
25,C5,235,6.826,S2M
25,C5,236,5.361,S2M
25,C5,237,3.408,S2M
25,C5,238,1.455,S2M
25,C5,239,-0.498,S2M
25,C5,240,-0.987,S2M
25,C5,241,-0.987,S2M
25,C5,242,-0.010,S2M
25,C5,243,1.943,S2M
25,C5,244,3.896,S2M
25,C5,245,4.873,S2M
25,C5,246,5.849,S2M
25,C5,247,6.337,S2M
25,C5,248,7.314,S2M
25,C5,249,8.779,S2M
25,C5,250,9.267,S2M
25,C5,251,8.291,S2M
25,C5,252,6.337,S2M
25,C5,253,4.873,S2M
25,C5,254,4.384,S2M
25,C5,255,4.873,S2M
25,F2,0,1.424,S2M
25,F2,1,-1.994,S2M
25,F2,2,-3.947,S2M
25,F2,3,-4.924,S2M
25,F2,4,-6.388,S2M
25,F2,5,-7.365,S2M
25,F2,6,-8.341,S2M
25,F2,7,-8.341,S2M
25,F2,8,-7.853,S2M
25,F2,9,-6.877,S2M
25,F2,10,-4.924,S2M
25,F2,11,-3.459,S2M
25,F2,12,-1.994,S2M
25,F2,13,-1.017,S2M
25,F2,14,-1.506,S2M
25,F2,15,-3.459,S2M
25,F2,16,-5.900,S2M
25,F2,17,-6.877,S2M
25,F2,18,-5.900,S2M
25,F2,19,-3.459,S2M
25,F2,20,-1.017,S2M
25,F2,21,0.936,S2M
25,F2,22,2.401,S2M
25,F2,23,3.377,S2M
25,F2,24,3.866,S2M
25,F2,25,3.866,S2M
25,F2,26,1.912,S2M
25,F2,27,-0.529,S2M
25,F2,28,-2.970,S2M
25,F2,29,-3.459,S2M
25,F2,30,-2.482,S2M
25,F2,31,-1.506,S2M
25,F2,32,-1.506,S2M
25,F2,33,-1.994,S2M
25,F2,34,-1.994,S2M
25,F2,35,-1.994,S2M
25,F2,36,-3.459,S2M
25,F2,37,-6.388,S2M
25,F2,38,-10.295,S2M
25,F2,39,-12.248,S2M
25,F2,40,-11.759,S2M
25,F2,41,-8.830,S2M
25,F2,42,-6.388,S2M
25,F2,43,-4.924,S2M
25,F2,44,-3.947,S2M
25,F2,45,-1.994,S2M
25,F2,46,-0.041,S2M
25,F2,47,1.912,S2M
25,F2,48,3.377,S2M
25,F2,49,4.354,S2M
25,F2,50,5.819,S2M
25,F2,51,6.795,S2M
25,F2,52,6.307,S2M
25,F2,53,4.842,S2M
25,F2,54,2.401,S2M
25,F2,55,0.936,S2M
25,F2,56,0.448,S2M
25,F2,57,0.936,S2M
25,F2,58,0.448,S2M
25,F2,59,-1.017,S2M
25,F2,60,-2.482,S2M
25,F2,61,-3.947,S2M
25,F2,62,-5.412,S2M
25,F2,63,-7.853,S2M
25,F2,64,-11.271,S2M
25,F2,65,-14.201,S2M
25,F2,66,-14.689,S2M
25,F2,67,-12.736,S2M
25,F2,68,-10.783,S2M
25,F2,69,-9.318,S2M
25,F2,70,-9.318,S2M
25,F2,71,-8.830,S2M
25,F2,72,-6.877,S2M
25,F2,73,-3.459,S2M
25,F2,74,-0.041,S2M
25,F2,75,1.424,S2M
25,F2,76,0.936,S2M
25,F2,77,-0.529,S2M
25,F2,78,-0.041,S2M
25,F2,79,1.424,S2M
25,F2,80,2.889,S2M
25,F2,81,3.377,S2M
25,F2,82,2.889,S2M
25,F2,83,1.912,S2M
25,F2,84,-0.041,S2M
25,F2,85,-1.994,S2M
25,F2,86,-3.947,S2M
25,F2,87,-5.412,S2M
25,F2,88,-5.412,S2M
25,F2,89,-4.435,S2M
25,F2,90,-3.947,S2M
25,F2,91,-3.459,S2M
25,F2,92,-4.435,S2M
25,F2,93,-5.412,S2M
25,F2,94,-6.388,S2M
25,F2,95,-6.877,S2M
25,F2,96,-6.388,S2M
25,F2,97,-4.924,S2M
25,F2,98,-3.459,S2M
25,F2,99,-1.506,S2M
25,F2,100,-1.506,S2M
25,F2,101,-3.459,S2M
25,F2,102,-7.365,S2M
25,F2,103,-10.783,S2M
25,F2,104,-10.783,S2M
25,F2,105,-8.341,S2M
25,F2,106,-4.435,S2M
25,F2,107,-1.994,S2M
25,F2,108,-1.017,S2M
25,F2,109,-1.994,S2M
25,F2,110,-3.947,S2M
25,F2,111,-5.900,S2M
25,F2,112,-6.388,S2M
25,F2,113,-4.924,S2M
25,F2,114,-2.482,S2M
25,F2,115,0.448,S2M
25,F2,116,1.912,S2M
25,F2,117,1.424,S2M
25,F2,118,-0.529,S2M
25,F2,119,-2.482,S2M
25,F2,120,-4.435,S2M
25,F2,121,-4.924,S2M
25,F2,122,-4.924,S2M
25,F2,123,-3.947,S2M
25,F2,124,-2.482,S2M
25,F2,125,-1.017,S2M
25,F2,126,-0.529,S2M
25,F2,127,-0.529,S2M
25,F2,128,-1.506,S2M
25,F2,129,-2.970,S2M
25,F2,130,-3.947,S2M
25,F2,131,-5.412,S2M
25,F2,132,-6.877,S2M
25,F2,133,-7.365,S2M
25,F2,134,-7.365,S2M
25,F2,135,-6.877,S2M
25,F2,136,-4.924,S2M
25,F2,137,-2.482,S2M
25,F2,138,-0.529,S2M
25,F2,139,-0.041,S2M
25,F2,140,-1.994,S2M
25,F2,141,-4.924,S2M
25,F2,142,-6.877,S2M
25,F2,143,-6.388,S2M
25,F2,144,-3.459,S2M
25,F2,145,-0.529,S2M
25,F2,146,1.424,S2M
25,F2,147,0.936,S2M
25,F2,148,-0.529,S2M
25,F2,149,-0.529,S2M
25,F2,150,0.448,S2M
25,F2,151,1.424,S2M
25,F2,152,0.448,S2M
25,F2,153,-1.994,S2M
25,F2,154,-4.435,S2M
25,F2,155,-5.412,S2M
25,F2,156,-4.924,S2M
25,F2,157,-4.435,S2M
25,F2,158,-4.924,S2M
25,F2,159,-5.412,S2M
25,F2,160,-5.412,S2M
25,F2,161,-5.412,S2M
25,F2,162,-4.924,S2M
25,F2,163,-4.435,S2M
25,F2,164,-4.924,S2M
25,F2,165,-5.412,S2M
25,F2,166,-5.412,S2M
25,F2,167,-5.412,S2M
25,F2,168,-4.924,S2M
25,F2,169,-4.435,S2M
25,F2,170,-3.947,S2M
25,F2,171,-3.459,S2M
25,F2,172,-3.459,S2M
25,F2,173,-3.947,S2M
25,F2,174,-3.459,S2M
25,F2,175,-2.970,S2M
25,F2,176,-1.994,S2M
25,F2,177,-2.482,S2M
25,F2,178,-4.435,S2M
25,F2,179,-5.900,S2M
25,F2,180,-6.877,S2M
25,F2,181,-6.388,S2M
25,F2,182,-5.412,S2M
25,F2,183,-5.412,S2M
25,F2,184,-6.388,S2M
25,F2,185,-7.365,S2M
25,F2,186,-7.853,S2M
25,F2,187,-6.877,S2M
25,F2,188,-5.412,S2M
25,F2,189,-4.924,S2M
25,F2,190,-4.924,S2M
25,F2,191,-4.435,S2M
25,F2,192,-2.970,S2M
25,F2,193,-1.506,S2M
25,F2,194,-1.017,S2M
25,F2,195,-2.970,S2M
25,F2,196,-5.900,S2M
25,F2,197,-7.853,S2M
25,F2,198,-6.877,S2M
25,F2,199,-4.435,S2M
25,F2,200,-2.482,S2M
25,F2,201,-2.482,S2M
25,F2,202,-3.459,S2M
25,F2,203,-4.435,S2M
25,F2,204,-3.459,S2M
25,F2,205,-1.017,S2M
25,F2,206,0.936,S2M
25,F2,207,0.936,S2M
25,F2,208,-1.017,S2M
25,F2,209,-2.482,S2M
25,F2,210,-2.482,S2M
25,F2,211,-1.017,S2M
25,F2,212,1.424,S2M
25,F2,213,2.889,S2M
25,F2,214,3.866,S2M
25,F2,215,3.377,S2M
25,F2,216,1.424,S2M
25,F2,217,-0.041,S2M
25,F2,218,-1.506,S2M
25,F2,219,-1.017,S2M
25,F2,220,0.448,S2M
25,F2,221,2.401,S2M
25,F2,222,3.377,S2M
25,F2,223,3.377,S2M
25,F2,224,2.889,S2M
25,F2,225,1.912,S2M
25,F2,226,1.912,S2M
25,F2,227,2.401,S2M
25,F2,228,3.377,S2M
25,F2,229,3.377,S2M
25,F2,230,1.912,S2M
25,F2,231,0.448,S2M
25,F2,232,-0.529,S2M
25,F2,233,-1.017,S2M
25,F2,234,-0.529,S2M
25,F2,235,0.448,S2M
25,F2,236,0.936,S2M
25,F2,237,0.936,S2M
25,F2,238,-0.041,S2M
25,F2,239,-1.506,S2M
25,F2,240,-2.970,S2M
25,F2,241,-3.947,S2M
25,F2,242,-4.924,S2M
25,F2,243,-5.900,S2M
25,F2,244,-6.388,S2M
25,F2,245,-6.877,S2M
25,F2,246,-6.877,S2M
25,F2,247,-5.900,S2M
25,F2,248,-4.924,S2M
25,F2,249,-4.435,S2M
25,F2,250,-4.435,S2M
25,F2,251,-5.412,S2M
25,F2,252,-6.877,S2M
25,F2,253,-8.341,S2M
25,F2,254,-8.830,S2M
25,F2,255,-8.341,S2M
25,F1,0,5.961,S2M
25,F1,1,3.031,S2M
25,F1,2,-0.387,S2M
25,F1,3,-3.316,S2M
25,F1,4,-5.269,S2M
25,F1,5,-6.246,S2M
25,F1,6,-6.734,S2M
25,F1,7,-6.734,S2M
25,F1,8,-6.246,S2M
25,F1,9,-5.758,S2M
25,F1,10,-4.293,S2M
25,F1,11,-1.851,S2M
25,F1,12,-0.387,S2M
25,F1,13,0.102,S2M
25,F1,14,-0.875,S2M
25,F1,15,-3.316,S2M
25,F1,16,-5.758,S2M
25,F1,17,-6.734,S2M
25,F1,18,-6.734,S2M
25,F1,19,-4.781,S2M
25,F1,20,-1.851,S2M
25,F1,21,1.078,S2M
25,F1,22,3.520,S2M
25,F1,23,4.496,S2M
25,F1,24,4.496,S2M
25,F1,25,3.520,S2M
25,F1,26,2.055,S2M
25,F1,27,0.590,S2M
25,F1,28,0.102,S2M
25,F1,29,0.102,S2M
25,F1,30,0.102,S2M
25,F1,31,0.102,S2M
25,F1,32,-0.875,S2M
25,F1,33,-1.851,S2M
25,F1,34,-2.828,S2M
25,F1,35,-3.805,S2M
25,F1,36,-4.293,S2M
25,F1,37,-5.269,S2M
25,F1,38,-7.222,S2M
25,F1,39,-9.176,S2M
25,F1,40,-9.664,S2M
25,F1,41,-8.687,S2M
25,F1,42,-7.222,S2M
25,F1,43,-5.269,S2M
25,F1,44,-4.293,S2M
25,F1,45,-3.805,S2M
25,F1,46,-3.316,S2M
25,F1,47,-0.875,S2M
25,F1,48,2.543,S2M
25,F1,49,5.961,S2M
25,F1,50,8.403,S2M
25,F1,51,8.891,S2M
25,F1,52,7.426,S2M
25,F1,53,5.961,S2M
25,F1,54,5.473,S2M
25,F1,55,5.961,S2M
25,F1,56,5.961,S2M
25,F1,57,6.449,S2M
25,F1,58,5.473,S2M
25,F1,59,4.008,S2M
25,F1,60,2.055,S2M
25,F1,61,0.590,S2M
25,F1,62,-1.363,S2M
25,F1,63,-3.316,S2M
25,F1,64,-6.246,S2M
25,F1,65,-9.176,S2M
25,F1,66,-11.617,S2M
25,F1,67,-12.594,S2M
25,F1,68,-11.617,S2M
25,F1,69,-10.152,S2M
25,F1,70,-8.199,S2M
25,F1,71,-7.222,S2M
25,F1,72,-6.246,S2M
25,F1,73,-5.758,S2M
25,F1,74,-3.805,S2M
25,F1,75,-1.851,S2M
25,F1,76,0.590,S2M
25,F1,77,2.055,S2M
25,F1,78,1.567,S2M
25,F1,79,0.102,S2M
25,F1,80,-1.851,S2M
25,F1,81,-2.340,S2M
25,F1,82,-1.363,S2M
25,F1,83,0.590,S2M
25,F1,84,1.567,S2M
25,F1,85,0.590,S2M
25,F1,86,-0.875,S2M
25,F1,87,-3.805,S2M
25,F1,88,-6.246,S2M
25,F1,89,-6.734,S2M
25,F1,90,-5.758,S2M
25,F1,91,-4.781,S2M
25,F1,92,-3.805,S2M
25,F1,93,-3.805,S2M
25,F1,94,-4.293,S2M
25,F1,95,-5.269,S2M
25,F1,96,-6.734,S2M
25,F1,97,-7.222,S2M
25,F1,98,-7.222,S2M
25,F1,99,-5.758,S2M
25,F1,100,-3.316,S2M
25,F1,101,-1.851,S2M
25,F1,102,-1.851,S2M
25,F1,103,-3.805,S2M
25,F1,104,-7.222,S2M
25,F1,105,-10.152,S2M
25,F1,106,-11.617,S2M
25,F1,107,-10.152,S2M
25,F1,108,-6.734,S2M
25,F1,109,-3.805,S2M
25,F1,110,-1.851,S2M
25,F1,111,-1.851,S2M
25,F1,112,-3.316,S2M
25,F1,113,-3.805,S2M
25,F1,114,-3.316,S2M
25,F1,115,-1.851,S2M
25,F1,116,-0.387,S2M
25,F1,117,-0.387,S2M
25,F1,118,-1.851,S2M
25,F1,119,-3.316,S2M
25,F1,120,-4.293,S2M
25,F1,121,-3.805,S2M
25,F1,122,-2.828,S2M
25,F1,123,-1.851,S2M
25,F1,124,-1.851,S2M
25,F1,125,-2.340,S2M
25,F1,126,-2.340,S2M
25,F1,127,-1.851,S2M
25,F1,128,-1.851,S2M
25,F1,129,-2.828,S2M
25,F1,130,-4.781,S2M
25,F1,131,-7.222,S2M
25,F1,132,-8.199,S2M
25,F1,133,-7.711,S2M
25,F1,134,-6.246,S2M
25,F1,135,-4.293,S2M
25,F1,136,-2.828,S2M
25,F1,137,-1.851,S2M
25,F1,138,-1.851,S2M
25,F1,139,-1.363,S2M
25,F1,140,-1.851,S2M
25,F1,141,-4.293,S2M
25,F1,142,-6.246,S2M
25,F1,143,-8.687,S2M
25,F1,144,-8.199,S2M
25,F1,145,-5.758,S2M
25,F1,146,-1.851,S2M
25,F1,147,2.055,S2M
25,F1,148,3.520,S2M
25,F1,149,3.031,S2M
25,F1,150,1.567,S2M
25,F1,151,-0.387,S2M
25,F1,152,-2.340,S2M
25,F1,153,-4.293,S2M
25,F1,154,-6.246,S2M
25,F1,155,-7.222,S2M
25,F1,156,-7.222,S2M
25,F1,157,-6.246,S2M
25,F1,158,-5.269,S2M
25,F1,159,-4.293,S2M
25,F1,160,-4.781,S2M
25,F1,161,-5.269,S2M
25,F1,162,-5.758,S2M
25,F1,163,-5.269,S2M
25,F1,164,-4.781,S2M
25,F1,165,-4.293,S2M
25,F1,166,-4.781,S2M
25,F1,167,-5.758,S2M
25,F1,168,-6.246,S2M
25,F1,169,-5.758,S2M
25,F1,170,-4.781,S2M
25,F1,171,-3.805,S2M
25,F1,172,-2.828,S2M
25,F1,173,-3.316,S2M
25,F1,174,-2.828,S2M
25,F1,175,-2.340,S2M
25,F1,176,-1.851,S2M
25,F1,177,-1.851,S2M
25,F1,178,-2.340,S2M
25,F1,179,-3.805,S2M
25,F1,180,-5.758,S2M
25,F1,181,-7.222,S2M
25,F1,182,-7.222,S2M
25,F1,183,-7.222,S2M
25,F1,184,-7.222,S2M
25,F1,185,-7.222,S2M
25,F1,186,-7.222,S2M
25,F1,187,-7.222,S2M
25,F1,188,-6.734,S2M
25,F1,189,-6.246,S2M
25,F1,190,-5.269,S2M
25,F1,191,-4.781,S2M
25,F1,192,-4.781,S2M
25,F1,193,-4.293,S2M
25,F1,194,-4.293,S2M
25,F1,195,-4.781,S2M
25,F1,196,-5.758,S2M
25,F1,197,-7.711,S2M
25,F1,198,-8.687,S2M
25,F1,199,-9.176,S2M
25,F1,200,-8.199,S2M
25,F1,201,-6.734,S2M
25,F1,202,-5.758,S2M
25,F1,203,-5.269,S2M
25,F1,204,-4.781,S2M
25,F1,205,-3.316,S2M
25,F1,206,-1.851,S2M
25,F1,207,0.102,S2M
25,F1,208,0.590,S2M
25,F1,209,-0.387,S2M
25,F1,210,-1.363,S2M
25,F1,211,-2.340,S2M
25,F1,212,-1.851,S2M
25,F1,213,-0.875,S2M
25,F1,214,0.590,S2M
25,F1,215,0.590,S2M
25,F1,216,0.102,S2M
25,F1,217,-0.875,S2M
25,F1,218,-1.851,S2M
25,F1,219,-1.363,S2M
25,F1,220,-0.875,S2M
25,F1,221,0.590,S2M
25,F1,222,1.567,S2M
25,F1,223,2.055,S2M
25,F1,224,2.543,S2M
25,F1,225,2.543,S2M
25,F1,226,2.543,S2M
25,F1,227,2.543,S2M
25,F1,228,2.543,S2M
25,F1,229,2.055,S2M
25,F1,230,0.590,S2M
25,F1,231,-0.875,S2M
25,F1,232,-1.851,S2M
25,F1,233,-1.851,S2M
25,F1,234,-1.363,S2M
25,F1,235,-0.387,S2M
25,F1,236,0.590,S2M
25,F1,237,0.590,S2M
25,F1,238,0.102,S2M
25,F1,239,-0.875,S2M
25,F1,240,-2.340,S2M
25,F1,241,-4.293,S2M
25,F1,242,-5.758,S2M
25,F1,243,-6.734,S2M
25,F1,244,-7.222,S2M
25,F1,245,-6.246,S2M
25,F1,246,-5.269,S2M
25,F1,247,-4.293,S2M
25,F1,248,-4.293,S2M
25,F1,249,-4.293,S2M
25,F1,250,-4.293,S2M
25,F1,251,-4.293,S2M
25,F1,252,-4.781,S2M
25,F1,253,-5.269,S2M
25,F1,254,-6.246,S2M
25,F1,255,-6.734,S2M
25,TP8,0,5.300,S2M
25,TP8,1,12.624,S2M
25,TP8,2,15.066,S2M
25,TP8,3,13.601,S2M
25,TP8,4,9.206,S2M
25,TP8,5,2.858,S2M
25,TP8,6,-4.466,S2M
25,TP8,7,-8.860,S2M
25,TP8,8,-8.860,S2M
25,TP8,9,-3.977,S2M
25,TP8,10,2.858,S2M
25,TP8,11,7.253,S2M
25,TP8,12,7.253,S2M
25,TP8,13,5.300,S2M
25,TP8,14,4.323,S2M
25,TP8,15,6.765,S2M
25,TP8,16,9.694,S2M
25,TP8,17,10.183,S2M
25,TP8,18,6.276,S2M
25,TP8,19,-0.071,S2M
25,TP8,20,-3.489,S2M
25,TP8,21,-1.536,S2M
25,TP8,22,5.788,S2M
25,TP8,23,15.066,S2M
25,TP8,24,21.901,S2M
25,TP8,25,24.831,S2M
25,TP8,26,23.366,S2M
25,TP8,27,19.460,S2M
25,TP8,28,14.089,S2M
25,TP8,29,9.206,S2M
25,TP8,30,5.788,S2M
25,TP8,31,5.300,S2M
25,TP8,32,8.230,S2M
25,TP8,33,11.648,S2M
25,TP8,34,13.601,S2M
25,TP8,35,11.159,S2M
25,TP8,36,6.276,S2M
25,TP8,37,1.882,S2M
25,TP8,38,0.417,S2M
25,TP8,39,0.417,S2M
25,TP8,40,-1.048,S2M
25,TP8,41,-5.931,S2M
25,TP8,42,-11.790,S2M
25,TP8,43,-14.231,S2M
25,TP8,44,-9.349,S2M
25,TP8,45,-0.071,S2M
25,TP8,46,8.230,S2M
25,TP8,47,9.206,S2M
25,TP8,48,3.347,S2M
25,TP8,49,-3.977,S2M
25,TP8,50,-5.931,S2M
25,TP8,51,-2.024,S2M
25,TP8,52,5.300,S2M
25,TP8,53,8.718,S2M
25,TP8,54,5.788,S2M
25,TP8,55,-0.559,S2M
25,TP8,56,-5.931,S2M
25,TP8,57,-7.395,S2M
25,TP8,58,-5.442,S2M
25,TP8,59,-4.466,S2M
25,TP8,60,-4.954,S2M
25,TP8,61,-7.395,S2M
25,TP8,62,-7.884,S2M
25,TP8,63,-6.419,S2M
25,TP8,64,-4.954,S2M
25,TP8,65,-5.931,S2M
25,TP8,66,-9.837,S2M
25,TP8,67,-13.255,S2M
25,TP8,68,-13.743,S2M
25,TP8,69,-10.813,S2M
25,TP8,70,-5.931,S2M
25,TP8,71,-2.513,S2M
25,TP8,72,-2.024,S2M
25,TP8,73,-3.001,S2M
25,TP8,74,-5.442,S2M
25,TP8,75,-7.884,S2M
25,TP8,76,-9.837,S2M
25,TP8,77,-9.837,S2M
25,TP8,78,-5.931,S2M
25,TP8,79,1.882,S2M
25,TP8,80,10.183,S2M
25,TP8,81,13.112,S2M
25,TP8,82,8.230,S2M
25,TP8,83,-0.071,S2M
25,TP8,84,-5.442,S2M
25,TP8,85,-3.001,S2M
25,TP8,86,3.835,S2M
25,TP8,87,7.741,S2M
25,TP8,88,2.858,S2M
25,TP8,89,-7.884,S2M
25,TP8,90,-16.184,S2M
25,TP8,91,-16.184,S2M
25,TP8,92,-8.860,S2M
25,TP8,93,-1.536,S2M
25,TP8,94,-2.024,S2M
25,TP8,95,-9.837,S2M
25,TP8,96,-16.673,S2M
25,TP8,97,-15.208,S2M
25,TP8,98,-5.442,S2M
25,TP8,99,4.812,S2M
25,TP8,100,6.765,S2M
25,TP8,101,-3.001,S2M
25,TP8,102,-16.673,S2M
25,TP8,103,-23.509,S2M
25,TP8,104,-17.649,S2M
25,TP8,105,-3.489,S2M
25,TP8,106,8.718,S2M
25,TP8,107,9.694,S2M
25,TP8,108,0.905,S2M
25,TP8,109,-10.325,S2M
25,TP8,110,-15.208,S2M
25,TP8,111,-10.325,S2M
25,TP8,112,-0.559,S2M
25,TP8,113,5.788,S2M
25,TP8,114,2.858,S2M
25,TP8,115,-7.395,S2M
25,TP8,116,-18.626,S2M
25,TP8,117,-21.556,S2M
25,TP8,118,-15.208,S2M
25,TP8,119,-3.001,S2M
25,TP8,120,5.788,S2M
25,TP8,121,7.253,S2M
25,TP8,122,2.858,S2M
25,TP8,123,-1.048,S2M
25,TP8,124,0.905,S2M
25,TP8,125,6.765,S2M
25,TP8,126,11.648,S2M
25,TP8,127,9.694,S2M
25,TP8,128,1.394,S2M
25,TP8,129,-8.372,S2M
25,TP8,130,-14.720,S2M
25,TP8,131,-15.208,S2M
25,TP8,132,-12.767,S2M
25,TP8,133,-10.325,S2M
25,TP8,134,-8.372,S2M
25,TP8,135,-4.954,S2M
25,TP8,136,0.905,S2M
25,TP8,137,6.765,S2M
25,TP8,138,8.718,S2M
25,TP8,139,5.788,S2M
25,TP8,140,-0.071,S2M
25,TP8,141,-2.513,S2M
25,TP8,142,0.417,S2M
25,TP8,143,6.276,S2M
25,TP8,144,8.718,S2M
25,TP8,145,5.300,S2M
25,TP8,146,-3.001,S2M
25,TP8,147,-10.813,S2M
25,TP8,148,-14.231,S2M
25,TP8,149,-13.255,S2M
25,TP8,150,-11.790,S2M
25,TP8,151,-12.278,S2M
25,TP8,152,-13.255,S2M
25,TP8,153,-11.302,S2M
25,TP8,154,-5.442,S2M
25,TP8,155,2.370,S2M
25,TP8,156,7.741,S2M
25,TP8,157,6.765,S2M
25,TP8,158,1.882,S2M
25,TP8,159,-3.977,S2M
25,TP8,160,-7.395,S2M
25,TP8,161,-6.907,S2M
25,TP8,162,-5.442,S2M
25,TP8,163,-4.466,S2M
25,TP8,164,-4.954,S2M
25,TP8,165,-5.931,S2M
25,TP8,166,-6.907,S2M
25,TP8,167,-8.860,S2M
25,TP8,168,-11.790,S2M
25,TP8,169,-13.743,S2M
25,TP8,170,-12.278,S2M
25,TP8,171,-4.466,S2M
25,TP8,172,7.253,S2M
25,TP8,173,15.554,S2M
25,TP8,174,13.601,S2M
25,TP8,175,1.394,S2M
25,TP8,176,-12.767,S2M
25,TP8,177,-18.138,S2M
25,TP8,178,-10.813,S2M
25,TP8,179,4.323,S2M
25,TP8,180,15.066,S2M
25,TP8,181,13.112,S2M
25,TP8,182,0.905,S2M
25,TP8,183,-11.302,S2M
25,TP8,184,-13.255,S2M
25,TP8,185,-4.466,S2M
25,TP8,186,6.765,S2M
25,TP8,187,11.159,S2M
25,TP8,188,6.765,S2M
25,TP8,189,-1.536,S2M
25,TP8,190,-5.931,S2M
25,TP8,191,-3.977,S2M
25,TP8,192,0.905,S2M
25,TP8,193,4.323,S2M
25,TP8,194,3.835,S2M
25,TP8,195,3.347,S2M
25,TP8,196,4.812,S2M
25,TP8,197,8.230,S2M
25,TP8,198,9.694,S2M
25,TP8,199,5.788,S2M
25,TP8,200,-1.048,S2M
25,TP8,201,-5.931,S2M
25,TP8,202,-3.001,S2M
25,TP8,203,6.276,S2M
25,TP8,204,16.530,S2M
25,TP8,205,19.460,S2M
25,TP8,206,12.624,S2M
25,TP8,207,-0.559,S2M
25,TP8,208,-11.790,S2M
25,TP8,209,-14.720,S2M
25,TP8,210,-7.395,S2M
25,TP8,211,3.835,S2M
25,TP8,212,12.624,S2M
25,TP8,213,13.112,S2M
25,TP8,214,7.741,S2M
25,TP8,215,1.882,S2M
25,TP8,216,-0.559,S2M
25,TP8,217,1.882,S2M
25,TP8,218,4.323,S2M
25,TP8,219,4.812,S2M
25,TP8,220,0.905,S2M
25,TP8,221,-3.001,S2M
25,TP8,222,-3.977,S2M
25,TP8,223,-1.048,S2M
25,TP8,224,2.370,S2M
25,TP8,225,2.858,S2M
25,TP8,226,-1.536,S2M
25,TP8,227,-6.907,S2M
25,TP8,228,-8.372,S2M
25,TP8,229,-3.489,S2M
25,TP8,230,5.300,S2M
25,TP8,231,11.648,S2M
25,TP8,232,10.671,S2M
25,TP8,233,3.347,S2M
25,TP8,234,-2.513,S2M
25,TP8,235,-1.536,S2M
25,TP8,236,6.765,S2M
25,TP8,237,15.554,S2M
25,TP8,238,17.507,S2M
25,TP8,239,9.206,S2M
25,TP8,240,-3.001,S2M
25,TP8,241,-11.302,S2M
25,TP8,242,-10.325,S2M
25,TP8,243,-2.513,S2M
25,TP8,244,5.300,S2M
25,TP8,245,7.253,S2M
25,TP8,246,1.882,S2M
25,TP8,247,-5.931,S2M
25,TP8,248,-11.302,S2M
25,TP8,249,-10.813,S2M
25,TP8,250,-4.954,S2M
25,TP8,251,2.858,S2M
25,TP8,252,8.718,S2M
25,TP8,253,12.136,S2M
25,TP8,254,13.112,S2M
25,TP8,255,13.112,S2M
25,TP7,0,14.221,S2M
25,TP7,1,16.174,S2M
25,TP7,2,9.338,S2M
25,TP7,3,0.549,S2M
25,TP7,4,-4.333,S2M
25,TP7,5,-3.357,S2M
25,TP7,6,1.038,S2M
25,TP7,7,2.991,S2M
25,TP7,8,0.549,S2M
25,TP7,9,-3.357,S2M
25,TP7,10,-4.333,S2M
25,TP7,11,0.061,S2M
25,TP7,12,6.897,S2M
25,TP7,13,10.803,S2M
25,TP7,14,8.362,S2M
25,TP7,15,0.549,S2M
25,TP7,16,-7.263,S2M
25,TP7,17,-11.169,S2M
25,TP7,18,-7.751,S2M
25,TP7,19,0.549,S2M
25,TP7,20,10.803,S2M
25,TP7,21,19.104,S2M
25,TP7,22,24.475,S2M
25,TP7,23,24.963,S2M
25,TP7,24,22.034,S2M
25,TP7,25,18.127,S2M
25,TP7,26,16.174,S2M
25,TP7,27,17.151,S2M
25,TP7,28,19.104,S2M
25,TP7,29,19.592,S2M
25,TP7,30,15.686,S2M
25,TP7,31,9.338,S2M
25,TP7,32,5.920,S2M
25,TP7,33,7.874,S2M
25,TP7,34,15.198,S2M
25,TP7,35,21.057,S2M
25,TP7,36,21.057,S2M
25,TP7,37,13.733,S2M
25,TP7,38,5.432,S2M
25,TP7,39,1.526,S2M
25,TP7,40,2.502,S2M
25,TP7,41,6.409,S2M
25,TP7,42,7.874,S2M
25,TP7,43,5.920,S2M
25,TP7,44,1.526,S2M
25,TP7,45,-2.380,S2M
25,TP7,46,-4.822,S2M
25,TP7,47,-5.310,S2M
25,TP7,48,-2.869,S2M
25,TP7,49,5.432,S2M
25,TP7,50,18.127,S2M
25,TP7,51,30.823,S2M
25,TP7,52,34.241,S2M
25,TP7,53,24.475,S2M
25,TP7,54,5.432,S2M
25,TP7,55,-11.169,S2M
25,TP7,56,-15.564,S2M
25,TP7,57,-6.287,S2M
25,TP7,58,5.920,S2M
25,TP7,59,9.827,S2M
25,TP7,60,1.038,S2M
25,TP7,61,-12.146,S2M
25,TP7,62,-17.517,S2M
25,TP7,63,-10.193,S2M
25,TP7,64,4.456,S2M
25,TP7,65,13.245,S2M
25,TP7,66,9.338,S2M
25,TP7,67,-3.845,S2M
25,TP7,68,-16.052,S2M
25,TP7,69,-18.982,S2M
25,TP7,70,-14.099,S2M
25,TP7,71,-7.751,S2M
25,TP7,72,-7.263,S2M
25,TP7,73,-11.169,S2M
25,TP7,74,-13.123,S2M
25,TP7,75,-6.775,S2M
25,TP7,76,4.944,S2M
25,TP7,77,13.245,S2M
25,TP7,78,10.803,S2M
25,TP7,79,-2.869,S2M
25,TP7,80,-18.982,S2M
25,TP7,81,-27.283,S2M
25,TP7,82,-23.376,S2M
25,TP7,83,-11.169,S2M
25,TP7,84,2.014,S2M
25,TP7,85,9.827,S2M
25,TP7,86,11.292,S2M
25,TP7,87,9.338,S2M
25,TP7,88,4.456,S2M
25,TP7,89,-1.404,S2M
25,TP7,90,-7.751,S2M
25,TP7,91,-13.123,S2M
25,TP7,92,-15.076,S2M
25,TP7,93,-14.099,S2M
25,TP7,94,-10.681,S2M
25,TP7,95,-6.287,S2M
25,TP7,96,-2.380,S2M
25,TP7,97,0.549,S2M
25,TP7,98,1.526,S2M
25,TP7,99,0.061,S2M
25,TP7,100,-5.310,S2M
25,TP7,101,-10.681,S2M
25,TP7,102,-12.146,S2M
25,TP7,103,-8.240,S2M
25,TP7,104,-0.427,S2M
25,TP7,105,5.432,S2M
25,TP7,106,3.967,S2M
25,TP7,107,-3.845,S2M
25,TP7,108,-13.123,S2M
25,TP7,109,-17.517,S2M
25,TP7,110,-14.099,S2M
25,TP7,111,-5.798,S2M
25,TP7,112,2.502,S2M
25,TP7,113,7.874,S2M
25,TP7,114,10.315,S2M
25,TP7,115,8.850,S2M
25,TP7,116,3.967,S2M
25,TP7,117,-4.333,S2M
25,TP7,118,-12.146,S2M
25,TP7,119,-15.076,S2M
25,TP7,120,-9.705,S2M
25,TP7,121,1.526,S2M
25,TP7,122,11.292,S2M
25,TP7,123,14.221,S2M
25,TP7,124,8.362,S2M
25,TP7,125,-0.916,S2M
25,TP7,126,-5.798,S2M
25,TP7,127,-3.357,S2M
25,TP7,128,2.991,S2M
25,TP7,129,7.385,S2M
25,TP7,130,4.944,S2M
25,TP7,131,-1.892,S2M
25,TP7,132,-7.263,S2M
25,TP7,133,-6.287,S2M
25,TP7,134,1.038,S2M
25,TP7,135,10.315,S2M
25,TP7,136,13.245,S2M
25,TP7,137,8.362,S2M
25,TP7,138,-1.404,S2M
25,TP7,139,-9.705,S2M
25,TP7,140,-10.193,S2M
25,TP7,141,-2.869,S2M
25,TP7,142,7.874,S2M
25,TP7,143,13.733,S2M
25,TP7,144,9.338,S2M
25,TP7,145,-3.357,S2M
25,TP7,146,-17.029,S2M
25,TP7,147,-23.376,S2M
25,TP7,148,-17.517,S2M
25,TP7,149,-4.333,S2M
25,TP7,150,8.362,S2M
25,TP7,151,11.780,S2M
25,TP7,152,4.944,S2M
25,TP7,153,-5.798,S2M
25,TP7,154,-12.634,S2M
25,TP7,155,-10.193,S2M
25,TP7,156,-1.892,S2M
25,TP7,157,6.897,S2M
25,TP7,158,9.827,S2M
25,TP7,159,6.897,S2M
25,TP7,160,2.502,S2M
25,TP7,161,-0.427,S2M
25,TP7,162,0.061,S2M
25,TP7,163,-0.427,S2M
25,TP7,164,-3.357,S2M
25,TP7,165,-7.263,S2M
25,TP7,166,-10.193,S2M
25,TP7,167,-8.728,S2M
25,TP7,168,-3.357,S2M
25,TP7,169,2.991,S2M
25,TP7,170,6.409,S2M
25,TP7,171,5.920,S2M
25,TP7,172,2.502,S2M
25,TP7,173,-0.916,S2M
25,TP7,174,-3.845,S2M
25,TP7,175,-5.798,S2M
25,TP7,176,-6.287,S2M
25,TP7,177,-4.822,S2M
25,TP7,178,-0.427,S2M
25,TP7,179,5.920,S2M
25,TP7,180,11.292,S2M
25,TP7,181,13.245,S2M
25,TP7,182,9.827,S2M
25,TP7,183,3.479,S2M
25,TP7,184,-3.357,S2M
25,TP7,185,-6.287,S2M
25,TP7,186,-3.845,S2M
25,TP7,187,2.502,S2M
25,TP7,188,9.338,S2M
25,TP7,189,12.756,S2M
25,TP7,190,12.268,S2M
25,TP7,191,8.362,S2M
25,TP7,192,4.456,S2M
25,TP7,193,3.479,S2M
25,TP7,194,3.967,S2M
25,TP7,195,4.944,S2M
25,TP7,196,4.456,S2M
25,TP7,197,1.526,S2M
25,TP7,198,-1.892,S2M
25,TP7,199,-2.869,S2M
25,TP7,200,0.549,S2M
25,TP7,201,9.338,S2M
25,TP7,202,19.592,S2M
25,TP7,203,27.405,S2M
25,TP7,204,27.405,S2M
25,TP7,205,18.127,S2M
25,TP7,206,3.967,S2M
25,TP7,207,-6.775,S2M
25,TP7,208,-6.287,S2M
25,TP7,209,3.967,S2M
25,TP7,210,18.127,S2M
25,TP7,211,25.940,S2M
25,TP7,212,22.034,S2M
25,TP7,213,9.827,S2M
25,TP7,214,-2.380,S2M
25,TP7,215,-6.775,S2M
25,TP7,216,-2.869,S2M
25,TP7,217,6.409,S2M
25,TP7,218,12.268,S2M
25,TP7,219,11.780,S2M
25,TP7,220,5.920,S2M
25,TP7,221,-1.404,S2M
25,TP7,222,-6.287,S2M
25,TP7,223,-7.263,S2M
25,TP7,224,-3.357,S2M
25,TP7,225,2.014,S2M
25,TP7,226,7.385,S2M
25,TP7,227,11.780,S2M
25,TP7,228,13.733,S2M
25,TP7,229,11.292,S2M
25,TP7,230,6.897,S2M
25,TP7,231,2.991,S2M
25,TP7,232,2.502,S2M
25,TP7,233,6.897,S2M
25,TP7,234,12.268,S2M
25,TP7,235,15.686,S2M
25,TP7,236,13.733,S2M
25,TP7,237,6.409,S2M
25,TP7,238,-0.916,S2M
25,TP7,239,-4.822,S2M
25,TP7,240,-2.380,S2M
25,TP7,241,2.502,S2M
25,TP7,242,9.827,S2M
25,TP7,243,13.245,S2M
25,TP7,244,12.756,S2M
25,TP7,245,9.827,S2M
25,TP7,246,7.385,S2M
25,TP7,247,6.897,S2M
25,TP7,248,8.362,S2M
25,TP7,249,10.803,S2M
25,TP7,250,13.245,S2M
25,TP7,251,13.245,S2M
25,TP7,252,11.780,S2M
25,TP7,253,9.338,S2M
25,TP7,254,7.385,S2M
25,TP7,255,6.409,S2M
25,AFZ,0,5.737,S2M
25,AFZ,1,2.319,S2M
25,AFZ,2,-1.099,S2M
25,AFZ,3,-3.540,S2M
25,AFZ,4,-5.005,S2M
25,AFZ,5,-6.470,S2M
25,AFZ,6,-7.446,S2M
25,AFZ,7,-8.423,S2M
25,AFZ,8,-7.935,S2M
25,AFZ,9,-6.470,S2M
25,AFZ,10,-3.540,S2M
25,AFZ,11,-0.610,S2M
25,AFZ,12,1.343,S2M
25,AFZ,13,1.343,S2M
25,AFZ,14,-0.122,S2M
25,AFZ,15,-2.075,S2M
25,AFZ,16,-4.028,S2M
25,AFZ,17,-5.005,S2M
25,AFZ,18,-5.005,S2M
25,AFZ,19,-4.028,S2M
25,AFZ,20,-1.099,S2M
25,AFZ,21,1.831,S2M
25,AFZ,22,4.761,S2M
25,AFZ,23,6.226,S2M
25,AFZ,24,6.714,S2M
25,AFZ,25,5.249,S2M
25,AFZ,26,3.296,S2M
25,AFZ,27,0.854,S2M
25,AFZ,28,-0.610,S2M
25,AFZ,29,-1.587,S2M
25,AFZ,30,-1.099,S2M
25,AFZ,31,-0.610,S2M
25,AFZ,32,-0.610,S2M
25,AFZ,33,-1.099,S2M
25,AFZ,34,-1.587,S2M
25,AFZ,35,-2.563,S2M
25,AFZ,36,-3.540,S2M
25,AFZ,37,-4.517,S2M
25,AFZ,38,-6.470,S2M
25,AFZ,39,-7.935,S2M
25,AFZ,40,-9.888,S2M
25,AFZ,41,-9.888,S2M
25,AFZ,42,-7.935,S2M
25,AFZ,43,-5.493,S2M
25,AFZ,44,-2.563,S2M
25,AFZ,45,-0.610,S2M
25,AFZ,46,0.854,S2M
25,AFZ,47,2.319,S2M
25,AFZ,48,4.761,S2M
25,AFZ,49,7.202,S2M
25,AFZ,50,9.644,S2M
25,AFZ,51,10.620,S2M
25,AFZ,52,10.132,S2M
25,AFZ,53,8.179,S2M
25,AFZ,54,6.714,S2M
25,AFZ,55,5.249,S2M
25,AFZ,56,4.761,S2M
25,AFZ,57,4.272,S2M
25,AFZ,58,3.296,S2M
25,AFZ,59,2.319,S2M
25,AFZ,60,1.343,S2M
25,AFZ,61,-0.122,S2M
25,AFZ,62,-2.075,S2M
25,AFZ,63,-5.005,S2M
25,AFZ,64,-8.423,S2M
25,AFZ,65,-12.329,S2M
25,AFZ,66,-14.282,S2M
25,AFZ,67,-14.282,S2M
25,AFZ,68,-13.306,S2M
25,AFZ,69,-11.841,S2M
25,AFZ,70,-11.353,S2M
25,AFZ,71,-10.376,S2M
25,AFZ,72,-8.423,S2M
25,AFZ,73,-5.493,S2M
25,AFZ,74,-2.563,S2M
25,AFZ,75,-0.122,S2M
25,AFZ,76,0.366,S2M
25,AFZ,77,-0.610,S2M
25,AFZ,78,-2.075,S2M
25,AFZ,79,-2.563,S2M
25,AFZ,80,-2.075,S2M
25,AFZ,81,-1.099,S2M
25,AFZ,82,-1.099,S2M
25,AFZ,83,-1.587,S2M
25,AFZ,84,-2.563,S2M
25,AFZ,85,-4.028,S2M
25,AFZ,86,-5.493,S2M
25,AFZ,87,-6.470,S2M
25,AFZ,88,-7.446,S2M
25,AFZ,89,-9.399,S2M
25,AFZ,90,-10.864,S2M
25,AFZ,91,-11.841,S2M
25,AFZ,92,-11.841,S2M
25,AFZ,93,-9.888,S2M
25,AFZ,94,-8.423,S2M
25,AFZ,95,-6.958,S2M
25,AFZ,96,-7.446,S2M
25,AFZ,97,-8.423,S2M
25,AFZ,98,-10.376,S2M
25,AFZ,99,-10.864,S2M
25,AFZ,100,-10.376,S2M
25,AFZ,101,-9.399,S2M
25,AFZ,102,-8.423,S2M
25,AFZ,103,-8.423,S2M
25,AFZ,104,-9.888,S2M
25,AFZ,105,-11.353,S2M
25,AFZ,106,-12.329,S2M
25,AFZ,107,-11.841,S2M
25,AFZ,108,-10.376,S2M
25,AFZ,109,-8.423,S2M
25,AFZ,110,-6.958,S2M
25,AFZ,111,-5.981,S2M
25,AFZ,112,-5.981,S2M
25,AFZ,113,-5.981,S2M
25,AFZ,114,-5.005,S2M
25,AFZ,115,-4.028,S2M
25,AFZ,116,-2.563,S2M
25,AFZ,117,-2.075,S2M
25,AFZ,118,-3.052,S2M
25,AFZ,119,-4.517,S2M
25,AFZ,120,-5.981,S2M
25,AFZ,121,-6.470,S2M
25,AFZ,122,-5.493,S2M
25,AFZ,123,-4.517,S2M
25,AFZ,124,-4.028,S2M
25,AFZ,125,-4.028,S2M
25,AFZ,126,-4.028,S2M
25,AFZ,127,-4.517,S2M
25,AFZ,128,-4.517,S2M
25,AFZ,129,-5.493,S2M
25,AFZ,130,-6.958,S2M
25,AFZ,131,-10.376,S2M
25,AFZ,132,-12.329,S2M
25,AFZ,133,-12.817,S2M
25,AFZ,134,-11.353,S2M
25,AFZ,135,-8.423,S2M
25,AFZ,136,-5.981,S2M
25,AFZ,137,-4.517,S2M
25,AFZ,138,-4.028,S2M
25,AFZ,139,-4.517,S2M
25,AFZ,140,-5.981,S2M
25,AFZ,141,-7.446,S2M
25,AFZ,142,-9.399,S2M
25,AFZ,143,-9.888,S2M
25,AFZ,144,-8.423,S2M
25,AFZ,145,-5.981,S2M
25,AFZ,146,-2.075,S2M
25,AFZ,147,0.366,S2M
25,AFZ,148,1.343,S2M
25,AFZ,149,0.854,S2M
25,AFZ,150,0.366,S2M
25,AFZ,151,-0.122,S2M
25,AFZ,152,-1.587,S2M
25,AFZ,153,-3.540,S2M
25,AFZ,154,-6.470,S2M
25,AFZ,155,-9.399,S2M
25,AFZ,156,-9.888,S2M
25,AFZ,157,-8.911,S2M
25,AFZ,158,-6.470,S2M
25,AFZ,159,-4.517,S2M
25,AFZ,160,-4.517,S2M
25,AFZ,161,-6.470,S2M
25,AFZ,162,-8.423,S2M
25,AFZ,163,-9.399,S2M
25,AFZ,164,-8.423,S2M
25,AFZ,165,-7.935,S2M
25,AFZ,166,-7.446,S2M
25,AFZ,167,-7.935,S2M
25,AFZ,168,-8.911,S2M
25,AFZ,169,-8.911,S2M
25,AFZ,170,-8.423,S2M
25,AFZ,171,-7.446,S2M
25,AFZ,172,-6.958,S2M
25,AFZ,173,-6.470,S2M
25,AFZ,174,-5.981,S2M
25,AFZ,175,-5.493,S2M
25,AFZ,176,-5.005,S2M
25,AFZ,177,-5.005,S2M
25,AFZ,178,-6.470,S2M
25,AFZ,179,-7.935,S2M
25,AFZ,180,-9.399,S2M
25,AFZ,181,-10.864,S2M
25,AFZ,182,-10.864,S2M
25,AFZ,183,-11.353,S2M
25,AFZ,184,-11.353,S2M
25,AFZ,185,-11.353,S2M
25,AFZ,186,-11.353,S2M
25,AFZ,187,-10.376,S2M
25,AFZ,188,-9.399,S2M
25,AFZ,189,-7.935,S2M
25,AFZ,190,-7.446,S2M
25,AFZ,191,-7.446,S2M
25,AFZ,192,-7.446,S2M
25,AFZ,193,-6.958,S2M
25,AFZ,194,-6.470,S2M
25,AFZ,195,-6.470,S2M
25,AFZ,196,-7.446,S2M
25,AFZ,197,-9.399,S2M
25,AFZ,198,-11.353,S2M
25,AFZ,199,-11.841,S2M
25,AFZ,200,-10.864,S2M
25,AFZ,201,-9.399,S2M
25,AFZ,202,-7.446,S2M
25,AFZ,203,-6.470,S2M
25,AFZ,204,-5.981,S2M
25,AFZ,205,-5.005,S2M
25,AFZ,206,-3.540,S2M
25,AFZ,207,-2.075,S2M
25,AFZ,208,-1.587,S2M
25,AFZ,209,-2.075,S2M
25,AFZ,210,-3.052,S2M
25,AFZ,211,-4.517,S2M
25,AFZ,212,-4.028,S2M
25,AFZ,213,-2.075,S2M
25,AFZ,214,-0.122,S2M
25,AFZ,215,1.343,S2M
25,AFZ,216,1.343,S2M
25,AFZ,217,-0.610,S2M
25,AFZ,218,-2.563,S2M
25,AFZ,219,-3.540,S2M
25,AFZ,220,-3.052,S2M
25,AFZ,221,-1.099,S2M
25,AFZ,222,1.343,S2M
25,AFZ,223,3.296,S2M
25,AFZ,224,4.272,S2M
25,AFZ,225,4.272,S2M
25,AFZ,226,3.784,S2M
25,AFZ,227,3.296,S2M
25,AFZ,228,2.319,S2M
25,AFZ,229,2.319,S2M
25,AFZ,230,0.854,S2M
25,AFZ,231,-0.122,S2M
25,AFZ,232,-1.099,S2M
25,AFZ,233,-1.587,S2M
25,AFZ,234,-1.587,S2M
25,AFZ,235,-0.610,S2M
25,AFZ,236,0.366,S2M
25,AFZ,237,1.343,S2M
25,AFZ,238,0.854,S2M
25,AFZ,239,-0.610,S2M
25,AFZ,240,-3.052,S2M
25,AFZ,241,-5.981,S2M
25,AFZ,242,-7.935,S2M
25,AFZ,243,-9.399,S2M
25,AFZ,244,-8.911,S2M
25,AFZ,245,-7.935,S2M
25,AFZ,246,-6.470,S2M
25,AFZ,247,-5.981,S2M
25,AFZ,248,-6.470,S2M
25,AFZ,249,-6.470,S2M
25,AFZ,250,-6.470,S2M
25,AFZ,251,-5.981,S2M
25,AFZ,252,-5.493,S2M
25,AFZ,253,-5.981,S2M
25,AFZ,254,-6.958,S2M
25,AFZ,255,-7.935,S2M
25,CP3,0,5.463,S2M
25,CP3,1,4.486,S2M
25,CP3,2,2.045,S2M
25,CP3,3,0.092,S2M
25,CP3,4,-0.885,S2M
25,CP3,5,-0.397,S2M
25,CP3,6,1.068,S2M
25,CP3,7,1.556,S2M
25,CP3,8,1.556,S2M
25,CP3,9,1.556,S2M
25,CP3,10,2.533,S2M
25,CP3,11,3.021,S2M
25,CP3,12,3.021,S2M
25,CP3,13,1.556,S2M
25,CP3,14,-0.885,S2M
25,CP3,15,-2.838,S2M
25,CP3,16,-3.815,S2M
25,CP3,17,-2.838,S2M
25,CP3,18,-0.885,S2M
25,CP3,19,1.556,S2M
25,CP3,20,3.998,S2M
25,CP3,21,6.439,S2M
25,CP3,22,7.416,S2M
25,CP3,23,7.416,S2M
25,CP3,24,7.416,S2M
25,CP3,25,6.927,S2M
25,CP3,26,6.927,S2M
25,CP3,27,8.392,S2M
25,CP3,28,9.857,S2M
25,CP3,29,9.857,S2M
25,CP3,30,7.904,S2M
25,CP3,31,5.463,S2M
25,CP3,32,3.510,S2M
25,CP3,33,3.021,S2M
25,CP3,34,4.486,S2M
25,CP3,35,5.951,S2M
25,CP3,36,6.927,S2M
25,CP3,37,6.927,S2M
25,CP3,38,6.927,S2M
25,CP3,39,6.927,S2M
25,CP3,40,6.927,S2M
25,CP3,41,5.951,S2M
25,CP3,42,4.486,S2M
25,CP3,43,3.021,S2M
25,CP3,44,1.068,S2M
25,CP3,45,-0.885,S2M
25,CP3,46,-2.838,S2M
25,CP3,47,-3.326,S2M
25,CP3,48,-2.838,S2M
25,CP3,49,0.092,S2M
25,CP3,50,4.486,S2M
25,CP3,51,8.392,S2M
25,CP3,52,9.857,S2M
25,CP3,53,7.904,S2M
25,CP3,54,3.510,S2M
25,CP3,55,0.092,S2M
25,CP3,56,-0.885,S2M
25,CP3,57,0.092,S2M
25,CP3,58,1.556,S2M
25,CP3,59,1.068,S2M
25,CP3,60,-0.397,S2M
25,CP3,61,-1.862,S2M
25,CP3,62,-1.373,S2M
25,CP3,63,0.092,S2M
25,CP3,64,2.045,S2M
25,CP3,65,1.556,S2M
25,CP3,66,0.092,S2M
25,CP3,67,-1.862,S2M
25,CP3,68,-3.326,S2M
25,CP3,69,-3.326,S2M
25,CP3,70,-3.326,S2M
25,CP3,71,-3.815,S2M
25,CP3,72,-3.815,S2M
25,CP3,73,-3.326,S2M
25,CP3,74,-2.350,S2M
25,CP3,75,0.092,S2M
25,CP3,76,1.556,S2M
25,CP3,77,1.068,S2M
25,CP3,78,-0.885,S2M
25,CP3,79,-3.326,S2M
25,CP3,80,-5.280,S2M
25,CP3,81,-5.768,S2M
25,CP3,82,-4.791,S2M
25,CP3,83,-3.326,S2M
25,CP3,84,-1.862,S2M
25,CP3,85,-0.397,S2M
25,CP3,86,0.580,S2M
25,CP3,87,1.068,S2M
25,CP3,88,0.580,S2M
25,CP3,89,-1.373,S2M
25,CP3,90,-3.815,S2M
25,CP3,91,-6.256,S2M
25,CP3,92,-6.744,S2M
25,CP3,93,-5.280,S2M
25,CP3,94,-2.838,S2M
25,CP3,95,-0.397,S2M
25,CP3,96,2.045,S2M
25,CP3,97,2.533,S2M
25,CP3,98,2.045,S2M
25,CP3,99,0.580,S2M
25,CP3,100,-1.373,S2M
25,CP3,101,-1.862,S2M
25,CP3,102,-0.885,S2M
25,CP3,103,1.556,S2M
25,CP3,104,3.021,S2M
25,CP3,105,2.045,S2M
25,CP3,106,-1.373,S2M
25,CP3,107,-5.768,S2M
25,CP3,108,-8.698,S2M
25,CP3,109,-8.209,S2M
25,CP3,110,-5.768,S2M
25,CP3,111,-2.350,S2M
25,CP3,112,0.580,S2M
25,CP3,113,1.556,S2M
25,CP3,114,2.045,S2M
25,CP3,115,1.556,S2M
25,CP3,116,0.092,S2M
25,CP3,117,-2.350,S2M
25,CP3,118,-3.815,S2M
25,CP3,119,-3.326,S2M
25,CP3,120,-1.373,S2M
25,CP3,121,1.556,S2M
25,CP3,122,3.021,S2M
25,CP3,123,2.533,S2M
25,CP3,124,0.580,S2M
25,CP3,125,0.092,S2M
25,CP3,126,0.580,S2M
25,CP3,127,3.021,S2M
25,CP3,128,4.974,S2M
25,CP3,129,4.486,S2M
25,CP3,130,2.533,S2M
25,CP3,131,0.580,S2M
25,CP3,132,-0.397,S2M
25,CP3,133,0.580,S2M
25,CP3,134,2.045,S2M
25,CP3,135,3.510,S2M
25,CP3,136,3.998,S2M
25,CP3,137,3.021,S2M
25,CP3,138,1.556,S2M
25,CP3,139,-0.397,S2M
25,CP3,140,-1.373,S2M
25,CP3,141,-1.862,S2M
25,CP3,142,-0.885,S2M
25,CP3,143,-0.397,S2M
25,CP3,144,-1.373,S2M
25,CP3,145,-2.838,S2M
25,CP3,146,-4.303,S2M
25,CP3,147,-4.791,S2M
25,CP3,148,-3.326,S2M
25,CP3,149,-0.397,S2M
25,CP3,150,1.556,S2M
25,CP3,151,2.045,S2M
25,CP3,152,0.092,S2M
25,CP3,153,-2.350,S2M
25,CP3,154,-3.326,S2M
25,CP3,155,-2.350,S2M
25,CP3,156,0.580,S2M
25,CP3,157,2.533,S2M
25,CP3,158,3.998,S2M
25,CP3,159,3.998,S2M
25,CP3,160,3.510,S2M
25,CP3,161,2.533,S2M
25,CP3,162,1.556,S2M
25,CP3,163,0.580,S2M
25,CP3,164,-1.373,S2M
25,CP3,165,-2.350,S2M
25,CP3,166,-3.326,S2M
25,CP3,167,-2.350,S2M
25,CP3,168,-1.373,S2M
25,CP3,169,-0.397,S2M
25,CP3,170,0.092,S2M
25,CP3,171,-0.885,S2M
25,CP3,172,-2.350,S2M
25,CP3,173,-3.326,S2M
25,CP3,174,-3.326,S2M
25,CP3,175,-2.350,S2M
25,CP3,176,-1.373,S2M
25,CP3,177,-0.397,S2M
25,CP3,178,1.068,S2M
25,CP3,179,2.045,S2M
25,CP3,180,3.510,S2M
25,CP3,181,4.486,S2M
25,CP3,182,4.486,S2M
25,CP3,183,3.510,S2M
25,CP3,184,2.045,S2M
25,CP3,185,1.068,S2M
25,CP3,186,1.556,S2M
25,CP3,187,2.533,S2M
25,CP3,188,3.998,S2M
25,CP3,189,4.974,S2M
25,CP3,190,4.486,S2M
25,CP3,191,3.510,S2M
25,CP3,192,2.045,S2M
25,CP3,193,1.068,S2M
25,CP3,194,1.556,S2M
25,CP3,195,1.556,S2M
25,CP3,196,2.045,S2M
25,CP3,197,1.068,S2M
25,CP3,198,0.092,S2M
25,CP3,199,-0.885,S2M
25,CP3,200,-0.885,S2M
25,CP3,201,1.068,S2M
25,CP3,202,4.486,S2M
25,CP3,203,7.904,S2M
25,CP3,204,9.857,S2M
25,CP3,205,7.904,S2M
25,CP3,206,3.998,S2M
25,CP3,207,0.580,S2M
25,CP3,208,0.580,S2M
25,CP3,209,3.510,S2M
25,CP3,210,6.439,S2M
25,CP3,211,6.927,S2M
25,CP3,212,3.998,S2M
25,CP3,213,-0.885,S2M
25,CP3,214,-3.326,S2M
25,CP3,215,-2.838,S2M
25,CP3,216,-0.397,S2M
25,CP3,217,2.045,S2M
25,CP3,218,2.045,S2M
25,CP3,219,0.580,S2M
25,CP3,220,-1.373,S2M
25,CP3,221,-1.862,S2M
25,CP3,222,-0.397,S2M
25,CP3,223,0.580,S2M
25,CP3,224,1.068,S2M
25,CP3,225,1.068,S2M
25,CP3,226,1.068,S2M
25,CP3,227,2.045,S2M
25,CP3,228,3.021,S2M
25,CP3,229,3.021,S2M
25,CP3,230,2.045,S2M
25,CP3,231,1.556,S2M
25,CP3,232,2.533,S2M
25,CP3,233,4.486,S2M
25,CP3,234,6.927,S2M
25,CP3,235,7.904,S2M
25,CP3,236,7.416,S2M
25,CP3,237,5.951,S2M
25,CP3,238,3.510,S2M
25,CP3,239,1.556,S2M
25,CP3,240,0.092,S2M
25,CP3,241,-0.397,S2M
25,CP3,242,-0.397,S2M
25,CP3,243,1.068,S2M
25,CP3,244,3.021,S2M
25,CP3,245,5.463,S2M
25,CP3,246,7.416,S2M
25,CP3,247,8.392,S2M
25,CP3,248,8.881,S2M
25,CP3,249,9.369,S2M
25,CP3,250,10.345,S2M
25,CP3,251,10.345,S2M
25,CP3,252,9.857,S2M
25,CP3,253,7.904,S2M
25,CP3,254,5.463,S2M
25,CP3,255,3.998,S2M
25,CP4,0,0.254,S2M
25,CP4,1,0.254,S2M
25,CP4,2,0.254,S2M
25,CP4,3,-0.234,S2M
25,CP4,4,-0.722,S2M
25,CP4,5,-2.187,S2M
25,CP4,6,-3.652,S2M
25,CP4,7,-3.652,S2M
25,CP4,8,-3.164,S2M
25,CP4,9,-2.675,S2M
25,CP4,10,-1.211,S2M
25,CP4,11,-0.234,S2M
25,CP4,12,0.254,S2M
25,CP4,13,0.254,S2M
25,CP4,14,0.254,S2M
25,CP4,15,0.254,S2M
25,CP4,16,-0.234,S2M
25,CP4,17,-0.722,S2M
25,CP4,18,-1.211,S2M
25,CP4,19,-0.722,S2M
25,CP4,20,0.254,S2M
25,CP4,21,1.719,S2M
25,CP4,22,4.649,S2M
25,CP4,23,7.090,S2M
25,CP4,24,9.043,S2M
25,CP4,25,10.997,S2M
25,CP4,26,10.020,S2M
25,CP4,27,8.067,S2M
25,CP4,28,5.625,S2M
25,CP4,29,3.184,S2M
25,CP4,30,1.719,S2M
25,CP4,31,1.719,S2M
25,CP4,32,2.207,S2M
25,CP4,33,2.696,S2M
25,CP4,34,3.184,S2M
25,CP4,35,3.184,S2M
25,CP4,36,2.696,S2M
25,CP4,37,1.719,S2M
25,CP4,38,0.743,S2M
25,CP4,39,-0.722,S2M
25,CP4,40,-2.675,S2M
25,CP4,41,-4.140,S2M
25,CP4,42,-5.117,S2M
25,CP4,43,-4.628,S2M
25,CP4,44,-3.652,S2M
25,CP4,45,-1.699,S2M
25,CP4,46,-0.722,S2M
25,CP4,47,-1.211,S2M
25,CP4,48,-1.211,S2M
25,CP4,49,-0.722,S2M
25,CP4,50,0.743,S2M
25,CP4,51,3.184,S2M
25,CP4,52,4.649,S2M
25,CP4,53,4.649,S2M
25,CP4,54,2.696,S2M
25,CP4,55,0.254,S2M
25,CP4,56,-1.699,S2M
25,CP4,57,-1.699,S2M
25,CP4,58,-1.699,S2M
25,CP4,59,-1.699,S2M
25,CP4,60,-2.675,S2M
25,CP4,61,-4.140,S2M
25,CP4,62,-5.117,S2M
25,CP4,63,-5.605,S2M
25,CP4,64,-4.628,S2M
25,CP4,65,-4.140,S2M
25,CP4,66,-3.652,S2M
25,CP4,67,-3.652,S2M
25,CP4,68,-4.140,S2M
25,CP4,69,-4.628,S2M
25,CP4,70,-4.628,S2M
25,CP4,71,-3.164,S2M
25,CP4,72,-0.722,S2M
25,CP4,73,1.719,S2M
25,CP4,74,3.184,S2M
25,CP4,75,3.184,S2M
25,CP4,76,1.719,S2M
25,CP4,77,0.743,S2M
25,CP4,78,2.207,S2M
25,CP4,79,4.649,S2M
25,CP4,80,7.579,S2M
25,CP4,81,7.579,S2M
25,CP4,82,4.649,S2M
25,CP4,83,0.743,S2M
25,CP4,84,-2.187,S2M
25,CP4,85,-1.699,S2M
25,CP4,86,0.743,S2M
25,CP4,87,3.184,S2M
25,CP4,88,3.184,S2M
25,CP4,89,1.231,S2M
25,CP4,90,-1.699,S2M
25,CP4,91,-4.140,S2M
25,CP4,92,-4.628,S2M
25,CP4,93,-3.164,S2M
25,CP4,94,-1.699,S2M
25,CP4,95,-0.234,S2M
25,CP4,96,0.254,S2M
25,CP4,97,-0.234,S2M
25,CP4,98,-0.722,S2M
25,CP4,99,-0.722,S2M
25,CP4,100,-0.722,S2M
25,CP4,101,-0.722,S2M
25,CP4,102,-0.722,S2M
25,CP4,103,-0.722,S2M
25,CP4,104,0.254,S2M
25,CP4,105,1.231,S2M
25,CP4,106,2.207,S2M
25,CP4,107,1.719,S2M
25,CP4,108,0.254,S2M
25,CP4,109,-0.722,S2M
25,CP4,110,-1.699,S2M
25,CP4,111,-0.722,S2M
25,CP4,112,0.254,S2M
25,CP4,113,1.231,S2M
25,CP4,114,1.231,S2M
25,CP4,115,0.254,S2M
25,CP4,116,-0.234,S2M
25,CP4,117,-0.234,S2M
25,CP4,118,0.254,S2M
25,CP4,119,0.254,S2M
25,CP4,120,0.743,S2M
25,CP4,121,0.743,S2M
25,CP4,122,1.719,S2M
25,CP4,123,3.184,S2M
25,CP4,124,4.161,S2M
25,CP4,125,4.649,S2M
25,CP4,126,3.672,S2M
25,CP4,127,2.207,S2M
25,CP4,128,1.719,S2M
25,CP4,129,2.207,S2M
25,CP4,130,2.696,S2M
25,CP4,131,3.184,S2M
25,CP4,132,2.696,S2M
25,CP4,133,2.207,S2M
25,CP4,134,2.207,S2M
25,CP4,135,2.696,S2M
25,CP4,136,3.184,S2M
25,CP4,137,3.672,S2M
25,CP4,138,3.184,S2M
25,CP4,139,2.696,S2M
25,CP4,140,2.207,S2M
25,CP4,141,1.719,S2M
25,CP4,142,2.207,S2M
25,CP4,143,2.696,S2M
25,CP4,144,2.696,S2M
25,CP4,145,2.207,S2M
25,CP4,146,2.207,S2M
25,CP4,147,1.231,S2M
25,CP4,148,0.254,S2M
25,CP4,149,-0.722,S2M
25,CP4,150,-0.722,S2M
25,CP4,151,-0.234,S2M
25,CP4,152,1.231,S2M
25,CP4,153,1.231,S2M
25,CP4,154,0.743,S2M
25,CP4,155,-0.722,S2M
25,CP4,156,-1.699,S2M
25,CP4,157,-1.699,S2M
25,CP4,158,0.254,S2M
25,CP4,159,2.207,S2M
25,CP4,160,3.184,S2M
25,CP4,161,1.719,S2M
25,CP4,162,-0.722,S2M
25,CP4,163,-1.699,S2M
25,CP4,164,-1.699,S2M
25,CP4,165,-0.722,S2M
25,CP4,166,0.254,S2M
25,CP4,167,0.743,S2M
25,CP4,168,-0.234,S2M
25,CP4,169,-0.722,S2M
25,CP4,170,0.254,S2M
25,CP4,171,2.207,S2M
25,CP4,172,4.161,S2M
25,CP4,173,4.649,S2M
25,CP4,174,3.672,S2M
25,CP4,175,2.207,S2M
25,CP4,176,0.254,S2M
25,CP4,177,-0.234,S2M
25,CP4,178,0.743,S2M
25,CP4,179,2.696,S2M
25,CP4,180,3.184,S2M
25,CP4,181,4.161,S2M
25,CP4,182,3.672,S2M
25,CP4,183,3.184,S2M
25,CP4,184,2.696,S2M
25,CP4,185,2.207,S2M
25,CP4,186,1.231,S2M
25,CP4,187,0.254,S2M
25,CP4,188,0.254,S2M
25,CP4,189,0.743,S2M
25,CP4,190,2.207,S2M
25,CP4,191,3.672,S2M
25,CP4,192,4.649,S2M
25,CP4,193,4.649,S2M
25,CP4,194,4.161,S2M
25,CP4,195,3.672,S2M
25,CP4,196,3.672,S2M
25,CP4,197,3.184,S2M
25,CP4,198,3.672,S2M
25,CP4,199,3.672,S2M
25,CP4,200,4.161,S2M
25,CP4,201,4.649,S2M
25,CP4,202,4.649,S2M
25,CP4,203,4.649,S2M
25,CP4,204,5.137,S2M
25,CP4,205,5.137,S2M
25,CP4,206,6.114,S2M
25,CP4,207,6.114,S2M
25,CP4,208,6.114,S2M
25,CP4,209,5.625,S2M
25,CP4,210,5.137,S2M
25,CP4,211,4.161,S2M
25,CP4,212,4.649,S2M
25,CP4,213,4.649,S2M
25,CP4,214,5.137,S2M
25,CP4,215,5.625,S2M
25,CP4,216,5.625,S2M
25,CP4,217,5.137,S2M
25,CP4,218,4.649,S2M
25,CP4,219,4.649,S2M
25,CP4,220,4.161,S2M
25,CP4,221,4.649,S2M
25,CP4,222,5.137,S2M
25,CP4,223,5.625,S2M
25,CP4,224,6.114,S2M
25,CP4,225,5.625,S2M
25,CP4,226,4.649,S2M
25,CP4,227,4.161,S2M
25,CP4,228,3.672,S2M
25,CP4,229,4.649,S2M
25,CP4,230,6.114,S2M
25,CP4,231,8.067,S2M
25,CP4,232,9.043,S2M
25,CP4,233,8.067,S2M
25,CP4,234,6.114,S2M
25,CP4,235,4.649,S2M
25,CP4,236,3.184,S2M
25,CP4,237,3.672,S2M
25,CP4,238,4.649,S2M
25,CP4,239,5.137,S2M
25,CP4,240,4.649,S2M
25,CP4,241,3.672,S2M
25,CP4,242,2.696,S2M
25,CP4,243,2.207,S2M
25,CP4,244,3.184,S2M
25,CP4,245,4.649,S2M
25,CP4,246,6.114,S2M
25,CP4,247,7.090,S2M
25,CP4,248,6.602,S2M
25,CP4,249,5.625,S2M
25,CP4,250,4.161,S2M
25,CP4,251,3.184,S2M
25,CP4,252,2.696,S2M
25,CP4,253,2.696,S2M
25,CP4,254,3.184,S2M
25,CP4,255,3.672,S2M
25,P5,0,9.349,S2M
25,P5,1,6.907,S2M
25,P5,2,1.536,S2M
25,P5,3,-1.882,S2M
25,P5,4,-2.858,S2M
25,P5,5,-1.394,S2M
25,P5,6,0.071,S2M
25,P5,7,1.048,S2M
25,P5,8,1.048,S2M
25,P5,9,2.024,S2M
25,P5,10,4.466,S2M
25,P5,11,5.931,S2M
25,P5,12,5.442,S2M
25,P5,13,2.513,S2M
25,P5,14,-0.905,S2M
25,P5,15,-3.347,S2M
25,P5,16,-3.835,S2M
25,P5,17,-1.882,S2M
25,P5,18,0.071,S2M
25,P5,19,1.536,S2M
25,P5,20,3.977,S2M
25,P5,21,6.907,S2M
25,P5,22,10.325,S2M
25,P5,23,13.255,S2M
25,P5,24,14.720,S2M
25,P5,25,16.184,S2M
25,P5,26,16.673,S2M
25,P5,27,17.649,S2M
25,P5,28,18.138,S2M
25,P5,29,16.184,S2M
25,P5,30,12.767,S2M
25,P5,31,9.349,S2M
25,P5,32,7.884,S2M
25,P5,33,8.860,S2M
25,P5,34,10.813,S2M
25,P5,35,12.278,S2M
25,P5,36,13.255,S2M
25,P5,37,12.278,S2M
25,P5,38,10.325,S2M
25,P5,39,8.372,S2M
25,P5,40,5.931,S2M
25,P5,41,3.001,S2M
25,P5,42,1.536,S2M
25,P5,43,1.048,S2M
25,P5,44,1.536,S2M
25,P5,45,1.048,S2M
25,P5,46,-1.394,S2M
25,P5,47,-3.835,S2M
25,P5,48,-4.323,S2M
25,P5,49,-0.417,S2M
25,P5,50,6.907,S2M
25,P5,51,13.743,S2M
25,P5,52,15.696,S2M
25,P5,53,11.790,S2M
25,P5,54,4.466,S2M
25,P5,55,-1.394,S2M
25,P5,56,-2.370,S2M
25,P5,57,0.071,S2M
25,P5,58,2.024,S2M
25,P5,59,1.536,S2M
25,P5,60,-1.394,S2M
25,P5,61,-3.347,S2M
25,P5,62,-2.858,S2M
25,P5,63,-1.394,S2M
25,P5,64,0.071,S2M
25,P5,65,-0.905,S2M
25,P5,66,-2.858,S2M
25,P5,67,-4.323,S2M
25,P5,68,-4.323,S2M
25,P5,69,-3.347,S2M
25,P5,70,-3.347,S2M
25,P5,71,-4.323,S2M
25,P5,72,-5.788,S2M
25,P5,73,-5.788,S2M
25,P5,74,-4.323,S2M
25,P5,75,-1.882,S2M
25,P5,76,0.071,S2M
25,P5,77,0.071,S2M
25,P5,78,-2.370,S2M
25,P5,79,-5.300,S2M
25,P5,80,-8.230,S2M
25,P5,81,-9.206,S2M
25,P5,82,-9.206,S2M
25,P5,83,-7.741,S2M
25,P5,84,-6.276,S2M
25,P5,85,-3.835,S2M
25,P5,86,-1.882,S2M
25,P5,87,-0.417,S2M
25,P5,88,-0.417,S2M
25,P5,89,-3.347,S2M
25,P5,90,-7.253,S2M
25,P5,91,-11.159,S2M
25,P5,92,-13.601,S2M
25,P5,93,-12.136,S2M
25,P5,94,-9.206,S2M
25,P5,95,-4.812,S2M
25,P5,96,-1.394,S2M
25,P5,97,0.559,S2M
25,P5,98,0.071,S2M
25,P5,99,-2.370,S2M
25,P5,100,-6.276,S2M
25,P5,101,-9.206,S2M
25,P5,102,-9.206,S2M
25,P5,103,-6.276,S2M
25,P5,104,-1.882,S2M
25,P5,105,0.559,S2M
25,P5,106,-1.394,S2M
25,P5,107,-6.765,S2M
25,P5,108,-12.624,S2M
25,P5,109,-15.066,S2M
25,P5,110,-13.601,S2M
25,P5,111,-7.741,S2M
25,P5,112,-0.905,S2M
25,P5,113,3.977,S2M
25,P5,114,5.931,S2M
25,P5,115,3.489,S2M
25,P5,116,-1.394,S2M
25,P5,117,-7.253,S2M
25,P5,118,-10.671,S2M
25,P5,119,-9.206,S2M
25,P5,120,-4.323,S2M
25,P5,121,0.071,S2M
25,P5,122,1.536,S2M
25,P5,123,0.071,S2M
25,P5,124,-2.858,S2M
25,P5,125,-3.347,S2M
25,P5,126,-0.905,S2M
25,P5,127,3.489,S2M
25,P5,128,6.907,S2M
25,P5,129,6.907,S2M
25,P5,130,4.466,S2M
25,P5,131,1.048,S2M
25,P5,132,-0.905,S2M
25,P5,133,-1.394,S2M
25,P5,134,0.071,S2M
25,P5,135,2.024,S2M
25,P5,136,3.489,S2M
25,P5,137,3.977,S2M
25,P5,138,2.024,S2M
25,P5,139,-0.417,S2M
25,P5,140,-2.370,S2M
25,P5,141,-2.858,S2M
25,P5,142,-1.882,S2M
25,P5,143,-0.905,S2M
25,P5,144,-1.394,S2M
25,P5,145,-3.347,S2M
25,P5,146,-6.276,S2M
25,P5,147,-7.253,S2M
25,P5,148,-5.788,S2M
25,P5,149,-2.370,S2M
25,P5,150,1.048,S2M
25,P5,151,0.559,S2M
25,P5,152,-1.882,S2M
25,P5,153,-4.812,S2M
25,P5,154,-5.788,S2M
25,P5,155,-3.835,S2M
25,P5,156,-0.417,S2M
25,P5,157,3.001,S2M
25,P5,158,4.466,S2M
25,P5,159,4.466,S2M
25,P5,160,3.977,S2M
25,P5,161,3.489,S2M
25,P5,162,3.001,S2M
25,P5,163,2.024,S2M
25,P5,164,1.048,S2M
25,P5,165,-1.394,S2M
25,P5,166,-3.835,S2M
25,P5,167,-4.812,S2M
25,P5,168,-4.323,S2M
25,P5,169,-2.370,S2M
25,P5,170,-0.905,S2M
25,P5,171,-1.394,S2M
25,P5,172,-3.347,S2M
25,P5,173,-5.788,S2M
25,P5,174,-6.765,S2M
25,P5,175,-5.300,S2M
25,P5,176,-2.370,S2M
25,P5,177,0.559,S2M
25,P5,178,2.024,S2M
25,P5,179,2.024,S2M
25,P5,180,2.513,S2M
25,P5,181,2.513,S2M
25,P5,182,2.513,S2M
25,P5,183,3.001,S2M
25,P5,184,2.024,S2M
25,P5,185,1.048,S2M
25,P5,186,1.048,S2M
25,P5,187,1.536,S2M
25,P5,188,3.001,S2M
25,P5,189,4.466,S2M
25,P5,190,4.466,S2M
25,P5,191,3.001,S2M
25,P5,192,1.536,S2M
25,P5,193,0.559,S2M
25,P5,194,-0.417,S2M
25,P5,195,-0.905,S2M
25,P5,196,-0.905,S2M
25,P5,197,-0.905,S2M
25,P5,198,-1.394,S2M
25,P5,199,-1.394,S2M
25,P5,200,-0.417,S2M
25,P5,201,3.001,S2M
25,P5,202,8.860,S2M
25,P5,203,15.208,S2M
25,P5,204,18.138,S2M
25,P5,205,15.208,S2M
25,P5,206,7.395,S2M
25,P5,207,0.559,S2M
25,P5,208,-0.417,S2M
25,P5,209,5.931,S2M
25,P5,210,13.743,S2M
25,P5,211,16.184,S2M
25,P5,212,11.790,S2M
25,P5,213,3.977,S2M
25,P5,214,-0.905,S2M
25,P5,215,0.559,S2M
25,P5,216,5.442,S2M
25,P5,217,8.372,S2M
25,P5,218,6.419,S2M
25,P5,219,1.048,S2M
25,P5,220,-2.858,S2M
25,P5,221,-2.858,S2M
25,P5,222,1.048,S2M
25,P5,223,3.977,S2M
25,P5,224,4.466,S2M
25,P5,225,2.513,S2M
25,P5,226,1.048,S2M
25,P5,227,1.536,S2M
25,P5,228,3.977,S2M
25,P5,229,5.442,S2M
25,P5,230,5.442,S2M
25,P5,231,4.954,S2M
25,P5,232,5.442,S2M
25,P5,233,7.395,S2M
25,P5,234,10.325,S2M
25,P5,235,12.767,S2M
25,P5,236,13.255,S2M
25,P5,237,11.302,S2M
25,P5,238,7.884,S2M
25,P5,239,3.977,S2M
25,P5,240,0.559,S2M
25,P5,241,-1.882,S2M
25,P5,242,-1.394,S2M
25,P5,243,1.048,S2M
25,P5,244,4.466,S2M
25,P5,245,7.395,S2M
25,P5,246,8.372,S2M
25,P5,247,7.884,S2M
25,P5,248,7.884,S2M
25,P5,249,9.349,S2M
25,P5,250,12.767,S2M
25,P5,251,15.208,S2M
25,P5,252,15.208,S2M
25,P5,253,12.278,S2M
25,P5,254,7.884,S2M
25,P5,255,5.442,S2M
25,P6,0,2.157,S2M
25,P6,1,4.110,S2M
25,P6,2,4.598,S2M
25,P6,3,4.110,S2M
25,P6,4,2.645,S2M
25,P6,5,-0.773,S2M
25,P6,6,-3.215,S2M
25,P6,7,-4.679,S2M
25,P6,8,-3.215,S2M
25,P6,9,-0.773,S2M
25,P6,10,1.668,S2M
25,P6,11,2.157,S2M
25,P6,12,1.668,S2M
25,P6,13,1.180,S2M
25,P6,14,2.645,S2M
25,P6,15,5.575,S2M
25,P6,16,8.016,S2M
25,P6,17,8.504,S2M
25,P6,18,5.575,S2M
25,P6,19,1.668,S2M
25,P6,20,-1.261,S2M
25,P6,21,-0.773,S2M
25,P6,22,3.133,S2M
25,P6,23,9.481,S2M
25,P6,24,15.340,S2M
25,P6,25,18.758,S2M
25,P6,26,18.758,S2M
25,P6,27,16.805,S2M
25,P6,28,13.875,S2M
25,P6,29,9.969,S2M
25,P6,30,7.039,S2M
25,P6,31,6.063,S2M
25,P6,32,7.528,S2M
25,P6,33,9.481,S2M
25,P6,34,10.946,S2M
25,P6,35,10.457,S2M
25,P6,36,7.528,S2M
25,P6,37,4.110,S2M
25,P6,38,2.157,S2M
25,P6,39,2.157,S2M
25,P6,40,1.668,S2M
25,P6,41,-0.285,S2M
25,P6,42,-4.191,S2M
25,P6,43,-7.121,S2M
25,P6,44,-6.632,S2M
25,P6,45,-3.703,S2M
25,P6,46,0.203,S2M
25,P6,47,2.157,S2M
25,P6,48,2.157,S2M
25,P6,49,1.668,S2M
25,P6,50,3.133,S2M
25,P6,51,6.063,S2M
25,P6,52,8.016,S2M
25,P6,53,7.528,S2M
25,P6,54,4.110,S2M
25,P6,55,0.692,S2M
25,P6,56,0.203,S2M
25,P6,57,2.157,S2M
25,P6,58,4.598,S2M
25,P6,59,4.598,S2M
25,P6,60,1.180,S2M
25,P6,61,-3.215,S2M
25,P6,62,-4.679,S2M
25,P6,63,-2.726,S2M
25,P6,64,0.203,S2M
25,P6,65,2.157,S2M
25,P6,66,0.203,S2M
25,P6,67,-4.191,S2M
25,P6,68,-6.632,S2M
25,P6,69,-6.144,S2M
25,P6,70,-2.726,S2M
25,P6,71,1.180,S2M
25,P6,72,3.133,S2M
25,P6,73,2.157,S2M
25,P6,74,0.203,S2M
25,P6,75,-0.773,S2M
25,P6,76,0.692,S2M
25,P6,77,4.598,S2M
25,P6,78,8.993,S2M
25,P6,79,11.922,S2M
25,P6,80,10.946,S2M
25,P6,81,6.551,S2M
25,P6,82,-0.285,S2M
25,P6,83,-6.632,S2M
25,P6,84,-8.586,S2M
25,P6,85,-6.144,S2M
25,P6,86,-0.773,S2M
25,P6,87,2.645,S2M
25,P6,88,3.133,S2M
25,P6,89,-0.285,S2M
25,P6,90,-4.679,S2M
25,P6,91,-7.609,S2M
25,P6,92,-8.586,S2M
25,P6,93,-7.121,S2M
25,P6,94,-5.656,S2M
25,P6,95,-4.191,S2M
25,P6,96,-3.215,S2M
25,P6,97,-2.238,S2M
25,P6,98,-1.750,S2M
25,P6,99,-1.750,S2M
25,P6,100,-2.726,S2M
25,P6,101,-4.679,S2M
25,P6,102,-6.144,S2M
25,P6,103,-6.144,S2M
25,P6,104,-3.703,S2M
25,P6,105,-0.285,S2M
25,P6,106,2.157,S2M
25,P6,107,1.180,S2M
25,P6,108,-2.726,S2M
25,P6,109,-6.632,S2M
25,P6,110,-8.586,S2M
25,P6,111,-6.144,S2M
25,P6,112,-1.750,S2M
25,P6,113,2.157,S2M
25,P6,114,2.157,S2M
25,P6,115,-1.750,S2M
25,P6,116,-6.144,S2M
25,P6,117,-8.586,S2M
25,P6,118,-7.609,S2M
25,P6,119,-4.191,S2M
25,P6,120,-0.773,S2M
25,P6,121,1.180,S2M
25,P6,122,1.668,S2M
25,P6,123,2.157,S2M
25,P6,124,3.133,S2M
25,P6,125,3.621,S2M
25,P6,126,3.133,S2M
25,P6,127,1.180,S2M
25,P6,128,-1.261,S2M
25,P6,129,-1.750,S2M
25,P6,130,-0.285,S2M
25,P6,131,1.180,S2M
25,P6,132,1.180,S2M
25,P6,133,-0.773,S2M
25,P6,134,-3.215,S2M
25,P6,135,-3.703,S2M
25,P6,136,-0.773,S2M
25,P6,137,2.645,S2M
25,P6,138,4.110,S2M
25,P6,139,3.133,S2M
25,P6,140,0.203,S2M
25,P6,141,-1.261,S2M
25,P6,142,-0.773,S2M
25,P6,143,1.180,S2M
25,P6,144,2.645,S2M
25,P6,145,2.645,S2M
25,P6,146,1.180,S2M
25,P6,147,-1.750,S2M
25,P6,148,-4.191,S2M
25,P6,149,-6.632,S2M
25,P6,150,-7.121,S2M
25,P6,151,-6.144,S2M
25,P6,152,-3.703,S2M
25,P6,153,-0.773,S2M
25,P6,154,0.692,S2M
25,P6,155,0.203,S2M
25,P6,156,-0.773,S2M
25,P6,157,-1.261,S2M
25,P6,158,-0.285,S2M
25,P6,159,-0.285,S2M
25,P6,160,-1.261,S2M
25,P6,161,-4.191,S2M
25,P6,162,-5.656,S2M
25,P6,163,-5.656,S2M
25,P6,164,-3.215,S2M
25,P6,165,-0.285,S2M
25,P6,166,0.692,S2M
25,P6,167,-1.261,S2M
25,P6,168,-4.191,S2M
25,P6,169,-4.679,S2M
25,P6,170,-2.238,S2M
25,P6,171,1.668,S2M
25,P6,172,4.598,S2M
25,P6,173,4.598,S2M
25,P6,174,1.180,S2M
25,P6,175,-3.215,S2M
25,P6,176,-5.656,S2M
25,P6,177,-4.191,S2M
25,P6,178,0.203,S2M
25,P6,179,5.086,S2M
25,P6,180,8.016,S2M
25,P6,181,8.016,S2M
25,P6,182,5.086,S2M
25,P6,183,2.645,S2M
25,P6,184,2.157,S2M
25,P6,185,3.133,S2M
25,P6,186,3.133,S2M
25,P6,187,1.180,S2M
25,P6,188,-1.750,S2M
25,P6,189,-3.703,S2M
25,P6,190,-3.703,S2M
25,P6,191,-0.285,S2M
25,P6,192,2.157,S2M
25,P6,193,3.133,S2M
25,P6,194,2.157,S2M
25,P6,195,1.668,S2M
25,P6,196,2.645,S2M
25,P6,197,5.086,S2M
25,P6,198,6.551,S2M
25,P6,199,5.086,S2M
25,P6,200,2.645,S2M
25,P6,201,0.692,S2M
25,P6,202,1.668,S2M
25,P6,203,4.598,S2M
25,P6,204,7.528,S2M
25,P6,205,8.504,S2M
25,P6,206,7.528,S2M
25,P6,207,6.063,S2M
25,P6,208,6.063,S2M
25,P6,209,7.039,S2M
25,P6,210,8.016,S2M
25,P6,211,8.504,S2M
25,P6,212,7.528,S2M
25,P6,213,6.063,S2M
25,P6,214,5.575,S2M
25,P6,215,5.086,S2M
25,P6,216,5.086,S2M
25,P6,217,5.086,S2M
25,P6,218,4.110,S2M
25,P6,219,3.133,S2M
25,P6,220,2.645,S2M
25,P6,221,3.133,S2M
25,P6,222,4.598,S2M
25,P6,223,5.575,S2M
25,P6,224,6.063,S2M
25,P6,225,6.063,S2M
25,P6,226,5.086,S2M
25,P6,227,4.110,S2M
25,P6,228,4.110,S2M
25,P6,229,4.598,S2M
25,P6,230,7.039,S2M
25,P6,231,8.993,S2M
25,P6,232,9.481,S2M
25,P6,233,8.016,S2M
25,P6,234,5.086,S2M
25,P6,235,3.133,S2M
25,P6,236,2.157,S2M
25,P6,237,3.621,S2M
25,P6,238,4.598,S2M
25,P6,239,4.598,S2M
25,P6,240,3.133,S2M
25,P6,241,0.692,S2M
25,P6,242,-0.285,S2M
25,P6,243,0.692,S2M
25,P6,244,3.133,S2M
25,P6,245,6.063,S2M
25,P6,246,8.016,S2M
25,P6,247,8.504,S2M
25,P6,248,8.016,S2M
25,P6,249,6.551,S2M
25,P6,250,5.575,S2M
25,P6,251,6.063,S2M
25,P6,252,7.039,S2M
25,P6,253,8.504,S2M
25,P6,254,8.993,S2M
25,P6,255,8.504,S2M
25,C1,0,1.811,S2M
25,C1,1,1.322,S2M
25,C1,2,0.346,S2M
25,C1,3,-0.142,S2M
25,C1,4,-0.631,S2M
25,C1,5,-0.631,S2M
25,C1,6,-0.142,S2M
25,C1,7,-0.142,S2M
25,C1,8,-0.142,S2M
25,C1,9,-0.142,S2M
25,C1,10,0.346,S2M
25,C1,11,0.834,S2M
25,C1,12,1.322,S2M
25,C1,13,0.346,S2M
25,C1,14,-0.631,S2M
25,C1,15,-2.096,S2M
25,C1,16,-3.072,S2M
25,C1,17,-3.072,S2M
25,C1,18,-2.096,S2M
25,C1,19,-0.631,S2M
25,C1,20,0.834,S2M
25,C1,21,1.811,S2M
25,C1,22,2.299,S2M
25,C1,23,1.811,S2M
25,C1,24,1.322,S2M
25,C1,25,0.834,S2M
25,C1,26,1.322,S2M
25,C1,27,2.787,S2M
25,C1,28,4.252,S2M
25,C1,29,4.252,S2M
25,C1,30,3.276,S2M
25,C1,31,1.811,S2M
25,C1,32,0.346,S2M
25,C1,33,-0.142,S2M
25,C1,34,0.346,S2M
25,C1,35,0.834,S2M
25,C1,36,1.322,S2M
25,C1,37,1.322,S2M
25,C1,38,1.322,S2M
25,C1,39,1.811,S2M
25,C1,40,1.811,S2M
25,C1,41,1.322,S2M
25,C1,42,0.834,S2M
25,C1,43,-0.631,S2M
25,C1,44,-2.096,S2M
25,C1,45,-3.560,S2M
25,C1,46,-4.049,S2M
25,C1,47,-3.560,S2M
25,C1,48,-2.584,S2M
25,C1,49,-1.119,S2M
25,C1,50,0.834,S2M
25,C1,51,2.299,S2M
25,C1,52,3.764,S2M
25,C1,53,3.764,S2M
25,C1,54,3.276,S2M
25,C1,55,2.299,S2M
25,C1,56,2.299,S2M
25,C1,57,2.299,S2M
25,C1,58,2.299,S2M
25,C1,59,1.811,S2M
25,C1,60,0.834,S2M
25,C1,61,0.346,S2M
25,C1,62,0.346,S2M
25,C1,63,0.834,S2M
25,C1,64,0.834,S2M
25,C1,65,0.346,S2M
25,C1,66,-0.631,S2M
25,C1,67,-1.607,S2M
25,C1,68,-2.584,S2M
25,C1,69,-2.584,S2M
25,C1,70,-3.072,S2M
25,C1,71,-3.560,S2M
25,C1,72,-3.560,S2M
25,C1,73,-3.560,S2M
25,C1,74,-2.584,S2M
25,C1,75,-1.119,S2M
25,C1,76,-0.142,S2M
25,C1,77,-0.142,S2M
25,C1,78,-0.631,S2M
25,C1,79,-2.096,S2M
25,C1,80,-3.072,S2M
25,C1,81,-2.584,S2M
25,C1,82,-1.607,S2M
25,C1,83,-0.631,S2M
25,C1,84,0.346,S2M
25,C1,85,0.346,S2M
25,C1,86,0.346,S2M
25,C1,87,-0.142,S2M
25,C1,88,-0.631,S2M
25,C1,89,-1.119,S2M
25,C1,90,-1.607,S2M
25,C1,91,-1.607,S2M
25,C1,92,-1.607,S2M
25,C1,93,-1.119,S2M
25,C1,94,-0.631,S2M
25,C1,95,0.346,S2M
25,C1,96,0.834,S2M
25,C1,97,1.322,S2M
25,C1,98,0.834,S2M
25,C1,99,0.346,S2M
25,C1,100,-0.142,S2M
25,C1,101,-0.142,S2M
25,C1,102,0.346,S2M
25,C1,103,0.834,S2M
25,C1,104,0.346,S2M
25,C1,105,-1.119,S2M
25,C1,106,-3.072,S2M
25,C1,107,-4.049,S2M
25,C1,108,-4.049,S2M
25,C1,109,-3.072,S2M
25,C1,110,-1.607,S2M
25,C1,111,-0.631,S2M
25,C1,112,-0.631,S2M
25,C1,113,-0.142,S2M
25,C1,114,-0.142,S2M
25,C1,115,0.346,S2M
25,C1,116,0.346,S2M
25,C1,117,-0.631,S2M
25,C1,118,-0.631,S2M
25,C1,119,-0.631,S2M
25,C1,120,0.346,S2M
25,C1,121,1.322,S2M
25,C1,122,1.811,S2M
25,C1,123,0.834,S2M
25,C1,124,0.346,S2M
25,C1,125,-0.142,S2M
25,C1,126,0.346,S2M
25,C1,127,1.322,S2M
25,C1,128,1.322,S2M
25,C1,129,0.834,S2M
25,C1,130,-0.142,S2M
25,C1,131,-0.631,S2M
25,C1,132,-0.631,S2M
25,C1,133,-0.142,S2M
25,C1,134,0.834,S2M
25,C1,135,1.322,S2M
25,C1,136,1.811,S2M
25,C1,137,1.322,S2M
25,C1,138,0.346,S2M
25,C1,139,-0.631,S2M
25,C1,140,-1.119,S2M
25,C1,141,-1.607,S2M
25,C1,142,-1.607,S2M
25,C1,143,-1.607,S2M
25,C1,144,-1.607,S2M
25,C1,145,-2.096,S2M
25,C1,146,-2.096,S2M
25,C1,147,-1.607,S2M
25,C1,148,-0.631,S2M
25,C1,149,0.834,S2M
25,C1,150,1.322,S2M
25,C1,151,0.346,S2M
25,C1,152,-0.631,S2M
25,C1,153,-1.607,S2M
25,C1,154,-2.096,S2M
25,C1,155,-1.607,S2M
25,C1,156,-0.631,S2M
25,C1,157,0.834,S2M
25,C1,158,1.322,S2M
25,C1,159,1.322,S2M
25,C1,160,1.322,S2M
25,C1,161,1.322,S2M
25,C1,162,0.834,S2M
25,C1,163,0.346,S2M
25,C1,164,-0.631,S2M
25,C1,165,-1.607,S2M
25,C1,166,-2.096,S2M
25,C1,167,-1.607,S2M
25,C1,168,-1.119,S2M
25,C1,169,-0.631,S2M
25,C1,170,-0.142,S2M
25,C1,171,-1.119,S2M
25,C1,172,-1.607,S2M
25,C1,173,-2.096,S2M
25,C1,174,-1.607,S2M
25,C1,175,-0.142,S2M
25,C1,176,0.346,S2M
25,C1,177,0.834,S2M
25,C1,178,0.346,S2M
25,C1,179,0.346,S2M
25,C1,180,0.834,S2M
25,C1,181,1.322,S2M
25,C1,182,1.811,S2M
25,C1,183,1.811,S2M
25,C1,184,0.834,S2M
25,C1,185,0.346,S2M
25,C1,186,-0.142,S2M
25,C1,187,0.346,S2M
25,C1,188,0.834,S2M
25,C1,189,1.322,S2M
25,C1,190,0.834,S2M
25,C1,191,0.346,S2M
25,C1,192,0.346,S2M
25,C1,193,0.346,S2M
25,C1,194,0.834,S2M
25,C1,195,0.834,S2M
25,C1,196,0.346,S2M
25,C1,197,-0.631,S2M
25,C1,198,-0.631,S2M
25,C1,199,-1.119,S2M
25,C1,200,-1.119,S2M
25,C1,201,-0.631,S2M
25,C1,202,0.346,S2M
25,C1,203,1.322,S2M
25,C1,204,2.299,S2M
25,C1,205,2.299,S2M
25,C1,206,1.322,S2M
25,C1,207,0.346,S2M
25,C1,208,0.346,S2M
25,C1,209,1.322,S2M
25,C1,210,1.811,S2M
25,C1,211,1.811,S2M
25,C1,212,0.346,S2M
25,C1,213,-1.119,S2M
25,C1,214,-2.096,S2M
25,C1,215,-1.119,S2M
25,C1,216,-0.142,S2M
25,C1,217,0.346,S2M
25,C1,218,0.346,S2M
25,C1,219,-0.631,S2M
25,C1,220,-1.119,S2M
25,C1,221,-0.631,S2M
25,C1,222,-0.631,S2M
25,C1,223,0.346,S2M
25,C1,224,0.346,S2M
25,C1,225,0.346,S2M
25,C1,226,0.346,S2M
25,C1,227,0.834,S2M
25,C1,228,0.834,S2M
25,C1,229,0.346,S2M
25,C1,230,-0.631,S2M
25,C1,231,-0.631,S2M
25,C1,232,-0.142,S2M
25,C1,233,1.322,S2M
25,C1,234,2.299,S2M
25,C1,235,2.787,S2M
25,C1,236,2.299,S2M
25,C1,237,2.299,S2M
25,C1,238,1.322,S2M
25,C1,239,1.322,S2M
25,C1,240,0.346,S2M
25,C1,241,-0.142,S2M
25,C1,242,-0.142,S2M
25,C1,243,-0.142,S2M
25,C1,244,1.322,S2M
25,C1,245,2.787,S2M
25,C1,246,3.764,S2M
25,C1,247,4.252,S2M
25,C1,248,3.764,S2M
25,C1,249,4.252,S2M
25,C1,250,4.252,S2M
25,C1,251,3.764,S2M
25,C1,252,3.276,S2M
25,C1,253,2.299,S2M
25,C1,254,1.811,S2M
25,C1,255,1.322,S2M
25,C2,0,-0.885,S2M
25,C2,1,-1.373,S2M
25,C2,2,-1.373,S2M
25,C2,3,-0.885,S2M
25,C2,4,-0.397,S2M
25,C2,5,-0.397,S2M
25,C2,6,-0.885,S2M
25,C2,7,-1.373,S2M
25,C2,8,-1.373,S2M
25,C2,9,-1.373,S2M
25,C2,10,-1.373,S2M
25,C2,11,-0.885,S2M
25,C2,12,0.092,S2M
25,C2,13,0.580,S2M
25,C2,14,1.068,S2M
25,C2,15,1.556,S2M
25,C2,16,1.068,S2M
25,C2,17,0.580,S2M
25,C2,18,0.092,S2M
25,C2,19,-0.397,S2M
25,C2,20,-0.397,S2M
25,C2,21,0.092,S2M
25,C2,22,1.068,S2M
25,C2,23,2.045,S2M
25,C2,24,3.510,S2M
25,C2,25,3.998,S2M
25,C2,26,3.510,S2M
25,C2,27,2.045,S2M
25,C2,28,0.092,S2M
25,C2,29,-1.373,S2M
25,C2,30,-1.862,S2M
25,C2,31,-1.373,S2M
25,C2,32,-0.397,S2M
25,C2,33,0.092,S2M
25,C2,34,1.068,S2M
25,C2,35,1.556,S2M
25,C2,36,1.556,S2M
25,C2,37,0.580,S2M
25,C2,38,-0.397,S2M
25,C2,39,-1.862,S2M
25,C2,40,-2.838,S2M
25,C2,41,-2.838,S2M
25,C2,42,-2.838,S2M
25,C2,43,-2.350,S2M
25,C2,44,-1.373,S2M
25,C2,45,-0.397,S2M
25,C2,46,0.580,S2M
25,C2,47,1.068,S2M
25,C2,48,1.068,S2M
25,C2,49,0.580,S2M
25,C2,50,0.580,S2M
25,C2,51,1.068,S2M
25,C2,52,1.556,S2M
25,C2,53,2.045,S2M
25,C2,54,1.068,S2M
25,C2,55,0.580,S2M
25,C2,56,-0.397,S2M
25,C2,57,-0.885,S2M
25,C2,58,-0.397,S2M
25,C2,59,-0.397,S2M
25,C2,60,-0.397,S2M
25,C2,61,-1.373,S2M
25,C2,62,-1.862,S2M
25,C2,63,-1.862,S2M
25,C2,64,-1.862,S2M
25,C2,65,-1.373,S2M
25,C2,66,-1.373,S2M
25,C2,67,-1.373,S2M
25,C2,68,-1.373,S2M
25,C2,69,-0.885,S2M
25,C2,70,-0.397,S2M
25,C2,71,0.580,S2M
25,C2,72,1.068,S2M
25,C2,73,1.068,S2M
25,C2,74,1.556,S2M
25,C2,75,1.068,S2M
25,C2,76,0.580,S2M
25,C2,77,0.580,S2M
25,C2,78,2.045,S2M
25,C2,79,3.510,S2M
25,C2,80,4.974,S2M
25,C2,81,5.463,S2M
25,C2,82,3.998,S2M
25,C2,83,2.045,S2M
25,C2,84,0.580,S2M
25,C2,85,0.092,S2M
25,C2,86,1.068,S2M
25,C2,87,1.556,S2M
25,C2,88,1.556,S2M
25,C2,89,1.068,S2M
25,C2,90,0.580,S2M
25,C2,91,0.092,S2M
25,C2,92,0.092,S2M
25,C2,93,0.092,S2M
25,C2,94,-0.397,S2M
25,C2,95,-0.397,S2M
25,C2,96,-0.885,S2M
25,C2,97,-0.397,S2M
25,C2,98,-0.397,S2M
25,C2,99,0.092,S2M
25,C2,100,0.092,S2M
25,C2,101,-0.397,S2M
25,C2,102,-0.397,S2M
25,C2,103,-0.885,S2M
25,C2,104,0.580,S2M
25,C2,105,1.556,S2M
25,C2,106,3.021,S2M
25,C2,107,3.510,S2M
25,C2,108,3.021,S2M
25,C2,109,1.556,S2M
25,C2,110,0.580,S2M
25,C2,111,0.580,S2M
25,C2,112,0.580,S2M
25,C2,113,0.580,S2M
25,C2,114,0.580,S2M
25,C2,115,0.092,S2M
25,C2,116,-0.397,S2M
25,C2,117,-0.397,S2M
25,C2,118,-0.397,S2M
25,C2,119,-0.397,S2M
25,C2,120,-0.885,S2M
25,C2,121,-0.885,S2M
25,C2,122,-0.397,S2M
25,C2,123,0.092,S2M
25,C2,124,1.068,S2M
25,C2,125,1.556,S2M
25,C2,126,1.068,S2M
25,C2,127,0.580,S2M
25,C2,128,0.092,S2M
25,C2,129,0.580,S2M
25,C2,130,1.068,S2M
25,C2,131,1.068,S2M
25,C2,132,1.068,S2M
25,C2,133,0.580,S2M
25,C2,134,-0.397,S2M
25,C2,135,-0.885,S2M
25,C2,136,-0.885,S2M
25,C2,137,0.092,S2M
25,C2,138,0.580,S2M
25,C2,139,0.580,S2M
25,C2,140,0.580,S2M
25,C2,141,0.580,S2M
25,C2,142,0.580,S2M
25,C2,143,0.580,S2M
25,C2,144,1.068,S2M
25,C2,145,1.068,S2M
25,C2,146,1.068,S2M
25,C2,147,0.580,S2M
25,C2,148,-0.397,S2M
25,C2,149,-0.885,S2M
25,C2,150,-0.397,S2M
25,C2,151,0.580,S2M
25,C2,152,1.556,S2M
25,C2,153,1.556,S2M
25,C2,154,1.068,S2M
25,C2,155,-0.397,S2M
25,C2,156,-1.373,S2M
25,C2,157,-1.373,S2M
25,C2,158,-0.885,S2M
25,C2,159,-0.397,S2M
25,C2,160,-0.397,S2M
25,C2,161,-0.885,S2M
25,C2,162,-0.885,S2M
25,C2,163,-0.885,S2M
25,C2,164,-0.885,S2M
25,C2,165,-0.397,S2M
25,C2,166,-0.397,S2M
25,C2,167,-0.397,S2M
25,C2,168,-0.885,S2M
25,C2,169,-0.397,S2M
25,C2,170,0.092,S2M
25,C2,171,1.068,S2M
25,C2,172,1.556,S2M
25,C2,173,1.556,S2M
25,C2,174,1.068,S2M
25,C2,175,0.092,S2M
25,C2,176,-0.397,S2M
25,C2,177,-0.397,S2M
25,C2,178,-0.397,S2M
25,C2,179,0.092,S2M
25,C2,180,0.092,S2M
25,C2,181,0.092,S2M
25,C2,182,-0.397,S2M
25,C2,183,-0.885,S2M
25,C2,184,-0.397,S2M
25,C2,185,-0.397,S2M
25,C2,186,-0.397,S2M
25,C2,187,-0.885,S2M
25,C2,188,-1.373,S2M
25,C2,189,-1.862,S2M
25,C2,190,-1.373,S2M
25,C2,191,-0.397,S2M
25,C2,192,0.580,S2M
25,C2,193,1.068,S2M
25,C2,194,1.068,S2M
25,C2,195,0.580,S2M
25,C2,196,0.580,S2M
25,C2,197,0.092,S2M
25,C2,198,0.092,S2M
25,C2,199,0.580,S2M
25,C2,200,0.580,S2M
25,C2,201,0.580,S2M
25,C2,202,0.092,S2M
25,C2,203,-0.397,S2M
25,C2,204,-0.397,S2M
25,C2,205,0.092,S2M
25,C2,206,0.580,S2M
25,C2,207,0.580,S2M
25,C2,208,0.092,S2M
25,C2,209,-0.885,S2M
25,C2,210,-0.885,S2M
25,C2,211,-0.885,S2M
25,C2,212,0.092,S2M
25,C2,213,1.068,S2M
25,C2,214,1.068,S2M
25,C2,215,0.580,S2M
25,C2,216,-0.397,S2M
25,C2,217,-0.885,S2M
25,C2,218,-0.397,S2M
25,C2,219,-0.397,S2M
25,C2,220,-0.397,S2M
25,C2,221,-0.885,S2M
25,C2,222,-0.885,S2M
25,C2,223,-0.397,S2M
25,C2,224,0.092,S2M
25,C2,225,0.580,S2M
25,C2,226,0.092,S2M
25,C2,227,0.092,S2M
25,C2,228,0.092,S2M
25,C2,229,0.092,S2M
25,C2,230,0.580,S2M
25,C2,231,1.068,S2M
25,C2,232,0.580,S2M
25,C2,233,0.092,S2M
25,C2,234,-0.885,S2M
25,C2,235,-0.885,S2M
25,C2,236,-0.885,S2M
25,C2,237,-0.885,S2M
25,C2,238,-0.397,S2M
25,C2,239,-0.397,S2M
25,C2,240,0.092,S2M
25,C2,241,0.580,S2M
25,C2,242,0.580,S2M
25,C2,243,0.580,S2M
25,C2,244,0.092,S2M
25,C2,245,-0.397,S2M
25,C2,246,-0.397,S2M
25,C2,247,-0.397,S2M
25,C2,248,-0.885,S2M
25,C2,249,-0.885,S2M
25,C2,250,-1.373,S2M
25,C2,251,-1.862,S2M
25,C2,252,-1.862,S2M
25,C2,253,-1.862,S2M
25,C2,254,-0.885,S2M
25,C2,255,-0.397,S2M
25,PO7,0,3.805,S2M
25,PO7,1,5.758,S2M
25,PO7,2,7.711,S2M
25,PO7,3,8.199,S2M
25,PO7,4,6.246,S2M
25,PO7,5,2.340,S2M
25,PO7,6,-0.590,S2M
25,PO7,7,-2.543,S2M
25,PO7,8,-3.031,S2M
25,PO7,9,-3.031,S2M
25,PO7,10,-3.031,S2M
25,PO7,11,-2.055,S2M
25,PO7,12,-0.590,S2M
25,PO7,13,1.363,S2M
25,PO7,14,2.340,S2M
25,PO7,15,1.851,S2M
25,PO7,16,0.875,S2M
25,PO7,17,1.363,S2M
25,PO7,18,2.340,S2M
25,PO7,19,4.293,S2M
25,PO7,20,5.758,S2M
25,PO7,21,6.734,S2M
25,PO7,22,9.176,S2M
25,PO7,23,13.082,S2M
25,PO7,24,18.941,S2M
25,PO7,25,22.847,S2M
25,PO7,26,23.336,S2M
25,PO7,27,19.430,S2M
25,PO7,28,15.035,S2M
25,PO7,29,13.082,S2M
25,PO7,30,15.523,S2M
25,PO7,31,19.430,S2M
25,PO7,32,20.894,S2M
25,PO7,33,16.012,S2M
25,PO7,34,8.199,S2M
25,PO7,35,1.363,S2M
25,PO7,36,1.851,S2M
25,PO7,37,8.199,S2M
25,PO7,38,16.500,S2M
25,PO7,39,20.894,S2M
25,PO7,40,17.965,S2M
25,PO7,41,10.640,S2M
25,PO7,42,2.340,S2M
25,PO7,43,-1.567,S2M
25,PO7,44,-0.102,S2M
25,PO7,45,4.293,S2M
25,PO7,46,7.222,S2M
25,PO7,47,7.222,S2M
25,PO7,48,3.805,S2M
25,PO7,49,1.363,S2M
25,PO7,50,2.828,S2M
25,PO7,51,9.176,S2M
25,PO7,52,16.500,S2M
25,PO7,53,19.918,S2M
25,PO7,54,16.988,S2M
25,PO7,55,8.687,S2M
25,PO7,56,-0.102,S2M
25,PO7,57,-5.473,S2M
25,PO7,58,-5.473,S2M
25,PO7,59,-2.055,S2M
25,PO7,60,1.363,S2M
25,PO7,61,2.828,S2M
25,PO7,62,1.851,S2M
25,PO7,63,-0.590,S2M
25,PO7,64,-2.543,S2M
25,PO7,65,-2.055,S2M
25,PO7,66,0.387,S2M
25,PO7,67,1.851,S2M
25,PO7,68,-0.102,S2M
25,PO7,69,-5.473,S2M
25,PO7,70,-12.309,S2M
25,PO7,71,-15.727,S2M
25,PO7,72,-12.309,S2M
25,PO7,73,-4.496,S2M
25,PO7,74,3.316,S2M
25,PO7,75,3.805,S2M
25,PO7,76,-2.543,S2M
25,PO7,77,-11.332,S2M
25,PO7,78,-14.262,S2M
25,PO7,79,-9.867,S2M
25,PO7,80,-1.078,S2M
25,PO7,81,3.805,S2M
25,PO7,82,1.363,S2M
25,PO7,83,-7.914,S2M
25,PO7,84,-16.215,S2M
25,PO7,85,-18.168,S2M
25,PO7,86,-12.309,S2M
25,PO7,87,-4.008,S2M
25,PO7,88,1.363,S2M
25,PO7,89,-0.102,S2M
25,PO7,90,-6.449,S2M
25,PO7,91,-14.262,S2M
25,PO7,92,-17.680,S2M
25,PO7,93,-15.727,S2M
25,PO7,94,-9.867,S2M
25,PO7,95,-3.520,S2M
25,PO7,96,-0.102,S2M
25,PO7,97,-1.567,S2M
25,PO7,98,-6.449,S2M
25,PO7,99,-11.332,S2M
25,PO7,100,-13.774,S2M
25,PO7,101,-12.309,S2M
25,PO7,102,-8.891,S2M
25,PO7,103,-5.473,S2M
25,PO7,104,-3.031,S2M
25,PO7,105,-2.543,S2M
25,PO7,106,-3.520,S2M
25,PO7,107,-5.473,S2M
25,PO7,108,-8.403,S2M
25,PO7,109,-11.820,S2M
25,PO7,110,-14.262,S2M
25,PO7,111,-14.750,S2M
25,PO7,112,-13.285,S2M
25,PO7,113,-10.844,S2M
25,PO7,114,-8.403,S2M
25,PO7,115,-6.449,S2M
25,PO7,116,-5.473,S2M
25,PO7,117,-4.008,S2M
25,PO7,118,-2.055,S2M
25,PO7,119,-0.102,S2M
25,PO7,120,0.875,S2M
25,PO7,121,0.387,S2M
25,PO7,122,-0.102,S2M
25,PO7,123,-0.102,S2M
25,PO7,124,1.851,S2M
25,PO7,125,3.805,S2M
25,PO7,126,6.246,S2M
25,PO7,127,7.222,S2M
25,PO7,128,6.734,S2M
25,PO7,129,4.293,S2M
25,PO7,130,0.875,S2M
25,PO7,131,-2.543,S2M
25,PO7,132,-3.520,S2M
25,PO7,133,-2.055,S2M
25,PO7,134,1.851,S2M
25,PO7,135,6.246,S2M
25,PO7,136,9.176,S2M
25,PO7,137,9.176,S2M
25,PO7,138,7.222,S2M
25,PO7,139,3.805,S2M
25,PO7,140,0.875,S2M
25,PO7,141,-1.567,S2M
25,PO7,142,-3.520,S2M
25,PO7,143,-4.008,S2M
25,PO7,144,-3.520,S2M
25,PO7,145,-1.567,S2M
25,PO7,146,0.387,S2M
25,PO7,147,1.363,S2M
25,PO7,148,-0.590,S2M
25,PO7,149,-4.008,S2M
25,PO7,150,-6.938,S2M
25,PO7,151,-7.426,S2M
25,PO7,152,-5.473,S2M
25,PO7,153,-2.055,S2M
25,PO7,154,0.387,S2M
25,PO7,155,0.387,S2M
25,PO7,156,-0.590,S2M
25,PO7,157,-2.055,S2M
25,PO7,158,-1.078,S2M
25,PO7,159,1.851,S2M
25,PO7,160,3.805,S2M
25,PO7,161,2.340,S2M
25,PO7,162,-3.031,S2M
25,PO7,163,-9.379,S2M
25,PO7,164,-10.356,S2M
25,PO7,165,-4.985,S2M
25,PO7,166,4.293,S2M
25,PO7,167,10.152,S2M
25,PO7,168,8.199,S2M
25,PO7,169,0.387,S2M
25,PO7,170,-7.426,S2M
25,PO7,171,-10.356,S2M
25,PO7,172,-6.938,S2M
25,PO7,173,-0.590,S2M
25,PO7,174,3.316,S2M
25,PO7,175,3.805,S2M
25,PO7,176,1.851,S2M
25,PO7,177,-0.590,S2M
25,PO7,178,-3.031,S2M
25,PO7,179,-4.008,S2M
25,PO7,180,-4.008,S2M
25,PO7,181,-0.590,S2M
25,PO7,182,4.781,S2M
25,PO7,183,10.152,S2M
25,PO7,184,11.617,S2M
25,PO7,185,8.199,S2M
25,PO7,186,2.828,S2M
25,PO7,187,-0.590,S2M
25,PO7,188,1.363,S2M
25,PO7,189,6.734,S2M
25,PO7,190,10.152,S2M
25,PO7,191,8.687,S2M
25,PO7,192,2.828,S2M
25,PO7,193,-3.031,S2M
25,PO7,194,-4.008,S2M
25,PO7,195,-0.590,S2M
25,PO7,196,3.805,S2M
25,PO7,197,4.781,S2M
25,PO7,198,2.828,S2M
25,PO7,199,-0.590,S2M
25,PO7,200,-1.567,S2M
25,PO7,201,0.387,S2M
25,PO7,202,3.316,S2M
25,PO7,203,5.758,S2M
25,PO7,204,7.222,S2M
25,PO7,205,9.176,S2M
25,PO7,206,12.594,S2M
25,PO7,207,16.988,S2M
25,PO7,208,18.453,S2M
25,PO7,209,16.012,S2M
25,PO7,210,12.105,S2M
25,PO7,211,10.152,S2M
25,PO7,212,13.570,S2M
25,PO7,213,19.430,S2M
25,PO7,214,23.336,S2M
25,PO7,215,21.871,S2M
25,PO7,216,15.523,S2M
25,PO7,217,9.176,S2M
25,PO7,218,5.269,S2M
25,PO7,219,6.246,S2M
25,PO7,220,8.687,S2M
25,PO7,221,11.129,S2M
25,PO7,222,12.105,S2M
25,PO7,223,12.105,S2M
25,PO7,224,12.105,S2M
25,PO7,225,11.129,S2M
25,PO7,226,9.664,S2M
25,PO7,227,7.222,S2M
25,PO7,228,5.758,S2M
25,PO7,229,6.734,S2M
25,PO7,230,10.640,S2M
25,PO7,231,14.058,S2M
25,PO7,232,14.547,S2M
25,PO7,233,11.129,S2M
25,PO7,234,7.222,S2M
25,PO7,235,6.246,S2M
25,PO7,236,9.176,S2M
25,PO7,237,15.035,S2M
25,PO7,238,17.965,S2M
25,PO7,239,16.500,S2M
25,PO7,240,11.617,S2M
25,PO7,241,5.758,S2M
25,PO7,242,3.805,S2M
25,PO7,243,5.758,S2M
25,PO7,244,10.152,S2M
25,PO7,245,13.570,S2M
25,PO7,246,14.058,S2M
25,PO7,247,11.617,S2M
25,PO7,248,8.687,S2M
25,PO7,249,8.687,S2M
25,PO7,250,12.105,S2M
25,PO7,251,16.988,S2M
25,PO7,252,19.918,S2M
25,PO7,253,18.941,S2M
25,PO7,254,16.500,S2M
25,PO7,255,14.547,S2M
25,PO8,0,-0.966,S2M
25,PO8,1,3.916,S2M
25,PO8,2,6.358,S2M
25,PO8,3,4.405,S2M
25,PO8,4,-0.966,S2M
25,PO8,5,-4.384,S2M
25,PO8,6,-4.384,S2M
25,PO8,7,-2.431,S2M
25,PO8,8,-1.455,S2M
25,PO8,9,-0.966,S2M
25,PO8,10,0.010,S2M
25,PO8,11,2.452,S2M
25,PO8,12,5.381,S2M
25,PO8,13,5.381,S2M
25,PO8,14,0.987,S2M
25,PO8,15,-4.384,S2M
25,PO8,16,-8.291,S2M
25,PO8,17,-6.826,S2M
25,PO8,18,-0.966,S2M
25,PO8,19,6.358,S2M
25,PO8,20,11.241,S2M
25,PO8,21,13.194,S2M
25,PO8,22,13.194,S2M
25,PO8,23,13.682,S2M
25,PO8,24,15.635,S2M
25,PO8,25,17.588,S2M
25,PO8,26,17.100,S2M
25,PO8,27,15.147,S2M
25,PO8,28,13.194,S2M
25,PO8,29,13.194,S2M
25,PO8,30,15.147,S2M
25,PO8,31,16.612,S2M
25,PO8,32,14.170,S2M
25,PO8,33,7.823,S2M
25,PO8,34,0.987,S2M
25,PO8,35,-1.943,S2M
25,PO8,36,0.987,S2M
25,PO8,37,7.823,S2M
25,PO8,38,12.705,S2M
25,PO8,39,11.729,S2M
25,PO8,40,4.405,S2M
25,PO8,41,-3.896,S2M
25,PO8,42,-9.267,S2M
25,PO8,43,-8.291,S2M
25,PO8,44,-3.896,S2M
25,PO8,45,0.498,S2M
25,PO8,46,1.475,S2M
25,PO8,47,-0.966,S2M
25,PO8,48,-3.408,S2M
25,PO8,49,-2.431,S2M
25,PO8,50,2.940,S2M
25,PO8,51,10.264,S2M
25,PO8,52,15.147,S2M
25,PO8,53,14.659,S2M
25,PO8,54,8.799,S2M
25,PO8,55,1.475,S2M
25,PO8,56,-3.896,S2M
25,PO8,57,-5.361,S2M
25,PO8,58,-4.384,S2M
25,PO8,59,-2.431,S2M
25,PO8,60,-1.455,S2M
25,PO8,61,-1.943,S2M
25,PO8,62,-3.408,S2M
25,PO8,63,-4.873,S2M
25,PO8,64,-5.361,S2M
25,PO8,65,-3.896,S2M
25,PO8,66,-0.478,S2M
25,PO8,67,2.452,S2M
25,PO8,68,1.963,S2M
25,PO8,69,-2.431,S2M
25,PO8,70,-7.802,S2M
25,PO8,71,-8.291,S2M
25,PO8,72,-3.408,S2M
25,PO8,73,4.405,S2M
25,PO8,74,9.288,S2M
25,PO8,75,7.334,S2M
25,PO8,76,1.963,S2M
25,PO8,77,-3.896,S2M
25,PO8,78,-4.873,S2M
25,PO8,79,-2.431,S2M
25,PO8,80,0.498,S2M
25,PO8,81,0.987,S2M
25,PO8,82,-1.455,S2M
25,PO8,83,-4.873,S2M
25,PO8,84,-6.826,S2M
25,PO8,85,-6.337,S2M
25,PO8,86,-3.896,S2M
25,PO8,87,-1.455,S2M
25,PO8,88,0.010,S2M
25,PO8,89,-2.431,S2M
25,PO8,90,-7.802,S2M
25,PO8,91,-14.150,S2M
25,PO8,92,-18.056,S2M
25,PO8,93,-17.080,S2M
25,PO8,94,-12.197,S2M
25,PO8,95,-6.337,S2M
25,PO8,96,-2.920,S2M
25,PO8,97,-2.920,S2M
25,PO8,98,-5.849,S2M
25,PO8,99,-8.779,S2M
25,PO8,100,-9.755,S2M
25,PO8,101,-7.314,S2M
25,PO8,102,-1.455,S2M
25,PO8,103,4.405,S2M
25,PO8,104,6.358,S2M
25,PO8,105,2.452,S2M
25,PO8,106,-5.849,S2M
25,PO8,107,-13.662,S2M
25,PO8,108,-17.080,S2M
25,PO8,109,-14.150,S2M
25,PO8,110,-7.314,S2M
25,PO8,111,-1.455,S2M
25,PO8,112,-1.455,S2M
25,PO8,113,-7.314,S2M
25,PO8,114,-13.173,S2M
25,PO8,115,-14.638,S2M
25,PO8,116,-9.755,S2M
25,PO8,117,-2.431,S2M
25,PO8,118,1.963,S2M
25,PO8,119,0.010,S2M
25,PO8,120,-4.873,S2M
25,PO8,121,-6.826,S2M
25,PO8,122,-2.920,S2M
25,PO8,123,4.405,S2M
25,PO8,124,8.311,S2M
25,PO8,125,5.870,S2M
25,PO8,126,0.010,S2M
25,PO8,127,-4.873,S2M
25,PO8,128,-4.873,S2M
25,PO8,129,-1.455,S2M
25,PO8,130,0.987,S2M
25,PO8,131,1.475,S2M
25,PO8,132,0.010,S2M
25,PO8,133,0.498,S2M
25,PO8,134,2.940,S2M
25,PO8,135,6.358,S2M
25,PO8,136,8.311,S2M
25,PO8,137,7.334,S2M
25,PO8,138,3.428,S2M
25,PO8,139,0.010,S2M
25,PO8,140,-0.966,S2M
25,PO8,141,0.498,S2M
25,PO8,142,1.475,S2M
25,PO8,143,0.987,S2M
25,PO8,144,-0.966,S2M
25,PO8,145,-2.431,S2M
25,PO8,146,-3.408,S2M
25,PO8,147,-2.920,S2M
25,PO8,148,-3.408,S2M
25,PO8,149,-4.873,S2M
25,PO8,150,-5.849,S2M
25,PO8,151,-4.384,S2M
25,PO8,152,-0.966,S2M
25,PO8,153,0.987,S2M
25,PO8,154,-1.455,S2M
25,PO8,155,-7.802,S2M
25,PO8,156,-12.685,S2M
25,PO8,157,-13.662,S2M
25,PO8,158,-7.802,S2M
25,PO8,159,0.987,S2M
25,PO8,160,7.334,S2M
25,PO8,161,7.334,S2M
25,PO8,162,1.963,S2M
25,PO8,163,-3.408,S2M
25,PO8,164,-6.337,S2M
25,PO8,165,-5.361,S2M
25,PO8,166,-2.920,S2M
25,PO8,167,-1.455,S2M
25,PO8,168,-1.943,S2M
25,PO8,169,-3.408,S2M
25,PO8,170,-3.896,S2M
25,PO8,171,-2.431,S2M
25,PO8,172,0.498,S2M
25,PO8,173,2.940,S2M
25,PO8,174,4.893,S2M
25,PO8,175,3.428,S2M
25,PO8,176,0.987,S2M
25,PO8,177,-1.943,S2M
25,PO8,178,-3.408,S2M
25,PO8,179,-2.431,S2M
25,PO8,180,0.010,S2M
25,PO8,181,3.916,S2M
25,PO8,182,8.311,S2M
25,PO8,183,11.729,S2M
25,PO8,184,11.241,S2M
25,PO8,185,5.870,S2M
25,PO8,186,-2.431,S2M
25,PO8,187,-9.267,S2M
25,PO8,188,-9.267,S2M
25,PO8,189,-2.431,S2M
25,PO8,190,5.870,S2M
25,PO8,191,9.776,S2M
25,PO8,192,5.381,S2M
25,PO8,193,-1.943,S2M
25,PO8,194,-6.337,S2M
25,PO8,195,-3.408,S2M
25,PO8,196,2.940,S2M
25,PO8,197,7.334,S2M
25,PO8,198,6.358,S2M
25,PO8,199,2.940,S2M
25,PO8,200,2.452,S2M
25,PO8,201,6.846,S2M
25,PO8,202,12.217,S2M
25,PO8,203,14.659,S2M
25,PO8,204,11.729,S2M
25,PO8,205,7.823,S2M
25,PO8,206,6.846,S2M
25,PO8,207,9.776,S2M
25,PO8,208,13.682,S2M
25,PO8,209,14.170,S2M
25,PO8,210,10.752,S2M
25,PO8,211,5.870,S2M
25,PO8,212,2.940,S2M
25,PO8,213,4.893,S2M
25,PO8,214,9.776,S2M
25,PO8,215,15.147,S2M
25,PO8,216,18.077,S2M
25,PO8,217,17.588,S2M
25,PO8,218,14.659,S2M
25,PO8,219,12.217,S2M
25,PO8,220,11.241,S2M
25,PO8,221,11.241,S2M
25,PO8,222,10.264,S2M
25,PO8,223,7.823,S2M
25,PO8,224,4.893,S2M
25,PO8,225,2.940,S2M
25,PO8,226,3.428,S2M
25,PO8,227,4.893,S2M
25,PO8,228,5.381,S2M
25,PO8,229,4.893,S2M
25,PO8,230,6.358,S2M
25,PO8,231,10.264,S2M
25,PO8,232,16.123,S2M
25,PO8,233,19.541,S2M
25,PO8,234,17.100,S2M
25,PO8,235,10.264,S2M
25,PO8,236,3.916,S2M
25,PO8,237,3.428,S2M
25,PO8,238,7.823,S2M
25,PO8,239,12.705,S2M
25,PO8,240,13.194,S2M
25,PO8,241,8.311,S2M
25,PO8,242,2.452,S2M
25,PO8,243,0.987,S2M
25,PO8,244,4.893,S2M
25,PO8,245,12.217,S2M
25,PO8,246,18.077,S2M
25,PO8,247,19.541,S2M
25,PO8,248,16.612,S2M
25,PO8,249,13.194,S2M
25,PO8,250,10.264,S2M
25,PO8,251,8.799,S2M
25,PO8,252,9.288,S2M
25,PO8,253,9.288,S2M
25,PO8,254,8.799,S2M
25,PO8,255,7.334,S2M
25,FCZ,0,3.418,S2M
25,FCZ,1,2.441,S2M
25,FCZ,2,0.488,S2M
25,FCZ,3,-0.977,S2M
25,FCZ,4,-2.441,S2M
25,FCZ,5,-3.418,S2M
25,FCZ,6,-3.418,S2M
25,FCZ,7,-3.906,S2M
25,FCZ,8,-3.418,S2M
25,FCZ,9,-3.418,S2M
25,FCZ,10,-2.930,S2M
25,FCZ,11,-2.441,S2M
25,FCZ,12,-1.465,S2M
25,FCZ,13,-0.977,S2M
25,FCZ,14,-0.488,S2M
25,FCZ,15,-0.977,S2M
25,FCZ,16,-1.465,S2M
25,FCZ,17,-2.441,S2M
25,FCZ,18,-2.441,S2M
25,FCZ,19,-1.953,S2M
25,FCZ,20,-0.977,S2M
25,FCZ,21,0.488,S2M
25,FCZ,22,1.465,S2M
25,FCZ,23,1.953,S2M
25,FCZ,24,2.441,S2M
25,FCZ,25,2.441,S2M
25,FCZ,26,1.953,S2M
25,FCZ,27,0.977,S2M
25,FCZ,28,0.488,S2M
25,FCZ,29,0.000,S2M
25,FCZ,30,0.000,S2M
25,FCZ,31,0.000,S2M
25,FCZ,32,0.000,S2M
25,FCZ,33,-0.488,S2M
25,FCZ,34,-0.977,S2M
25,FCZ,35,-1.465,S2M
25,FCZ,36,-2.441,S2M
25,FCZ,37,-3.906,S2M
25,FCZ,38,-4.883,S2M
25,FCZ,39,-5.859,S2M
25,FCZ,40,-6.348,S2M
25,FCZ,41,-5.371,S2M
25,FCZ,42,-4.395,S2M
25,FCZ,43,-3.418,S2M
25,FCZ,44,-2.441,S2M
25,FCZ,45,-1.953,S2M
25,FCZ,46,-1.465,S2M
25,FCZ,47,0.000,S2M
25,FCZ,48,1.465,S2M
25,FCZ,49,2.930,S2M
25,FCZ,50,4.395,S2M
25,FCZ,51,4.395,S2M
25,FCZ,52,3.906,S2M
25,FCZ,53,2.930,S2M
25,FCZ,54,2.441,S2M
25,FCZ,55,2.930,S2M
25,FCZ,56,2.930,S2M
25,FCZ,57,3.418,S2M
25,FCZ,58,2.930,S2M
25,FCZ,59,2.441,S2M
25,FCZ,60,1.465,S2M
25,FCZ,61,0.488,S2M
25,FCZ,62,-0.488,S2M
25,FCZ,63,-0.977,S2M
25,FCZ,64,-1.953,S2M
25,FCZ,65,-3.906,S2M
25,FCZ,66,-4.883,S2M
25,FCZ,67,-5.371,S2M
25,FCZ,68,-4.883,S2M
25,FCZ,69,-3.418,S2M
25,FCZ,70,-2.441,S2M
25,FCZ,71,-1.953,S2M
25,FCZ,72,-1.953,S2M
25,FCZ,73,-2.441,S2M
25,FCZ,74,-1.953,S2M
25,FCZ,75,-0.977,S2M
25,FCZ,76,0.977,S2M
25,FCZ,77,1.953,S2M
25,FCZ,78,1.953,S2M
25,FCZ,79,0.977,S2M
25,FCZ,80,0.488,S2M
25,FCZ,81,0.000,S2M
25,FCZ,82,0.977,S2M
25,FCZ,83,1.953,S2M
25,FCZ,84,2.441,S2M
25,FCZ,85,1.465,S2M
25,FCZ,86,-0.488,S2M
25,FCZ,87,-1.953,S2M
25,FCZ,88,-2.930,S2M
25,FCZ,89,-2.441,S2M
25,FCZ,90,-0.977,S2M
25,FCZ,91,0.488,S2M
25,FCZ,92,0.977,S2M
25,FCZ,93,0.488,S2M
25,FCZ,94,-0.488,S2M
25,FCZ,95,-1.953,S2M
25,FCZ,96,-2.441,S2M
25,FCZ,97,-1.953,S2M
25,FCZ,98,-0.977,S2M
25,FCZ,99,0.488,S2M
25,FCZ,100,0.977,S2M
25,FCZ,101,0.488,S2M
25,FCZ,102,-0.488,S2M
25,FCZ,103,-2.930,S2M
25,FCZ,104,-4.395,S2M
25,FCZ,105,-4.883,S2M
25,FCZ,106,-3.418,S2M
25,FCZ,107,-0.977,S2M
25,FCZ,108,0.977,S2M
25,FCZ,109,1.953,S2M
25,FCZ,110,0.977,S2M
25,FCZ,111,-0.488,S2M
25,FCZ,112,-2.441,S2M
25,FCZ,113,-2.441,S2M
25,FCZ,114,-1.465,S2M
25,FCZ,115,0.000,S2M
25,FCZ,116,0.977,S2M
25,FCZ,117,0.977,S2M
25,FCZ,118,0.488,S2M
25,FCZ,119,-0.488,S2M
25,FCZ,120,-1.465,S2M
25,FCZ,121,-1.465,S2M
25,FCZ,122,-1.465,S2M
25,FCZ,123,-1.465,S2M
25,FCZ,124,-0.977,S2M
25,FCZ,125,-0.488,S2M
25,FCZ,126,0.000,S2M
25,FCZ,127,0.000,S2M
25,FCZ,128,0.000,S2M
25,FCZ,129,-0.488,S2M
25,FCZ,130,-0.977,S2M
25,FCZ,131,-1.953,S2M
25,FCZ,132,-1.953,S2M
25,FCZ,133,-2.441,S2M
25,FCZ,134,-2.441,S2M
25,FCZ,135,-2.441,S2M
25,FCZ,136,-2.441,S2M
25,FCZ,137,-1.953,S2M
25,FCZ,138,-0.488,S2M
25,FCZ,139,0.488,S2M
25,FCZ,140,0.977,S2M
25,FCZ,141,0.000,S2M
25,FCZ,142,-1.465,S2M
25,FCZ,143,-2.930,S2M
25,FCZ,144,-3.418,S2M
25,FCZ,145,-2.441,S2M
25,FCZ,146,-0.488,S2M
25,FCZ,147,0.488,S2M
25,FCZ,148,1.465,S2M
25,FCZ,149,1.465,S2M
25,FCZ,150,0.488,S2M
25,FCZ,151,0.000,S2M
25,FCZ,152,-0.488,S2M
25,FCZ,153,-0.488,S2M
25,FCZ,154,-0.977,S2M
25,FCZ,155,-1.465,S2M
25,FCZ,156,-1.953,S2M
25,FCZ,157,-1.953,S2M
25,FCZ,158,-2.441,S2M
25,FCZ,159,-2.441,S2M
25,FCZ,160,-2.441,S2M
25,FCZ,161,-2.441,S2M
25,FCZ,162,-1.953,S2M
25,FCZ,163,-1.465,S2M
25,FCZ,164,-1.465,S2M
25,FCZ,165,-1.465,S2M
25,FCZ,166,-1.953,S2M
25,FCZ,167,-1.953,S2M
25,FCZ,168,-1.953,S2M
25,FCZ,169,-1.465,S2M
25,FCZ,170,-0.977,S2M
25,FCZ,171,-0.977,S2M
25,FCZ,172,-0.977,S2M
25,FCZ,173,-1.465,S2M
25,FCZ,174,-1.465,S2M
25,FCZ,175,-0.977,S2M
25,FCZ,176,-0.488,S2M
25,FCZ,177,0.000,S2M
25,FCZ,178,-0.488,S2M
25,FCZ,179,-1.465,S2M
25,FCZ,180,-2.441,S2M
25,FCZ,181,-3.418,S2M
25,FCZ,182,-3.418,S2M
25,FCZ,183,-2.930,S2M
25,FCZ,184,-2.441,S2M
25,FCZ,185,-2.441,S2M
25,FCZ,186,-2.930,S2M
25,FCZ,187,-3.418,S2M
25,FCZ,188,-2.930,S2M
25,FCZ,189,-2.441,S2M
25,FCZ,190,-1.953,S2M
25,FCZ,191,-1.465,S2M
25,FCZ,192,-0.977,S2M
25,FCZ,193,-0.977,S2M
25,FCZ,194,-0.977,S2M
25,FCZ,195,-1.465,S2M
25,FCZ,196,-1.953,S2M
25,FCZ,197,-2.441,S2M
25,FCZ,198,-2.441,S2M
25,FCZ,199,-2.441,S2M
25,FCZ,200,-1.953,S2M
25,FCZ,201,-1.465,S2M
25,FCZ,202,-1.465,S2M
25,FCZ,203,-1.465,S2M
25,FCZ,204,-1.465,S2M
25,FCZ,205,-1.465,S2M
25,FCZ,206,-1.465,S2M
25,FCZ,207,-0.977,S2M
25,FCZ,208,-0.488,S2M
25,FCZ,209,-0.488,S2M
25,FCZ,210,-0.488,S2M
25,FCZ,211,-0.488,S2M
25,FCZ,212,0.000,S2M
25,FCZ,213,0.488,S2M
25,FCZ,214,0.488,S2M
25,FCZ,215,0.488,S2M
25,FCZ,216,0.000,S2M
25,FCZ,217,-0.488,S2M
25,FCZ,218,-0.977,S2M
25,FCZ,219,-0.977,S2M
25,FCZ,220,-1.465,S2M
25,FCZ,221,-1.465,S2M
25,FCZ,222,-1.465,S2M
25,FCZ,223,-0.977,S2M
25,FCZ,224,-0.977,S2M
25,FCZ,225,-0.488,S2M
25,FCZ,226,0.000,S2M
25,FCZ,227,0.488,S2M
25,FCZ,228,0.488,S2M
25,FCZ,229,0.488,S2M
25,FCZ,230,-0.488,S2M
25,FCZ,231,-0.977,S2M
25,FCZ,232,-1.953,S2M
25,FCZ,233,-2.441,S2M
25,FCZ,234,-1.953,S2M
25,FCZ,235,-0.977,S2M
25,FCZ,236,-0.488,S2M
25,FCZ,237,-0.488,S2M
25,FCZ,238,-0.977,S2M
25,FCZ,239,-1.465,S2M
25,FCZ,240,-1.953,S2M
25,FCZ,241,-1.953,S2M
25,FCZ,242,-2.441,S2M
25,FCZ,243,-2.441,S2M
25,FCZ,244,-2.930,S2M
25,FCZ,245,-3.418,S2M
25,FCZ,246,-3.418,S2M
25,FCZ,247,-3.418,S2M
25,FCZ,248,-2.930,S2M
25,FCZ,249,-2.930,S2M
25,FCZ,250,-2.441,S2M
25,FCZ,251,-3.418,S2M
25,FCZ,252,-3.906,S2M
25,FCZ,253,-4.395,S2M
25,FCZ,254,-4.395,S2M
25,FCZ,255,-4.395,S2M
25,POZ,0,2.228,S2M
25,POZ,1,3.693,S2M
25,POZ,2,5.157,S2M
25,POZ,3,6.134,S2M
25,POZ,4,5.646,S2M
25,POZ,5,4.181,S2M
25,POZ,6,2.716,S2M
25,POZ,7,1.740,S2M
25,POZ,8,2.228,S2M
25,POZ,9,3.204,S2M
25,POZ,10,3.693,S2M
25,POZ,11,4.181,S2M
25,POZ,12,3.693,S2M
25,POZ,13,2.716,S2M
25,POZ,14,2.228,S2M
25,POZ,15,1.740,S2M
25,POZ,16,1.251,S2M
25,POZ,17,1.740,S2M
25,POZ,18,2.228,S2M
25,POZ,19,2.716,S2M
25,POZ,20,4.181,S2M
25,POZ,21,6.134,S2M
25,POZ,22,9.064,S2M
25,POZ,23,11.993,S2M
25,POZ,24,13.458,S2M
25,POZ,25,13.947,S2M
25,POZ,26,12.970,S2M
25,POZ,27,11.505,S2M
25,POZ,28,9.552,S2M
25,POZ,29,8.087,S2M
25,POZ,30,7.599,S2M
25,POZ,31,8.087,S2M
25,POZ,32,8.087,S2M
25,POZ,33,6.622,S2M
25,POZ,34,4.181,S2M
25,POZ,35,2.228,S2M
25,POZ,36,1.740,S2M
25,POZ,37,3.204,S2M
25,POZ,38,6.622,S2M
25,POZ,39,9.064,S2M
25,POZ,40,8.087,S2M
25,POZ,41,4.669,S2M
25,POZ,42,0.763,S2M
25,POZ,43,-2.655,S2M
25,POZ,44,-1.678,S2M
25,POZ,45,0.763,S2M
25,POZ,46,3.693,S2M
25,POZ,47,3.693,S2M
25,POZ,48,2.228,S2M
25,POZ,49,0.763,S2M
25,POZ,50,1.251,S2M
25,POZ,51,4.181,S2M
25,POZ,52,7.599,S2M
25,POZ,53,9.064,S2M
25,POZ,54,7.599,S2M
25,POZ,55,3.204,S2M
25,POZ,56,-0.702,S2M
25,POZ,57,-3.632,S2M
25,POZ,58,-4.120,S2M
25,POZ,59,-3.143,S2M
25,POZ,60,-1.678,S2M
25,POZ,61,-1.190,S2M
25,POZ,62,-1.190,S2M
25,POZ,63,-1.190,S2M
25,POZ,64,-0.702,S2M
25,POZ,65,0.763,S2M
25,POZ,66,1.251,S2M
25,POZ,67,1.251,S2M
25,POZ,68,0.275,S2M
25,POZ,69,-2.167,S2M
25,POZ,70,-4.120,S2M
25,POZ,71,-4.120,S2M
25,POZ,72,-1.678,S2M
25,POZ,73,2.228,S2M
25,POZ,74,4.669,S2M
25,POZ,75,4.669,S2M
25,POZ,76,2.228,S2M
25,POZ,77,-1.190,S2M
25,POZ,78,-2.167,S2M
25,POZ,79,-0.702,S2M
25,POZ,80,1.251,S2M
25,POZ,81,2.228,S2M
25,POZ,82,-0.214,S2M
25,POZ,83,-5.096,S2M
25,POZ,84,-8.514,S2M
25,POZ,85,-9.003,S2M
25,POZ,86,-5.585,S2M
25,POZ,87,-2.167,S2M
25,POZ,88,0.275,S2M
25,POZ,89,-1.190,S2M
25,POZ,90,-4.608,S2M
25,POZ,91,-9.003,S2M
25,POZ,92,-11.444,S2M
25,POZ,93,-11.444,S2M
25,POZ,94,-9.003,S2M
25,POZ,95,-6.073,S2M
25,POZ,96,-3.143,S2M
25,POZ,97,-1.190,S2M
25,POZ,98,-1.190,S2M
25,POZ,99,-1.678,S2M
25,POZ,100,-2.655,S2M
25,POZ,101,-3.143,S2M
25,POZ,102,-1.678,S2M
25,POZ,103,0.275,S2M
25,POZ,104,2.716,S2M
25,POZ,105,2.716,S2M
25,POZ,106,0.275,S2M
25,POZ,107,-4.120,S2M
25,POZ,108,-9.003,S2M
25,POZ,109,-10.956,S2M
25,POZ,110,-9.979,S2M
25,POZ,111,-7.050,S2M
25,POZ,112,-4.120,S2M
25,POZ,113,-2.655,S2M
25,POZ,114,-3.632,S2M
25,POZ,115,-5.585,S2M
25,POZ,116,-6.561,S2M
25,POZ,117,-5.585,S2M
25,POZ,118,-3.143,S2M
25,POZ,119,-1.190,S2M
25,POZ,120,0.275,S2M
25,POZ,121,1.251,S2M
25,POZ,122,1.251,S2M
25,POZ,123,2.716,S2M
25,POZ,124,3.693,S2M
25,POZ,125,4.181,S2M
25,POZ,126,3.693,S2M
25,POZ,127,2.228,S2M
25,POZ,128,1.251,S2M
25,POZ,129,0.763,S2M
25,POZ,130,1.251,S2M
25,POZ,131,1.740,S2M
25,POZ,132,2.228,S2M
25,POZ,133,2.228,S2M
25,POZ,134,3.204,S2M
25,POZ,135,4.669,S2M
25,POZ,136,6.134,S2M
25,POZ,137,6.622,S2M
25,POZ,138,5.157,S2M
25,POZ,139,2.716,S2M
25,POZ,140,0.763,S2M
25,POZ,141,0.275,S2M
25,POZ,142,0.763,S2M
25,POZ,143,1.251,S2M
25,POZ,144,1.251,S2M
25,POZ,145,0.275,S2M
25,POZ,146,-0.702,S2M
25,POZ,147,-1.190,S2M
25,POZ,148,-1.678,S2M
25,POZ,149,-2.655,S2M
25,POZ,150,-3.632,S2M
25,POZ,151,-4.120,S2M
25,POZ,152,-3.632,S2M
25,POZ,153,-1.678,S2M
25,POZ,154,0.275,S2M
25,POZ,155,0.763,S2M
25,POZ,156,-0.702,S2M
25,POZ,157,-2.655,S2M
25,POZ,158,-2.655,S2M
25,POZ,159,-0.702,S2M
25,POZ,160,1.740,S2M
25,POZ,161,3.204,S2M
25,POZ,162,1.740,S2M
25,POZ,163,-1.190,S2M
25,POZ,164,-3.632,S2M
25,POZ,165,-3.143,S2M
25,POZ,166,-0.702,S2M
25,POZ,167,2.716,S2M
25,POZ,168,3.204,S2M
25,POZ,169,2.228,S2M
25,POZ,170,0.275,S2M
25,POZ,171,-0.214,S2M
25,POZ,172,1.251,S2M
25,POZ,173,3.204,S2M
25,POZ,174,3.693,S2M
25,POZ,175,1.740,S2M
25,POZ,176,-1.190,S2M
25,POZ,177,-3.143,S2M
25,POZ,178,-2.167,S2M
25,POZ,179,0.763,S2M
25,POZ,180,3.693,S2M
25,POZ,181,5.157,S2M
25,POZ,182,5.157,S2M
25,POZ,183,3.693,S2M
25,POZ,184,2.716,S2M
25,POZ,185,1.740,S2M
25,POZ,186,-0.214,S2M
25,POZ,187,-1.678,S2M
25,POZ,188,-2.655,S2M
25,POZ,189,-1.678,S2M
25,POZ,190,0.763,S2M
25,POZ,191,2.228,S2M
25,POZ,192,1.740,S2M
25,POZ,193,-1.190,S2M
25,POZ,194,-4.120,S2M
25,POZ,195,-4.608,S2M
25,POZ,196,-1.678,S2M
25,POZ,197,2.228,S2M
25,POZ,198,3.693,S2M
25,POZ,199,2.716,S2M
25,POZ,200,-0.702,S2M
25,POZ,201,-2.655,S2M
25,POZ,202,-1.190,S2M
25,POZ,203,1.740,S2M
25,POZ,204,4.181,S2M
25,POZ,205,4.181,S2M
25,POZ,206,3.204,S2M
25,POZ,207,2.228,S2M
25,POZ,208,2.716,S2M
25,POZ,209,4.181,S2M
25,POZ,210,5.646,S2M
25,POZ,211,5.157,S2M
25,POZ,212,3.693,S2M
25,POZ,213,2.228,S2M
25,POZ,214,2.228,S2M
25,POZ,215,3.693,S2M
25,POZ,216,5.157,S2M
25,POZ,217,5.646,S2M
25,POZ,218,4.181,S2M
25,POZ,219,2.716,S2M
25,POZ,220,1.251,S2M
25,POZ,221,1.251,S2M
25,POZ,222,1.740,S2M
25,POZ,223,1.740,S2M
25,POZ,224,0.763,S2M
25,POZ,225,-1.190,S2M
25,POZ,226,-2.167,S2M
25,POZ,227,-3.143,S2M
25,POZ,228,-3.143,S2M
25,POZ,229,-2.167,S2M
25,POZ,230,-0.214,S2M
25,POZ,231,2.228,S2M
25,POZ,232,4.181,S2M
25,POZ,233,4.669,S2M
25,POZ,234,3.693,S2M
25,POZ,235,1.251,S2M
25,POZ,236,-0.702,S2M
25,POZ,237,-1.190,S2M
25,POZ,238,0.275,S2M
25,POZ,239,1.740,S2M
25,POZ,240,1.251,S2M
25,POZ,241,-0.702,S2M
25,POZ,242,-3.143,S2M
25,POZ,243,-4.120,S2M
25,POZ,244,-1.678,S2M
25,POZ,245,1.740,S2M
25,POZ,246,5.157,S2M
25,POZ,247,6.622,S2M
25,POZ,248,5.646,S2M
25,POZ,249,3.693,S2M
25,POZ,250,2.716,S2M
25,POZ,251,3.204,S2M
25,POZ,252,4.181,S2M
25,POZ,253,4.669,S2M
25,POZ,254,4.181,S2M
25,POZ,255,2.716,S2M
25,OZ,0,-0.946,S2M
25,OZ,1,-0.458,S2M
25,OZ,2,1.495,S2M
25,OZ,3,3.937,S2M
25,OZ,4,3.937,S2M
25,OZ,5,1.984,S2M
25,OZ,6,-0.458,S2M
25,OZ,7,-1.923,S2M
25,OZ,8,-1.434,S2M
25,OZ,9,0.031,S2M
25,OZ,10,1.007,S2M
25,OZ,11,1.007,S2M
25,OZ,12,0.031,S2M
25,OZ,13,-1.434,S2M
25,OZ,14,-2.899,S2M
25,OZ,15,-2.411,S2M
25,OZ,16,-2.411,S2M
25,OZ,17,-2.411,S2M
25,OZ,18,-1.434,S2M
25,OZ,19,0.031,S2M
25,OZ,20,3.448,S2M
25,OZ,21,6.866,S2M
25,OZ,22,10.773,S2M
25,OZ,23,13.702,S2M
25,OZ,24,15.167,S2M
25,OZ,25,16.144,S2M
25,OZ,26,15.656,S2M
25,OZ,27,15.167,S2M
25,OZ,28,14.191,S2M
25,OZ,29,14.191,S2M
25,OZ,30,15.167,S2M
25,OZ,31,16.632,S2M
25,OZ,32,17.120,S2M
25,OZ,33,14.679,S2M
25,OZ,34,10.284,S2M
25,OZ,35,5.402,S2M
25,OZ,36,4.425,S2M
25,OZ,37,6.866,S2M
25,OZ,38,11.261,S2M
25,OZ,39,14.191,S2M
25,OZ,40,12.726,S2M
25,OZ,41,7.843,S2M
25,OZ,42,2.960,S2M
25,OZ,43,0.519,S2M
25,OZ,44,1.984,S2M
25,OZ,45,4.913,S2M
25,OZ,46,6.866,S2M
25,OZ,47,6.866,S2M
25,OZ,48,5.890,S2M
25,OZ,49,4.913,S2M
25,OZ,50,6.866,S2M
25,OZ,51,10.773,S2M
25,OZ,52,14.679,S2M
25,OZ,53,16.632,S2M
25,OZ,54,14.679,S2M
25,OZ,55,10.284,S2M
25,OZ,56,4.913,S2M
25,OZ,57,0.031,S2M
25,OZ,58,-1.923,S2M
25,OZ,59,-1.923,S2M
25,OZ,60,-0.946,S2M
25,OZ,61,-0.946,S2M
25,OZ,62,-1.434,S2M
25,OZ,63,-3.387,S2M
25,OZ,64,-4.852,S2M
25,OZ,65,-4.852,S2M
25,OZ,66,-3.876,S2M
25,OZ,67,-2.899,S2M
25,OZ,68,-3.876,S2M
25,OZ,69,-6.805,S2M
25,OZ,70,-9.735,S2M
25,OZ,71,-10.712,S2M
25,OZ,72,-7.294,S2M
25,OZ,73,-1.923,S2M
25,OZ,74,2.472,S2M
25,OZ,75,2.960,S2M
25,OZ,76,-0.458,S2M
25,OZ,77,-5.341,S2M
25,OZ,78,-7.294,S2M
25,OZ,79,-5.341,S2M
25,OZ,80,-1.923,S2M
25,OZ,81,0.031,S2M
25,OZ,82,-2.411,S2M
25,OZ,83,-7.294,S2M
25,OZ,84,-12.665,S2M
25,OZ,85,-14.618,S2M
25,OZ,86,-13.153,S2M
25,OZ,87,-8.270,S2M
25,OZ,88,-3.876,S2M
25,OZ,89,-2.899,S2M
25,OZ,90,-6.805,S2M
25,OZ,91,-13.153,S2M
25,OZ,92,-18.524,S2M
25,OZ,93,-20.477,S2M
25,OZ,94,-17.548,S2M
25,OZ,95,-11.200,S2M
25,OZ,96,-5.341,S2M
25,OZ,97,-3.876,S2M
25,OZ,98,-6.317,S2M
25,OZ,99,-10.712,S2M
25,OZ,100,-13.641,S2M
25,OZ,101,-13.153,S2M
25,OZ,102,-8.270,S2M
25,OZ,103,-2.899,S2M
25,OZ,104,0.519,S2M
25,OZ,105,0.031,S2M
25,OZ,106,-4.852,S2M
25,OZ,107,-10.712,S2M
25,OZ,108,-15.594,S2M
25,OZ,109,-17.548,S2M
25,OZ,110,-16.571,S2M
25,OZ,111,-14.130,S2M
25,OZ,112,-11.688,S2M
25,OZ,113,-10.712,S2M
25,OZ,114,-10.223,S2M
25,OZ,115,-10.712,S2M
25,OZ,116,-9.247,S2M
25,OZ,117,-7.782,S2M
25,OZ,118,-5.341,S2M
25,OZ,119,-3.876,S2M
25,OZ,120,-2.899,S2M
25,OZ,121,-1.434,S2M
25,OZ,122,0.031,S2M
25,OZ,123,2.472,S2M
25,OZ,124,3.937,S2M
25,OZ,125,3.937,S2M
25,OZ,126,1.984,S2M
25,OZ,127,0.031,S2M
25,OZ,128,-0.946,S2M
25,OZ,129,-0.458,S2M
25,OZ,130,0.031,S2M
25,OZ,131,-0.458,S2M
25,OZ,132,-1.434,S2M
25,OZ,133,-1.923,S2M
25,OZ,134,-0.946,S2M
25,OZ,135,1.495,S2M
25,OZ,136,3.937,S2M
25,OZ,137,4.425,S2M
25,OZ,138,2.960,S2M
25,OZ,139,0.031,S2M
25,OZ,140,-1.923,S2M
25,OZ,141,-3.387,S2M
25,OZ,142,-3.387,S2M
25,OZ,143,-4.364,S2M
25,OZ,144,-4.852,S2M
25,OZ,145,-4.852,S2M
25,OZ,146,-3.876,S2M
25,OZ,147,-2.899,S2M
25,OZ,148,-2.899,S2M
25,OZ,149,-4.852,S2M
25,OZ,150,-7.294,S2M
25,OZ,151,-7.782,S2M
25,OZ,152,-5.829,S2M
25,OZ,153,-1.923,S2M
25,OZ,154,0.031,S2M
25,OZ,155,-1.923,S2M
25,OZ,156,-5.829,S2M
25,OZ,157,-9.247,S2M
25,OZ,158,-8.759,S2M
25,OZ,159,-3.387,S2M
25,OZ,160,1.984,S2M
25,OZ,161,3.448,S2M
25,OZ,162,-0.946,S2M
25,OZ,163,-7.782,S2M
25,OZ,164,-12.177,S2M
25,OZ,165,-10.712,S2M
25,OZ,166,-4.364,S2M
25,OZ,167,1.495,S2M
25,OZ,168,3.448,S2M
25,OZ,169,0.031,S2M
25,OZ,170,-4.852,S2M
25,OZ,171,-6.805,S2M
25,OZ,172,-4.852,S2M
25,OZ,173,-1.434,S2M
25,OZ,174,0.519,S2M
25,OZ,175,-1.434,S2M
25,OZ,176,-5.829,S2M
25,OZ,177,-9.247,S2M
25,OZ,178,-9.735,S2M
25,OZ,179,-6.805,S2M
25,OZ,180,-2.899,S2M
25,OZ,181,0.031,S2M
25,OZ,182,1.495,S2M
25,OZ,183,1.984,S2M
25,OZ,184,1.984,S2M
25,OZ,185,0.031,S2M
25,OZ,186,-3.387,S2M
25,OZ,187,-6.805,S2M
25,OZ,188,-8.759,S2M
25,OZ,189,-6.805,S2M
25,OZ,190,-1.923,S2M
25,OZ,191,1.495,S2M
25,OZ,192,1.007,S2M
25,OZ,193,-3.387,S2M
25,OZ,194,-7.782,S2M
25,OZ,195,-8.270,S2M
25,OZ,196,-3.876,S2M
25,OZ,197,1.984,S2M
25,OZ,198,4.913,S2M
25,OZ,199,2.960,S2M
25,OZ,200,-0.946,S2M
25,OZ,201,-3.387,S2M
25,OZ,202,-1.923,S2M
25,OZ,203,1.495,S2M
25,OZ,204,3.937,S2M
25,OZ,205,4.425,S2M
25,OZ,206,2.960,S2M
25,OZ,207,3.937,S2M
25,OZ,208,6.866,S2M
25,OZ,209,10.773,S2M
25,OZ,210,12.726,S2M
25,OZ,211,12.726,S2M
25,OZ,212,11.261,S2M
25,OZ,213,11.749,S2M
25,OZ,214,15.167,S2M
25,OZ,215,19.073,S2M
25,OZ,216,21.027,S2M
25,OZ,217,18.585,S2M
25,OZ,218,13.214,S2M
25,OZ,219,8.331,S2M
25,OZ,220,6.378,S2M
25,OZ,221,6.866,S2M
25,OZ,222,7.843,S2M
25,OZ,223,7.355,S2M
25,OZ,224,4.913,S2M
25,OZ,225,1.984,S2M
25,OZ,226,0.519,S2M
25,OZ,227,0.519,S2M
25,OZ,228,1.007,S2M
25,OZ,229,1.495,S2M
25,OZ,230,2.472,S2M
25,OZ,231,4.913,S2M
25,OZ,232,8.331,S2M
25,OZ,233,10.773,S2M
25,OZ,234,9.796,S2M
25,OZ,235,6.378,S2M
25,OZ,236,2.960,S2M
25,OZ,237,2.472,S2M
25,OZ,238,4.913,S2M
25,OZ,239,8.331,S2M
25,OZ,240,9.308,S2M
25,OZ,241,5.890,S2M
25,OZ,242,1.007,S2M
25,OZ,243,-1.923,S2M
25,OZ,244,-0.458,S2M
25,OZ,245,4.425,S2M
25,OZ,246,10.284,S2M
25,OZ,247,12.238,S2M
25,OZ,248,10.284,S2M
25,OZ,249,6.866,S2M
25,OZ,250,4.913,S2M
25,OZ,251,5.890,S2M
25,OZ,252,8.820,S2M
25,OZ,253,11.261,S2M
25,OZ,254,11.749,S2M
25,OZ,255,9.308,S2M
25,P2,0,-0.519,S2M
25,P2,1,-0.031,S2M
25,P2,2,1.434,S2M
25,P2,3,2.411,S2M
25,P2,4,2.899,S2M
25,P2,5,1.923,S2M
25,P2,6,1.434,S2M
25,P2,7,0.946,S2M
25,P2,8,1.434,S2M
25,P2,9,1.434,S2M
25,P2,10,1.434,S2M
25,P2,11,1.434,S2M
25,P2,12,0.458,S2M
25,P2,13,0.458,S2M
25,P2,14,0.458,S2M
25,P2,15,0.946,S2M
25,P2,16,0.946,S2M
25,P2,17,0.946,S2M
25,P2,18,0.946,S2M
25,P2,19,1.434,S2M
25,P2,20,1.434,S2M
25,P2,21,3.387,S2M
25,P2,22,5.341,S2M
25,P2,23,7.782,S2M
25,P2,24,9.735,S2M
25,P2,25,10.712,S2M
25,P2,26,10.712,S2M
25,P2,27,8.759,S2M
25,P2,28,6.805,S2M
25,P2,29,4.852,S2M
25,P2,30,3.387,S2M
25,P2,31,2.899,S2M
25,P2,32,2.899,S2M
25,P2,33,2.411,S2M
25,P2,34,1.923,S2M
25,P2,35,1.923,S2M
25,P2,36,1.923,S2M
25,P2,37,2.899,S2M
25,P2,38,3.876,S2M
25,P2,39,4.852,S2M
25,P2,40,4.364,S2M
25,P2,41,2.411,S2M
25,P2,42,0.458,S2M
25,P2,43,-0.519,S2M
25,P2,44,-0.031,S2M
25,P2,45,1.434,S2M
25,P2,46,2.899,S2M
25,P2,47,3.876,S2M
25,P2,48,3.387,S2M
25,P2,49,2.899,S2M
25,P2,50,3.387,S2M
25,P2,51,4.852,S2M
25,P2,52,6.805,S2M
25,P2,53,7.294,S2M
25,P2,54,6.317,S2M
25,P2,55,3.387,S2M
25,P2,56,0.946,S2M
25,P2,57,-0.519,S2M
25,P2,58,-0.031,S2M
25,P2,59,0.946,S2M
25,P2,60,1.434,S2M
25,P2,61,0.946,S2M
25,P2,62,0.458,S2M
25,P2,63,0.458,S2M
25,P2,64,0.946,S2M
25,P2,65,2.411,S2M
25,P2,66,2.899,S2M
25,P2,67,2.411,S2M
25,P2,68,0.946,S2M
25,P2,69,-0.519,S2M
25,P2,70,-1.495,S2M
25,P2,71,-0.519,S2M
25,P2,72,1.923,S2M
25,P2,73,4.364,S2M
25,P2,74,5.341,S2M
25,P2,75,4.852,S2M
25,P2,76,3.387,S2M
25,P2,77,1.434,S2M
25,P2,78,1.434,S2M
25,P2,79,2.411,S2M
25,P2,80,3.876,S2M
25,P2,81,3.387,S2M
25,P2,82,1.434,S2M
25,P2,83,-1.984,S2M
25,P2,84,-4.425,S2M
25,P2,85,-4.913,S2M
25,P2,86,-2.960,S2M
25,P2,87,-0.519,S2M
25,P2,88,0.946,S2M
25,P2,89,-0.031,S2M
25,P2,90,-2.472,S2M
25,P2,91,-5.402,S2M
25,P2,92,-7.355,S2M
25,P2,93,-6.866,S2M
25,P2,94,-5.402,S2M
25,P2,95,-3.448,S2M
25,P2,96,-1.495,S2M
25,P2,97,-0.519,S2M
25,P2,98,-1.007,S2M
25,P2,99,-1.495,S2M
25,P2,100,-1.495,S2M
25,P2,101,-1.495,S2M
25,P2,102,-0.519,S2M
25,P2,103,0.946,S2M
25,P2,104,2.411,S2M
25,P2,105,2.411,S2M
25,P2,106,1.434,S2M
25,P2,107,-0.519,S2M
25,P2,108,-2.960,S2M
25,P2,109,-4.913,S2M
25,P2,110,-4.913,S2M
25,P2,111,-3.937,S2M
25,P2,112,-2.472,S2M
25,P2,113,-1.984,S2M
25,P2,114,-2.960,S2M
25,P2,115,-3.937,S2M
25,P2,116,-4.913,S2M
25,P2,117,-4.425,S2M
25,P2,118,-3.448,S2M
25,P2,119,-2.472,S2M
25,P2,120,-1.495,S2M
25,P2,121,-0.519,S2M
25,P2,122,-0.031,S2M
25,P2,123,1.434,S2M
25,P2,124,2.411,S2M
25,P2,125,2.411,S2M
25,P2,126,1.923,S2M
25,P2,127,0.458,S2M
25,P2,128,-0.031,S2M
25,P2,129,0.458,S2M
25,P2,130,1.434,S2M
25,P2,131,2.411,S2M
25,P2,132,2.899,S2M
25,P2,133,2.411,S2M
25,P2,134,1.923,S2M
25,P2,135,1.923,S2M
25,P2,136,2.411,S2M
25,P2,137,2.899,S2M
25,P2,138,2.411,S2M
25,P2,139,1.434,S2M
25,P2,140,0.458,S2M
25,P2,141,0.458,S2M
25,P2,142,0.458,S2M
25,P2,143,1.434,S2M
25,P2,144,1.923,S2M
25,P2,145,1.434,S2M
25,P2,146,0.946,S2M
25,P2,147,-0.031,S2M
25,P2,148,-1.007,S2M
25,P2,149,-1.495,S2M
25,P2,150,-2.472,S2M
25,P2,151,-2.472,S2M
25,P2,152,-1.495,S2M
25,P2,153,-0.519,S2M
25,P2,154,-0.031,S2M
25,P2,155,-0.031,S2M
25,P2,156,-1.007,S2M
25,P2,157,-1.984,S2M
25,P2,158,-1.007,S2M
25,P2,159,0.458,S2M
25,P2,160,1.434,S2M
25,P2,161,1.434,S2M
25,P2,162,-0.031,S2M
25,P2,163,-1.495,S2M
25,P2,164,-2.472,S2M
25,P2,165,-1.984,S2M
25,P2,166,-0.519,S2M
25,P2,167,0.946,S2M
25,P2,168,0.946,S2M
25,P2,169,0.946,S2M
25,P2,170,0.946,S2M
25,P2,171,0.946,S2M
25,P2,172,2.411,S2M
25,P2,173,2.899,S2M
25,P2,174,2.899,S2M
25,P2,175,1.923,S2M
25,P2,176,0.458,S2M
25,P2,177,-0.031,S2M
25,P2,178,0.458,S2M
25,P2,179,2.411,S2M
25,P2,180,4.364,S2M
25,P2,181,4.364,S2M
25,P2,182,3.876,S2M
25,P2,183,2.899,S2M
25,P2,184,1.434,S2M
25,P2,185,0.946,S2M
25,P2,186,-0.031,S2M
25,P2,187,-0.519,S2M
25,P2,188,-0.519,S2M
25,P2,189,-0.519,S2M
25,P2,190,0.458,S2M
25,P2,191,1.434,S2M
25,P2,192,1.434,S2M
25,P2,193,0.458,S2M
25,P2,194,-0.519,S2M
25,P2,195,-1.495,S2M
25,P2,196,-0.519,S2M
25,P2,197,0.946,S2M
25,P2,198,2.411,S2M
25,P2,199,2.411,S2M
25,P2,200,1.434,S2M
25,P2,201,0.458,S2M
25,P2,202,0.946,S2M
25,P2,203,1.923,S2M
25,P2,204,2.899,S2M
25,P2,205,3.387,S2M
25,P2,206,3.387,S2M
25,P2,207,3.387,S2M
25,P2,208,3.876,S2M
25,P2,209,4.364,S2M
25,P2,210,4.852,S2M
25,P2,211,4.364,S2M
25,P2,212,3.387,S2M
25,P2,213,2.411,S2M
25,P2,214,2.411,S2M
25,P2,215,2.899,S2M
25,P2,216,3.387,S2M
25,P2,217,3.876,S2M
25,P2,218,3.876,S2M
25,P2,219,3.876,S2M
25,P2,220,3.876,S2M
25,P2,221,4.364,S2M
25,P2,222,4.852,S2M
25,P2,223,4.364,S2M
25,P2,224,3.876,S2M
25,P2,225,2.899,S2M
25,P2,226,2.411,S2M
25,P2,227,2.411,S2M
25,P2,228,2.411,S2M
25,P2,229,2.899,S2M
25,P2,230,3.387,S2M
25,P2,231,4.852,S2M
25,P2,232,6.317,S2M
25,P2,233,6.805,S2M
25,P2,234,6.317,S2M
25,P2,235,4.364,S2M
25,P2,236,2.899,S2M
25,P2,237,2.411,S2M
25,P2,238,3.387,S2M
25,P2,239,3.876,S2M
25,P2,240,4.364,S2M
25,P2,241,3.876,S2M
25,P2,242,2.899,S2M
25,P2,243,2.411,S2M
25,P2,244,3.387,S2M
25,P2,245,5.341,S2M
25,P2,246,7.294,S2M
25,P2,247,8.270,S2M
25,P2,248,8.270,S2M
25,P2,249,7.294,S2M
25,P2,250,6.317,S2M
25,P2,251,5.829,S2M
25,P2,252,5.829,S2M
25,P2,253,5.829,S2M
25,P2,254,5.829,S2M
25,P2,255,5.341,S2M
25,P1,0,4.232,S2M
25,P1,1,4.232,S2M
25,P1,2,3.743,S2M
25,P1,3,2.767,S2M
25,P1,4,2.279,S2M
25,P1,5,1.790,S2M
25,P1,6,1.302,S2M
25,P1,7,0.814,S2M
25,P1,8,0.814,S2M
25,P1,9,0.326,S2M
25,P1,10,0.814,S2M
25,P1,11,1.302,S2M
25,P1,12,1.790,S2M
25,P1,13,1.302,S2M
25,P1,14,0.326,S2M
25,P1,15,-1.139,S2M
25,P1,16,-1.628,S2M
25,P1,17,-1.628,S2M
25,P1,18,-0.651,S2M
25,P1,19,1.302,S2M
25,P1,20,2.767,S2M
25,P1,21,4.720,S2M
25,P1,22,6.673,S2M
25,P1,23,7.650,S2M
25,P1,24,8.626,S2M
25,P1,25,9.115,S2M
25,P1,26,9.603,S2M
25,P1,27,9.603,S2M
25,P1,28,9.115,S2M
25,P1,29,8.626,S2M
25,P1,30,7.650,S2M
25,P1,31,6.673,S2M
25,P1,32,5.208,S2M
25,P1,33,4.232,S2M
25,P1,34,3.255,S2M
25,P1,35,3.255,S2M
25,P1,36,4.232,S2M
25,P1,37,5.697,S2M
25,P1,38,7.650,S2M
25,P1,39,9.115,S2M
25,P1,40,8.626,S2M
25,P1,41,7.161,S2M
25,P1,42,4.720,S2M
25,P1,43,2.767,S2M
25,P1,44,2.279,S2M
25,P1,45,2.279,S2M
25,P1,46,1.790,S2M
25,P1,47,0.814,S2M
25,P1,48,0.326,S2M
25,P1,49,0.814,S2M
25,P1,50,3.255,S2M
25,P1,51,6.185,S2M
25,P1,52,8.138,S2M
25,P1,53,8.138,S2M
25,P1,54,6.185,S2M
25,P1,55,2.767,S2M
25,P1,56,-0.163,S2M
25,P1,57,-1.139,S2M
25,P1,58,-0.651,S2M
25,P1,59,0.326,S2M
25,P1,60,0.814,S2M
25,P1,61,1.302,S2M
25,P1,62,1.302,S2M
25,P1,63,1.790,S2M
25,P1,64,2.767,S2M
25,P1,65,3.255,S2M
25,P1,66,3.743,S2M
25,P1,67,3.255,S2M
25,P1,68,1.790,S2M
25,P1,69,-0.163,S2M
25,P1,70,-1.139,S2M
25,P1,71,-1.628,S2M
25,P1,72,-0.651,S2M
25,P1,73,1.302,S2M
25,P1,74,3.743,S2M
25,P1,75,4.232,S2M
25,P1,76,3.255,S2M
25,P1,77,0.814,S2M
25,P1,78,-1.139,S2M
25,P1,79,-2.604,S2M
25,P1,80,-3.092,S2M
25,P1,81,-3.092,S2M
25,P1,82,-3.092,S2M
25,P1,83,-4.069,S2M
25,P1,84,-5.046,S2M
25,P1,85,-5.534,S2M
25,P1,86,-4.069,S2M
25,P1,87,-1.628,S2M
25,P1,88,0.326,S2M
25,P1,89,-0.163,S2M
25,P1,90,-2.604,S2M
25,P1,91,-6.510,S2M
25,P1,92,-8.952,S2M
25,P1,93,-8.952,S2M
25,P1,94,-6.022,S2M
25,P1,95,-2.116,S2M
25,P1,96,0.814,S2M
25,P1,97,2.767,S2M
25,P1,98,1.790,S2M
25,P1,99,0.326,S2M
25,P1,100,-1.139,S2M
25,P1,101,-1.628,S2M
25,P1,102,0.326,S2M
25,P1,103,2.279,S2M
25,P1,104,3.255,S2M
25,P1,105,2.279,S2M
25,P1,106,-1.139,S2M
25,P1,107,-5.046,S2M
25,P1,108,-7.975,S2M
25,P1,109,-8.952,S2M
25,P1,110,-7.487,S2M
25,P1,111,-5.534,S2M
25,P1,112,-3.092,S2M
25,P1,113,-1.628,S2M
25,P1,114,-1.139,S2M
25,P1,115,-1.139,S2M
25,P1,116,-1.628,S2M
25,P1,117,-2.604,S2M
25,P1,118,-3.092,S2M
25,P1,119,-2.604,S2M
25,P1,120,-1.139,S2M
25,P1,121,0.814,S2M
25,P1,122,1.790,S2M
25,P1,123,2.279,S2M
25,P1,124,1.790,S2M
25,P1,125,1.302,S2M
25,P1,126,1.790,S2M
25,P1,127,2.767,S2M
25,P1,128,3.743,S2M
25,P1,129,4.232,S2M
25,P1,130,3.743,S2M
25,P1,131,2.279,S2M
25,P1,132,1.302,S2M
25,P1,133,1.790,S2M
25,P1,134,3.255,S2M
25,P1,135,5.208,S2M
25,P1,136,6.185,S2M
25,P1,137,5.697,S2M
25,P1,138,4.232,S2M
25,P1,139,2.279,S2M
25,P1,140,0.814,S2M
25,P1,141,-0.163,S2M
25,P1,142,0.326,S2M
25,P1,143,0.326,S2M
25,P1,144,-0.163,S2M
25,P1,145,-1.139,S2M
25,P1,146,-1.628,S2M
25,P1,147,-1.628,S2M
25,P1,148,-0.651,S2M
25,P1,149,0.326,S2M
25,P1,150,0.326,S2M
25,P1,151,0.326,S2M
25,P1,152,-0.163,S2M
25,P1,153,-0.163,S2M
25,P1,154,0.326,S2M
25,P1,155,0.814,S2M
25,P1,156,0.814,S2M
25,P1,157,1.302,S2M
25,P1,158,1.790,S2M
25,P1,159,2.767,S2M
25,P1,160,3.255,S2M
25,P1,161,3.255,S2M
25,P1,162,1.790,S2M
25,P1,163,-0.163,S2M
25,P1,164,-2.116,S2M
25,P1,165,-2.604,S2M
25,P1,166,-1.139,S2M
25,P1,167,0.326,S2M
25,P1,168,1.302,S2M
25,P1,169,1.302,S2M
25,P1,170,0.326,S2M
25,P1,171,-1.139,S2M
25,P1,172,-1.628,S2M
25,P1,173,-1.628,S2M
25,P1,174,-1.139,S2M
25,P1,175,-0.651,S2M
25,P1,176,-0.163,S2M
25,P1,177,0.326,S2M
25,P1,178,1.302,S2M
25,P1,179,2.767,S2M
25,P1,180,4.232,S2M
25,P1,181,5.208,S2M
25,P1,182,5.697,S2M
25,P1,183,4.720,S2M
25,P1,184,3.743,S2M
25,P1,185,2.279,S2M
25,P1,186,1.790,S2M
25,P1,187,2.279,S2M
25,P1,188,3.255,S2M
25,P1,189,4.720,S2M
25,P1,190,5.697,S2M
25,P1,191,4.720,S2M
25,P1,192,2.767,S2M
25,P1,193,0.814,S2M
25,P1,194,-0.651,S2M
25,P1,195,-0.651,S2M
25,P1,196,0.814,S2M
25,P1,197,1.790,S2M
25,P1,198,1.790,S2M
25,P1,199,0.326,S2M
25,P1,200,-1.139,S2M
25,P1,201,-0.651,S2M
25,P1,202,1.790,S2M
25,P1,203,5.208,S2M
25,P1,204,7.161,S2M
25,P1,205,7.161,S2M
25,P1,206,5.697,S2M
25,P1,207,4.232,S2M
25,P1,208,4.232,S2M
25,P1,209,6.185,S2M
25,P1,210,7.650,S2M
25,P1,211,7.650,S2M
25,P1,212,5.697,S2M
25,P1,213,3.255,S2M
25,P1,214,1.790,S2M
25,P1,215,2.279,S2M
25,P1,216,3.743,S2M
25,P1,217,5.208,S2M
25,P1,218,4.720,S2M
25,P1,219,3.743,S2M
25,P1,220,2.279,S2M
25,P1,221,2.279,S2M
25,P1,222,2.767,S2M
25,P1,223,3.255,S2M
25,P1,224,3.255,S2M
25,P1,225,2.767,S2M
25,P1,226,2.279,S2M
25,P1,227,2.279,S2M
25,P1,228,3.255,S2M
25,P1,229,4.232,S2M
25,P1,230,5.208,S2M
25,P1,231,6.185,S2M
25,P1,232,7.650,S2M
25,P1,233,8.626,S2M
25,P1,234,9.115,S2M
25,P1,235,8.626,S2M
25,P1,236,7.650,S2M
25,P1,237,6.673,S2M
25,P1,238,6.185,S2M
25,P1,239,5.208,S2M
25,P1,240,4.232,S2M
25,P1,241,3.255,S2M
25,P1,242,2.767,S2M
25,P1,243,3.255,S2M
25,P1,244,5.208,S2M
25,P1,245,7.650,S2M
25,P1,246,10.091,S2M
25,P1,247,11.556,S2M
25,P1,248,11.556,S2M
25,P1,249,11.556,S2M
25,P1,250,11.556,S2M
25,P1,251,12.533,S2M
25,P1,252,12.044,S2M
25,P1,253,10.579,S2M
25,P1,254,9.115,S2M
25,P1,255,7.161,S2M
25,CPZ,0,-1.027,S2M
25,CPZ,1,-0.051,S2M
25,CPZ,2,0.926,S2M
25,CPZ,3,1.902,S2M
25,CPZ,4,2.879,S2M
25,CPZ,5,2.879,S2M
25,CPZ,6,2.879,S2M
25,CPZ,7,2.391,S2M
25,CPZ,8,2.391,S2M
25,CPZ,9,1.902,S2M
25,CPZ,10,1.902,S2M
25,CPZ,11,1.902,S2M
25,CPZ,12,1.414,S2M
25,CPZ,13,0.926,S2M
25,CPZ,14,0.437,S2M
25,CPZ,15,-0.051,S2M
25,CPZ,16,-0.051,S2M
25,CPZ,17,-0.051,S2M
25,CPZ,18,-0.051,S2M
25,CPZ,19,0.437,S2M
25,CPZ,20,0.437,S2M
25,CPZ,21,1.414,S2M
25,CPZ,22,1.414,S2M
25,CPZ,23,1.902,S2M
25,CPZ,24,2.391,S2M
25,CPZ,25,2.879,S2M
25,CPZ,26,2.879,S2M
25,CPZ,27,2.879,S2M
25,CPZ,28,1.902,S2M
25,CPZ,29,1.414,S2M
25,CPZ,30,0.437,S2M
25,CPZ,31,-0.539,S2M
25,CPZ,32,-0.539,S2M
25,CPZ,33,-1.027,S2M
25,CPZ,34,-0.539,S2M
25,CPZ,35,-0.539,S2M
25,CPZ,36,0.437,S2M
25,CPZ,37,1.414,S2M
25,CPZ,38,2.879,S2M
25,CPZ,39,3.855,S2M
25,CPZ,40,3.855,S2M
25,CPZ,41,3.367,S2M
25,CPZ,42,1.902,S2M
25,CPZ,43,1.414,S2M
25,CPZ,44,0.926,S2M
25,CPZ,45,1.414,S2M
25,CPZ,46,1.414,S2M
25,CPZ,47,0.926,S2M
25,CPZ,48,0.437,S2M
25,CPZ,49,-0.051,S2M
25,CPZ,50,0.437,S2M
25,CPZ,51,1.414,S2M
25,CPZ,52,2.879,S2M
25,CPZ,53,2.879,S2M
25,CPZ,54,1.902,S2M
25,CPZ,55,-0.051,S2M
25,CPZ,56,-2.004,S2M
25,CPZ,57,-2.981,S2M
25,CPZ,58,-2.492,S2M
25,CPZ,59,-2.004,S2M
25,CPZ,60,-1.516,S2M
25,CPZ,61,-1.027,S2M
25,CPZ,62,-1.027,S2M
25,CPZ,63,-0.539,S2M
25,CPZ,64,0.437,S2M
25,CPZ,65,1.414,S2M
25,CPZ,66,1.902,S2M
25,CPZ,67,1.414,S2M
25,CPZ,68,0.437,S2M
25,CPZ,69,-1.027,S2M
25,CPZ,70,-1.516,S2M
25,CPZ,71,-1.516,S2M
25,CPZ,72,-0.539,S2M
25,CPZ,73,0.926,S2M
25,CPZ,74,1.902,S2M
25,CPZ,75,1.902,S2M
25,CPZ,76,1.414,S2M
25,CPZ,77,-0.051,S2M
25,CPZ,78,-0.539,S2M
25,CPZ,79,-0.539,S2M
25,CPZ,80,-0.539,S2M
25,CPZ,81,-0.051,S2M
25,CPZ,82,-1.027,S2M
25,CPZ,83,-2.004,S2M
25,CPZ,84,-3.469,S2M
25,CPZ,85,-3.469,S2M
25,CPZ,86,-2.492,S2M
25,CPZ,87,-1.027,S2M
25,CPZ,88,0.437,S2M
25,CPZ,89,-0.051,S2M
25,CPZ,90,-1.516,S2M
25,CPZ,91,-2.981,S2M
25,CPZ,92,-4.445,S2M
25,CPZ,93,-4.445,S2M
25,CPZ,94,-2.981,S2M
25,CPZ,95,-1.516,S2M
25,CPZ,96,-0.051,S2M
25,CPZ,97,0.437,S2M
25,CPZ,98,-0.051,S2M
25,CPZ,99,-0.539,S2M
25,CPZ,100,-1.027,S2M
25,CPZ,101,-1.027,S2M
25,CPZ,102,-0.051,S2M
25,CPZ,103,1.414,S2M
25,CPZ,104,2.879,S2M
25,CPZ,105,2.879,S2M
25,CPZ,106,1.902,S2M
25,CPZ,107,-0.539,S2M
25,CPZ,108,-2.492,S2M
25,CPZ,109,-3.469,S2M
25,CPZ,110,-3.469,S2M
25,CPZ,111,-2.492,S2M
25,CPZ,112,-1.516,S2M
25,CPZ,113,-1.027,S2M
25,CPZ,114,-1.516,S2M
25,CPZ,115,-2.004,S2M
25,CPZ,116,-2.492,S2M
25,CPZ,117,-2.492,S2M
25,CPZ,118,-2.004,S2M
25,CPZ,119,-1.027,S2M
25,CPZ,120,-0.539,S2M
25,CPZ,121,-0.051,S2M
25,CPZ,122,0.926,S2M
25,CPZ,123,1.414,S2M
25,CPZ,124,1.414,S2M
25,CPZ,125,1.414,S2M
25,CPZ,126,0.926,S2M
25,CPZ,127,0.437,S2M
25,CPZ,128,0.437,S2M
25,CPZ,129,0.926,S2M
25,CPZ,130,1.414,S2M
25,CPZ,131,1.414,S2M
25,CPZ,132,1.414,S2M
25,CPZ,133,1.414,S2M
25,CPZ,134,1.414,S2M
25,CPZ,135,1.414,S2M
25,CPZ,136,1.902,S2M
25,CPZ,137,1.902,S2M
25,CPZ,138,0.926,S2M
25,CPZ,139,-0.051,S2M
25,CPZ,140,-0.539,S2M
25,CPZ,141,-0.539,S2M
25,CPZ,142,0.437,S2M
25,CPZ,143,1.414,S2M
25,CPZ,144,1.902,S2M
25,CPZ,145,1.414,S2M
25,CPZ,146,0.926,S2M
25,CPZ,147,0.437,S2M
25,CPZ,148,-0.051,S2M
25,CPZ,149,-0.051,S2M
25,CPZ,150,-0.051,S2M
25,CPZ,151,-0.051,S2M
25,CPZ,152,-0.051,S2M
25,CPZ,153,-0.051,S2M
25,CPZ,154,0.437,S2M
25,CPZ,155,0.926,S2M
25,CPZ,156,0.437,S2M
25,CPZ,157,0.437,S2M
25,CPZ,158,0.437,S2M
25,CPZ,159,0.926,S2M
25,CPZ,160,0.926,S2M
25,CPZ,161,0.926,S2M
25,CPZ,162,0.437,S2M
25,CPZ,163,-0.051,S2M
25,CPZ,164,-0.539,S2M
25,CPZ,165,-0.539,S2M
25,CPZ,166,-0.051,S2M
25,CPZ,167,0.926,S2M
25,CPZ,168,1.414,S2M
25,CPZ,169,1.414,S2M
25,CPZ,170,1.414,S2M
25,CPZ,171,1.414,S2M
25,CPZ,172,1.414,S2M
25,CPZ,173,1.414,S2M
25,CPZ,174,1.414,S2M
25,CPZ,175,1.414,S2M
25,CPZ,176,0.926,S2M
25,CPZ,177,0.926,S2M
25,CPZ,178,1.414,S2M
25,CPZ,179,1.902,S2M
25,CPZ,180,2.879,S2M
25,CPZ,181,3.367,S2M
25,CPZ,182,3.367,S2M
25,CPZ,183,2.879,S2M
25,CPZ,184,1.902,S2M
25,CPZ,185,1.414,S2M
25,CPZ,186,1.414,S2M
25,CPZ,187,1.414,S2M
25,CPZ,188,1.414,S2M
25,CPZ,189,1.902,S2M
25,CPZ,190,1.902,S2M
25,CPZ,191,1.414,S2M
25,CPZ,192,0.926,S2M
25,CPZ,193,-0.051,S2M
25,CPZ,194,-0.051,S2M
25,CPZ,195,-0.051,S2M
25,CPZ,196,0.437,S2M
25,CPZ,197,1.414,S2M
25,CPZ,198,1.414,S2M
25,CPZ,199,0.926,S2M
25,CPZ,200,0.926,S2M
25,CPZ,201,0.437,S2M
25,CPZ,202,0.926,S2M
25,CPZ,203,1.902,S2M
25,CPZ,204,2.391,S2M
25,CPZ,205,2.391,S2M
25,CPZ,206,1.414,S2M
25,CPZ,207,1.414,S2M
25,CPZ,208,1.414,S2M
25,CPZ,209,1.902,S2M
25,CPZ,210,2.391,S2M
25,CPZ,211,2.391,S2M
25,CPZ,212,1.414,S2M
25,CPZ,213,0.437,S2M
25,CPZ,214,-0.051,S2M
25,CPZ,215,0.437,S2M
25,CPZ,216,1.414,S2M
25,CPZ,217,1.902,S2M
25,CPZ,218,2.391,S2M
25,CPZ,219,2.391,S2M
25,CPZ,220,2.879,S2M
25,CPZ,221,2.879,S2M
25,CPZ,222,2.879,S2M
25,CPZ,223,2.879,S2M
25,CPZ,224,2.391,S2M
25,CPZ,225,1.902,S2M
25,CPZ,226,1.414,S2M
25,CPZ,227,0.926,S2M
25,CPZ,228,1.414,S2M
25,CPZ,229,1.902,S2M
25,CPZ,230,2.391,S2M
25,CPZ,231,3.367,S2M
25,CPZ,232,3.855,S2M
25,CPZ,233,4.344,S2M
25,CPZ,234,3.855,S2M
25,CPZ,235,3.367,S2M
25,CPZ,236,2.879,S2M
25,CPZ,237,2.879,S2M
25,CPZ,238,2.879,S2M
25,CPZ,239,2.879,S2M
25,CPZ,240,2.879,S2M
25,CPZ,241,2.879,S2M
25,CPZ,242,2.391,S2M
25,CPZ,243,2.391,S2M
25,CPZ,244,2.879,S2M
25,CPZ,245,3.855,S2M
25,CPZ,246,4.832,S2M
25,CPZ,247,5.320,S2M
25,CPZ,248,4.832,S2M
25,CPZ,249,4.344,S2M
25,CPZ,250,4.344,S2M
25,CPZ,251,4.344,S2M
25,CPZ,252,4.832,S2M
25,CPZ,253,4.832,S2M
25,CPZ,254,4.832,S2M
25,CPZ,255,3.855,S2M
25,nd,0,5.259,S2M
25,nd,1,2.818,S2M
25,nd,2,0.376,S2M
25,nd,3,-0.600,S2M
25,nd,4,-1.577,S2M
25,nd,5,-3.530,S2M
25,nd,6,-5.483,S2M
25,nd,7,-6.948,S2M
25,nd,8,-5.483,S2M
25,nd,9,-1.088,S2M
25,nd,10,5.259,S2M
25,nd,11,10.630,S2M
25,nd,12,11.607,S2M
25,nd,13,8.189,S2M
25,nd,14,2.330,S2M
25,nd,15,-3.042,S2M
25,nd,16,-4.018,S2M
25,nd,17,-1.088,S2M
25,nd,18,3.794,S2M
25,nd,19,9.165,S2M
25,nd,20,12.583,S2M
25,nd,21,13.560,S2M
25,nd,22,14.537,S2M
25,nd,23,16.978,S2M
25,nd,24,20.396,S2M
25,nd,25,23.814,S2M
25,nd,26,24.790,S2M
25,nd,27,22.349,S2M
25,nd,28,17.955,S2M
25,nd,29,14.048,S2M
25,nd,30,12.095,S2M
25,nd,31,13.072,S2M
25,nd,32,15.025,S2M
25,nd,33,16.001,S2M
25,nd,34,16.001,S2M
25,nd,35,15.513,S2M
25,nd,36,15.025,S2M
25,nd,37,14.537,S2M
25,nd,38,12.095,S2M
25,nd,39,7.212,S2M
25,nd,40,2.330,S2M
25,nd,41,-0.600,S2M
25,nd,42,0.376,S2M
25,nd,43,4.283,S2M
25,nd,44,8.677,S2M
25,nd,45,10.142,S2M
25,nd,46,9.165,S2M
25,nd,47,7.212,S2M
25,nd,48,8.189,S2M
25,nd,49,11.607,S2M
25,nd,50,16.978,S2M
25,nd,51,20.396,S2M
25,nd,52,19.908,S2M
25,nd,53,16.978,S2M
25,nd,54,13.072,S2M
25,nd,55,9.654,S2M
25,nd,56,7.212,S2M
25,nd,57,5.259,S2M
25,nd,58,3.794,S2M
25,nd,59,2.818,S2M
25,nd,60,2.818,S2M
25,nd,61,2.818,S2M
25,nd,62,1.353,S2M
25,nd,63,-2.553,S2M
25,nd,64,-7.436,S2M
25,nd,65,-10.366,S2M
25,nd,66,-10.366,S2M
25,nd,67,-7.436,S2M
25,nd,68,-5.483,S2M
25,nd,69,-6.460,S2M
25,nd,70,-11.342,S2M
25,nd,71,-15.737,S2M
25,nd,72,-16.225,S2M
25,nd,73,-11.831,S2M
25,nd,74,-5.971,S2M
25,nd,75,-3.530,S2M
25,nd,76,-5.483,S2M
25,nd,77,-10.366,S2M
25,nd,78,-13.295,S2M
25,nd,79,-11.342,S2M
25,nd,80,-5.971,S2M
25,nd,81,-1.577,S2M
25,nd,82,-2.065,S2M
25,nd,83,-6.460,S2M
25,nd,84,-11.831,S2M
25,nd,85,-13.295,S2M
25,nd,86,-9.389,S2M
25,nd,87,-4.506,S2M
25,nd,88,-2.065,S2M
25,nd,89,-5.971,S2M
25,nd,90,-13.784,S2M
25,nd,91,-21.108,S2M
25,nd,92,-24.038,S2M
25,nd,93,-20.620,S2M
25,nd,94,-13.784,S2M
25,nd,95,-7.924,S2M
25,nd,96,-5.971,S2M
25,nd,97,-7.924,S2M
25,nd,98,-13.784,S2M
25,nd,99,-19.643,S2M
25,nd,100,-23.549,S2M
25,nd,101,-23.061,S2M
25,nd,102,-18.178,S2M
25,nd,103,-11.342,S2M
25,nd,104,-4.506,S2M
25,nd,105,-2.553,S2M
25,nd,106,-6.460,S2M
25,nd,107,-13.784,S2M
25,nd,108,-20.620,S2M
25,nd,109,-23.061,S2M
25,nd,110,-19.643,S2M
25,nd,111,-11.831,S2M
25,nd,112,-4.995,S2M
25,nd,113,-1.577,S2M
25,nd,114,-2.065,S2M
25,nd,115,-4.506,S2M
25,nd,116,-7.436,S2M
25,nd,117,-9.389,S2M
25,nd,118,-10.366,S2M
25,nd,119,-10.366,S2M
25,nd,120,-9.878,S2M
25,nd,121,-6.948,S2M
25,nd,122,-3.042,S2M
25,nd,123,-0.112,S2M
25,nd,124,0.865,S2M
25,nd,125,-1.577,S2M
25,nd,126,-4.995,S2M
25,nd,127,-7.436,S2M
25,nd,128,-6.948,S2M
25,nd,129,-4.995,S2M
25,nd,130,-4.018,S2M
25,nd,131,-5.483,S2M
25,nd,132,-7.924,S2M
25,nd,133,-9.878,S2M
25,nd,134,-8.901,S2M
25,nd,135,-4.506,S2M
25,nd,136,0.376,S2M
25,nd,137,3.306,S2M
25,nd,138,2.818,S2M
25,nd,139,-1.088,S2M
25,nd,140,-6.460,S2M
25,nd,141,-9.878,S2M
25,nd,142,-10.854,S2M
25,nd,143,-8.413,S2M
25,nd,144,-5.483,S2M
25,nd,145,-3.042,S2M
25,nd,146,-3.530,S2M
25,nd,147,-5.483,S2M
25,nd,148,-7.436,S2M
25,nd,149,-7.436,S2M
25,nd,150,-5.971,S2M
25,nd,151,-3.530,S2M
25,nd,152,-2.553,S2M
25,nd,153,-4.995,S2M
25,nd,154,-9.389,S2M
25,nd,155,-12.807,S2M
25,nd,156,-13.295,S2M
25,nd,157,-10.854,S2M
25,nd,158,-6.460,S2M
25,nd,159,-4.018,S2M
25,nd,160,-4.506,S2M
25,nd,161,-7.924,S2M
25,nd,162,-11.342,S2M
25,nd,163,-12.807,S2M
25,nd,164,-12.319,S2M
25,nd,165,-10.366,S2M
25,nd,166,-8.901,S2M
25,nd,167,-8.413,S2M
25,nd,168,-8.901,S2M
25,nd,169,-9.878,S2M
25,nd,170,-10.366,S2M
25,nd,171,-11.342,S2M
25,nd,172,-11.831,S2M
25,nd,173,-12.319,S2M
25,nd,174,-11.342,S2M
25,nd,175,-8.901,S2M
25,nd,176,-6.460,S2M
25,nd,177,-4.995,S2M
25,nd,178,-4.018,S2M
25,nd,179,-3.530,S2M
25,nd,180,-2.553,S2M
25,nd,181,-2.553,S2M
25,nd,182,-3.042,S2M
25,nd,183,-4.018,S2M
25,nd,184,-4.995,S2M
25,nd,185,-4.995,S2M
25,nd,186,-3.530,S2M
25,nd,187,-1.088,S2M
25,nd,188,0.865,S2M
25,nd,189,1.841,S2M
25,nd,190,1.841,S2M
25,nd,191,1.841,S2M
25,nd,192,1.841,S2M
25,nd,193,2.330,S2M
25,nd,194,2.330,S2M
25,nd,195,2.330,S2M
25,nd,196,0.865,S2M
25,nd,197,-1.577,S2M
25,nd,198,-4.995,S2M
25,nd,199,-7.436,S2M
25,nd,200,-8.413,S2M
25,nd,201,-6.460,S2M
25,nd,202,-2.065,S2M
25,nd,203,3.306,S2M
25,nd,204,7.701,S2M
25,nd,205,9.165,S2M
25,nd,206,8.189,S2M
25,nd,207,6.724,S2M
25,nd,208,6.724,S2M
25,nd,209,7.701,S2M
25,nd,210,8.189,S2M
25,nd,211,6.236,S2M
25,nd,212,2.818,S2M
25,nd,213,-1.088,S2M
25,nd,214,-2.553,S2M
25,nd,215,-1.577,S2M
25,nd,216,0.865,S2M
25,nd,217,2.330,S2M
25,nd,218,0.865,S2M
25,nd,219,-2.065,S2M
25,nd,220,-4.018,S2M
25,nd,221,-3.530,S2M
25,nd,222,0.376,S2M
25,nd,223,4.771,S2M
25,nd,224,8.677,S2M
25,nd,225,8.677,S2M
25,nd,226,6.236,S2M
25,nd,227,2.330,S2M
25,nd,228,-0.600,S2M
25,nd,229,-1.577,S2M
25,nd,230,0.376,S2M
25,nd,231,3.794,S2M
25,nd,232,7.212,S2M
25,nd,233,9.165,S2M
25,nd,234,9.654,S2M
25,nd,235,9.654,S2M
25,nd,236,9.654,S2M
25,nd,237,10.142,S2M
25,nd,238,9.654,S2M
25,nd,239,8.189,S2M
25,nd,240,5.259,S2M
25,nd,241,1.841,S2M
25,nd,242,-0.600,S2M
25,nd,243,-0.600,S2M
25,nd,244,0.865,S2M
25,nd,245,2.818,S2M
25,nd,246,3.306,S2M
25,nd,247,2.818,S2M
25,nd,248,1.353,S2M
25,nd,249,0.376,S2M
25,nd,250,0.865,S2M
25,nd,251,2.330,S2M
25,nd,252,4.283,S2M
25,nd,253,5.747,S2M
25,nd,254,6.236,S2M
25,nd,255,5.747,S2M
25,Y,0,5.636,S2M
25,Y,1,2.706,S2M
25,Y,2,0.264,S2M
25,Y,3,-1.200,S2M
25,Y,4,-2.177,S2M
25,Y,5,-3.642,S2M
25,Y,6,-6.083,S2M
25,Y,7,-7.548,S2M
25,Y,8,-6.083,S2M
25,Y,9,-1.200,S2M
25,Y,10,5.636,S2M
25,Y,11,11.007,S2M
25,Y,12,11.983,S2M
25,Y,13,8.077,S2M
25,Y,14,1.729,S2M
25,Y,15,-3.642,S2M
25,Y,16,-4.618,S2M
25,Y,17,-1.200,S2M
25,Y,18,4.171,S2M
25,Y,19,9.542,S2M
25,Y,20,12.472,S2M
25,Y,21,13.936,S2M
25,Y,22,15.401,S2M
25,Y,23,17.354,S2M
25,Y,24,21.261,S2M
25,Y,25,24.679,S2M
25,Y,26,25.655,S2M
25,Y,27,22.725,S2M
25,Y,28,18.331,S2M
25,Y,29,14.425,S2M
25,Y,30,12.960,S2M
25,Y,31,13.448,S2M
25,Y,32,14.913,S2M
25,Y,33,15.889,S2M
25,Y,34,16.378,S2M
25,Y,35,15.889,S2M
25,Y,36,16.378,S2M
25,Y,37,15.401,S2M
25,Y,38,12.472,S2M
25,Y,39,7.589,S2M
25,Y,40,2.218,S2M
25,Y,41,-0.712,S2M
25,Y,42,0.753,S2M
25,Y,43,4.659,S2M
25,Y,44,9.054,S2M
25,Y,45,10.518,S2M
25,Y,46,9.542,S2M
25,Y,47,8.077,S2M
25,Y,48,8.565,S2M
25,Y,49,12.472,S2M
25,Y,50,17.843,S2M
25,Y,51,20.772,S2M
25,Y,52,20.772,S2M
25,Y,53,17.354,S2M
25,Y,54,13.448,S2M
25,Y,55,10.030,S2M
25,Y,56,7.589,S2M
25,Y,57,5.636,S2M
25,Y,58,4.171,S2M
25,Y,59,3.194,S2M
25,Y,60,2.706,S2M
25,Y,61,2.706,S2M
25,Y,62,1.729,S2M
25,Y,63,-2.177,S2M
25,Y,64,-7.548,S2M
25,Y,65,-10.478,S2M
25,Y,66,-10.478,S2M
25,Y,67,-7.548,S2M
25,Y,68,-5.595,S2M
25,Y,69,-7.060,S2M
25,Y,70,-11.943,S2M
25,Y,71,-16.337,S2M
25,Y,72,-16.825,S2M
25,Y,73,-11.943,S2M
25,Y,74,-6.083,S2M
25,Y,75,-3.153,S2M
25,Y,76,-5.595,S2M
25,Y,77,-10.966,S2M
25,Y,78,-13.896,S2M
25,Y,79,-11.943,S2M
25,Y,80,-6.083,S2M
25,Y,81,-1.200,S2M
25,Y,82,-2.177,S2M
25,Y,83,-7.060,S2M
25,Y,84,-12.431,S2M
25,Y,85,-13.407,S2M
25,Y,86,-9.501,S2M
25,Y,87,-3.642,S2M
25,Y,88,-1.689,S2M
25,Y,89,-6.083,S2M
25,Y,90,-13.896,S2M
25,Y,91,-21.708,S2M
25,Y,92,-24.150,S2M
25,Y,93,-21.220,S2M
25,Y,94,-13.896,S2M
25,Y,95,-8.036,S2M
25,Y,96,-6.083,S2M
25,Y,97,-8.525,S2M
25,Y,98,-14.384,S2M
25,Y,99,-20.732,S2M
25,Y,100,-24.638,S2M
25,Y,101,-24.150,S2M
25,Y,102,-19.267,S2M
25,Y,103,-11.454,S2M
25,Y,104,-4.618,S2M
25,Y,105,-2.177,S2M
25,Y,106,-6.083,S2M
25,Y,107,-13.896,S2M
25,Y,108,-21.708,S2M
25,Y,109,-23.661,S2M
25,Y,110,-19.755,S2M
25,Y,111,-11.943,S2M
25,Y,112,-4.618,S2M
25,Y,113,-1.200,S2M
25,Y,114,-1.689,S2M
25,Y,115,-4.618,S2M
25,Y,116,-7.548,S2M
25,Y,117,-9.501,S2M
25,Y,118,-10.478,S2M
25,Y,119,-10.966,S2M
25,Y,120,-9.989,S2M
25,Y,121,-7.060,S2M
25,Y,122,-3.153,S2M
25,Y,123,0.264,S2M
25,Y,124,1.241,S2M
25,Y,125,-1.689,S2M
25,Y,126,-5.107,S2M
25,Y,127,-7.548,S2M
25,Y,128,-7.548,S2M
25,Y,129,-5.595,S2M
25,Y,130,-4.130,S2M
25,Y,131,-5.595,S2M
25,Y,132,-9.013,S2M
25,Y,133,-10.966,S2M
25,Y,134,-9.501,S2M
25,Y,135,-5.107,S2M
25,Y,136,0.264,S2M
25,Y,137,3.194,S2M
25,Y,138,2.218,S2M
25,Y,139,-1.689,S2M
25,Y,140,-7.060,S2M
25,Y,141,-10.478,S2M
25,Y,142,-10.966,S2M
25,Y,143,-9.013,S2M
25,Y,144,-5.595,S2M
25,Y,145,-3.153,S2M
25,Y,146,-3.642,S2M
25,Y,147,-5.595,S2M
25,Y,148,-8.036,S2M
25,Y,149,-8.525,S2M
25,Y,150,-6.571,S2M
25,Y,151,-3.642,S2M
25,Y,152,-3.153,S2M
25,Y,153,-5.595,S2M
25,Y,154,-10.478,S2M
25,Y,155,-13.896,S2M
25,Y,156,-14.872,S2M
25,Y,157,-11.454,S2M
25,Y,158,-7.060,S2M
25,Y,159,-4.618,S2M
25,Y,160,-5.107,S2M
25,Y,161,-8.525,S2M
25,Y,162,-11.943,S2M
25,Y,163,-13.407,S2M
25,Y,164,-12.919,S2M
25,Y,165,-11.454,S2M
25,Y,166,-9.501,S2M
25,Y,167,-9.013,S2M
25,Y,168,-9.501,S2M
25,Y,169,-10.478,S2M
25,Y,170,-11.454,S2M
25,Y,171,-12.431,S2M
25,Y,172,-12.919,S2M
25,Y,173,-12.919,S2M
25,Y,174,-11.454,S2M
25,Y,175,-9.501,S2M
25,Y,176,-7.060,S2M
25,Y,177,-5.595,S2M
25,Y,178,-4.618,S2M
25,Y,179,-4.130,S2M
25,Y,180,-3.642,S2M
25,Y,181,-3.153,S2M
25,Y,182,-3.642,S2M
25,Y,183,-4.618,S2M
25,Y,184,-5.595,S2M
25,Y,185,-5.595,S2M
25,Y,186,-4.130,S2M
25,Y,187,-1.689,S2M
25,Y,188,0.264,S2M
25,Y,189,1.241,S2M
25,Y,190,1.729,S2M
25,Y,191,1.729,S2M
25,Y,192,1.729,S2M
25,Y,193,2.218,S2M
25,Y,194,2.218,S2M
25,Y,195,1.729,S2M
25,Y,196,0.264,S2M
25,Y,197,-2.177,S2M
25,Y,198,-5.107,S2M
25,Y,199,-8.036,S2M
25,Y,200,-8.525,S2M
25,Y,201,-6.571,S2M
25,Y,202,-2.177,S2M
25,Y,203,3.682,S2M
25,Y,204,8.077,S2M
25,Y,205,9.542,S2M
25,Y,206,8.565,S2M
25,Y,207,7.100,S2M
25,Y,208,7.100,S2M
25,Y,209,8.077,S2M
25,Y,210,8.077,S2M
25,Y,211,6.612,S2M
25,Y,212,2.706,S2M
25,Y,213,-1.200,S2M
25,Y,214,-2.665,S2M
25,Y,215,-1.689,S2M
25,Y,216,0.753,S2M
25,Y,217,2.218,S2M
25,Y,218,0.753,S2M
25,Y,219,-2.177,S2M
25,Y,220,-4.618,S2M
25,Y,221,-3.642,S2M
25,Y,222,0.264,S2M
25,Y,223,5.147,S2M
25,Y,224,8.565,S2M
25,Y,225,9.054,S2M
25,Y,226,6.124,S2M
25,Y,227,2.218,S2M
25,Y,228,-1.200,S2M
25,Y,229,-1.689,S2M
25,Y,230,0.264,S2M
25,Y,231,3.682,S2M
25,Y,232,7.100,S2M
25,Y,233,9.542,S2M
25,Y,234,10.030,S2M
25,Y,235,10.030,S2M
25,Y,236,10.030,S2M
25,Y,237,10.518,S2M
25,Y,238,10.030,S2M
25,Y,239,8.565,S2M
25,Y,240,5.147,S2M
25,Y,241,1.729,S2M
25,Y,242,-0.712,S2M
25,Y,243,-0.712,S2M
25,Y,244,1.241,S2M
25,Y,245,3.194,S2M
25,Y,246,3.682,S2M
25,Y,247,2.706,S2M
25,Y,248,0.753,S2M
25,Y,249,-0.224,S2M
25,Y,250,0.264,S2M
25,Y,251,2.218,S2M
25,Y,252,4.659,S2M
25,Y,253,6.124,S2M
25,Y,254,6.612,S2M
25,Y,255,6.124,S2M
