Trial no,Sensor position,Sample No,Sensor val,Matching condition
75,FP1,0,60.689,S2M
75,FP1,1,45.553,S2M
75,FP1,2,-51.127,S2M
75,FP1,3,-93.608,S2M
75,FP1,4,-15.483,S2M
75,FP1,5,90.963,S2M
75,FP1,6,92.916,S2M
75,FP1,7,-13.529,S2M
75,FP1,8,-90.678,S2M
75,FP1,9,-35.502,S2M
75,FP1,10,85.592,S2M
75,FP1,11,122.213,S2M
75,FP1,12,27.974,S2M
75,FP1,13,-85.307,S2M
75,FP1,14,-85.795,S2M
75,FP1,15,12.349,S2M
75,FP1,16,70.455,S2M
75,FP1,17,12.349,S2M
75,FP1,18,-79.447,S2M
75,FP1,19,-73.100,S2M
75,FP1,20,39.205,S2M
75,FP1,21,127.096,S2M
75,FP1,22,85.103,S2M
75,FP1,23,-29.643,S2M
75,FP1,24,-70.658,S2M
75,FP1,25,10.885,S2M
75,FP1,26,105.611,S2M
75,FP1,27,87.545,S2M
75,FP1,28,-26.225,S2M
75,FP1,29,-98.490,S2M
75,FP1,30,-46.244,S2M
75,FP1,31,51.900,S2M
75,FP1,32,60.689,S2M
75,FP1,33,-30.619,S2M
75,FP1,34,-97.026,S2M
75,FP1,35,-38.920,S2M
75,FP1,36,86.080,S2M
75,FP1,37,129.537,S2M
75,FP1,38,39.205,S2M
75,FP1,39,-71.635,S2M
75,FP1,40,-69.194,S2M
75,FP1,41,31.392,S2M
75,FP1,42,93.892,S2M
75,FP1,43,34.810,S2M
75,FP1,44,-71.635,S2M
75,FP1,45,-87.748,S2M
75,FP1,46,3.560,S2M
75,FP1,47,78.756,S2M
75,FP1,48,35.299,S2M
75,FP1,49,-71.147,S2M
75,FP1,50,-97.026,S2M
75,FP1,51,6.002,S2M
75,FP1,52,122.213,S2M
75,FP1,53,113.424,S2M
75,FP1,54,-6.205,S2M
75,FP1,55,-88.725,S2M
75,FP1,56,-41.850,S2M
75,FP1,57,67.037,S2M
75,FP1,58,89.498,S2M
75,FP1,59,-3.276,S2M
75,FP1,60,-91.654,S2M
75,FP1,61,-63.822,S2M
75,FP1,62,38.228,S2M
75,FP1,63,76.314,S2M
75,FP1,64,-2.299,S2M
75,FP1,65,-93.608,S2M
75,FP1,66,-70.170,S2M
75,FP1,67,54.830,S2M
75,FP1,68,133.931,S2M
75,FP1,69,71.431,S2M
75,FP1,70,-56.498,S2M
75,FP1,71,-101.420,S2M
75,FP1,72,-25.248,S2M
75,FP1,73,59.224,S2M
75,FP1,74,38.228,S2M
75,FP1,75,-55.522,S2M
75,FP1,76,-87.748,S2M
75,FP1,77,-4.252,S2M
75,FP1,78,95.357,S2M
75,FP1,79,84.615,S2M
75,FP1,80,-22.807,S2M
75,FP1,81,-89.701,S2M
75,FP1,82,-24.272,S2M
75,FP1,83,94.381,S2M
75,FP1,84,118.306,S2M
75,FP1,85,14.791,S2M
75,FP1,86,-91.166,S2M
75,FP1,87,-78.471,S2M
75,FP1,88,21.627,S2M
75,FP1,89,70.943,S2M
75,FP1,90,4.049,S2M
75,FP1,91,-84.819,S2M
75,FP1,92,-66.752,S2M
75,FP1,93,50.435,S2M
75,FP1,94,129.537,S2M
75,FP1,95,77.291,S2M
75,FP1,96,-37.455,S2M
75,FP1,97,-69.194,S2M
75,FP1,98,19.674,S2M
75,FP1,99,109.029,S2M
75,FP1,100,79.732,S2M
75,FP1,101,-36.967,S2M
75,FP1,102,-99.467,S2M
75,FP1,103,-38.920,S2M
75,FP1,104,56.783,S2M
75,FP1,105,56.783,S2M
75,FP1,106,-38.920,S2M
75,FP1,107,-97.514,S2M
75,FP1,108,-28.666,S2M
75,FP1,109,94.869,S2M
75,FP1,110,126.607,S2M
75,FP1,111,26.510,S2M
75,FP1,112,-85.795,S2M
75,FP1,113,-82.377,S2M
75,FP1,114,13.814,S2M
75,FP1,115,66.549,S2M
75,FP1,116,6.002,S2M
75,FP1,117,-81.889,S2M
75,FP1,118,-74.565,S2M
75,FP1,119,26.021,S2M
75,FP1,120,88.521,S2M
75,FP1,121,26.021,S2M
75,FP1,122,-85.795,S2M
75,FP1,123,-98.490,S2M
75,FP1,124,17.232,S2M
75,FP1,125,130.514,S2M
75,FP1,126,109.029,S2M
75,FP1,127,-22.319,S2M
75,FP1,128,-107.279,S2M
75,FP1,129,-57.963,S2M
75,FP1,130,44.576,S2M
75,FP1,131,60.689,S2M
75,FP1,132,-25.736,S2M
75,FP1,133,-92.631,S2M
75,FP1,134,-42.338,S2M
75,FP1,135,68.014,S2M
75,FP1,136,96.822,S2M
75,FP1,137,6.002,S2M
75,FP1,138,-86.772,S2M
75,FP1,139,-58.451,S2M
75,FP1,140,62.154,S2M
75,FP1,141,128.072,S2M
75,FP1,142,56.295,S2M
75,FP1,143,-67.729,S2M
75,FP1,144,-96.537,S2M
75,FP1,145,-11.088,S2M
75,FP1,146,66.549,S2M
75,FP1,147,32.369,S2M
75,FP1,148,-64.311,S2M
75,FP1,149,-89.213,S2M
75,FP1,150,0.631,S2M
75,FP1,151,92.916,S2M
75,FP1,152,68.502,S2M
75,FP1,153,-45.268,S2M
75,FP1,154,-99.955,S2M
75,FP1,155,-19.389,S2M
75,FP1,156,105.123,S2M
75,FP1,157,122.213,S2M
75,FP1,158,10.396,S2M
75,FP1,159,-96.049,S2M
75,FP1,160,-78.471,S2M
75,FP1,161,24.556,S2M
75,FP1,162,68.502,S2M
75,FP1,163,-0.834,S2M
75,FP1,164,-86.772,S2M
75,FP1,165,-65.776,S2M
75,FP1,166,44.088,S2M
75,FP1,167,103.658,S2M
75,FP1,168,36.275,S2M
75,FP1,169,-72.611,S2M
75,FP1,170,-80.424,S2M
75,FP1,171,29.439,S2M
75,FP1,172,124.654,S2M
75,FP1,173,86.568,S2M
75,FP1,174,-39.897,S2M
75,FP1,175,-103.373,S2M
75,FP1,176,-39.897,S2M
75,FP1,177,54.830,S2M
75,FP1,178,52.877,S2M
75,FP1,179,-40.385,S2M
75,FP1,180,-92.143,S2M
75,FP1,181,-19.389,S2M
75,FP1,182,98.287,S2M
75,FP1,183,120.260,S2M
75,FP1,184,23.580,S2M
75,FP1,185,-67.240,S2M
75,FP1,186,-38.920,S2M
75,FP1,187,68.990,S2M
75,FP1,188,112.447,S2M
75,FP1,189,29.928,S2M
75,FP1,190,-79.447,S2M
75,FP1,191,-83.842,S2M
75,FP1,192,9.908,S2M
75,FP1,193,72.408,S2M
75,FP1,194,19.185,S2M
75,FP1,195,-78.959,S2M
75,FP1,196,-81.889,S2M
75,FP1,197,29.928,S2M
75,FP1,198,127.584,S2M
75,FP1,199,95.357,S2M
75,FP1,200,-23.295,S2M
75,FP1,201,-81.889,S2M
75,FP1,202,-11.088,S2M
75,FP1,203,90.474,S2M
75,FP1,204,87.056,S2M
75,FP1,205,-20.365,S2M
75,FP1,206,-97.514,S2M
75,FP1,207,-52.592,S2M
75,FP1,208,48.971,S2M
75,FP1,209,69.478,S2M
75,FP1,210,-20.365,S2M
75,FP1,211,-98.490,S2M
75,FP1,212,-51.615,S2M
75,FP1,213,75.826,S2M
75,FP1,214,134.420,S2M
75,FP1,215,57.760,S2M
75,FP1,216,-56.498,S2M
75,FP1,217,-64.799,S2M
75,FP1,218,37.252,S2M
75,FP1,219,113.424,S2M
75,FP1,220,61.178,S2M
75,FP1,221,-56.986,S2M
75,FP1,222,-97.026,S2M
75,FP1,223,-19.877,S2M
75,FP1,224,67.037,S2M
75,FP1,225,44.088,S2M
75,FP1,226,-56.010,S2M
75,FP1,227,-94.096,S2M
75,FP1,228,-6.205,S2M
75,FP1,229,110.494,S2M
75,FP1,230,116.353,S2M
75,FP1,231,5.025,S2M
75,FP1,232,-87.260,S2M
75,FP1,233,-54.057,S2M
75,FP1,234,48.971,S2M
75,FP1,235,80.221,S2M
75,FP1,236,-1.811,S2M
75,FP1,237,-88.236,S2M
75,FP1,238,-66.752,S2M
75,FP1,239,35.299,S2M
75,FP1,240,81.197,S2M
75,FP1,241,5.514,S2M
75,FP1,242,-93.608,S2M
75,FP1,243,-79.936,S2M
75,FP1,244,44.088,S2M
75,FP1,245,135.396,S2M
75,FP1,246,85.592,S2M
75,FP1,247,-46.244,S2M
75,FP1,248,-105.326,S2M
75,FP1,249,-35.502,S2M
75,FP1,250,56.295,S2M
75,FP1,251,47.506,S2M
75,FP1,252,-46.244,S2M
75,FP1,253,-93.608,S2M
75,FP1,254,-24.760,S2M
75,FP1,255,74.849,S2M
75,FP2,0,-9.277,S2M
75,FP2,1,-6.348,S2M
75,FP2,2,-3.906,S2M
75,FP2,3,-2.441,S2M
75,FP2,4,-3.906,S2M
75,FP2,5,-4.395,S2M
75,FP2,6,-3.418,S2M
75,FP2,7,-0.488,S2M
75,FP2,8,2.441,S2M
75,FP2,9,1.953,S2M
75,FP2,10,-2.930,S2M
75,FP2,11,-8.301,S2M
75,FP2,12,-11.230,S2M
75,FP2,13,-9.766,S2M
75,FP2,14,-5.859,S2M
75,FP2,15,-3.418,S2M
75,FP2,16,-3.418,S2M
75,FP2,17,-4.883,S2M
75,FP2,18,-3.906,S2M
75,FP2,19,-1.953,S2M
75,FP2,20,-0.488,S2M
75,FP2,21,-0.977,S2M
75,FP2,22,-2.930,S2M
75,FP2,23,-4.883,S2M
75,FP2,24,-5.859,S2M
75,FP2,25,-7.324,S2M
75,FP2,26,-9.277,S2M
75,FP2,27,-9.766,S2M
75,FP2,28,-6.836,S2M
75,FP2,29,-0.488,S2M
75,FP2,30,5.371,S2M
75,FP2,31,7.324,S2M
75,FP2,32,3.906,S2M
75,FP2,33,-0.977,S2M
75,FP2,34,-1.953,S2M
75,FP2,35,1.465,S2M
75,FP2,36,6.348,S2M
75,FP2,37,9.277,S2M
75,FP2,38,6.348,S2M
75,FP2,39,0.488,S2M
75,FP2,40,-5.371,S2M
75,FP2,41,-8.301,S2M
75,FP2,42,-8.301,S2M
75,FP2,43,-6.348,S2M
75,FP2,44,-3.906,S2M
75,FP2,45,-2.930,S2M
75,FP2,46,-4.395,S2M
75,FP2,47,-7.324,S2M
75,FP2,48,-10.254,S2M
75,FP2,49,-9.766,S2M
75,FP2,50,-7.324,S2M
75,FP2,51,-3.418,S2M
75,FP2,52,-0.977,S2M
75,FP2,53,-1.953,S2M
75,FP2,54,-2.930,S2M
75,FP2,55,-5.859,S2M
75,FP2,56,-8.301,S2M
75,FP2,57,-10.254,S2M
75,FP2,58,-10.742,S2M
75,FP2,59,-9.277,S2M
75,FP2,60,-7.324,S2M
75,FP2,61,-7.324,S2M
75,FP2,62,-10.254,S2M
75,FP2,63,-13.184,S2M
75,FP2,64,-13.184,S2M
75,FP2,65,-8.301,S2M
75,FP2,66,-3.418,S2M
75,FP2,67,-1.953,S2M
75,FP2,68,-4.883,S2M
75,FP2,69,-9.277,S2M
75,FP2,70,-11.719,S2M
75,FP2,71,-11.230,S2M
75,FP2,72,-9.277,S2M
75,FP2,73,-9.277,S2M
75,FP2,74,-12.207,S2M
75,FP2,75,-14.648,S2M
75,FP2,76,-14.648,S2M
75,FP2,77,-12.207,S2M
75,FP2,78,-8.789,S2M
75,FP2,79,-6.836,S2M
75,FP2,80,-6.348,S2M
75,FP2,81,-7.324,S2M
75,FP2,82,-8.789,S2M
75,FP2,83,-10.254,S2M
75,FP2,84,-11.719,S2M
75,FP2,85,-12.695,S2M
75,FP2,86,-13.184,S2M
75,FP2,87,-12.695,S2M
75,FP2,88,-13.672,S2M
75,FP2,89,-16.602,S2M
75,FP2,90,-20.020,S2M
75,FP2,91,-22.949,S2M
75,FP2,92,-23.926,S2M
75,FP2,93,-21.973,S2M
75,FP2,94,-17.578,S2M
75,FP2,95,-12.207,S2M
75,FP2,96,-8.301,S2M
75,FP2,97,-8.301,S2M
75,FP2,98,-12.207,S2M
75,FP2,99,-17.090,S2M
75,FP2,100,-18.066,S2M
75,FP2,101,-14.648,S2M
75,FP2,102,-9.277,S2M
75,FP2,103,-7.324,S2M
75,FP2,104,-9.277,S2M
75,FP2,105,-13.184,S2M
75,FP2,106,-13.672,S2M
75,FP2,107,-9.766,S2M
75,FP2,108,-5.371,S2M
75,FP2,109,-5.371,S2M
75,FP2,110,-9.277,S2M
75,FP2,111,-14.160,S2M
75,FP2,112,-13.672,S2M
75,FP2,113,-8.789,S2M
75,FP2,114,-2.930,S2M
75,FP2,115,-0.977,S2M
75,FP2,116,-2.930,S2M
75,FP2,117,-6.348,S2M
75,FP2,118,-8.789,S2M
75,FP2,119,-8.789,S2M
75,FP2,120,-6.348,S2M
75,FP2,121,-2.441,S2M
75,FP2,122,1.953,S2M
75,FP2,123,3.906,S2M
75,FP2,124,3.906,S2M
75,FP2,125,0.977,S2M
75,FP2,126,-2.930,S2M
75,FP2,127,-6.348,S2M
75,FP2,128,-6.836,S2M
75,FP2,129,-6.348,S2M
75,FP2,130,-7.324,S2M
75,FP2,131,-7.812,S2M
75,FP2,132,-7.812,S2M
75,FP2,133,-6.348,S2M
75,FP2,134,-3.418,S2M
75,FP2,135,0.488,S2M
75,FP2,136,3.906,S2M
75,FP2,137,6.836,S2M
75,FP2,138,7.812,S2M
75,FP2,139,6.836,S2M
75,FP2,140,2.930,S2M
75,FP2,141,-0.977,S2M
75,FP2,142,-3.906,S2M
75,FP2,143,-5.371,S2M
75,FP2,144,-5.859,S2M
75,FP2,145,-8.301,S2M
75,FP2,146,-10.742,S2M
75,FP2,147,-11.719,S2M
75,FP2,148,-8.301,S2M
75,FP2,149,-2.441,S2M
75,FP2,150,3.906,S2M
75,FP2,151,7.812,S2M
75,FP2,152,8.301,S2M
75,FP2,153,5.859,S2M
75,FP2,154,1.953,S2M
75,FP2,155,-1.953,S2M
75,FP2,156,-5.859,S2M
75,FP2,157,-8.301,S2M
75,FP2,158,-9.277,S2M
75,FP2,159,-9.277,S2M
75,FP2,160,-8.301,S2M
75,FP2,161,-9.277,S2M
75,FP2,162,-10.742,S2M
75,FP2,163,-11.719,S2M
75,FP2,164,-11.230,S2M
75,FP2,165,-10.254,S2M
75,FP2,166,-9.277,S2M
75,FP2,167,-6.836,S2M
75,FP2,168,-3.906,S2M
75,FP2,169,0.000,S2M
75,FP2,170,2.441,S2M
75,FP2,171,2.441,S2M
75,FP2,172,-0.488,S2M
75,FP2,173,-3.418,S2M
75,FP2,174,-5.371,S2M
75,FP2,175,-7.324,S2M
75,FP2,176,-9.766,S2M
75,FP2,177,-13.672,S2M
75,FP2,178,-17.578,S2M
75,FP2,179,-18.555,S2M
75,FP2,180,-16.113,S2M
75,FP2,181,-11.230,S2M
75,FP2,182,-6.348,S2M
75,FP2,183,-3.418,S2M
75,FP2,184,-1.465,S2M
75,FP2,185,-0.977,S2M
75,FP2,186,-1.465,S2M
75,FP2,187,-4.395,S2M
75,FP2,188,-7.812,S2M
75,FP2,189,-11.230,S2M
75,FP2,190,-12.695,S2M
75,FP2,191,-12.695,S2M
75,FP2,192,-14.160,S2M
75,FP2,193,-16.113,S2M
75,FP2,194,-17.090,S2M
75,FP2,195,-16.602,S2M
75,FP2,196,-14.160,S2M
75,FP2,197,-11.719,S2M
75,FP2,198,-9.766,S2M
75,FP2,199,-8.789,S2M
75,FP2,200,-6.836,S2M
75,FP2,201,-4.883,S2M
75,FP2,202,-5.371,S2M
75,FP2,203,-8.301,S2M
75,FP2,204,-12.695,S2M
75,FP2,205,-14.160,S2M
75,FP2,206,-11.230,S2M
75,FP2,207,-5.371,S2M
75,FP2,208,-0.977,S2M
75,FP2,209,0.000,S2M
75,FP2,210,-1.465,S2M
75,FP2,211,-2.930,S2M
75,FP2,212,-3.906,S2M
75,FP2,213,-4.395,S2M
75,FP2,214,-6.836,S2M
75,FP2,215,-9.766,S2M
75,FP2,216,-11.719,S2M
75,FP2,217,-10.742,S2M
75,FP2,218,-8.301,S2M
75,FP2,219,-6.836,S2M
75,FP2,220,-7.812,S2M
75,FP2,221,-10.254,S2M
75,FP2,222,-10.742,S2M
75,FP2,223,-8.301,S2M
75,FP2,224,-2.441,S2M
75,FP2,225,2.930,S2M
75,FP2,226,5.371,S2M
75,FP2,227,2.441,S2M
75,FP2,228,-3.906,S2M
75,FP2,229,-8.301,S2M
75,FP2,230,-8.789,S2M
75,FP2,231,-4.883,S2M
75,FP2,232,0.488,S2M
75,FP2,233,2.441,S2M
75,FP2,234,0.488,S2M
75,FP2,235,-2.441,S2M
75,FP2,236,-2.441,S2M
75,FP2,237,0.488,S2M
75,FP2,238,3.418,S2M
75,FP2,239,3.906,S2M
75,FP2,240,1.953,S2M
75,FP2,241,0.000,S2M
75,FP2,242,0.000,S2M
75,FP2,243,1.465,S2M
75,FP2,244,1.465,S2M
75,FP2,245,0.000,S2M
75,FP2,246,-0.977,S2M
75,FP2,247,0.488,S2M
75,FP2,248,3.418,S2M
75,FP2,249,4.395,S2M
75,FP2,250,1.953,S2M
75,FP2,251,-2.930,S2M
75,FP2,252,-6.348,S2M
75,FP2,253,-7.324,S2M
75,FP2,254,-4.395,S2M
75,FP2,255,-0.488,S2M
75,F7,0,-2.350,S2M
75,F7,1,-2.838,S2M
75,F7,2,-2.350,S2M
75,F7,3,-1.862,S2M
75,F7,4,-0.885,S2M
75,F7,5,0.580,S2M
75,F7,6,3.021,S2M
75,F7,7,3.998,S2M
75,F7,8,3.998,S2M
75,F7,9,2.533,S2M
75,F7,10,1.068,S2M
75,F7,11,1.068,S2M
75,F7,12,1.556,S2M
75,F7,13,3.021,S2M
75,F7,14,3.510,S2M
75,F7,15,3.021,S2M
75,F7,16,2.533,S2M
75,F7,17,1.556,S2M
75,F7,18,-0.885,S2M
75,F7,19,-3.815,S2M
75,F7,20,-6.744,S2M
75,F7,21,-7.233,S2M
75,F7,22,-5.768,S2M
75,F7,23,-2.838,S2M
75,F7,24,-0.397,S2M
75,F7,25,-0.397,S2M
75,F7,26,-1.373,S2M
75,F7,27,-2.838,S2M
75,F7,28,-4.791,S2M
75,F7,29,-5.280,S2M
75,F7,30,-4.791,S2M
75,F7,31,-3.815,S2M
75,F7,32,-2.838,S2M
75,F7,33,-1.373,S2M
75,F7,34,-0.397,S2M
75,F7,35,0.580,S2M
75,F7,36,1.556,S2M
75,F7,37,2.045,S2M
75,F7,38,0.580,S2M
75,F7,39,-1.373,S2M
75,F7,40,-3.815,S2M
75,F7,41,-5.280,S2M
75,F7,42,-4.303,S2M
75,F7,43,-3.326,S2M
75,F7,44,-3.326,S2M
75,F7,45,-4.791,S2M
75,F7,46,-8.698,S2M
75,F7,47,-11.627,S2M
75,F7,48,-12.115,S2M
75,F7,49,-11.139,S2M
75,F7,50,-8.698,S2M
75,F7,51,-6.256,S2M
75,F7,52,-4.791,S2M
75,F7,53,-3.326,S2M
75,F7,54,-2.838,S2M
75,F7,55,-3.815,S2M
75,F7,56,-5.768,S2M
75,F7,57,-6.744,S2M
75,F7,58,-6.744,S2M
75,F7,59,-5.280,S2M
75,F7,60,-3.815,S2M
75,F7,61,-3.326,S2M
75,F7,62,-3.815,S2M
75,F7,63,-5.768,S2M
75,F7,64,-7.233,S2M
75,F7,65,-8.209,S2M
75,F7,66,-8.698,S2M
75,F7,67,-9.186,S2M
75,F7,68,-10.162,S2M
75,F7,69,-11.139,S2M
75,F7,70,-11.627,S2M
75,F7,71,-11.627,S2M
75,F7,72,-10.162,S2M
75,F7,73,-9.674,S2M
75,F7,74,-9.674,S2M
75,F7,75,-11.627,S2M
75,F7,76,-13.580,S2M
75,F7,77,-14.557,S2M
75,F7,78,-13.092,S2M
75,F7,79,-11.139,S2M
75,F7,80,-9.674,S2M
75,F7,81,-9.674,S2M
75,F7,82,-11.139,S2M
75,F7,83,-11.139,S2M
75,F7,84,-10.162,S2M
75,F7,85,-9.186,S2M
75,F7,86,-8.698,S2M
75,F7,87,-10.162,S2M
75,F7,88,-11.627,S2M
75,F7,89,-11.627,S2M
75,F7,90,-10.162,S2M
75,F7,91,-9.186,S2M
75,F7,92,-7.721,S2M
75,F7,93,-7.233,S2M
75,F7,94,-6.256,S2M
75,F7,95,-4.303,S2M
75,F7,96,-3.326,S2M
75,F7,97,-4.791,S2M
75,F7,98,-8.209,S2M
75,F7,99,-12.604,S2M
75,F7,100,-14.557,S2M
75,F7,101,-14.069,S2M
75,F7,102,-11.627,S2M
75,F7,103,-8.698,S2M
75,F7,104,-6.256,S2M
75,F7,105,-5.280,S2M
75,F7,106,-6.256,S2M
75,F7,107,-8.698,S2M
75,F7,108,-9.674,S2M
75,F7,109,-9.186,S2M
75,F7,110,-6.744,S2M
75,F7,111,-3.815,S2M
75,F7,112,-1.373,S2M
75,F7,113,-0.885,S2M
75,F7,114,-2.350,S2M
75,F7,115,-2.838,S2M
75,F7,116,-2.838,S2M
75,F7,117,-1.862,S2M
75,F7,118,-1.862,S2M
75,F7,119,-3.326,S2M
75,F7,120,-4.791,S2M
75,F7,121,-6.256,S2M
75,F7,122,-6.256,S2M
75,F7,123,-4.303,S2M
75,F7,124,-1.373,S2M
75,F7,125,2.045,S2M
75,F7,126,4.486,S2M
75,F7,127,3.998,S2M
75,F7,128,1.556,S2M
75,F7,129,-1.862,S2M
75,F7,130,-3.326,S2M
75,F7,131,-2.350,S2M
75,F7,132,-0.397,S2M
75,F7,133,1.068,S2M
75,F7,134,1.556,S2M
75,F7,135,2.533,S2M
75,F7,136,3.998,S2M
75,F7,137,5.463,S2M
75,F7,138,6.439,S2M
75,F7,139,5.463,S2M
75,F7,140,3.510,S2M
75,F7,141,2.533,S2M
75,F7,142,3.021,S2M
75,F7,143,4.486,S2M
75,F7,144,5.463,S2M
75,F7,145,4.486,S2M
75,F7,146,2.533,S2M
75,F7,147,1.068,S2M
75,F7,148,1.068,S2M
75,F7,149,2.045,S2M
75,F7,150,2.533,S2M
75,F7,151,2.045,S2M
75,F7,152,1.068,S2M
75,F7,153,0.092,S2M
75,F7,154,-1.373,S2M
75,F7,155,-2.838,S2M
75,F7,156,-5.280,S2M
75,F7,157,-7.721,S2M
75,F7,158,-9.674,S2M
75,F7,159,-10.162,S2M
75,F7,160,-9.186,S2M
75,F7,161,-6.256,S2M
75,F7,162,-4.791,S2M
75,F7,163,-5.280,S2M
75,F7,164,-8.698,S2M
75,F7,165,-11.627,S2M
75,F7,166,-11.627,S2M
75,F7,167,-8.698,S2M
75,F7,168,-4.303,S2M
75,F7,169,-2.350,S2M
75,F7,170,-2.838,S2M
75,F7,171,-4.791,S2M
75,F7,172,-5.280,S2M
75,F7,173,-4.303,S2M
75,F7,174,-2.838,S2M
75,F7,175,-2.838,S2M
75,F7,176,-4.791,S2M
75,F7,177,-8.209,S2M
75,F7,178,-10.651,S2M
75,F7,179,-11.139,S2M
75,F7,180,-10.162,S2M
75,F7,181,-8.698,S2M
75,F7,182,-7.233,S2M
75,F7,183,-5.280,S2M
75,F7,184,-4.303,S2M
75,F7,185,-4.791,S2M
75,F7,186,-6.256,S2M
75,F7,187,-8.698,S2M
75,F7,188,-10.651,S2M
75,F7,189,-12.115,S2M
75,F7,190,-12.604,S2M
75,F7,191,-13.092,S2M
75,F7,192,-13.092,S2M
75,F7,193,-13.580,S2M
75,F7,194,-12.604,S2M
75,F7,195,-10.651,S2M
75,F7,196,-8.698,S2M
75,F7,197,-6.744,S2M
75,F7,198,-5.768,S2M
75,F7,199,-6.256,S2M
75,F7,200,-8.209,S2M
75,F7,201,-9.674,S2M
75,F7,202,-9.186,S2M
75,F7,203,-6.744,S2M
75,F7,204,-3.815,S2M
75,F7,205,-1.862,S2M
75,F7,206,-2.350,S2M
75,F7,207,-5.768,S2M
75,F7,208,-8.698,S2M
75,F7,209,-9.674,S2M
75,F7,210,-7.233,S2M
75,F7,211,-3.326,S2M
75,F7,212,0.092,S2M
75,F7,213,1.556,S2M
75,F7,214,1.068,S2M
75,F7,215,-0.885,S2M
75,F7,216,-2.838,S2M
75,F7,217,-3.815,S2M
75,F7,218,-3.815,S2M
75,F7,219,-2.350,S2M
75,F7,220,-0.885,S2M
75,F7,221,0.092,S2M
75,F7,222,0.580,S2M
75,F7,223,1.068,S2M
75,F7,224,1.068,S2M
75,F7,225,0.580,S2M
75,F7,226,-1.862,S2M
75,F7,227,-3.326,S2M
75,F7,228,-3.815,S2M
75,F7,229,-0.885,S2M
75,F7,230,4.486,S2M
75,F7,231,9.857,S2M
75,F7,232,11.810,S2M
75,F7,233,10.345,S2M
75,F7,234,7.416,S2M
75,F7,235,5.463,S2M
75,F7,236,4.974,S2M
75,F7,237,5.463,S2M
75,F7,238,5.951,S2M
75,F7,239,5.463,S2M
75,F7,240,3.998,S2M
75,F7,241,2.533,S2M
75,F7,242,1.068,S2M
75,F7,243,-0.885,S2M
75,F7,244,-2.350,S2M
75,F7,245,-3.326,S2M
75,F7,246,-3.326,S2M
75,F7,247,-1.862,S2M
75,F7,248,-0.397,S2M
75,F7,249,0.092,S2M
75,F7,250,0.092,S2M
75,F7,251,-0.885,S2M
75,F7,252,-0.885,S2M
75,F7,253,-0.885,S2M
75,F7,254,0.092,S2M
75,F7,255,1.068,S2M
75,F8,0,-3.225,S2M
75,F8,1,-2.736,S2M
75,F8,2,-3.225,S2M
75,F8,3,-4.690,S2M
75,F8,4,-5.178,S2M
75,F8,5,-4.201,S2M
75,F8,6,-2.248,S2M
75,F8,7,-0.783,S2M
75,F8,8,-1.760,S2M
75,F8,9,-4.690,S2M
75,F8,10,-7.619,S2M
75,F8,11,-8.108,S2M
75,F8,12,-5.178,S2M
75,F8,13,-1.760,S2M
75,F8,14,0.682,S2M
75,F8,15,0.193,S2M
75,F8,16,-1.760,S2M
75,F8,17,-4.201,S2M
75,F8,18,-5.666,S2M
75,F8,19,-6.643,S2M
75,F8,20,-7.131,S2M
75,F8,21,-6.154,S2M
75,F8,22,-4.201,S2M
75,F8,23,-1.272,S2M
75,F8,24,1.658,S2M
75,F8,25,3.611,S2M
75,F8,26,4.588,S2M
75,F8,27,3.611,S2M
75,F8,28,1.658,S2M
75,F8,29,0.682,S2M
75,F8,30,0.682,S2M
75,F8,31,2.635,S2M
75,F8,32,4.588,S2M
75,F8,33,5.076,S2M
75,F8,34,4.588,S2M
75,F8,35,4.100,S2M
75,F8,36,4.100,S2M
75,F8,37,4.588,S2M
75,F8,38,5.564,S2M
75,F8,39,4.588,S2M
75,F8,40,2.635,S2M
75,F8,41,0.193,S2M
75,F8,42,-0.295,S2M
75,F8,43,0.682,S2M
75,F8,44,2.146,S2M
75,F8,45,1.658,S2M
75,F8,46,-1.760,S2M
75,F8,47,-6.154,S2M
75,F8,48,-10.061,S2M
75,F8,49,-12.014,S2M
75,F8,50,-12.014,S2M
75,F8,51,-9.572,S2M
75,F8,52,-7.619,S2M
75,F8,53,-5.666,S2M
75,F8,54,-5.178,S2M
75,F8,55,-5.178,S2M
75,F8,56,-6.154,S2M
75,F8,57,-6.154,S2M
75,F8,58,-6.154,S2M
75,F8,59,-6.154,S2M
75,F8,60,-7.619,S2M
75,F8,61,-9.084,S2M
75,F8,62,-10.061,S2M
75,F8,63,-10.061,S2M
75,F8,64,-9.084,S2M
75,F8,65,-10.061,S2M
75,F8,66,-12.014,S2M
75,F8,67,-13.479,S2M
75,F8,68,-13.967,S2M
75,F8,69,-12.014,S2M
75,F8,70,-8.596,S2M
75,F8,71,-6.154,S2M
75,F8,72,-5.178,S2M
75,F8,73,-6.154,S2M
75,F8,74,-7.619,S2M
75,F8,75,-9.084,S2M
75,F8,76,-11.037,S2M
75,F8,77,-12.014,S2M
75,F8,78,-11.525,S2M
75,F8,79,-10.061,S2M
75,F8,80,-8.108,S2M
75,F8,81,-7.619,S2M
75,F8,82,-8.596,S2M
75,F8,83,-10.549,S2M
75,F8,84,-12.990,S2M
75,F8,85,-14.455,S2M
75,F8,86,-14.455,S2M
75,F8,87,-13.967,S2M
75,F8,88,-12.990,S2M
75,F8,89,-12.502,S2M
75,F8,90,-13.967,S2M
75,F8,91,-15.920,S2M
75,F8,92,-18.361,S2M
75,F8,93,-17.873,S2M
75,F8,94,-14.943,S2M
75,F8,95,-10.549,S2M
75,F8,96,-7.131,S2M
75,F8,97,-5.666,S2M
75,F8,98,-6.154,S2M
75,F8,99,-7.131,S2M
75,F8,100,-7.131,S2M
75,F8,101,-6.643,S2M
75,F8,102,-5.666,S2M
75,F8,103,-6.154,S2M
75,F8,104,-7.131,S2M
75,F8,105,-7.131,S2M
75,F8,106,-6.154,S2M
75,F8,107,-5.178,S2M
75,F8,108,-4.690,S2M
75,F8,109,-5.178,S2M
75,F8,110,-5.178,S2M
75,F8,111,-4.201,S2M
75,F8,112,-2.736,S2M
75,F8,113,-0.783,S2M
75,F8,114,-0.295,S2M
75,F8,115,-1.272,S2M
75,F8,116,-3.225,S2M
75,F8,117,-5.178,S2M
75,F8,118,-6.154,S2M
75,F8,119,-4.201,S2M
75,F8,120,-2.248,S2M
75,F8,121,-0.295,S2M
75,F8,122,-0.295,S2M
75,F8,123,-2.248,S2M
75,F8,124,-4.690,S2M
75,F8,125,-6.154,S2M
75,F8,126,-5.666,S2M
75,F8,127,-4.690,S2M
75,F8,128,-4.201,S2M
75,F8,129,-5.666,S2M
75,F8,130,-7.619,S2M
75,F8,131,-8.108,S2M
75,F8,132,-7.131,S2M
75,F8,133,-5.666,S2M
75,F8,134,-3.225,S2M
75,F8,135,-1.760,S2M
75,F8,136,-1.272,S2M
75,F8,137,-2.736,S2M
75,F8,138,-4.201,S2M
75,F8,139,-5.178,S2M
75,F8,140,-5.178,S2M
75,F8,141,-3.225,S2M
75,F8,142,-2.736,S2M
75,F8,143,-3.225,S2M
75,F8,144,-5.666,S2M
75,F8,145,-7.131,S2M
75,F8,146,-6.154,S2M
75,F8,147,-3.225,S2M
75,F8,148,0.682,S2M
75,F8,149,1.658,S2M
75,F8,150,0.193,S2M
75,F8,151,-2.736,S2M
75,F8,152,-4.690,S2M
75,F8,153,-5.178,S2M
75,F8,154,-4.201,S2M
75,F8,155,-4.690,S2M
75,F8,156,-6.643,S2M
75,F8,157,-9.572,S2M
75,F8,158,-11.525,S2M
75,F8,159,-11.525,S2M
75,F8,160,-8.108,S2M
75,F8,161,-3.713,S2M
75,F8,162,-0.783,S2M
75,F8,163,-2.248,S2M
75,F8,164,-6.643,S2M
75,F8,165,-12.014,S2M
75,F8,166,-13.967,S2M
75,F8,167,-11.525,S2M
75,F8,168,-6.643,S2M
75,F8,169,-2.736,S2M
75,F8,170,-1.760,S2M
75,F8,171,-3.225,S2M
75,F8,172,-5.666,S2M
75,F8,173,-6.643,S2M
75,F8,174,-7.131,S2M
75,F8,175,-7.619,S2M
75,F8,176,-8.596,S2M
75,F8,177,-9.572,S2M
75,F8,178,-10.061,S2M
75,F8,179,-11.037,S2M
75,F8,180,-12.014,S2M
75,F8,181,-12.990,S2M
75,F8,182,-11.037,S2M
75,F8,183,-6.643,S2M
75,F8,184,-1.272,S2M
75,F8,185,1.658,S2M
75,F8,186,-0.295,S2M
75,F8,187,-6.154,S2M
75,F8,188,-11.037,S2M
75,F8,189,-12.502,S2M
75,F8,190,-10.061,S2M
75,F8,191,-7.131,S2M
75,F8,192,-6.643,S2M
75,F8,193,-8.596,S2M
75,F8,194,-11.037,S2M
75,F8,195,-11.037,S2M
75,F8,196,-7.131,S2M
75,F8,197,-2.248,S2M
75,F8,198,0.193,S2M
75,F8,199,-1.760,S2M
75,F8,200,-6.154,S2M
75,F8,201,-10.549,S2M
75,F8,202,-10.061,S2M
75,F8,203,-6.154,S2M
75,F8,204,-1.760,S2M
75,F8,205,-0.783,S2M
75,F8,206,-3.225,S2M
75,F8,207,-6.154,S2M
75,F8,208,-6.643,S2M
75,F8,209,-4.201,S2M
75,F8,210,-1.760,S2M
75,F8,211,-1.760,S2M
75,F8,212,-4.201,S2M
75,F8,213,-7.131,S2M
75,F8,214,-8.108,S2M
75,F8,215,-6.643,S2M
75,F8,216,-5.666,S2M
75,F8,217,-6.643,S2M
75,F8,218,-9.084,S2M
75,F8,219,-11.037,S2M
75,F8,220,-11.037,S2M
75,F8,221,-9.084,S2M
75,F8,222,-7.131,S2M
75,F8,223,-5.666,S2M
75,F8,224,-4.690,S2M
75,F8,225,-3.225,S2M
75,F8,226,-1.760,S2M
75,F8,227,-0.783,S2M
75,F8,228,-0.783,S2M
75,F8,229,-0.783,S2M
75,F8,230,-0.783,S2M
75,F8,231,0.682,S2M
75,F8,232,2.635,S2M
75,F8,233,4.100,S2M
75,F8,234,5.564,S2M
75,F8,235,6.053,S2M
75,F8,236,6.541,S2M
75,F8,237,6.053,S2M
75,F8,238,4.588,S2M
75,F8,239,2.635,S2M
75,F8,240,0.682,S2M
75,F8,241,-0.295,S2M
75,F8,242,-0.783,S2M
75,F8,243,0.193,S2M
75,F8,244,1.658,S2M
75,F8,245,2.635,S2M
75,F8,246,3.611,S2M
75,F8,247,4.100,S2M
75,F8,248,4.100,S2M
75,F8,249,3.611,S2M
75,F8,250,2.635,S2M
75,F8,251,0.682,S2M
75,F8,252,-1.272,S2M
75,F8,253,-2.736,S2M
75,F8,254,-1.760,S2M
75,F8,255,0.682,S2M
75,AF1,0,-4.252,S2M
75,AF1,1,-3.764,S2M
75,AF1,2,-2.787,S2M
75,AF1,3,-1.811,S2M
75,AF1,4,-0.834,S2M
75,AF1,5,0.142,S2M
75,AF1,6,1.119,S2M
75,AF1,7,1.119,S2M
75,AF1,8,-0.346,S2M
75,AF1,9,-2.787,S2M
75,AF1,10,-5.229,S2M
75,AF1,11,-5.717,S2M
75,AF1,12,-4.740,S2M
75,AF1,13,-3.276,S2M
75,AF1,14,-1.322,S2M
75,AF1,15,0.631,S2M
75,AF1,16,1.607,S2M
75,AF1,17,2.096,S2M
75,AF1,18,1.119,S2M
75,AF1,19,-0.834,S2M
75,AF1,20,-2.787,S2M
75,AF1,21,-3.764,S2M
75,AF1,22,-3.276,S2M
75,AF1,23,-1.322,S2M
75,AF1,24,0.631,S2M
75,AF1,25,1.607,S2M
75,AF1,26,1.607,S2M
75,AF1,27,0.631,S2M
75,AF1,28,-0.834,S2M
75,AF1,29,-2.299,S2M
75,AF1,30,-3.764,S2M
75,AF1,31,-3.764,S2M
75,AF1,32,-3.276,S2M
75,AF1,33,-1.811,S2M
75,AF1,34,0.142,S2M
75,AF1,35,1.119,S2M
75,AF1,36,1.119,S2M
75,AF1,37,0.631,S2M
75,AF1,38,0.142,S2M
75,AF1,39,-0.834,S2M
75,AF1,40,-1.322,S2M
75,AF1,41,-1.811,S2M
75,AF1,42,-1.811,S2M
75,AF1,43,-1.811,S2M
75,AF1,44,-2.299,S2M
75,AF1,45,-2.787,S2M
75,AF1,46,-2.787,S2M
75,AF1,47,-3.276,S2M
75,AF1,48,-3.764,S2M
75,AF1,49,-4.252,S2M
75,AF1,50,-5.229,S2M
75,AF1,51,-5.229,S2M
75,AF1,52,-5.229,S2M
75,AF1,53,-3.764,S2M
75,AF1,54,-2.787,S2M
75,AF1,55,-2.299,S2M
75,AF1,56,-1.811,S2M
75,AF1,57,-1.322,S2M
75,AF1,58,-0.834,S2M
75,AF1,59,-0.834,S2M
75,AF1,60,-1.322,S2M
75,AF1,61,-2.299,S2M
75,AF1,62,-3.764,S2M
75,AF1,63,-4.740,S2M
75,AF1,64,-5.229,S2M
75,AF1,65,-5.229,S2M
75,AF1,66,-5.229,S2M
75,AF1,67,-5.717,S2M
75,AF1,68,-6.205,S2M
75,AF1,69,-6.205,S2M
75,AF1,70,-5.717,S2M
75,AF1,71,-4.740,S2M
75,AF1,72,-3.764,S2M
75,AF1,73,-2.299,S2M
75,AF1,74,-1.322,S2M
75,AF1,75,-1.811,S2M
75,AF1,76,-2.787,S2M
75,AF1,77,-4.740,S2M
75,AF1,78,-6.205,S2M
75,AF1,79,-6.694,S2M
75,AF1,80,-7.182,S2M
75,AF1,81,-6.205,S2M
75,AF1,82,-5.229,S2M
75,AF1,83,-3.276,S2M
75,AF1,84,-2.299,S2M
75,AF1,85,-2.787,S2M
75,AF1,86,-5.717,S2M
75,AF1,87,-8.647,S2M
75,AF1,88,-10.600,S2M
75,AF1,89,-10.600,S2M
75,AF1,90,-10.111,S2M
75,AF1,91,-10.111,S2M
75,AF1,92,-10.600,S2M
75,AF1,93,-11.088,S2M
75,AF1,94,-9.623,S2M
75,AF1,95,-7.182,S2M
75,AF1,96,-4.740,S2M
75,AF1,97,-4.252,S2M
75,AF1,98,-5.717,S2M
75,AF1,99,-8.158,S2M
75,AF1,100,-9.623,S2M
75,AF1,101,-10.111,S2M
75,AF1,102,-9.135,S2M
75,AF1,103,-8.158,S2M
75,AF1,104,-6.694,S2M
75,AF1,105,-5.717,S2M
75,AF1,106,-3.764,S2M
75,AF1,107,-3.764,S2M
75,AF1,108,-4.252,S2M
75,AF1,109,-4.740,S2M
75,AF1,110,-4.252,S2M
75,AF1,111,-3.276,S2M
75,AF1,112,-1.811,S2M
75,AF1,113,-1.811,S2M
75,AF1,114,-2.299,S2M
75,AF1,115,-2.787,S2M
75,AF1,116,-2.787,S2M
75,AF1,117,-1.811,S2M
75,AF1,118,-0.834,S2M
75,AF1,119,-0.346,S2M
75,AF1,120,-0.346,S2M
75,AF1,121,-1.322,S2M
75,AF1,122,-1.811,S2M
75,AF1,123,-1.322,S2M
75,AF1,124,0.142,S2M
75,AF1,125,2.096,S2M
75,AF1,126,4.049,S2M
75,AF1,127,5.025,S2M
75,AF1,128,4.049,S2M
75,AF1,129,2.096,S2M
75,AF1,130,-0.346,S2M
75,AF1,131,-2.299,S2M
75,AF1,132,-2.787,S2M
75,AF1,133,-2.787,S2M
75,AF1,134,-1.322,S2M
75,AF1,135,1.119,S2M
75,AF1,136,3.560,S2M
75,AF1,137,6.002,S2M
75,AF1,138,6.490,S2M
75,AF1,139,5.514,S2M
75,AF1,140,3.560,S2M
75,AF1,141,2.096,S2M
75,AF1,142,0.631,S2M
75,AF1,143,0.142,S2M
75,AF1,144,-0.346,S2M
75,AF1,145,0.631,S2M
75,AF1,146,2.096,S2M
75,AF1,147,3.560,S2M
75,AF1,148,4.049,S2M
75,AF1,149,4.537,S2M
75,AF1,150,3.560,S2M
75,AF1,151,3.072,S2M
75,AF1,152,2.584,S2M
75,AF1,153,2.096,S2M
75,AF1,154,1.607,S2M
75,AF1,155,0.142,S2M
75,AF1,156,-1.322,S2M
75,AF1,157,-2.299,S2M
75,AF1,158,-3.276,S2M
75,AF1,159,-3.764,S2M
75,AF1,160,-3.764,S2M
75,AF1,161,-3.276,S2M
75,AF1,162,-1.811,S2M
75,AF1,163,-1.322,S2M
75,AF1,164,-1.811,S2M
75,AF1,165,-3.276,S2M
75,AF1,166,-4.740,S2M
75,AF1,167,-4.740,S2M
75,AF1,168,-3.276,S2M
75,AF1,169,-1.811,S2M
75,AF1,170,-0.834,S2M
75,AF1,171,-0.834,S2M
75,AF1,172,0.142,S2M
75,AF1,173,1.119,S2M
75,AF1,174,2.096,S2M
75,AF1,175,1.607,S2M
75,AF1,176,-0.346,S2M
75,AF1,177,-3.276,S2M
75,AF1,178,-5.717,S2M
75,AF1,179,-6.694,S2M
75,AF1,180,-6.694,S2M
75,AF1,181,-5.717,S2M
75,AF1,182,-4.740,S2M
75,AF1,183,-4.252,S2M
75,AF1,184,-3.764,S2M
75,AF1,185,-3.276,S2M
75,AF1,186,-3.764,S2M
75,AF1,187,-4.252,S2M
75,AF1,188,-5.717,S2M
75,AF1,189,-7.182,S2M
75,AF1,190,-8.158,S2M
75,AF1,191,-8.158,S2M
75,AF1,192,-8.158,S2M
75,AF1,193,-7.182,S2M
75,AF1,194,-7.182,S2M
75,AF1,195,-7.182,S2M
75,AF1,196,-7.182,S2M
75,AF1,197,-7.670,S2M
75,AF1,198,-7.182,S2M
75,AF1,199,-6.694,S2M
75,AF1,200,-6.694,S2M
75,AF1,201,-7.182,S2M
75,AF1,202,-7.182,S2M
75,AF1,203,-7.182,S2M
75,AF1,204,-5.717,S2M
75,AF1,205,-3.764,S2M
75,AF1,206,-3.276,S2M
75,AF1,207,-2.787,S2M
75,AF1,208,-2.299,S2M
75,AF1,209,-1.322,S2M
75,AF1,210,0.631,S2M
75,AF1,211,1.607,S2M
75,AF1,212,2.096,S2M
75,AF1,213,1.607,S2M
75,AF1,214,0.631,S2M
75,AF1,215,-0.346,S2M
75,AF1,216,-0.834,S2M
75,AF1,217,-1.322,S2M
75,AF1,218,-1.811,S2M
75,AF1,219,-2.299,S2M
75,AF1,220,-3.276,S2M
75,AF1,221,-4.252,S2M
75,AF1,222,-3.764,S2M
75,AF1,223,-2.299,S2M
75,AF1,224,-0.346,S2M
75,AF1,225,1.119,S2M
75,AF1,226,0.631,S2M
75,AF1,227,-0.834,S2M
75,AF1,228,-1.322,S2M
75,AF1,229,-0.834,S2M
75,AF1,230,1.119,S2M
75,AF1,231,3.072,S2M
75,AF1,232,3.560,S2M
75,AF1,233,2.584,S2M
75,AF1,234,1.607,S2M
75,AF1,235,1.607,S2M
75,AF1,236,3.072,S2M
75,AF1,237,4.537,S2M
75,AF1,238,6.002,S2M
75,AF1,239,6.002,S2M
75,AF1,240,5.514,S2M
75,AF1,241,5.025,S2M
75,AF1,242,4.049,S2M
75,AF1,243,3.560,S2M
75,AF1,244,2.584,S2M
75,AF1,245,1.607,S2M
75,AF1,246,0.631,S2M
75,AF1,247,0.631,S2M
75,AF1,248,0.631,S2M
75,AF1,249,1.607,S2M
75,AF1,250,3.072,S2M
75,AF1,251,3.560,S2M
75,AF1,252,3.560,S2M
75,AF1,253,3.072,S2M
75,AF1,254,2.096,S2M
75,AF1,255,1.119,S2M
75,AF2,0,-6.775,S2M
75,AF2,1,-5.310,S2M
75,AF2,2,-3.357,S2M
75,AF2,3,-2.380,S2M
75,AF2,4,-1.892,S2M
75,AF2,5,-1.892,S2M
75,AF2,6,-1.404,S2M
75,AF2,7,-0.916,S2M
75,AF2,8,-1.892,S2M
75,AF2,9,-3.357,S2M
75,AF2,10,-5.798,S2M
75,AF2,11,-7.263,S2M
75,AF2,12,-6.775,S2M
75,AF2,13,-4.822,S2M
75,AF2,14,-2.380,S2M
75,AF2,15,-0.916,S2M
75,AF2,16,0.549,S2M
75,AF2,17,0.061,S2M
75,AF2,18,-0.427,S2M
75,AF2,19,-1.892,S2M
75,AF2,20,-3.357,S2M
75,AF2,21,-3.357,S2M
75,AF2,22,-1.892,S2M
75,AF2,23,0.061,S2M
75,AF2,24,2.014,S2M
75,AF2,25,2.991,S2M
75,AF2,26,2.502,S2M
75,AF2,27,2.014,S2M
75,AF2,28,1.038,S2M
75,AF2,29,0.061,S2M
75,AF2,30,-0.427,S2M
75,AF2,31,0.061,S2M
75,AF2,32,0.549,S2M
75,AF2,33,1.526,S2M
75,AF2,34,2.991,S2M
75,AF2,35,3.967,S2M
75,AF2,36,4.456,S2M
75,AF2,37,4.456,S2M
75,AF2,38,3.479,S2M
75,AF2,39,2.014,S2M
75,AF2,40,1.038,S2M
75,AF2,41,0.549,S2M
75,AF2,42,0.549,S2M
75,AF2,43,1.038,S2M
75,AF2,44,1.038,S2M
75,AF2,45,0.061,S2M
75,AF2,46,-1.404,S2M
75,AF2,47,-2.380,S2M
75,AF2,48,-2.869,S2M
75,AF2,49,-3.357,S2M
75,AF2,50,-4.333,S2M
75,AF2,51,-4.822,S2M
75,AF2,52,-4.822,S2M
75,AF2,53,-3.845,S2M
75,AF2,54,-2.380,S2M
75,AF2,55,-1.404,S2M
75,AF2,56,-1.404,S2M
75,AF2,57,-0.916,S2M
75,AF2,58,-0.916,S2M
75,AF2,59,0.061,S2M
75,AF2,60,0.061,S2M
75,AF2,61,-0.916,S2M
75,AF2,62,-2.869,S2M
75,AF2,63,-5.310,S2M
75,AF2,64,-6.287,S2M
75,AF2,65,-6.287,S2M
75,AF2,66,-5.798,S2M
75,AF2,67,-5.798,S2M
75,AF2,68,-5.310,S2M
75,AF2,69,-5.310,S2M
75,AF2,70,-4.822,S2M
75,AF2,71,-3.845,S2M
75,AF2,72,-1.892,S2M
75,AF2,73,0.061,S2M
75,AF2,74,1.526,S2M
75,AF2,75,1.526,S2M
75,AF2,76,0.061,S2M
75,AF2,77,-1.892,S2M
75,AF2,78,-3.357,S2M
75,AF2,79,-4.333,S2M
75,AF2,80,-4.333,S2M
75,AF2,81,-4.333,S2M
75,AF2,82,-4.822,S2M
75,AF2,83,-5.310,S2M
75,AF2,84,-5.310,S2M
75,AF2,85,-5.310,S2M
75,AF2,86,-5.798,S2M
75,AF2,87,-6.775,S2M
75,AF2,88,-7.751,S2M
75,AF2,89,-8.728,S2M
75,AF2,90,-10.193,S2M
75,AF2,91,-10.681,S2M
75,AF2,92,-11.658,S2M
75,AF2,93,-11.169,S2M
75,AF2,94,-9.705,S2M
75,AF2,95,-7.263,S2M
75,AF2,96,-5.310,S2M
75,AF2,97,-5.310,S2M
75,AF2,98,-6.287,S2M
75,AF2,99,-7.751,S2M
75,AF2,100,-8.728,S2M
75,AF2,101,-8.240,S2M
75,AF2,102,-7.263,S2M
75,AF2,103,-5.310,S2M
75,AF2,104,-3.845,S2M
75,AF2,105,-2.380,S2M
75,AF2,106,-1.892,S2M
75,AF2,107,-2.380,S2M
75,AF2,108,-2.869,S2M
75,AF2,109,-3.357,S2M
75,AF2,110,-2.869,S2M
75,AF2,111,-0.916,S2M
75,AF2,112,0.061,S2M
75,AF2,113,0.061,S2M
75,AF2,114,-0.916,S2M
75,AF2,115,-1.404,S2M
75,AF2,116,-1.404,S2M
75,AF2,117,-1.404,S2M
75,AF2,118,-0.427,S2M
75,AF2,119,-0.427,S2M
75,AF2,120,-0.916,S2M
75,AF2,121,-1.404,S2M
75,AF2,122,-1.404,S2M
75,AF2,123,0.061,S2M
75,AF2,124,1.038,S2M
75,AF2,125,2.014,S2M
75,AF2,126,2.991,S2M
75,AF2,127,2.991,S2M
75,AF2,128,2.502,S2M
75,AF2,129,1.038,S2M
75,AF2,130,-0.916,S2M
75,AF2,131,-2.380,S2M
75,AF2,132,-3.357,S2M
75,AF2,133,-3.845,S2M
75,AF2,134,-2.869,S2M
75,AF2,135,-0.427,S2M
75,AF2,136,2.014,S2M
75,AF2,137,3.967,S2M
75,AF2,138,3.967,S2M
75,AF2,139,2.991,S2M
75,AF2,140,1.526,S2M
75,AF2,141,0.549,S2M
75,AF2,142,-0.427,S2M
75,AF2,143,-0.916,S2M
75,AF2,144,-0.916,S2M
75,AF2,145,-0.916,S2M
75,AF2,146,0.061,S2M
75,AF2,147,2.502,S2M
75,AF2,148,4.456,S2M
75,AF2,149,5.432,S2M
75,AF2,150,3.967,S2M
75,AF2,151,2.014,S2M
75,AF2,152,0.061,S2M
75,AF2,153,-0.427,S2M
75,AF2,154,0.061,S2M
75,AF2,155,0.061,S2M
75,AF2,156,-0.916,S2M
75,AF2,157,-2.869,S2M
75,AF2,158,-4.333,S2M
75,AF2,159,-5.310,S2M
75,AF2,160,-4.822,S2M
75,AF2,161,-2.869,S2M
75,AF2,162,0.061,S2M
75,AF2,163,1.526,S2M
75,AF2,164,1.038,S2M
75,AF2,165,-0.916,S2M
75,AF2,166,-2.869,S2M
75,AF2,167,-3.845,S2M
75,AF2,168,-3.357,S2M
75,AF2,169,-1.892,S2M
75,AF2,170,-0.916,S2M
75,AF2,171,-0.427,S2M
75,AF2,172,0.549,S2M
75,AF2,173,1.526,S2M
75,AF2,174,2.014,S2M
75,AF2,175,1.526,S2M
75,AF2,176,-0.427,S2M
75,AF2,177,-2.380,S2M
75,AF2,178,-4.333,S2M
75,AF2,179,-4.822,S2M
75,AF2,180,-4.822,S2M
75,AF2,181,-4.822,S2M
75,AF2,182,-4.333,S2M
75,AF2,183,-3.845,S2M
75,AF2,184,-2.869,S2M
75,AF2,185,-1.892,S2M
75,AF2,186,-1.892,S2M
75,AF2,187,-2.380,S2M
75,AF2,188,-3.845,S2M
75,AF2,189,-5.798,S2M
75,AF2,190,-5.798,S2M
75,AF2,191,-5.798,S2M
75,AF2,192,-5.798,S2M
75,AF2,193,-5.798,S2M
75,AF2,194,-6.287,S2M
75,AF2,195,-6.775,S2M
75,AF2,196,-6.287,S2M
75,AF2,197,-5.310,S2M
75,AF2,198,-3.845,S2M
75,AF2,199,-3.357,S2M
75,AF2,200,-4.822,S2M
75,AF2,201,-6.287,S2M
75,AF2,202,-7.263,S2M
75,AF2,203,-5.798,S2M
75,AF2,204,-3.357,S2M
75,AF2,205,-0.916,S2M
75,AF2,206,0.549,S2M
75,AF2,207,-0.427,S2M
75,AF2,208,-0.916,S2M
75,AF2,209,-0.916,S2M
75,AF2,210,0.549,S2M
75,AF2,211,2.014,S2M
75,AF2,212,2.502,S2M
75,AF2,213,2.014,S2M
75,AF2,214,0.549,S2M
75,AF2,215,-0.916,S2M
75,AF2,216,-1.892,S2M
75,AF2,217,-1.892,S2M
75,AF2,218,-1.892,S2M
75,AF2,219,-3.357,S2M
75,AF2,220,-4.822,S2M
75,AF2,221,-6.287,S2M
75,AF2,222,-7.263,S2M
75,AF2,223,-5.798,S2M
75,AF2,224,-3.357,S2M
75,AF2,225,-1.404,S2M
75,AF2,226,-0.916,S2M
75,AF2,227,-1.892,S2M
75,AF2,228,-1.892,S2M
75,AF2,229,-1.892,S2M
75,AF2,230,0.061,S2M
75,AF2,231,2.014,S2M
75,AF2,232,2.502,S2M
75,AF2,233,2.014,S2M
75,AF2,234,1.038,S2M
75,AF2,235,1.526,S2M
75,AF2,236,2.502,S2M
75,AF2,237,4.456,S2M
75,AF2,238,5.920,S2M
75,AF2,239,5.920,S2M
75,AF2,240,5.432,S2M
75,AF2,241,4.456,S2M
75,AF2,242,4.456,S2M
75,AF2,243,3.967,S2M
75,AF2,244,3.479,S2M
75,AF2,245,2.991,S2M
75,AF2,246,2.991,S2M
75,AF2,247,3.479,S2M
75,AF2,248,3.967,S2M
75,AF2,249,4.944,S2M
75,AF2,250,4.456,S2M
75,AF2,251,3.967,S2M
75,AF2,252,3.479,S2M
75,AF2,253,2.502,S2M
75,AF2,254,1.526,S2M
75,AF2,255,1.038,S2M
75,FZ,0,-5.208,S2M
75,FZ,1,-4.232,S2M
75,FZ,2,-3.255,S2M
75,FZ,3,-2.767,S2M
75,FZ,4,-1.790,S2M
75,FZ,5,-1.302,S2M
75,FZ,6,-0.814,S2M
75,FZ,7,0.163,S2M
75,FZ,8,-0.326,S2M
75,FZ,9,-1.790,S2M
75,FZ,10,-3.743,S2M
75,FZ,11,-4.232,S2M
75,FZ,12,-3.255,S2M
75,FZ,13,-1.790,S2M
75,FZ,14,0.163,S2M
75,FZ,15,1.628,S2M
75,FZ,16,2.116,S2M
75,FZ,17,1.628,S2M
75,FZ,18,0.651,S2M
75,FZ,19,-1.302,S2M
75,FZ,20,-2.279,S2M
75,FZ,21,-2.279,S2M
75,FZ,22,-1.302,S2M
75,FZ,23,0.651,S2M
75,FZ,24,1.628,S2M
75,FZ,25,2.604,S2M
75,FZ,26,3.092,S2M
75,FZ,27,2.604,S2M
75,FZ,28,1.628,S2M
75,FZ,29,0.651,S2M
75,FZ,30,-0.326,S2M
75,FZ,31,-0.814,S2M
75,FZ,32,-0.814,S2M
75,FZ,33,0.163,S2M
75,FZ,34,0.651,S2M
75,FZ,35,1.139,S2M
75,FZ,36,2.116,S2M
75,FZ,37,2.604,S2M
75,FZ,38,2.604,S2M
75,FZ,39,2.116,S2M
75,FZ,40,1.139,S2M
75,FZ,41,0.651,S2M
75,FZ,42,0.651,S2M
75,FZ,43,1.139,S2M
75,FZ,44,1.139,S2M
75,FZ,45,1.139,S2M
75,FZ,46,0.163,S2M
75,FZ,47,-0.326,S2M
75,FZ,48,-0.326,S2M
75,FZ,49,-0.814,S2M
75,FZ,50,-1.302,S2M
75,FZ,51,-1.790,S2M
75,FZ,52,-1.302,S2M
75,FZ,53,-0.326,S2M
75,FZ,54,0.651,S2M
75,FZ,55,1.139,S2M
75,FZ,56,1.628,S2M
75,FZ,57,1.628,S2M
75,FZ,58,1.628,S2M
75,FZ,59,1.628,S2M
75,FZ,60,2.116,S2M
75,FZ,61,1.628,S2M
75,FZ,62,0.651,S2M
75,FZ,63,-0.326,S2M
75,FZ,64,-1.302,S2M
75,FZ,65,-1.302,S2M
75,FZ,66,-1.302,S2M
75,FZ,67,-1.302,S2M
75,FZ,68,-1.302,S2M
75,FZ,69,-0.814,S2M
75,FZ,70,-0.814,S2M
75,FZ,71,-0.326,S2M
75,FZ,72,1.139,S2M
75,FZ,73,2.604,S2M
75,FZ,74,3.581,S2M
75,FZ,75,4.069,S2M
75,FZ,76,2.604,S2M
75,FZ,77,1.628,S2M
75,FZ,78,0.651,S2M
75,FZ,79,-0.326,S2M
75,FZ,80,-0.326,S2M
75,FZ,81,-0.814,S2M
75,FZ,82,-0.814,S2M
75,FZ,83,-0.814,S2M
75,FZ,84,0.163,S2M
75,FZ,85,1.139,S2M
75,FZ,86,1.139,S2M
75,FZ,87,-0.326,S2M
75,FZ,88,-1.790,S2M
75,FZ,89,-3.255,S2M
75,FZ,90,-4.720,S2M
75,FZ,91,-5.697,S2M
75,FZ,92,-6.673,S2M
75,FZ,93,-6.185,S2M
75,FZ,94,-4.720,S2M
75,FZ,95,-2.279,S2M
75,FZ,96,-0.326,S2M
75,FZ,97,-0.326,S2M
75,FZ,98,-1.790,S2M
75,FZ,99,-3.743,S2M
75,FZ,100,-4.720,S2M
75,FZ,101,-4.720,S2M
75,FZ,102,-3.743,S2M
75,FZ,103,-1.790,S2M
75,FZ,104,-0.326,S2M
75,FZ,105,0.163,S2M
75,FZ,106,0.651,S2M
75,FZ,107,0.651,S2M
75,FZ,108,0.163,S2M
75,FZ,109,-0.326,S2M
75,FZ,110,0.163,S2M
75,FZ,111,1.139,S2M
75,FZ,112,1.628,S2M
75,FZ,113,1.628,S2M
75,FZ,114,1.628,S2M
75,FZ,115,1.139,S2M
75,FZ,116,1.628,S2M
75,FZ,117,1.628,S2M
75,FZ,118,1.628,S2M
75,FZ,119,1.139,S2M
75,FZ,120,0.651,S2M
75,FZ,121,0.651,S2M
75,FZ,122,1.628,S2M
75,FZ,123,2.116,S2M
75,FZ,124,2.604,S2M
75,FZ,125,3.581,S2M
75,FZ,126,4.069,S2M
75,FZ,127,4.069,S2M
75,FZ,128,4.069,S2M
75,FZ,129,2.604,S2M
75,FZ,130,1.628,S2M
75,FZ,131,0.651,S2M
75,FZ,132,0.163,S2M
75,FZ,133,-0.326,S2M
75,FZ,134,0.163,S2M
75,FZ,135,1.139,S2M
75,FZ,136,2.116,S2M
75,FZ,137,3.092,S2M
75,FZ,138,3.581,S2M
75,FZ,139,3.092,S2M
75,FZ,140,2.116,S2M
75,FZ,141,1.628,S2M
75,FZ,142,1.139,S2M
75,FZ,143,1.139,S2M
75,FZ,144,1.139,S2M
75,FZ,145,1.139,S2M
75,FZ,146,1.628,S2M
75,FZ,147,3.092,S2M
75,FZ,148,4.069,S2M
75,FZ,149,4.557,S2M
75,FZ,150,4.069,S2M
75,FZ,151,3.092,S2M
75,FZ,152,2.604,S2M
75,FZ,153,1.628,S2M
75,FZ,154,1.139,S2M
75,FZ,155,0.651,S2M
75,FZ,156,-0.326,S2M
75,FZ,157,-1.302,S2M
75,FZ,158,-1.790,S2M
75,FZ,159,-2.279,S2M
75,FZ,160,-1.790,S2M
75,FZ,161,-0.326,S2M
75,FZ,162,0.651,S2M
75,FZ,163,1.628,S2M
75,FZ,164,1.139,S2M
75,FZ,165,-0.326,S2M
75,FZ,166,-1.302,S2M
75,FZ,167,-0.814,S2M
75,FZ,168,0.163,S2M
75,FZ,169,1.139,S2M
75,FZ,170,1.628,S2M
75,FZ,171,1.628,S2M
75,FZ,172,2.116,S2M
75,FZ,173,3.092,S2M
75,FZ,174,3.581,S2M
75,FZ,175,3.092,S2M
75,FZ,176,1.628,S2M
75,FZ,177,0.163,S2M
75,FZ,178,-0.814,S2M
75,FZ,179,-1.302,S2M
75,FZ,180,-1.790,S2M
75,FZ,181,-2.279,S2M
75,FZ,182,-2.279,S2M
75,FZ,183,-1.790,S2M
75,FZ,184,-0.814,S2M
75,FZ,185,0.163,S2M
75,FZ,186,-0.326,S2M
75,FZ,187,-1.302,S2M
75,FZ,188,-2.767,S2M
75,FZ,189,-3.743,S2M
75,FZ,190,-3.743,S2M
75,FZ,191,-3.743,S2M
75,FZ,192,-3.743,S2M
75,FZ,193,-3.255,S2M
75,FZ,194,-3.743,S2M
75,FZ,195,-4.232,S2M
75,FZ,196,-4.232,S2M
75,FZ,197,-4.232,S2M
75,FZ,198,-3.255,S2M
75,FZ,199,-2.767,S2M
75,FZ,200,-2.767,S2M
75,FZ,201,-3.743,S2M
75,FZ,202,-4.720,S2M
75,FZ,203,-4.720,S2M
75,FZ,204,-3.255,S2M
75,FZ,205,-1.302,S2M
75,FZ,206,-0.326,S2M
75,FZ,207,-0.326,S2M
75,FZ,208,-0.326,S2M
75,FZ,209,0.163,S2M
75,FZ,210,1.139,S2M
75,FZ,211,2.116,S2M
75,FZ,212,2.604,S2M
75,FZ,213,2.116,S2M
75,FZ,214,1.139,S2M
75,FZ,215,0.651,S2M
75,FZ,216,0.163,S2M
75,FZ,217,0.163,S2M
75,FZ,218,-0.326,S2M
75,FZ,219,-0.814,S2M
75,FZ,220,-2.279,S2M
75,FZ,221,-3.255,S2M
75,FZ,222,-4.232,S2M
75,FZ,223,-3.743,S2M
75,FZ,224,-2.279,S2M
75,FZ,225,-1.302,S2M
75,FZ,226,-0.814,S2M
75,FZ,227,-1.790,S2M
75,FZ,228,-2.279,S2M
75,FZ,229,-1.790,S2M
75,FZ,230,-0.326,S2M
75,FZ,231,1.628,S2M
75,FZ,232,2.604,S2M
75,FZ,233,2.116,S2M
75,FZ,234,2.116,S2M
75,FZ,235,2.116,S2M
75,FZ,236,3.092,S2M
75,FZ,237,4.557,S2M
75,FZ,238,5.046,S2M
75,FZ,239,5.534,S2M
75,FZ,240,5.534,S2M
75,FZ,241,5.534,S2M
75,FZ,242,5.534,S2M
75,FZ,243,4.557,S2M
75,FZ,244,3.581,S2M
75,FZ,245,2.116,S2M
75,FZ,246,1.628,S2M
75,FZ,247,2.116,S2M
75,FZ,248,2.604,S2M
75,FZ,249,4.069,S2M
75,FZ,250,4.557,S2M
75,FZ,251,4.557,S2M
75,FZ,252,4.069,S2M
75,FZ,253,2.604,S2M
75,FZ,254,1.139,S2M
75,FZ,255,-0.326,S2M
75,F4,0,-5.656,S2M
75,F4,1,-4.679,S2M
75,F4,2,-3.215,S2M
75,F4,3,-1.750,S2M
75,F4,4,-0.773,S2M
75,F4,5,-1.261,S2M
75,F4,6,-1.750,S2M
75,F4,7,-2.726,S2M
75,F4,8,-3.703,S2M
75,F4,9,-5.168,S2M
75,F4,10,-6.144,S2M
75,F4,11,-6.144,S2M
75,F4,12,-5.168,S2M
75,F4,13,-4.191,S2M
75,F4,14,-2.726,S2M
75,F4,15,-1.261,S2M
75,F4,16,-0.773,S2M
75,F4,17,-0.773,S2M
75,F4,18,-1.261,S2M
75,F4,19,-2.726,S2M
75,F4,20,-3.215,S2M
75,F4,21,-2.726,S2M
75,F4,22,-1.261,S2M
75,F4,23,-0.285,S2M
75,F4,24,1.180,S2M
75,F4,25,2.157,S2M
75,F4,26,2.645,S2M
75,F4,27,3.133,S2M
75,F4,28,3.133,S2M
75,F4,29,2.645,S2M
75,F4,30,2.645,S2M
75,F4,31,2.157,S2M
75,F4,32,2.645,S2M
75,F4,33,3.133,S2M
75,F4,34,3.621,S2M
75,F4,35,4.110,S2M
75,F4,36,4.110,S2M
75,F4,37,4.110,S2M
75,F4,38,3.621,S2M
75,F4,39,2.645,S2M
75,F4,40,2.157,S2M
75,F4,41,1.668,S2M
75,F4,42,2.157,S2M
75,F4,43,2.157,S2M
75,F4,44,2.157,S2M
75,F4,45,0.692,S2M
75,F4,46,-1.750,S2M
75,F4,47,-3.215,S2M
75,F4,48,-4.679,S2M
75,F4,49,-5.168,S2M
75,F4,50,-5.168,S2M
75,F4,51,-4.679,S2M
75,F4,52,-3.215,S2M
75,F4,53,-2.238,S2M
75,F4,54,-1.261,S2M
75,F4,55,-1.261,S2M
75,F4,56,-2.238,S2M
75,F4,57,-2.238,S2M
75,F4,58,-1.261,S2M
75,F4,59,-0.285,S2M
75,F4,60,0.203,S2M
75,F4,61,-0.773,S2M
75,F4,62,-1.750,S2M
75,F4,63,-4.191,S2M
75,F4,64,-5.168,S2M
75,F4,65,-5.168,S2M
75,F4,66,-5.168,S2M
75,F4,67,-5.168,S2M
75,F4,68,-6.144,S2M
75,F4,69,-5.656,S2M
75,F4,70,-5.168,S2M
75,F4,71,-3.215,S2M
75,F4,72,-0.773,S2M
75,F4,73,1.668,S2M
75,F4,74,2.157,S2M
75,F4,75,1.180,S2M
75,F4,76,-0.773,S2M
75,F4,77,-2.238,S2M
75,F4,78,-2.238,S2M
75,F4,79,-2.238,S2M
75,F4,80,-2.726,S2M
75,F4,81,-4.191,S2M
75,F4,82,-5.656,S2M
75,F4,83,-6.632,S2M
75,F4,84,-6.144,S2M
75,F4,85,-5.168,S2M
75,F4,86,-4.191,S2M
75,F4,87,-4.679,S2M
75,F4,88,-6.144,S2M
75,F4,89,-7.121,S2M
75,F4,90,-7.609,S2M
75,F4,91,-8.097,S2M
75,F4,92,-8.586,S2M
75,F4,93,-8.586,S2M
75,F4,94,-7.609,S2M
75,F4,95,-5.656,S2M
75,F4,96,-3.703,S2M
75,F4,97,-2.726,S2M
75,F4,98,-3.215,S2M
75,F4,99,-4.191,S2M
75,F4,100,-5.168,S2M
75,F4,101,-4.679,S2M
75,F4,102,-3.703,S2M
75,F4,103,-2.726,S2M
75,F4,104,-1.750,S2M
75,F4,105,-1.750,S2M
75,F4,106,-2.238,S2M
75,F4,107,-2.726,S2M
75,F4,108,-2.726,S2M
75,F4,109,-2.238,S2M
75,F4,110,-1.261,S2M
75,F4,111,-0.285,S2M
75,F4,112,0.692,S2M
75,F4,113,1.180,S2M
75,F4,114,0.692,S2M
75,F4,115,0.203,S2M
75,F4,116,-0.285,S2M
75,F4,117,-0.285,S2M
75,F4,118,-0.773,S2M
75,F4,119,-0.773,S2M
75,F4,120,-1.261,S2M
75,F4,121,-1.261,S2M
75,F4,122,-1.261,S2M
75,F4,123,-0.773,S2M
75,F4,124,-0.285,S2M
75,F4,125,0.203,S2M
75,F4,126,0.692,S2M
75,F4,127,0.203,S2M
75,F4,128,-0.285,S2M
75,F4,129,-1.261,S2M
75,F4,130,-2.238,S2M
75,F4,131,-2.726,S2M
75,F4,132,-2.726,S2M
75,F4,133,-2.726,S2M
75,F4,134,-2.726,S2M
75,F4,135,-1.750,S2M
75,F4,136,-0.285,S2M
75,F4,137,0.692,S2M
75,F4,138,0.692,S2M
75,F4,139,0.203,S2M
75,F4,140,-0.773,S2M
75,F4,141,-1.261,S2M
75,F4,142,-1.261,S2M
75,F4,143,-1.750,S2M
75,F4,144,-1.261,S2M
75,F4,145,-0.773,S2M
75,F4,146,0.203,S2M
75,F4,147,1.668,S2M
75,F4,148,3.133,S2M
75,F4,149,3.621,S2M
75,F4,150,2.645,S2M
75,F4,151,0.692,S2M
75,F4,152,-0.773,S2M
75,F4,153,-2.238,S2M
75,F4,154,-2.238,S2M
75,F4,155,-2.726,S2M
75,F4,156,-2.726,S2M
75,F4,157,-3.703,S2M
75,F4,158,-4.191,S2M
75,F4,159,-4.679,S2M
75,F4,160,-4.191,S2M
75,F4,161,-2.726,S2M
75,F4,162,-0.773,S2M
75,F4,163,0.692,S2M
75,F4,164,1.180,S2M
75,F4,165,-0.285,S2M
75,F4,166,-1.750,S2M
75,F4,167,-2.726,S2M
75,F4,168,-2.726,S2M
75,F4,169,-1.750,S2M
75,F4,170,-0.773,S2M
75,F4,171,-0.285,S2M
75,F4,172,0.692,S2M
75,F4,173,1.668,S2M
75,F4,174,2.157,S2M
75,F4,175,1.180,S2M
75,F4,176,-0.285,S2M
75,F4,177,-2.726,S2M
75,F4,178,-4.191,S2M
75,F4,179,-5.168,S2M
75,F4,180,-5.168,S2M
75,F4,181,-5.168,S2M
75,F4,182,-4.191,S2M
75,F4,183,-2.238,S2M
75,F4,184,-0.773,S2M
75,F4,185,1.180,S2M
75,F4,186,1.180,S2M
75,F4,187,-0.285,S2M
75,F4,188,-2.238,S2M
75,F4,189,-4.191,S2M
75,F4,190,-4.679,S2M
75,F4,191,-4.679,S2M
75,F4,192,-4.191,S2M
75,F4,193,-4.191,S2M
75,F4,194,-4.191,S2M
75,F4,195,-4.191,S2M
75,F4,196,-3.703,S2M
75,F4,197,-3.703,S2M
75,F4,198,-2.726,S2M
75,F4,199,-2.238,S2M
75,F4,200,-2.726,S2M
75,F4,201,-3.703,S2M
75,F4,202,-4.191,S2M
75,F4,203,-3.703,S2M
75,F4,204,-2.238,S2M
75,F4,205,0.203,S2M
75,F4,206,1.180,S2M
75,F4,207,0.203,S2M
75,F4,208,-0.773,S2M
75,F4,209,-1.261,S2M
75,F4,210,-0.285,S2M
75,F4,211,0.692,S2M
75,F4,212,1.668,S2M
75,F4,213,1.180,S2M
75,F4,214,0.203,S2M
75,F4,215,-1.261,S2M
75,F4,216,-3.215,S2M
75,F4,217,-3.703,S2M
75,F4,218,-3.703,S2M
75,F4,219,-4.191,S2M
75,F4,220,-5.168,S2M
75,F4,221,-6.144,S2M
75,F4,222,-7.121,S2M
75,F4,223,-7.121,S2M
75,F4,224,-5.656,S2M
75,F4,225,-3.703,S2M
75,F4,226,-2.726,S2M
75,F4,227,-2.238,S2M
75,F4,228,-2.238,S2M
75,F4,229,-1.261,S2M
75,F4,230,-0.285,S2M
75,F4,231,2.157,S2M
75,F4,232,2.645,S2M
75,F4,233,2.645,S2M
75,F4,234,2.645,S2M
75,F4,235,3.133,S2M
75,F4,236,4.598,S2M
75,F4,237,5.575,S2M
75,F4,238,5.086,S2M
75,F4,239,4.110,S2M
75,F4,240,3.133,S2M
75,F4,241,2.645,S2M
75,F4,242,2.645,S2M
75,F4,243,2.645,S2M
75,F4,244,2.645,S2M
75,F4,245,2.645,S2M
75,F4,246,2.645,S2M
75,F4,247,2.645,S2M
75,F4,248,3.133,S2M
75,F4,249,3.621,S2M
75,F4,250,3.133,S2M
75,F4,251,2.645,S2M
75,F4,252,1.180,S2M
75,F4,253,0.203,S2M
75,F4,254,-0.285,S2M
75,F4,255,-0.773,S2M
75,F3,0,-2.950,S2M
75,F3,1,-2.462,S2M
75,F3,2,-2.462,S2M
75,F3,3,-1.973,S2M
75,F3,4,-0.997,S2M
75,F3,5,0.468,S2M
75,F3,6,1.933,S2M
75,F3,7,2.909,S2M
75,F3,8,2.909,S2M
75,F3,9,1.444,S2M
75,F3,10,-0.509,S2M
75,F3,11,-0.997,S2M
75,F3,12,-0.509,S2M
75,F3,13,1.444,S2M
75,F3,14,3.886,S2M
75,F3,15,4.862,S2M
75,F3,16,4.862,S2M
75,F3,17,3.398,S2M
75,F3,18,0.956,S2M
75,F3,19,-0.997,S2M
75,F3,20,-2.950,S2M
75,F3,21,-2.950,S2M
75,F3,22,-2.462,S2M
75,F3,23,-0.509,S2M
75,F3,24,0.468,S2M
75,F3,25,1.444,S2M
75,F3,26,0.468,S2M
75,F3,27,-0.997,S2M
75,F3,28,-2.950,S2M
75,F3,29,-3.927,S2M
75,F3,30,-4.903,S2M
75,F3,31,-3.927,S2M
75,F3,32,-2.462,S2M
75,F3,33,-0.997,S2M
75,F3,34,0.468,S2M
75,F3,35,1.444,S2M
75,F3,36,1.933,S2M
75,F3,37,1.444,S2M
75,F3,38,0.468,S2M
75,F3,39,-0.509,S2M
75,F3,40,-1.485,S2M
75,F3,41,-2.462,S2M
75,F3,42,-1.973,S2M
75,F3,43,-0.997,S2M
75,F3,44,-0.997,S2M
75,F3,45,-1.485,S2M
75,F3,46,-2.462,S2M
75,F3,47,-3.438,S2M
75,F3,48,-3.927,S2M
75,F3,49,-3.927,S2M
75,F3,50,-3.927,S2M
75,F3,51,-3.927,S2M
75,F3,52,-3.438,S2M
75,F3,53,-1.973,S2M
75,F3,54,-0.509,S2M
75,F3,55,0.468,S2M
75,F3,56,-0.020,S2M
75,F3,57,-0.997,S2M
75,F3,58,-1.973,S2M
75,F3,59,-1.485,S2M
75,F3,60,-0.509,S2M
75,F3,61,0.468,S2M
75,F3,62,0.956,S2M
75,F3,63,0.468,S2M
75,F3,64,-0.997,S2M
75,F3,65,-2.950,S2M
75,F3,66,-3.438,S2M
75,F3,67,-3.927,S2M
75,F3,68,-3.438,S2M
75,F3,69,-3.438,S2M
75,F3,70,-2.950,S2M
75,F3,71,-2.462,S2M
75,F3,72,-1.485,S2M
75,F3,73,-0.509,S2M
75,F3,74,-0.020,S2M
75,F3,75,-0.509,S2M
75,F3,76,-1.973,S2M
75,F3,77,-3.438,S2M
75,F3,78,-3.438,S2M
75,F3,79,-2.950,S2M
75,F3,80,-2.462,S2M
75,F3,81,-1.973,S2M
75,F3,82,-1.973,S2M
75,F3,83,-2.462,S2M
75,F3,84,-2.950,S2M
75,F3,85,-3.438,S2M
75,F3,86,-3.927,S2M
75,F3,87,-4.415,S2M
75,F3,88,-4.903,S2M
75,F3,89,-4.903,S2M
75,F3,90,-5.391,S2M
75,F3,91,-5.880,S2M
75,F3,92,-5.880,S2M
75,F3,93,-4.903,S2M
75,F3,94,-3.438,S2M
75,F3,95,-1.485,S2M
75,F3,96,-0.509,S2M
75,F3,97,-1.485,S2M
75,F3,98,-3.438,S2M
75,F3,99,-5.880,S2M
75,F3,100,-6.856,S2M
75,F3,101,-6.856,S2M
75,F3,102,-5.880,S2M
75,F3,103,-4.903,S2M
75,F3,104,-3.927,S2M
75,F3,105,-2.950,S2M
75,F3,106,-1.485,S2M
75,F3,107,-1.485,S2M
75,F3,108,-1.973,S2M
75,F3,109,-1.973,S2M
75,F3,110,-2.950,S2M
75,F3,111,-2.462,S2M
75,F3,112,-1.485,S2M
75,F3,113,-0.509,S2M
75,F3,114,0.468,S2M
75,F3,115,0.468,S2M
75,F3,116,0.468,S2M
75,F3,117,0.468,S2M
75,F3,118,0.956,S2M
75,F3,119,0.956,S2M
75,F3,120,0.468,S2M
75,F3,121,-0.997,S2M
75,F3,122,-1.485,S2M
75,F3,123,-0.997,S2M
75,F3,124,0.468,S2M
75,F3,125,2.421,S2M
75,F3,126,3.398,S2M
75,F3,127,3.886,S2M
75,F3,128,3.398,S2M
75,F3,129,2.421,S2M
75,F3,130,0.956,S2M
75,F3,131,0.468,S2M
75,F3,132,-0.020,S2M
75,F3,133,-0.020,S2M
75,F3,134,0.956,S2M
75,F3,135,2.909,S2M
75,F3,136,4.862,S2M
75,F3,137,5.839,S2M
75,F3,138,5.351,S2M
75,F3,139,3.886,S2M
75,F3,140,2.421,S2M
75,F3,141,1.444,S2M
75,F3,142,1.933,S2M
75,F3,143,2.909,S2M
75,F3,144,3.398,S2M
75,F3,145,3.398,S2M
75,F3,146,3.886,S2M
75,F3,147,3.886,S2M
75,F3,148,4.374,S2M
75,F3,149,4.374,S2M
75,F3,150,3.886,S2M
75,F3,151,2.909,S2M
75,F3,152,2.909,S2M
75,F3,153,2.909,S2M
75,F3,154,3.398,S2M
75,F3,155,2.421,S2M
75,F3,156,0.468,S2M
75,F3,157,-1.973,S2M
75,F3,158,-3.927,S2M
75,F3,159,-4.903,S2M
75,F3,160,-3.927,S2M
75,F3,161,-2.950,S2M
75,F3,162,-1.485,S2M
75,F3,163,-0.997,S2M
75,F3,164,-1.485,S2M
75,F3,165,-2.462,S2M
75,F3,166,-2.950,S2M
75,F3,167,-1.973,S2M
75,F3,168,-0.509,S2M
75,F3,169,0.956,S2M
75,F3,170,1.933,S2M
75,F3,171,1.933,S2M
75,F3,172,2.421,S2M
75,F3,173,2.909,S2M
75,F3,174,2.421,S2M
75,F3,175,0.956,S2M
75,F3,176,-1.485,S2M
75,F3,177,-2.950,S2M
75,F3,178,-3.927,S2M
75,F3,179,-3.438,S2M
75,F3,180,-2.462,S2M
75,F3,181,-1.973,S2M
75,F3,182,-2.462,S2M
75,F3,183,-2.462,S2M
75,F3,184,-1.973,S2M
75,F3,185,-1.485,S2M
75,F3,186,-1.973,S2M
75,F3,187,-2.950,S2M
75,F3,188,-3.927,S2M
75,F3,189,-4.903,S2M
75,F3,190,-4.415,S2M
75,F3,191,-3.927,S2M
75,F3,192,-3.927,S2M
75,F3,193,-3.927,S2M
75,F3,194,-4.903,S2M
75,F3,195,-5.880,S2M
75,F3,196,-5.880,S2M
75,F3,197,-5.391,S2M
75,F3,198,-4.415,S2M
75,F3,199,-3.438,S2M
75,F3,200,-3.438,S2M
75,F3,201,-3.927,S2M
75,F3,202,-3.927,S2M
75,F3,203,-2.950,S2M
75,F3,204,-1.973,S2M
75,F3,205,-0.997,S2M
75,F3,206,-0.509,S2M
75,F3,207,-0.997,S2M
75,F3,208,-0.997,S2M
75,F3,209,-0.020,S2M
75,F3,210,0.956,S2M
75,F3,211,1.933,S2M
75,F3,212,2.909,S2M
75,F3,213,2.421,S2M
75,F3,214,1.444,S2M
75,F3,215,0.956,S2M
75,F3,216,0.468,S2M
75,F3,217,0.468,S2M
75,F3,218,0.956,S2M
75,F3,219,0.956,S2M
75,F3,220,0.956,S2M
75,F3,221,0.956,S2M
75,F3,222,0.468,S2M
75,F3,223,0.468,S2M
75,F3,224,0.956,S2M
75,F3,225,0.956,S2M
75,F3,226,0.956,S2M
75,F3,227,0.956,S2M
75,F3,228,0.956,S2M
75,F3,229,0.956,S2M
75,F3,230,2.421,S2M
75,F3,231,4.374,S2M
75,F3,232,5.351,S2M
75,F3,233,5.351,S2M
75,F3,234,4.862,S2M
75,F3,235,4.862,S2M
75,F3,236,5.351,S2M
75,F3,237,5.839,S2M
75,F3,238,6.816,S2M
75,F3,239,6.816,S2M
75,F3,240,6.816,S2M
75,F3,241,6.816,S2M
75,F3,242,5.839,S2M
75,F3,243,4.374,S2M
75,F3,244,2.421,S2M
75,F3,245,0.956,S2M
75,F3,246,0.468,S2M
75,F3,247,0.468,S2M
75,F3,248,0.956,S2M
75,F3,249,1.933,S2M
75,F3,250,2.909,S2M
75,F3,251,3.886,S2M
75,F3,252,4.374,S2M
75,F3,253,3.886,S2M
75,F3,254,2.909,S2M
75,F3,255,2.421,S2M
75,FC6,0,-3.011,S2M
75,FC6,1,-3.011,S2M
75,FC6,2,-2.523,S2M
75,FC6,3,-1.546,S2M
75,FC6,4,-1.546,S2M
75,FC6,5,-2.035,S2M
75,FC6,6,-3.011,S2M
75,FC6,7,-4.476,S2M
75,FC6,8,-4.964,S2M
75,FC6,9,-5.941,S2M
75,FC6,10,-6.429,S2M
75,FC6,11,-6.429,S2M
75,FC6,12,-5.941,S2M
75,FC6,13,-4.964,S2M
75,FC6,14,-3.988,S2M
75,FC6,15,-2.523,S2M
75,FC6,16,-2.035,S2M
75,FC6,17,-2.523,S2M
75,FC6,18,-3.499,S2M
75,FC6,19,-4.476,S2M
75,FC6,20,-4.476,S2M
75,FC6,21,-3.499,S2M
75,FC6,22,-1.546,S2M
75,FC6,23,0.407,S2M
75,FC6,24,1.872,S2M
75,FC6,25,1.872,S2M
75,FC6,26,1.872,S2M
75,FC6,27,1.872,S2M
75,FC6,28,2.848,S2M
75,FC6,29,3.825,S2M
75,FC6,30,3.825,S2M
75,FC6,31,3.337,S2M
75,FC6,32,2.848,S2M
75,FC6,33,2.360,S2M
75,FC6,34,2.848,S2M
75,FC6,35,3.825,S2M
75,FC6,36,4.801,S2M
75,FC6,37,5.290,S2M
75,FC6,38,4.313,S2M
75,FC6,39,2.848,S2M
75,FC6,40,0.895,S2M
75,FC6,41,-0.570,S2M
75,FC6,42,-0.570,S2M
75,FC6,43,-0.570,S2M
75,FC6,44,-0.081,S2M
75,FC6,45,-0.570,S2M
75,FC6,46,-3.011,S2M
75,FC6,47,-5.941,S2M
75,FC6,48,-8.870,S2M
75,FC6,49,-10.335,S2M
75,FC6,50,-9.847,S2M
75,FC6,51,-7.894,S2M
75,FC6,52,-5.452,S2M
75,FC6,53,-3.499,S2M
75,FC6,54,-3.011,S2M
75,FC6,55,-3.499,S2M
75,FC6,56,-4.476,S2M
75,FC6,57,-4.964,S2M
75,FC6,58,-4.476,S2M
75,FC6,59,-3.499,S2M
75,FC6,60,-3.011,S2M
75,FC6,61,-3.499,S2M
75,FC6,62,-4.964,S2M
75,FC6,63,-7.894,S2M
75,FC6,64,-9.847,S2M
75,FC6,65,-10.824,S2M
75,FC6,66,-11.312,S2M
75,FC6,67,-11.312,S2M
75,FC6,68,-11.312,S2M
75,FC6,69,-11.312,S2M
75,FC6,70,-9.359,S2M
75,FC6,71,-7.406,S2M
75,FC6,72,-4.476,S2M
75,FC6,73,-2.523,S2M
75,FC6,74,-3.011,S2M
75,FC6,75,-4.964,S2M
75,FC6,76,-6.917,S2M
75,FC6,77,-7.894,S2M
75,FC6,78,-7.406,S2M
75,FC6,79,-6.429,S2M
75,FC6,80,-6.917,S2M
75,FC6,81,-8.870,S2M
75,FC6,82,-11.800,S2M
75,FC6,83,-13.753,S2M
75,FC6,84,-13.753,S2M
75,FC6,85,-12.288,S2M
75,FC6,86,-10.335,S2M
75,FC6,87,-9.847,S2M
75,FC6,88,-9.847,S2M
75,FC6,89,-10.335,S2M
75,FC6,90,-10.335,S2M
75,FC6,91,-11.312,S2M
75,FC6,92,-11.800,S2M
75,FC6,93,-12.288,S2M
75,FC6,94,-11.312,S2M
75,FC6,95,-9.847,S2M
75,FC6,96,-7.406,S2M
75,FC6,97,-5.452,S2M
75,FC6,98,-4.476,S2M
75,FC6,99,-3.988,S2M
75,FC6,100,-3.988,S2M
75,FC6,101,-3.988,S2M
75,FC6,102,-3.988,S2M
75,FC6,103,-4.476,S2M
75,FC6,104,-5.452,S2M
75,FC6,105,-6.917,S2M
75,FC6,106,-6.917,S2M
75,FC6,107,-6.917,S2M
75,FC6,108,-5.941,S2M
75,FC6,109,-4.964,S2M
75,FC6,110,-3.499,S2M
75,FC6,111,-2.523,S2M
75,FC6,112,-2.035,S2M
75,FC6,113,-1.546,S2M
75,FC6,114,-0.570,S2M
75,FC6,115,-0.570,S2M
75,FC6,116,-1.058,S2M
75,FC6,117,-1.546,S2M
75,FC6,118,-2.035,S2M
75,FC6,119,-2.523,S2M
75,FC6,120,-3.499,S2M
75,FC6,121,-3.988,S2M
75,FC6,122,-3.988,S2M
75,FC6,123,-3.499,S2M
75,FC6,124,-3.499,S2M
75,FC6,125,-3.011,S2M
75,FC6,126,-3.011,S2M
75,FC6,127,-3.499,S2M
75,FC6,128,-3.988,S2M
75,FC6,129,-4.476,S2M
75,FC6,130,-4.476,S2M
75,FC6,131,-4.964,S2M
75,FC6,132,-5.452,S2M
75,FC6,133,-5.941,S2M
75,FC6,134,-5.941,S2M
75,FC6,135,-4.476,S2M
75,FC6,136,-3.011,S2M
75,FC6,137,-1.546,S2M
75,FC6,138,-2.035,S2M
75,FC6,139,-3.499,S2M
75,FC6,140,-4.476,S2M
75,FC6,141,-4.476,S2M
75,FC6,142,-3.988,S2M
75,FC6,143,-3.499,S2M
75,FC6,144,-2.523,S2M
75,FC6,145,-2.523,S2M
75,FC6,146,-2.035,S2M
75,FC6,147,-0.570,S2M
75,FC6,148,0.407,S2M
75,FC6,149,0.407,S2M
75,FC6,150,-1.058,S2M
75,FC6,151,-3.499,S2M
75,FC6,152,-4.476,S2M
75,FC6,153,-4.964,S2M
75,FC6,154,-4.476,S2M
75,FC6,155,-3.988,S2M
75,FC6,156,-3.988,S2M
75,FC6,157,-4.964,S2M
75,FC6,158,-5.941,S2M
75,FC6,159,-6.429,S2M
75,FC6,160,-6.429,S2M
75,FC6,161,-5.452,S2M
75,FC6,162,-3.499,S2M
75,FC6,163,-2.523,S2M
75,FC6,164,-2.523,S2M
75,FC6,165,-3.499,S2M
75,FC6,166,-4.964,S2M
75,FC6,167,-5.941,S2M
75,FC6,168,-5.941,S2M
75,FC6,169,-4.964,S2M
75,FC6,170,-3.499,S2M
75,FC6,171,-2.523,S2M
75,FC6,172,-1.546,S2M
75,FC6,173,-1.546,S2M
75,FC6,174,-2.035,S2M
75,FC6,175,-3.988,S2M
75,FC6,176,-6.917,S2M
75,FC6,177,-8.870,S2M
75,FC6,178,-10.335,S2M
75,FC6,179,-9.847,S2M
75,FC6,180,-8.382,S2M
75,FC6,181,-6.917,S2M
75,FC6,182,-4.964,S2M
75,FC6,183,-3.011,S2M
75,FC6,184,-1.058,S2M
75,FC6,185,-0.081,S2M
75,FC6,186,-0.570,S2M
75,FC6,187,-3.011,S2M
75,FC6,188,-5.941,S2M
75,FC6,189,-7.894,S2M
75,FC6,190,-7.894,S2M
75,FC6,191,-7.406,S2M
75,FC6,192,-5.941,S2M
75,FC6,193,-4.964,S2M
75,FC6,194,-4.476,S2M
75,FC6,195,-4.964,S2M
75,FC6,196,-4.476,S2M
75,FC6,197,-4.476,S2M
75,FC6,198,-3.499,S2M
75,FC6,199,-3.011,S2M
75,FC6,200,-3.499,S2M
75,FC6,201,-4.476,S2M
75,FC6,202,-4.964,S2M
75,FC6,203,-4.476,S2M
75,FC6,204,-3.499,S2M
75,FC6,205,-1.546,S2M
75,FC6,206,-1.546,S2M
75,FC6,207,-2.523,S2M
75,FC6,208,-3.499,S2M
75,FC6,209,-3.988,S2M
75,FC6,210,-3.499,S2M
75,FC6,211,-2.523,S2M
75,FC6,212,-2.035,S2M
75,FC6,213,-3.011,S2M
75,FC6,214,-4.964,S2M
75,FC6,215,-6.917,S2M
75,FC6,216,-8.382,S2M
75,FC6,217,-8.870,S2M
75,FC6,218,-8.382,S2M
75,FC6,219,-7.406,S2M
75,FC6,220,-6.917,S2M
75,FC6,221,-6.429,S2M
75,FC6,222,-6.917,S2M
75,FC6,223,-7.406,S2M
75,FC6,224,-6.429,S2M
75,FC6,225,-3.988,S2M
75,FC6,226,-2.035,S2M
75,FC6,227,-0.570,S2M
75,FC6,228,-0.081,S2M
75,FC6,229,0.407,S2M
75,FC6,230,0.895,S2M
75,FC6,231,1.872,S2M
75,FC6,232,2.360,S2M
75,FC6,233,2.848,S2M
75,FC6,234,3.825,S2M
75,FC6,235,4.801,S2M
75,FC6,236,5.290,S2M
75,FC6,237,5.290,S2M
75,FC6,238,4.313,S2M
75,FC6,239,1.872,S2M
75,FC6,240,-0.570,S2M
75,FC6,241,-1.546,S2M
75,FC6,242,-1.058,S2M
75,FC6,243,0.407,S2M
75,FC6,244,1.383,S2M
75,FC6,245,1.872,S2M
75,FC6,246,1.383,S2M
75,FC6,247,1.383,S2M
75,FC6,248,0.895,S2M
75,FC6,249,0.895,S2M
75,FC6,250,0.407,S2M
75,FC6,251,-0.081,S2M
75,FC6,252,-1.546,S2M
75,FC6,253,-2.523,S2M
75,FC6,254,-3.011,S2M
75,FC6,255,-2.523,S2M
75,FC5,0,-0.875,S2M
75,FC5,1,-0.875,S2M
75,FC5,2,-1.363,S2M
75,FC5,3,-1.363,S2M
75,FC5,4,-1.363,S2M
75,FC5,5,-0.387,S2M
75,FC5,6,1.567,S2M
75,FC5,7,3.520,S2M
75,FC5,8,4.985,S2M
75,FC5,9,4.008,S2M
75,FC5,10,2.543,S2M
75,FC5,11,1.567,S2M
75,FC5,12,1.567,S2M
75,FC5,13,2.543,S2M
75,FC5,14,3.520,S2M
75,FC5,15,4.008,S2M
75,FC5,16,4.008,S2M
75,FC5,17,3.031,S2M
75,FC5,18,1.567,S2M
75,FC5,19,-0.387,S2M
75,FC5,20,-2.828,S2M
75,FC5,21,-3.805,S2M
75,FC5,22,-3.316,S2M
75,FC5,23,-1.363,S2M
75,FC5,24,1.078,S2M
75,FC5,25,2.055,S2M
75,FC5,26,0.590,S2M
75,FC5,27,-1.851,S2M
75,FC5,28,-4.293,S2M
75,FC5,29,-5.758,S2M
75,FC5,30,-4.781,S2M
75,FC5,31,-2.828,S2M
75,FC5,32,-0.875,S2M
75,FC5,33,0.590,S2M
75,FC5,34,1.078,S2M
75,FC5,35,1.078,S2M
75,FC5,36,1.078,S2M
75,FC5,37,1.567,S2M
75,FC5,38,0.590,S2M
75,FC5,39,-0.387,S2M
75,FC5,40,-1.851,S2M
75,FC5,41,-3.316,S2M
75,FC5,42,-3.805,S2M
75,FC5,43,-3.805,S2M
75,FC5,44,-4.293,S2M
75,FC5,45,-5.269,S2M
75,FC5,46,-6.734,S2M
75,FC5,47,-7.222,S2M
75,FC5,48,-7.222,S2M
75,FC5,49,-6.734,S2M
75,FC5,50,-6.734,S2M
75,FC5,51,-6.734,S2M
75,FC5,52,-6.246,S2M
75,FC5,53,-5.269,S2M
75,FC5,54,-3.805,S2M
75,FC5,55,-2.828,S2M
75,FC5,56,-2.340,S2M
75,FC5,57,-2.340,S2M
75,FC5,58,-1.851,S2M
75,FC5,59,-1.363,S2M
75,FC5,60,0.102,S2M
75,FC5,61,0.590,S2M
75,FC5,62,1.078,S2M
75,FC5,63,0.102,S2M
75,FC5,64,-1.363,S2M
75,FC5,65,-3.316,S2M
75,FC5,66,-5.269,S2M
75,FC5,67,-6.246,S2M
75,FC5,68,-7.222,S2M
75,FC5,69,-7.222,S2M
75,FC5,70,-6.734,S2M
75,FC5,71,-5.758,S2M
75,FC5,72,-4.293,S2M
75,FC5,73,-3.316,S2M
75,FC5,74,-3.805,S2M
75,FC5,75,-5.269,S2M
75,FC5,76,-7.222,S2M
75,FC5,77,-8.199,S2M
75,FC5,78,-7.711,S2M
75,FC5,79,-6.246,S2M
75,FC5,80,-4.781,S2M
75,FC5,81,-4.781,S2M
75,FC5,82,-5.269,S2M
75,FC5,83,-5.758,S2M
75,FC5,84,-5.758,S2M
75,FC5,85,-5.758,S2M
75,FC5,86,-6.246,S2M
75,FC5,87,-6.246,S2M
75,FC5,88,-5.758,S2M
75,FC5,89,-4.781,S2M
75,FC5,90,-3.316,S2M
75,FC5,91,-2.828,S2M
75,FC5,92,-3.316,S2M
75,FC5,93,-3.805,S2M
75,FC5,94,-3.805,S2M
75,FC5,95,-2.828,S2M
75,FC5,96,-2.340,S2M
75,FC5,97,-2.828,S2M
75,FC5,98,-4.293,S2M
75,FC5,99,-6.246,S2M
75,FC5,100,-7.222,S2M
75,FC5,101,-7.711,S2M
75,FC5,102,-6.734,S2M
75,FC5,103,-6.246,S2M
75,FC5,104,-5.269,S2M
75,FC5,105,-4.293,S2M
75,FC5,106,-3.316,S2M
75,FC5,107,-3.316,S2M
75,FC5,108,-3.316,S2M
75,FC5,109,-3.805,S2M
75,FC5,110,-3.805,S2M
75,FC5,111,-2.828,S2M
75,FC5,112,-1.363,S2M
75,FC5,113,0.590,S2M
75,FC5,114,1.078,S2M
75,FC5,115,1.078,S2M
75,FC5,116,0.590,S2M
75,FC5,117,0.590,S2M
75,FC5,118,0.590,S2M
75,FC5,119,0.590,S2M
75,FC5,120,-0.387,S2M
75,FC5,121,-1.363,S2M
75,FC5,122,-2.340,S2M
75,FC5,123,-2.340,S2M
75,FC5,124,-1.363,S2M
75,FC5,125,-0.387,S2M
75,FC5,126,1.078,S2M
75,FC5,127,1.078,S2M
75,FC5,128,0.590,S2M
75,FC5,129,0.590,S2M
75,FC5,130,0.102,S2M
75,FC5,131,0.590,S2M
75,FC5,132,1.078,S2M
75,FC5,133,1.567,S2M
75,FC5,134,2.543,S2M
75,FC5,135,4.496,S2M
75,FC5,136,5.961,S2M
75,FC5,137,6.938,S2M
75,FC5,138,6.938,S2M
75,FC5,139,5.473,S2M
75,FC5,140,3.520,S2M
75,FC5,141,2.543,S2M
75,FC5,142,2.543,S2M
75,FC5,143,3.520,S2M
75,FC5,144,4.496,S2M
75,FC5,145,4.496,S2M
75,FC5,146,4.008,S2M
75,FC5,147,3.520,S2M
75,FC5,148,2.543,S2M
75,FC5,149,2.543,S2M
75,FC5,150,2.055,S2M
75,FC5,151,2.543,S2M
75,FC5,152,2.543,S2M
75,FC5,153,2.543,S2M
75,FC5,154,2.543,S2M
75,FC5,155,0.590,S2M
75,FC5,156,-1.363,S2M
75,FC5,157,-4.293,S2M
75,FC5,158,-6.246,S2M
75,FC5,159,-7.222,S2M
75,FC5,160,-6.246,S2M
75,FC5,161,-5.269,S2M
75,FC5,162,-3.805,S2M
75,FC5,163,-4.293,S2M
75,FC5,164,-4.781,S2M
75,FC5,165,-5.269,S2M
75,FC5,166,-5.758,S2M
75,FC5,167,-4.781,S2M
75,FC5,168,-3.805,S2M
75,FC5,169,-3.316,S2M
75,FC5,170,-2.340,S2M
75,FC5,171,-1.363,S2M
75,FC5,172,0.102,S2M
75,FC5,173,1.078,S2M
75,FC5,174,0.102,S2M
75,FC5,175,-2.828,S2M
75,FC5,176,-5.758,S2M
75,FC5,177,-7.222,S2M
75,FC5,178,-6.734,S2M
75,FC5,179,-4.781,S2M
75,FC5,180,-3.805,S2M
75,FC5,181,-4.293,S2M
75,FC5,182,-5.269,S2M
75,FC5,183,-5.758,S2M
75,FC5,184,-5.269,S2M
75,FC5,185,-5.269,S2M
75,FC5,186,-5.758,S2M
75,FC5,187,-7.222,S2M
75,FC5,188,-8.199,S2M
75,FC5,189,-7.222,S2M
75,FC5,190,-5.758,S2M
75,FC5,191,-4.781,S2M
75,FC5,192,-5.269,S2M
75,FC5,193,-6.246,S2M
75,FC5,194,-7.222,S2M
75,FC5,195,-7.222,S2M
75,FC5,196,-6.246,S2M
75,FC5,197,-5.758,S2M
75,FC5,198,-6.246,S2M
75,FC5,199,-7.222,S2M
75,FC5,200,-7.711,S2M
75,FC5,201,-6.734,S2M
75,FC5,202,-5.269,S2M
75,FC5,203,-2.828,S2M
75,FC5,204,-1.851,S2M
75,FC5,205,-1.363,S2M
75,FC5,206,-2.340,S2M
75,FC5,207,-2.828,S2M
75,FC5,208,-3.316,S2M
75,FC5,209,-2.828,S2M
75,FC5,210,-2.340,S2M
75,FC5,211,-2.340,S2M
75,FC5,212,-2.828,S2M
75,FC5,213,-2.828,S2M
75,FC5,214,-2.828,S2M
75,FC5,215,-2.828,S2M
75,FC5,216,-2.828,S2M
75,FC5,217,-3.316,S2M
75,FC5,218,-3.316,S2M
75,FC5,219,-2.340,S2M
75,FC5,220,-1.363,S2M
75,FC5,221,1.078,S2M
75,FC5,222,1.567,S2M
75,FC5,223,1.567,S2M
75,FC5,224,0.590,S2M
75,FC5,225,0.102,S2M
75,FC5,226,0.102,S2M
75,FC5,227,0.590,S2M
75,FC5,228,0.590,S2M
75,FC5,229,1.078,S2M
75,FC5,230,2.055,S2M
75,FC5,231,3.520,S2M
75,FC5,232,4.985,S2M
75,FC5,233,5.961,S2M
75,FC5,234,5.961,S2M
75,FC5,235,5.473,S2M
75,FC5,236,4.985,S2M
75,FC5,237,4.496,S2M
75,FC5,238,4.496,S2M
75,FC5,239,4.496,S2M
75,FC5,240,4.008,S2M
75,FC5,241,3.031,S2M
75,FC5,242,1.078,S2M
75,FC5,243,-0.875,S2M
75,FC5,244,-2.340,S2M
75,FC5,245,-2.828,S2M
75,FC5,246,-3.316,S2M
75,FC5,247,-3.805,S2M
75,FC5,248,-4.293,S2M
75,FC5,249,-3.805,S2M
75,FC5,250,-2.828,S2M
75,FC5,251,-1.363,S2M
75,FC5,252,-0.387,S2M
75,FC5,253,0.102,S2M
75,FC5,254,0.590,S2M
75,FC5,255,1.078,S2M
75,FC2,0,-2.777,S2M
75,FC2,1,-2.777,S2M
75,FC2,2,-2.289,S2M
75,FC2,3,-1.801,S2M
75,FC2,4,-1.801,S2M
75,FC2,5,-1.801,S2M
75,FC2,6,-2.289,S2M
75,FC2,7,-2.289,S2M
75,FC2,8,-2.289,S2M
75,FC2,9,-2.777,S2M
75,FC2,10,-3.265,S2M
75,FC2,11,-3.265,S2M
75,FC2,12,-3.265,S2M
75,FC2,13,-2.289,S2M
75,FC2,14,-1.801,S2M
75,FC2,15,-1.312,S2M
75,FC2,16,-1.312,S2M
75,FC2,17,-1.312,S2M
75,FC2,18,-1.312,S2M
75,FC2,19,-1.312,S2M
75,FC2,20,-1.312,S2M
75,FC2,21,-0.336,S2M
75,FC2,22,0.153,S2M
75,FC2,23,0.641,S2M
75,FC2,24,1.129,S2M
75,FC2,25,2.106,S2M
75,FC2,26,2.594,S2M
75,FC2,27,3.571,S2M
75,FC2,28,3.571,S2M
75,FC2,29,3.571,S2M
75,FC2,30,2.594,S2M
75,FC2,31,2.106,S2M
75,FC2,32,1.617,S2M
75,FC2,33,1.617,S2M
75,FC2,34,1.617,S2M
75,FC2,35,1.617,S2M
75,FC2,36,2.106,S2M
75,FC2,37,2.594,S2M
75,FC2,38,3.082,S2M
75,FC2,39,3.082,S2M
75,FC2,40,2.594,S2M
75,FC2,41,2.106,S2M
75,FC2,42,2.106,S2M
75,FC2,43,2.106,S2M
75,FC2,44,2.106,S2M
75,FC2,45,1.617,S2M
75,FC2,46,0.641,S2M
75,FC2,47,-0.336,S2M
75,FC2,48,-1.312,S2M
75,FC2,49,-1.312,S2M
75,FC2,50,-1.312,S2M
75,FC2,51,-1.312,S2M
75,FC2,52,-0.336,S2M
75,FC2,53,0.153,S2M
75,FC2,54,0.641,S2M
75,FC2,55,0.641,S2M
75,FC2,56,0.641,S2M
75,FC2,57,0.641,S2M
75,FC2,58,0.641,S2M
75,FC2,59,1.129,S2M
75,FC2,60,1.129,S2M
75,FC2,61,1.129,S2M
75,FC2,62,0.153,S2M
75,FC2,63,-0.824,S2M
75,FC2,64,-1.312,S2M
75,FC2,65,-1.312,S2M
75,FC2,66,-1.312,S2M
75,FC2,67,-1.801,S2M
75,FC2,68,-2.289,S2M
75,FC2,69,-2.289,S2M
75,FC2,70,-1.312,S2M
75,FC2,71,-0.824,S2M
75,FC2,72,0.641,S2M
75,FC2,73,1.617,S2M
75,FC2,74,2.594,S2M
75,FC2,75,2.594,S2M
75,FC2,76,1.617,S2M
75,FC2,77,0.641,S2M
75,FC2,78,-0.336,S2M
75,FC2,79,-0.336,S2M
75,FC2,80,-0.824,S2M
75,FC2,81,-1.312,S2M
75,FC2,82,-1.801,S2M
75,FC2,83,-1.801,S2M
75,FC2,84,-1.312,S2M
75,FC2,85,-0.336,S2M
75,FC2,86,0.153,S2M
75,FC2,87,-0.336,S2M
75,FC2,88,-1.312,S2M
75,FC2,89,-2.289,S2M
75,FC2,90,-3.265,S2M
75,FC2,91,-4.242,S2M
75,FC2,92,-4.730,S2M
75,FC2,93,-4.242,S2M
75,FC2,94,-3.265,S2M
75,FC2,95,-1.801,S2M
75,FC2,96,-0.336,S2M
75,FC2,97,-0.336,S2M
75,FC2,98,-0.336,S2M
75,FC2,99,-1.312,S2M
75,FC2,100,-1.312,S2M
75,FC2,101,-1.312,S2M
75,FC2,102,-0.824,S2M
75,FC2,103,-0.336,S2M
75,FC2,104,-0.336,S2M
75,FC2,105,-0.336,S2M
75,FC2,106,-0.336,S2M
75,FC2,107,0.153,S2M
75,FC2,108,-0.336,S2M
75,FC2,109,0.153,S2M
75,FC2,110,0.641,S2M
75,FC2,111,1.129,S2M
75,FC2,112,1.617,S2M
75,FC2,113,1.617,S2M
75,FC2,114,1.617,S2M
75,FC2,115,1.617,S2M
75,FC2,116,1.129,S2M
75,FC2,117,1.129,S2M
75,FC2,118,0.641,S2M
75,FC2,119,0.641,S2M
75,FC2,120,0.153,S2M
75,FC2,121,0.641,S2M
75,FC2,122,0.641,S2M
75,FC2,123,1.617,S2M
75,FC2,124,1.617,S2M
75,FC2,125,2.106,S2M
75,FC2,126,2.106,S2M
75,FC2,127,2.106,S2M
75,FC2,128,1.617,S2M
75,FC2,129,0.641,S2M
75,FC2,130,-0.336,S2M
75,FC2,131,-0.824,S2M
75,FC2,132,-0.824,S2M
75,FC2,133,-1.312,S2M
75,FC2,134,-1.312,S2M
75,FC2,135,-0.824,S2M
75,FC2,136,0.153,S2M
75,FC2,137,0.641,S2M
75,FC2,138,0.641,S2M
75,FC2,139,0.641,S2M
75,FC2,140,0.641,S2M
75,FC2,141,0.153,S2M
75,FC2,142,-0.336,S2M
75,FC2,143,-0.824,S2M
75,FC2,144,-0.824,S2M
75,FC2,145,-0.336,S2M
75,FC2,146,0.641,S2M
75,FC2,147,1.617,S2M
75,FC2,148,2.106,S2M
75,FC2,149,2.594,S2M
75,FC2,150,2.106,S2M
75,FC2,151,1.129,S2M
75,FC2,152,0.153,S2M
75,FC2,153,-0.824,S2M
75,FC2,154,-1.312,S2M
75,FC2,155,-1.312,S2M
75,FC2,156,-1.312,S2M
75,FC2,157,-1.312,S2M
75,FC2,158,-1.312,S2M
75,FC2,159,-1.312,S2M
75,FC2,160,-0.824,S2M
75,FC2,161,-0.336,S2M
75,FC2,162,0.641,S2M
75,FC2,163,1.129,S2M
75,FC2,164,1.129,S2M
75,FC2,165,0.641,S2M
75,FC2,166,-0.336,S2M
75,FC2,167,-0.824,S2M
75,FC2,168,-0.336,S2M
75,FC2,169,-0.336,S2M
75,FC2,170,0.153,S2M
75,FC2,171,0.153,S2M
75,FC2,172,0.641,S2M
75,FC2,173,1.617,S2M
75,FC2,174,1.617,S2M
75,FC2,175,1.617,S2M
75,FC2,176,0.641,S2M
75,FC2,177,-0.824,S2M
75,FC2,178,-1.801,S2M
75,FC2,179,-2.777,S2M
75,FC2,180,-2.777,S2M
75,FC2,181,-2.777,S2M
75,FC2,182,-2.289,S2M
75,FC2,183,-1.312,S2M
75,FC2,184,0.153,S2M
75,FC2,185,1.129,S2M
75,FC2,186,1.129,S2M
75,FC2,187,0.153,S2M
75,FC2,188,-1.312,S2M
75,FC2,189,-2.289,S2M
75,FC2,190,-2.777,S2M
75,FC2,191,-2.777,S2M
75,FC2,192,-2.289,S2M
75,FC2,193,-2.289,S2M
75,FC2,194,-2.289,S2M
75,FC2,195,-2.289,S2M
75,FC2,196,-2.289,S2M
75,FC2,197,-1.801,S2M
75,FC2,198,-1.312,S2M
75,FC2,199,-0.824,S2M
75,FC2,200,-1.312,S2M
75,FC2,201,-2.289,S2M
75,FC2,202,-2.777,S2M
75,FC2,203,-3.265,S2M
75,FC2,204,-2.289,S2M
75,FC2,205,-0.824,S2M
75,FC2,206,0.153,S2M
75,FC2,207,0.153,S2M
75,FC2,208,-0.336,S2M
75,FC2,209,-0.336,S2M
75,FC2,210,-0.336,S2M
75,FC2,211,0.641,S2M
75,FC2,212,1.129,S2M
75,FC2,213,0.641,S2M
75,FC2,214,0.153,S2M
75,FC2,215,-0.824,S2M
75,FC2,216,-1.312,S2M
75,FC2,217,-1.801,S2M
75,FC2,218,-1.801,S2M
75,FC2,219,-2.289,S2M
75,FC2,220,-3.265,S2M
75,FC2,221,-4.242,S2M
75,FC2,222,-4.730,S2M
75,FC2,223,-4.242,S2M
75,FC2,224,-3.754,S2M
75,FC2,225,-2.777,S2M
75,FC2,226,-2.289,S2M
75,FC2,227,-2.289,S2M
75,FC2,228,-2.777,S2M
75,FC2,229,-2.777,S2M
75,FC2,230,-1.312,S2M
75,FC2,231,-0.336,S2M
75,FC2,232,0.641,S2M
75,FC2,233,1.129,S2M
75,FC2,234,1.129,S2M
75,FC2,235,1.129,S2M
75,FC2,236,2.106,S2M
75,FC2,237,3.082,S2M
75,FC2,238,3.082,S2M
75,FC2,239,2.594,S2M
75,FC2,240,2.106,S2M
75,FC2,241,1.617,S2M
75,FC2,242,1.617,S2M
75,FC2,243,1.617,S2M
75,FC2,244,1.617,S2M
75,FC2,245,0.641,S2M
75,FC2,246,0.641,S2M
75,FC2,247,1.129,S2M
75,FC2,248,1.617,S2M
75,FC2,249,2.594,S2M
75,FC2,250,2.594,S2M
75,FC2,251,2.594,S2M
75,FC2,252,1.129,S2M
75,FC2,253,-0.336,S2M
75,FC2,254,-1.312,S2M
75,FC2,255,-1.801,S2M
75,FC1,0,-2.604,S2M
75,FC1,1,-2.604,S2M
75,FC1,2,-3.092,S2M
75,FC1,3,-2.604,S2M
75,FC1,4,-1.628,S2M
75,FC1,5,-0.651,S2M
75,FC1,6,0.326,S2M
75,FC1,7,1.302,S2M
75,FC1,8,0.814,S2M
75,FC1,9,0.326,S2M
75,FC1,10,-0.651,S2M
75,FC1,11,-1.139,S2M
75,FC1,12,-0.651,S2M
75,FC1,13,-0.163,S2M
75,FC1,14,1.302,S2M
75,FC1,15,2.279,S2M
75,FC1,16,2.767,S2M
75,FC1,17,2.279,S2M
75,FC1,18,1.302,S2M
75,FC1,19,-0.651,S2M
75,FC1,20,-2.604,S2M
75,FC1,21,-3.092,S2M
75,FC1,22,-2.116,S2M
75,FC1,23,-1.139,S2M
75,FC1,24,-0.163,S2M
75,FC1,25,0.326,S2M
75,FC1,26,-0.163,S2M
75,FC1,27,-1.139,S2M
75,FC1,28,-1.628,S2M
75,FC1,29,-2.116,S2M
75,FC1,30,-2.604,S2M
75,FC1,31,-2.604,S2M
75,FC1,32,-2.116,S2M
75,FC1,33,-1.139,S2M
75,FC1,34,-0.651,S2M
75,FC1,35,-0.163,S2M
75,FC1,36,0.326,S2M
75,FC1,37,0.326,S2M
75,FC1,38,0.814,S2M
75,FC1,39,0.326,S2M
75,FC1,40,-0.163,S2M
75,FC1,41,-0.651,S2M
75,FC1,42,-0.651,S2M
75,FC1,43,-0.651,S2M
75,FC1,44,-0.651,S2M
75,FC1,45,-0.163,S2M
75,FC1,46,-0.651,S2M
75,FC1,47,-1.139,S2M
75,FC1,48,-1.628,S2M
75,FC1,49,-1.628,S2M
75,FC1,50,-2.116,S2M
75,FC1,51,-2.116,S2M
75,FC1,52,-1.628,S2M
75,FC1,53,-1.139,S2M
75,FC1,54,-0.651,S2M
75,FC1,55,-0.163,S2M
75,FC1,56,0.326,S2M
75,FC1,57,-0.163,S2M
75,FC1,58,-0.163,S2M
75,FC1,59,-0.163,S2M
75,FC1,60,0.326,S2M
75,FC1,61,0.814,S2M
75,FC1,62,0.814,S2M
75,FC1,63,0.326,S2M
75,FC1,64,-0.163,S2M
75,FC1,65,-0.651,S2M
75,FC1,66,-0.651,S2M
75,FC1,67,-0.651,S2M
75,FC1,68,-0.651,S2M
75,FC1,69,-0.651,S2M
75,FC1,70,-1.139,S2M
75,FC1,71,-1.139,S2M
75,FC1,72,-0.163,S2M
75,FC1,73,0.814,S2M
75,FC1,74,1.302,S2M
75,FC1,75,1.790,S2M
75,FC1,76,0.814,S2M
75,FC1,77,-0.163,S2M
75,FC1,78,-1.139,S2M
75,FC1,79,-1.139,S2M
75,FC1,80,-1.139,S2M
75,FC1,81,-1.139,S2M
75,FC1,82,-1.139,S2M
75,FC1,83,-1.628,S2M
75,FC1,84,-1.628,S2M
75,FC1,85,-1.139,S2M
75,FC1,86,-0.651,S2M
75,FC1,87,-0.651,S2M
75,FC1,88,-1.628,S2M
75,FC1,89,-2.604,S2M
75,FC1,90,-3.092,S2M
75,FC1,91,-3.581,S2M
75,FC1,92,-3.581,S2M
75,FC1,93,-3.092,S2M
75,FC1,94,-2.116,S2M
75,FC1,95,-1.139,S2M
75,FC1,96,-1.139,S2M
75,FC1,97,-2.116,S2M
75,FC1,98,-3.092,S2M
75,FC1,99,-4.069,S2M
75,FC1,100,-4.069,S2M
75,FC1,101,-3.581,S2M
75,FC1,102,-3.092,S2M
75,FC1,103,-2.604,S2M
75,FC1,104,-2.116,S2M
75,FC1,105,-1.139,S2M
75,FC1,106,-0.163,S2M
75,FC1,107,-0.163,S2M
75,FC1,108,-1.139,S2M
75,FC1,109,-1.628,S2M
75,FC1,110,-1.628,S2M
75,FC1,111,-1.139,S2M
75,FC1,112,-0.651,S2M
75,FC1,113,-0.651,S2M
75,FC1,114,-1.139,S2M
75,FC1,115,-1.139,S2M
75,FC1,116,-0.651,S2M
75,FC1,117,-0.163,S2M
75,FC1,118,-0.163,S2M
75,FC1,119,-0.163,S2M
75,FC1,120,-0.651,S2M
75,FC1,121,-1.628,S2M
75,FC1,122,-1.628,S2M
75,FC1,123,-1.139,S2M
75,FC1,124,-0.163,S2M
75,FC1,125,0.814,S2M
75,FC1,126,1.302,S2M
75,FC1,127,0.814,S2M
75,FC1,128,0.814,S2M
75,FC1,129,0.326,S2M
75,FC1,130,0.326,S2M
75,FC1,131,0.326,S2M
75,FC1,132,-0.163,S2M
75,FC1,133,-0.651,S2M
75,FC1,134,-0.163,S2M
75,FC1,135,0.326,S2M
75,FC1,136,1.302,S2M
75,FC1,137,1.790,S2M
75,FC1,138,1.790,S2M
75,FC1,139,0.814,S2M
75,FC1,140,-0.163,S2M
75,FC1,141,-0.163,S2M
75,FC1,142,-0.163,S2M
75,FC1,143,0.326,S2M
75,FC1,144,0.814,S2M
75,FC1,145,0.814,S2M
75,FC1,146,1.302,S2M
75,FC1,147,1.302,S2M
75,FC1,148,1.790,S2M
75,FC1,149,1.302,S2M
75,FC1,150,0.814,S2M
75,FC1,151,0.814,S2M
75,FC1,152,1.302,S2M
75,FC1,153,1.302,S2M
75,FC1,154,0.814,S2M
75,FC1,155,-0.163,S2M
75,FC1,156,-1.139,S2M
75,FC1,157,-2.116,S2M
75,FC1,158,-2.116,S2M
75,FC1,159,-2.604,S2M
75,FC1,160,-2.116,S2M
75,FC1,161,-2.116,S2M
75,FC1,162,-1.628,S2M
75,FC1,163,-1.628,S2M
75,FC1,164,-1.628,S2M
75,FC1,165,-2.116,S2M
75,FC1,166,-2.116,S2M
75,FC1,167,-1.628,S2M
75,FC1,168,-0.163,S2M
75,FC1,169,0.814,S2M
75,FC1,170,0.814,S2M
75,FC1,171,0.814,S2M
75,FC1,172,0.326,S2M
75,FC1,173,0.326,S2M
75,FC1,174,0.814,S2M
75,FC1,175,0.814,S2M
75,FC1,176,0.326,S2M
75,FC1,177,-0.651,S2M
75,FC1,178,-1.139,S2M
75,FC1,179,-1.139,S2M
75,FC1,180,-0.651,S2M
75,FC1,181,-1.139,S2M
75,FC1,182,-1.139,S2M
75,FC1,183,-1.628,S2M
75,FC1,184,-1.628,S2M
75,FC1,185,-1.628,S2M
75,FC1,186,-2.116,S2M
75,FC1,187,-2.116,S2M
75,FC1,188,-2.604,S2M
75,FC1,189,-3.092,S2M
75,FC1,190,-2.604,S2M
75,FC1,191,-2.604,S2M
75,FC1,192,-2.604,S2M
75,FC1,193,-2.604,S2M
75,FC1,194,-2.604,S2M
75,FC1,195,-2.604,S2M
75,FC1,196,-3.092,S2M
75,FC1,197,-3.092,S2M
75,FC1,198,-2.604,S2M
75,FC1,199,-2.604,S2M
75,FC1,200,-2.604,S2M
75,FC1,201,-3.581,S2M
75,FC1,202,-3.581,S2M
75,FC1,203,-3.092,S2M
75,FC1,204,-2.116,S2M
75,FC1,205,-1.139,S2M
75,FC1,206,-1.139,S2M
75,FC1,207,-1.628,S2M
75,FC1,208,-1.628,S2M
75,FC1,209,-1.139,S2M
75,FC1,210,0.326,S2M
75,FC1,211,0.814,S2M
75,FC1,212,0.814,S2M
75,FC1,213,0.326,S2M
75,FC1,214,-0.163,S2M
75,FC1,215,-0.651,S2M
75,FC1,216,-0.651,S2M
75,FC1,217,-0.163,S2M
75,FC1,218,-0.651,S2M
75,FC1,219,-0.651,S2M
75,FC1,220,-1.139,S2M
75,FC1,221,-1.628,S2M
75,FC1,222,-1.628,S2M
75,FC1,223,-1.628,S2M
75,FC1,224,-1.628,S2M
75,FC1,225,-1.628,S2M
75,FC1,226,-2.116,S2M
75,FC1,227,-2.604,S2M
75,FC1,228,-3.092,S2M
75,FC1,229,-2.604,S2M
75,FC1,230,-1.628,S2M
75,FC1,231,-0.651,S2M
75,FC1,232,0.326,S2M
75,FC1,233,-0.163,S2M
75,FC1,234,-0.163,S2M
75,FC1,235,0.326,S2M
75,FC1,236,0.814,S2M
75,FC1,237,1.302,S2M
75,FC1,238,1.302,S2M
75,FC1,239,1.790,S2M
75,FC1,240,1.790,S2M
75,FC1,241,2.279,S2M
75,FC1,242,1.790,S2M
75,FC1,243,1.302,S2M
75,FC1,244,-0.163,S2M
75,FC1,245,-1.139,S2M
75,FC1,246,-1.628,S2M
75,FC1,247,-1.628,S2M
75,FC1,248,-1.139,S2M
75,FC1,249,-0.163,S2M
75,FC1,250,0.814,S2M
75,FC1,251,1.302,S2M
75,FC1,252,1.302,S2M
75,FC1,253,0.326,S2M
75,FC1,254,-0.651,S2M
75,FC1,255,-1.628,S2M
75,T8,0,6.531,S2M
75,T8,1,-1.770,S2M
75,T8,2,-9.094,S2M
75,T8,3,-10.071,S2M
75,T8,4,-5.676,S2M
75,T8,5,2.136,S2M
75,T8,6,7.019,S2M
75,T8,7,5.066,S2M
75,T8,8,-2.747,S2M
75,T8,9,-11.047,S2M
75,T8,10,-14.954,S2M
75,T8,11,-12.024,S2M
75,T8,12,-6.165,S2M
75,T8,13,-0.305,S2M
75,T8,14,1.648,S2M
75,T8,15,-0.793,S2M
75,T8,16,-4.700,S2M
75,T8,17,-6.653,S2M
75,T8,18,-5.188,S2M
75,T8,19,-0.793,S2M
75,T8,20,3.113,S2M
75,T8,21,4.089,S2M
75,T8,22,2.136,S2M
75,T8,23,-1.282,S2M
75,T8,24,-3.723,S2M
75,T8,25,-2.747,S2M
75,T8,26,0.671,S2M
75,T8,27,5.066,S2M
75,T8,28,6.531,S2M
75,T8,29,4.578,S2M
75,T8,30,1.160,S2M
75,T8,31,0.183,S2M
75,T8,32,2.625,S2M
75,T8,33,7.019,S2M
75,T8,34,10.437,S2M
75,T8,35,8.972,S2M
75,T8,36,4.089,S2M
75,T8,37,-2.258,S2M
75,T8,38,-5.676,S2M
75,T8,39,-4.700,S2M
75,T8,40,-0.305,S2M
75,T8,41,3.601,S2M
75,T8,42,5.066,S2M
75,T8,43,3.601,S2M
75,T8,44,0.183,S2M
75,T8,45,-3.723,S2M
75,T8,46,-6.653,S2M
75,T8,47,-8.606,S2M
75,T8,48,-10.559,S2M
75,T8,49,-12.024,S2M
75,T8,50,-12.512,S2M
75,T8,51,-12.512,S2M
75,T8,52,-11.536,S2M
75,T8,53,-10.071,S2M
75,T8,54,-8.118,S2M
75,T8,55,-4.700,S2M
75,T8,56,-1.282,S2M
75,T8,57,2.136,S2M
75,T8,58,2.625,S2M
75,T8,59,-0.305,S2M
75,T8,60,-4.700,S2M
75,T8,61,-9.094,S2M
75,T8,62,-12.024,S2M
75,T8,63,-13.000,S2M
75,T8,64,-14.465,S2M
75,T8,65,-16.418,S2M
75,T8,66,-17.883,S2M
75,T8,67,-16.907,S2M
75,T8,68,-12.512,S2M
75,T8,69,-7.629,S2M
75,T8,70,-4.700,S2M
75,T8,71,-4.700,S2M
75,T8,72,-7.141,S2M
75,T8,73,-9.583,S2M
75,T8,74,-11.047,S2M
75,T8,75,-13.000,S2M
75,T8,76,-14.954,S2M
75,T8,77,-16.418,S2M
75,T8,78,-15.442,S2M
75,T8,79,-11.536,S2M
75,T8,80,-5.676,S2M
75,T8,81,-3.235,S2M
75,T8,82,-6.165,S2M
75,T8,83,-13.000,S2M
75,T8,84,-19.348,S2M
75,T8,85,-20.813,S2M
75,T8,86,-17.395,S2M
75,T8,87,-13.489,S2M
75,T8,88,-13.489,S2M
75,T8,89,-18.860,S2M
75,T8,90,-25.696,S2M
75,T8,91,-28.625,S2M
75,T8,92,-22.766,S2M
75,T8,93,-10.559,S2M
75,T8,94,1.160,S2M
75,T8,95,5.554,S2M
75,T8,96,1.648,S2M
75,T8,97,-7.141,S2M
75,T8,98,-12.512,S2M
75,T8,99,-11.047,S2M
75,T8,100,-5.188,S2M
75,T8,101,-0.793,S2M
75,T8,102,-1.770,S2M
75,T8,103,-7.141,S2M
75,T8,104,-11.047,S2M
75,T8,105,-11.536,S2M
75,T8,106,-9.094,S2M
75,T8,107,-7.629,S2M
75,T8,108,-9.094,S2M
75,T8,109,-11.047,S2M
75,T8,110,-11.047,S2M
75,T8,111,-6.165,S2M
75,T8,112,0.183,S2M
75,T8,113,4.578,S2M
75,T8,114,4.578,S2M
75,T8,115,1.648,S2M
75,T8,116,-2.747,S2M
75,T8,117,-5.676,S2M
75,T8,118,-5.676,S2M
75,T8,119,-4.700,S2M
75,T8,120,-4.211,S2M
75,T8,121,-5.188,S2M
75,T8,122,-6.165,S2M
75,T8,123,-6.653,S2M
75,T8,124,-5.676,S2M
75,T8,125,-3.235,S2M
75,T8,126,-1.282,S2M
75,T8,127,-0.793,S2M
75,T8,128,-2.747,S2M
75,T8,129,-6.165,S2M
75,T8,130,-9.583,S2M
75,T8,131,-11.047,S2M
75,T8,132,-10.071,S2M
75,T8,133,-7.141,S2M
75,T8,134,-4.700,S2M
75,T8,135,-4.211,S2M
75,T8,136,-5.188,S2M
75,T8,137,-6.165,S2M
75,T8,138,-5.676,S2M
75,T8,139,-2.747,S2M
75,T8,140,1.160,S2M
75,T8,141,3.113,S2M
75,T8,142,1.160,S2M
75,T8,143,-3.723,S2M
75,T8,144,-9.583,S2M
75,T8,145,-13.000,S2M
75,T8,146,-12.024,S2M
75,T8,147,-8.606,S2M
75,T8,148,-5.676,S2M
75,T8,149,-4.211,S2M
75,T8,150,-3.723,S2M
75,T8,151,-3.235,S2M
75,T8,152,-0.305,S2M
75,T8,153,1.648,S2M
75,T8,154,1.160,S2M
75,T8,155,-2.258,S2M
75,T8,156,-7.141,S2M
75,T8,157,-11.047,S2M
75,T8,158,-11.536,S2M
75,T8,159,-8.118,S2M
75,T8,160,-3.235,S2M
75,T8,161,0.671,S2M
75,T8,162,1.160,S2M
75,T8,163,-2.258,S2M
75,T8,164,-9.094,S2M
75,T8,165,-14.465,S2M
75,T8,166,-15.442,S2M
75,T8,167,-11.536,S2M
75,T8,168,-4.700,S2M
75,T8,169,0.671,S2M
75,T8,170,0.671,S2M
75,T8,171,-4.211,S2M
75,T8,172,-11.047,S2M
75,T8,173,-13.977,S2M
75,T8,174,-11.047,S2M
75,T8,175,-3.723,S2M
75,T8,176,2.625,S2M
75,T8,177,3.113,S2M
75,T8,178,-2.747,S2M
75,T8,179,-10.071,S2M
75,T8,180,-13.000,S2M
75,T8,181,-10.559,S2M
75,T8,182,-4.700,S2M
75,T8,183,-0.305,S2M
75,T8,184,-0.793,S2M
75,T8,185,-4.700,S2M
75,T8,186,-8.118,S2M
75,T8,187,-9.094,S2M
75,T8,188,-6.653,S2M
75,T8,189,-4.211,S2M
75,T8,190,-3.235,S2M
75,T8,191,-4.211,S2M
75,T8,192,-6.165,S2M
75,T8,193,-8.118,S2M
75,T8,194,-9.094,S2M
75,T8,195,-8.118,S2M
75,T8,196,-5.676,S2M
75,T8,197,-2.747,S2M
75,T8,198,-1.282,S2M
75,T8,199,-2.258,S2M
75,T8,200,-6.165,S2M
75,T8,201,-8.606,S2M
75,T8,202,-7.629,S2M
75,T8,203,-2.258,S2M
75,T8,204,2.625,S2M
75,T8,205,4.578,S2M
75,T8,206,2.136,S2M
75,T8,207,-1.282,S2M
75,T8,208,-3.235,S2M
75,T8,209,-3.235,S2M
75,T8,210,-2.747,S2M
75,T8,211,-4.211,S2M
75,T8,212,-7.629,S2M
75,T8,213,-9.583,S2M
75,T8,214,-10.559,S2M
75,T8,215,-10.071,S2M
75,T8,216,-10.559,S2M
75,T8,217,-11.047,S2M
75,T8,218,-10.559,S2M
75,T8,219,-7.141,S2M
75,T8,220,-2.258,S2M
75,T8,221,1.160,S2M
75,T8,222,1.160,S2M
75,T8,223,-1.282,S2M
75,T8,224,-5.188,S2M
75,T8,225,-8.118,S2M
75,T8,226,-9.094,S2M
75,T8,227,-7.141,S2M
75,T8,228,-2.258,S2M
75,T8,229,5.066,S2M
75,T8,230,12.878,S2M
75,T8,231,17.273,S2M
75,T8,232,15.808,S2M
75,T8,233,9.949,S2M
75,T8,234,4.089,S2M
75,T8,235,2.625,S2M
75,T8,236,6.042,S2M
75,T8,237,9.460,S2M
75,T8,238,8.484,S2M
75,T8,239,2.625,S2M
75,T8,240,-4.700,S2M
75,T8,241,-7.141,S2M
75,T8,242,-3.235,S2M
75,T8,243,3.113,S2M
75,T8,244,7.507,S2M
75,T8,245,7.507,S2M
75,T8,246,4.578,S2M
75,T8,247,1.648,S2M
75,T8,248,0.671,S2M
75,T8,249,-1.282,S2M
75,T8,250,-4.700,S2M
75,T8,251,-9.094,S2M
75,T8,252,-11.047,S2M
75,T8,253,-6.653,S2M
75,T8,254,2.625,S2M
75,T8,255,11.414,S2M
75,T7,0,-3.377,S2M
75,T7,1,-6.795,S2M
75,T7,2,-6.307,S2M
75,T7,3,-0.448,S2M
75,T7,4,6.388,S2M
75,T7,5,11.271,S2M
75,T7,6,11.271,S2M
75,T7,7,7.365,S2M
75,T7,8,2.482,S2M
75,T7,9,0.041,S2M
75,T7,10,0.529,S2M
75,T7,11,1.994,S2M
75,T7,12,2.970,S2M
75,T7,13,1.994,S2M
75,T7,14,1.017,S2M
75,T7,15,0.529,S2M
75,T7,16,1.017,S2M
75,T7,17,0.529,S2M
75,T7,18,-1.424,S2M
75,T7,19,-3.377,S2M
75,T7,20,-3.377,S2M
75,T7,21,-0.448,S2M
75,T7,22,3.947,S2M
75,T7,23,6.877,S2M
75,T7,24,6.388,S2M
75,T7,25,2.482,S2M
75,T7,26,-0.936,S2M
75,T7,27,-1.912,S2M
75,T7,28,0.041,S2M
75,T7,29,1.994,S2M
75,T7,30,1.994,S2M
75,T7,31,0.041,S2M
75,T7,32,-2.401,S2M
75,T7,33,-2.401,S2M
75,T7,34,-0.936,S2M
75,T7,35,1.017,S2M
75,T7,36,0.529,S2M
75,T7,37,-1.424,S2M
75,T7,38,-3.866,S2M
75,T7,39,-3.866,S2M
75,T7,40,-1.424,S2M
75,T7,41,1.017,S2M
75,T7,42,1.017,S2M
75,T7,43,-1.912,S2M
75,T7,44,-5.819,S2M
75,T7,45,-8.748,S2M
75,T7,46,-8.748,S2M
75,T7,47,-7.284,S2M
75,T7,48,-7.772,S2M
75,T7,49,-10.701,S2M
75,T7,50,-13.143,S2M
75,T7,51,-13.631,S2M
75,T7,52,-11.190,S2M
75,T7,53,-8.260,S2M
75,T7,54,-6.795,S2M
75,T7,55,-5.819,S2M
75,T7,56,-4.354,S2M
75,T7,57,-0.936,S2M
75,T7,58,3.459,S2M
75,T7,59,6.388,S2M
75,T7,60,5.412,S2M
75,T7,61,1.017,S2M
75,T7,62,-3.377,S2M
75,T7,63,-5.330,S2M
75,T7,64,-4.354,S2M
75,T7,65,-2.889,S2M
75,T7,66,-3.866,S2M
75,T7,67,-7.284,S2M
75,T7,68,-11.678,S2M
75,T7,69,-13.631,S2M
75,T7,70,-12.655,S2M
75,T7,71,-9.725,S2M
75,T7,72,-6.795,S2M
75,T7,73,-6.307,S2M
75,T7,74,-7.284,S2M
75,T7,75,-8.748,S2M
75,T7,76,-10.701,S2M
75,T7,77,-11.678,S2M
75,T7,78,-11.678,S2M
75,T7,79,-10.701,S2M
75,T7,80,-8.748,S2M
75,T7,81,-8.260,S2M
75,T7,82,-8.260,S2M
75,T7,83,-9.725,S2M
75,T7,84,-10.213,S2M
75,T7,85,-9.237,S2M
75,T7,86,-7.284,S2M
75,T7,87,-5.330,S2M
75,T7,88,-5.819,S2M
75,T7,89,-8.260,S2M
75,T7,90,-10.213,S2M
75,T7,91,-9.237,S2M
75,T7,92,-4.842,S2M
75,T7,93,0.041,S2M
75,T7,94,1.506,S2M
75,T7,95,-1.424,S2M
75,T7,96,-6.795,S2M
75,T7,97,-10.701,S2M
75,T7,98,-10.213,S2M
75,T7,99,-6.307,S2M
75,T7,100,-3.377,S2M
75,T7,101,-2.401,S2M
75,T7,102,-4.842,S2M
75,T7,103,-7.284,S2M
75,T7,104,-8.260,S2M
75,T7,105,-7.284,S2M
75,T7,106,-6.307,S2M
75,T7,107,-7.284,S2M
75,T7,108,-9.237,S2M
75,T7,109,-9.725,S2M
75,T7,110,-7.284,S2M
75,T7,111,-3.377,S2M
75,T7,112,0.041,S2M
75,T7,113,1.994,S2M
75,T7,114,1.506,S2M
75,T7,115,1.506,S2M
75,T7,116,1.017,S2M
75,T7,117,1.994,S2M
75,T7,118,1.994,S2M
75,T7,119,1.506,S2M
75,T7,120,0.529,S2M
75,T7,121,-0.448,S2M
75,T7,122,-0.448,S2M
75,T7,123,0.529,S2M
75,T7,124,1.017,S2M
75,T7,125,1.506,S2M
75,T7,126,1.506,S2M
75,T7,127,0.529,S2M
75,T7,128,0.041,S2M
75,T7,129,-0.936,S2M
75,T7,130,-0.936,S2M
75,T7,131,-0.448,S2M
75,T7,132,1.017,S2M
75,T7,133,2.482,S2M
75,T7,134,4.924,S2M
75,T7,135,6.388,S2M
75,T7,136,7.365,S2M
75,T7,137,7.853,S2M
75,T7,138,8.341,S2M
75,T7,139,7.853,S2M
75,T7,140,7.853,S2M
75,T7,141,7.365,S2M
75,T7,142,6.388,S2M
75,T7,143,4.924,S2M
75,T7,144,4.435,S2M
75,T7,145,4.435,S2M
75,T7,146,4.435,S2M
75,T7,147,4.924,S2M
75,T7,148,3.947,S2M
75,T7,149,1.506,S2M
75,T7,150,-0.448,S2M
75,T7,151,-1.424,S2M
75,T7,152,-1.424,S2M
75,T7,153,-0.448,S2M
75,T7,154,-0.448,S2M
75,T7,155,-1.912,S2M
75,T7,156,-4.842,S2M
75,T7,157,-7.284,S2M
75,T7,158,-7.772,S2M
75,T7,159,-6.307,S2M
75,T7,160,-4.354,S2M
75,T7,161,-2.889,S2M
75,T7,162,-3.377,S2M
75,T7,163,-5.819,S2M
75,T7,164,-8.260,S2M
75,T7,165,-9.725,S2M
75,T7,166,-9.237,S2M
75,T7,167,-7.284,S2M
75,T7,168,-4.842,S2M
75,T7,169,-3.377,S2M
75,T7,170,-3.377,S2M
75,T7,171,-5.819,S2M
75,T7,172,-7.284,S2M
75,T7,173,-6.795,S2M
75,T7,174,-3.866,S2M
75,T7,175,0.041,S2M
75,T7,176,1.994,S2M
75,T7,177,1.017,S2M
75,T7,178,-3.377,S2M
75,T7,179,-8.260,S2M
75,T7,180,-10.701,S2M
75,T7,181,-9.725,S2M
75,T7,182,-6.795,S2M
75,T7,183,-3.377,S2M
75,T7,184,-2.401,S2M
75,T7,185,-3.377,S2M
75,T7,186,-5.330,S2M
75,T7,187,-6.795,S2M
75,T7,188,-8.260,S2M
75,T7,189,-9.725,S2M
75,T7,190,-11.678,S2M
75,T7,191,-14.608,S2M
75,T7,192,-15.096,S2M
75,T7,193,-13.143,S2M
75,T7,194,-8.260,S2M
75,T7,195,-3.866,S2M
75,T7,196,-2.401,S2M
75,T7,197,-2.889,S2M
75,T7,198,-4.842,S2M
75,T7,199,-5.819,S2M
75,T7,200,-5.330,S2M
75,T7,201,-3.377,S2M
75,T7,202,-0.936,S2M
75,T7,203,0.529,S2M
75,T7,204,0.529,S2M
75,T7,205,-0.936,S2M
75,T7,206,-3.866,S2M
75,T7,207,-6.795,S2M
75,T7,208,-8.748,S2M
75,T7,209,-9.237,S2M
75,T7,210,-7.284,S2M
75,T7,211,-4.842,S2M
75,T7,212,-2.401,S2M
75,T7,213,-1.912,S2M
75,T7,214,-3.866,S2M
75,T7,215,-7.772,S2M
75,T7,216,-10.701,S2M
75,T7,217,-11.190,S2M
75,T7,218,-7.772,S2M
75,T7,219,-3.377,S2M
75,T7,220,0.529,S2M
75,T7,221,1.994,S2M
75,T7,222,1.017,S2M
75,T7,223,0.041,S2M
75,T7,224,0.041,S2M
75,T7,225,0.529,S2M
75,T7,226,1.506,S2M
75,T7,227,2.970,S2M
75,T7,228,3.459,S2M
75,T7,229,3.947,S2M
75,T7,230,4.924,S2M
75,T7,231,5.900,S2M
75,T7,232,6.388,S2M
75,T7,233,7.365,S2M
75,T7,234,7.365,S2M
75,T7,235,7.365,S2M
75,T7,236,5.412,S2M
75,T7,237,2.482,S2M
75,T7,238,-0.448,S2M
75,T7,239,-0.936,S2M
75,T7,240,1.017,S2M
75,T7,241,4.435,S2M
75,T7,242,6.388,S2M
75,T7,243,5.412,S2M
75,T7,244,1.506,S2M
75,T7,245,-4.354,S2M
75,T7,246,-9.237,S2M
75,T7,247,-11.190,S2M
75,T7,248,-10.701,S2M
75,T7,249,-8.260,S2M
75,T7,250,-5.819,S2M
75,T7,251,-4.354,S2M
75,T7,252,-3.377,S2M
75,T7,253,-2.401,S2M
75,T7,254,-0.448,S2M
75,T7,255,1.506,S2M
75,CZ,0,6.032,S2M
75,CZ,1,3.591,S2M
75,CZ,2,0.661,S2M
75,CZ,3,-2.757,S2M
75,CZ,4,-7.151,S2M
75,CZ,5,-11.058,S2M
75,CZ,6,-11.058,S2M
75,CZ,7,-5.686,S2M
75,CZ,8,3.103,S2M
75,CZ,9,11.403,S2M
75,CZ,10,14.333,S2M
75,CZ,11,9.939,S2M
75,CZ,12,0.661,S2M
75,CZ,13,-8.616,S2M
75,CZ,14,-12.522,S2M
75,CZ,15,-10.081,S2M
75,CZ,16,-3.245,S2M
75,CZ,17,3.103,S2M
75,CZ,18,5.056,S2M
75,CZ,19,2.126,S2M
75,CZ,20,-1.780,S2M
75,CZ,21,-3.733,S2M
75,CZ,22,-0.315,S2M
75,CZ,23,5.544,S2M
75,CZ,24,9.450,S2M
75,CZ,25,6.521,S2M
75,CZ,26,-1.780,S2M
75,CZ,27,-10.569,S2M
75,CZ,28,-13.987,S2M
75,CZ,29,-8.616,S2M
75,CZ,30,1.638,S2M
75,CZ,31,11.892,S2M
75,CZ,32,17.263,S2M
75,CZ,33,16.774,S2M
75,CZ,34,12.868,S2M
75,CZ,35,7.009,S2M
75,CZ,36,2.126,S2M
75,CZ,37,-1.780,S2M
75,CZ,38,-2.757,S2M
75,CZ,39,-2.268,S2M
75,CZ,40,0.173,S2M
75,CZ,41,0.661,S2M
75,CZ,42,-0.804,S2M
75,CZ,43,-3.733,S2M
75,CZ,44,-5.198,S2M
75,CZ,45,-3.733,S2M
75,CZ,46,-2.268,S2M
75,CZ,47,-2.757,S2M
75,CZ,48,-8.128,S2M
75,CZ,49,-13.987,S2M
75,CZ,50,-15.940,S2M
75,CZ,51,-11.546,S2M
75,CZ,52,-1.780,S2M
75,CZ,53,6.032,S2M
75,CZ,54,7.009,S2M
75,CZ,55,0.173,S2M
75,CZ,56,-10.081,S2M
75,CZ,57,-17.405,S2M
75,CZ,58,-18.382,S2M
75,CZ,59,-12.522,S2M
75,CZ,60,-4.222,S2M
75,CZ,61,-0.315,S2M
75,CZ,62,-2.757,S2M
75,CZ,63,-11.546,S2M
75,CZ,64,-22.776,S2M
75,CZ,65,-29.612,S2M
75,CZ,66,-31.565,S2M
75,CZ,67,-29.124,S2M
75,CZ,68,-27.171,S2M
75,CZ,69,-27.171,S2M
75,CZ,70,-29.124,S2M
75,CZ,71,-29.124,S2M
75,CZ,72,-27.171,S2M
75,CZ,73,-23.265,S2M
75,CZ,74,-21.800,S2M
75,CZ,75,-22.776,S2M
75,CZ,76,-24.729,S2M
75,CZ,77,-25.706,S2M
75,CZ,78,-25.218,S2M
75,CZ,79,-26.194,S2M
75,CZ,80,-29.124,S2M
75,CZ,81,-33.518,S2M
75,CZ,82,-35.960,S2M
75,CZ,83,-34.007,S2M
75,CZ,84,-29.124,S2M
75,CZ,85,-25.218,S2M
75,CZ,86,-24.241,S2M
75,CZ,87,-23.753,S2M
75,CZ,88,-21.800,S2M
75,CZ,89,-18.870,S2M
75,CZ,90,-17.893,S2M
75,CZ,91,-20.823,S2M
75,CZ,92,-25.218,S2M
75,CZ,93,-26.683,S2M
75,CZ,94,-22.288,S2M
75,CZ,95,-15.452,S2M
75,CZ,96,-12.034,S2M
75,CZ,97,-15.940,S2M
75,CZ,98,-25.218,S2M
75,CZ,99,-30.589,S2M
75,CZ,100,-28.147,S2M
75,CZ,101,-19.358,S2M
75,CZ,102,-12.034,S2M
75,CZ,103,-11.546,S2M
75,CZ,104,-16.429,S2M
75,CZ,105,-21.311,S2M
75,CZ,106,-21.311,S2M
75,CZ,107,-18.870,S2M
75,CZ,108,-15.452,S2M
75,CZ,109,-13.987,S2M
75,CZ,110,-13.499,S2M
75,CZ,111,-10.569,S2M
75,CZ,112,-7.151,S2M
75,CZ,113,-5.198,S2M
75,CZ,114,-8.616,S2M
75,CZ,115,-15.452,S2M
75,CZ,116,-22.288,S2M
75,CZ,117,-23.753,S2M
75,CZ,118,-18.382,S2M
75,CZ,119,-10.569,S2M
75,CZ,120,-5.198,S2M
75,CZ,121,-4.222,S2M
75,CZ,122,-4.710,S2M
75,CZ,123,-4.710,S2M
75,CZ,124,-3.733,S2M
75,CZ,125,-5.198,S2M
75,CZ,126,-10.081,S2M
75,CZ,127,-16.429,S2M
75,CZ,128,-18.870,S2M
75,CZ,129,-15.452,S2M
75,CZ,130,-7.640,S2M
75,CZ,131,-0.315,S2M
75,CZ,132,2.126,S2M
75,CZ,133,-0.804,S2M
75,CZ,134,-5.198,S2M
75,CZ,135,-8.128,S2M
75,CZ,136,-8.616,S2M
75,CZ,137,-8.616,S2M
75,CZ,138,-9.593,S2M
75,CZ,139,-10.569,S2M
75,CZ,140,-9.593,S2M
75,CZ,141,-6.663,S2M
75,CZ,142,-3.245,S2M
75,CZ,143,-4.222,S2M
75,CZ,144,-8.616,S2M
75,CZ,145,-13.987,S2M
75,CZ,146,-14.964,S2M
75,CZ,147,-9.593,S2M
75,CZ,148,-1.292,S2M
75,CZ,149,4.079,S2M
75,CZ,150,1.149,S2M
75,CZ,151,-6.663,S2M
75,CZ,152,-14.476,S2M
75,CZ,153,-17.405,S2M
75,CZ,154,-15.452,S2M
75,CZ,155,-11.058,S2M
75,CZ,156,-7.640,S2M
75,CZ,157,-7.640,S2M
75,CZ,158,-8.616,S2M
75,CZ,159,-9.593,S2M
75,CZ,160,-9.593,S2M
75,CZ,161,-9.593,S2M
75,CZ,162,-12.034,S2M
75,CZ,163,-16.917,S2M
75,CZ,164,-21.311,S2M
75,CZ,165,-22.776,S2M
75,CZ,166,-20.823,S2M
75,CZ,167,-15.940,S2M
75,CZ,168,-11.546,S2M
75,CZ,169,-9.593,S2M
75,CZ,170,-9.593,S2M
75,CZ,171,-10.569,S2M
75,CZ,172,-10.081,S2M
75,CZ,173,-8.616,S2M
75,CZ,174,-8.616,S2M
75,CZ,175,-12.522,S2M
75,CZ,176,-20.823,S2M
75,CZ,177,-30.101,S2M
75,CZ,178,-34.495,S2M
75,CZ,179,-32.054,S2M
75,CZ,180,-23.265,S2M
75,CZ,181,-13.499,S2M
75,CZ,182,-8.616,S2M
75,CZ,183,-9.593,S2M
75,CZ,184,-13.011,S2M
75,CZ,185,-14.964,S2M
75,CZ,186,-13.499,S2M
75,CZ,187,-10.081,S2M
75,CZ,188,-9.104,S2M
75,CZ,189,-12.034,S2M
75,CZ,190,-18.382,S2M
75,CZ,191,-24.241,S2M
75,CZ,192,-25.218,S2M
75,CZ,193,-20.823,S2M
75,CZ,194,-14.476,S2M
75,CZ,195,-11.058,S2M
75,CZ,196,-13.011,S2M
75,CZ,197,-17.893,S2M
75,CZ,198,-21.311,S2M
75,CZ,199,-20.335,S2M
75,CZ,200,-15.452,S2M
75,CZ,201,-11.058,S2M
75,CZ,202,-9.593,S2M
75,CZ,203,-11.058,S2M
75,CZ,204,-13.987,S2M
75,CZ,205,-13.011,S2M
75,CZ,206,-9.593,S2M
75,CZ,207,-4.710,S2M
75,CZ,208,-2.757,S2M
75,CZ,209,-7.151,S2M
75,CZ,210,-16.429,S2M
75,CZ,211,-25.218,S2M
75,CZ,212,-27.659,S2M
75,CZ,213,-22.776,S2M
75,CZ,214,-13.987,S2M
75,CZ,215,-8.128,S2M
75,CZ,216,-8.616,S2M
75,CZ,217,-12.034,S2M
75,CZ,218,-13.011,S2M
75,CZ,219,-9.593,S2M
75,CZ,220,-4.222,S2M
75,CZ,221,-2.268,S2M
75,CZ,222,-5.686,S2M
75,CZ,223,-10.081,S2M
75,CZ,224,-10.569,S2M
75,CZ,225,-4.222,S2M
75,CZ,226,3.103,S2M
75,CZ,227,4.567,S2M
75,CZ,228,-1.292,S2M
75,CZ,229,-10.081,S2M
75,CZ,230,-13.011,S2M
75,CZ,231,-7.151,S2M
75,CZ,232,2.126,S2M
75,CZ,233,7.497,S2M
75,CZ,234,6.032,S2M
75,CZ,235,2.126,S2M
75,CZ,236,1.149,S2M
75,CZ,237,6.032,S2M
75,CZ,238,12.380,S2M
75,CZ,239,12.868,S2M
75,CZ,240,4.567,S2M
75,CZ,241,-8.616,S2M
75,CZ,242,-18.382,S2M
75,CZ,243,-20.335,S2M
75,CZ,244,-14.476,S2M
75,CZ,245,-6.175,S2M
75,CZ,246,-0.315,S2M
75,CZ,247,1.149,S2M
75,CZ,248,0.661,S2M
75,CZ,249,0.173,S2M
75,CZ,250,-0.315,S2M
75,CZ,251,-1.780,S2M
75,CZ,252,-4.710,S2M
75,CZ,253,-7.640,S2M
75,CZ,254,-7.640,S2M
75,CZ,255,-5.198,S2M
75,C3,0,2.574,S2M
75,C3,1,3.062,S2M
75,C3,2,1.109,S2M
75,C3,3,3.062,S2M
75,C3,4,2.574,S2M
75,C3,5,6.480,S2M
75,C3,6,2.085,S2M
75,C3,7,-1.333,S2M
75,C3,8,0.621,S2M
75,C3,9,4.527,S2M
75,C3,10,7.945,S2M
75,C3,11,5.503,S2M
75,C3,12,1.597,S2M
75,C3,13,2.085,S2M
75,C3,14,0.132,S2M
75,C3,15,-6.704,S2M
75,C3,16,2.574,S2M
75,C3,17,-2.309,S2M
75,C3,18,1.109,S2M
75,C3,19,2.574,S2M
75,C3,20,0.621,S2M
75,C3,21,2.085,S2M
75,C3,22,6.480,S2M
75,C3,23,-3.286,S2M
75,C3,24,-1.821,S2M
75,C3,25,-1.333,S2M
75,C3,26,0.621,S2M
75,C3,27,-0.356,S2M
75,C3,28,-2.797,S2M
75,C3,29,2.574,S2M
75,C3,30,-0.356,S2M
75,C3,31,4.527,S2M
75,C3,32,-1.333,S2M
75,C3,33,-2.797,S2M
75,C3,34,-1.333,S2M
75,C3,35,-2.797,S2M
75,C3,36,-2.309,S2M
75,C3,37,-2.309,S2M
75,C3,38,-6.704,S2M
75,C3,39,-4.262,S2M
75,C3,40,-5.239,S2M
75,C3,41,-6.215,S2M
75,C3,42,-1.333,S2M
75,C3,43,-9.145,S2M
75,C3,44,-2.309,S2M
75,C3,45,-3.286,S2M
75,C3,46,-1.821,S2M
75,C3,47,-1.333,S2M
75,C3,48,5.503,S2M
75,C3,49,-2.309,S2M
75,C3,50,0.621,S2M
75,C3,51,-0.844,S2M
75,C3,52,3.550,S2M
75,C3,53,1.597,S2M
75,C3,54,-0.844,S2M
75,C3,55,2.085,S2M
75,C3,56,1.109,S2M
75,C3,57,4.527,S2M
75,C3,58,1.109,S2M
75,C3,59,-4.262,S2M
75,C3,60,1.597,S2M
75,C3,61,0.132,S2M
75,C3,62,-1.821,S2M
75,C3,63,0.132,S2M
75,C3,64,-5.239,S2M
75,C3,65,-0.844,S2M
75,C3,66,0.132,S2M
75,C3,67,0.621,S2M
75,C3,68,1.109,S2M
75,C3,69,-1.821,S2M
75,C3,70,-1.333,S2M
75,C3,71,-1.821,S2M
75,C3,72,-1.333,S2M
75,C3,73,1.109,S2M
75,C3,74,2.574,S2M
75,C3,75,-2.797,S2M
75,C3,76,-0.356,S2M
75,C3,77,-1.333,S2M
75,C3,78,1.109,S2M
75,C3,79,-0.356,S2M
75,C3,80,-3.774,S2M
75,C3,81,-3.774,S2M
75,C3,82,-2.309,S2M
75,C3,83,1.597,S2M
75,C3,84,-1.333,S2M
75,C3,85,-3.286,S2M
75,C3,86,0.132,S2M
75,C3,87,0.621,S2M
75,C3,88,-5.727,S2M
75,C3,89,1.597,S2M
75,C3,90,-2.797,S2M
75,C3,91,-1.821,S2M
75,C3,92,-0.356,S2M
75,C3,93,1.109,S2M
75,C3,94,-1.333,S2M
75,C3,95,-2.797,S2M
75,C3,96,-1.333,S2M
75,C3,97,-2.309,S2M
75,C3,98,-1.333,S2M
75,C3,99,2.085,S2M
75,C3,100,1.109,S2M
75,C3,101,-0.844,S2M
75,C3,102,-0.356,S2M
75,C3,103,1.109,S2M
75,C3,104,5.503,S2M
75,C3,105,1.597,S2M
75,C3,106,0.132,S2M
75,C3,107,1.597,S2M
75,C3,108,2.085,S2M
75,C3,109,5.015,S2M
75,C3,110,2.574,S2M
75,C3,111,-1.333,S2M
75,C3,112,4.527,S2M
75,C3,113,4.527,S2M
75,C3,114,-6.704,S2M
75,C3,115,2.085,S2M
75,C3,116,-4.751,S2M
75,C3,117,0.621,S2M
75,C3,118,0.621,S2M
75,C3,119,0.621,S2M
75,C3,120,4.038,S2M
75,C3,121,6.480,S2M
75,C3,122,1.109,S2M
75,C3,123,3.550,S2M
75,C3,124,2.085,S2M
75,C3,125,4.527,S2M
75,C3,126,3.550,S2M
75,C3,127,1.109,S2M
75,C3,128,3.062,S2M
75,C3,129,4.527,S2M
75,C3,130,8.921,S2M
75,C3,131,5.992,S2M
75,C3,132,4.038,S2M
75,C3,133,4.527,S2M
75,C3,134,3.062,S2M
75,C3,135,7.456,S2M
75,C3,136,4.527,S2M
75,C3,137,-0.844,S2M
75,C3,138,5.015,S2M
75,C3,139,5.992,S2M
75,C3,140,-1.821,S2M
75,C3,141,4.527,S2M
75,C3,142,-0.844,S2M
75,C3,143,3.550,S2M
75,C3,144,2.085,S2M
75,C3,145,-0.356,S2M
75,C3,146,5.992,S2M
75,C3,147,11.363,S2M
75,C3,148,3.062,S2M
75,C3,149,2.574,S2M
75,C3,150,2.085,S2M
75,C3,151,2.574,S2M
75,C3,152,-2.309,S2M
75,C3,153,-3.286,S2M
75,C3,154,-3.286,S2M
75,C3,155,-0.844,S2M
75,C3,156,3.062,S2M
75,C3,157,-0.844,S2M
75,C3,158,-5.239,S2M
75,C3,159,-2.797,S2M
75,C3,160,-0.844,S2M
75,C3,161,0.621,S2M
75,C3,162,1.597,S2M
75,C3,163,-5.239,S2M
75,C3,164,-1.821,S2M
75,C3,165,0.132,S2M
75,C3,166,1.597,S2M
75,C3,167,3.550,S2M
75,C3,168,-3.286,S2M
75,C3,169,-0.844,S2M
75,C3,170,-1.333,S2M
75,C3,171,0.621,S2M
75,C3,172,1.597,S2M
75,C3,173,7.945,S2M
75,C3,174,-1.333,S2M
75,C3,175,0.621,S2M
75,C3,176,-0.356,S2M
75,C3,177,2.085,S2M
75,C3,178,0.132,S2M
75,C3,179,-2.309,S2M
75,C3,180,-2.797,S2M
75,C3,181,-1.821,S2M
75,C3,182,1.597,S2M
75,C3,183,0.621,S2M
75,C3,184,-3.774,S2M
75,C3,185,-0.844,S2M
75,C3,186,-0.844,S2M
75,C3,187,-5.239,S2M
75,C3,188,-1.333,S2M
75,C3,189,-4.262,S2M
75,C3,190,-0.356,S2M
75,C3,191,-3.286,S2M
75,C3,192,-3.286,S2M
75,C3,193,0.621,S2M
75,C3,194,-4.751,S2M
75,C3,195,-3.286,S2M
75,C3,196,-2.797,S2M
75,C3,197,-1.333,S2M
75,C3,198,3.062,S2M
75,C3,199,0.621,S2M
75,C3,200,-0.356,S2M
75,C3,201,-2.309,S2M
75,C3,202,1.109,S2M
75,C3,203,1.597,S2M
75,C3,204,0.621,S2M
75,C3,205,-2.309,S2M
75,C3,206,-2.309,S2M
75,C3,207,0.621,S2M
75,C3,208,4.527,S2M
75,C3,209,-0.356,S2M
75,C3,210,-3.286,S2M
75,C3,211,-0.356,S2M
75,C3,212,-1.333,S2M
75,C3,213,-7.680,S2M
75,C3,214,0.132,S2M
75,C3,215,-1.333,S2M
75,C3,216,1.109,S2M
75,C3,217,3.062,S2M
75,C3,218,2.085,S2M
75,C3,219,4.038,S2M
75,C3,220,5.015,S2M
75,C3,221,1.597,S2M
75,C3,222,0.132,S2M
75,C3,223,3.550,S2M
75,C3,224,2.085,S2M
75,C3,225,4.038,S2M
75,C3,226,1.597,S2M
75,C3,227,4.038,S2M
75,C3,228,5.015,S2M
75,C3,229,7.945,S2M
75,C3,230,1.109,S2M
75,C3,231,1.597,S2M
75,C3,232,3.062,S2M
75,C3,233,4.038,S2M
75,C3,234,6.480,S2M
75,C3,235,3.550,S2M
75,C3,236,0.621,S2M
75,C3,237,4.038,S2M
75,C3,238,2.574,S2M
75,C3,239,-9.633,S2M
75,C3,240,1.597,S2M
75,C3,241,-4.751,S2M
75,C3,242,-2.309,S2M
75,C3,243,-2.797,S2M
75,C3,244,-2.309,S2M
75,C3,245,0.132,S2M
75,C3,246,3.550,S2M
75,C3,247,-2.309,S2M
75,C3,248,1.597,S2M
75,C3,249,2.574,S2M
75,C3,250,5.503,S2M
75,C3,251,2.085,S2M
75,C3,252,0.132,S2M
75,C3,253,0.132,S2M
75,C3,254,3.062,S2M
75,C3,255,6.968,S2M
75,C4,0,0.356,S2M
75,C4,1,-2.574,S2M
75,C4,2,-4.527,S2M
75,C4,3,-2.574,S2M
75,C4,4,-2.574,S2M
75,C4,5,-2.574,S2M
75,C4,6,-3.550,S2M
75,C4,7,-5.503,S2M
75,C4,8,-2.574,S2M
75,C4,9,-2.574,S2M
75,C4,10,-3.550,S2M
75,C4,11,-3.550,S2M
75,C4,12,-5.992,S2M
75,C4,13,-1.597,S2M
75,C4,14,-2.085,S2M
75,C4,15,-2.574,S2M
75,C4,16,1.333,S2M
75,C4,17,1.821,S2M
75,C4,18,-0.132,S2M
75,C4,19,3.286,S2M
75,C4,20,1.821,S2M
75,C4,21,4.262,S2M
75,C4,22,6.215,S2M
75,C4,23,4.751,S2M
75,C4,24,4.262,S2M
75,C4,25,4.262,S2M
75,C4,26,7.192,S2M
75,C4,27,4.262,S2M
75,C4,28,0.356,S2M
75,C4,29,-0.132,S2M
75,C4,30,2.309,S2M
75,C4,31,2.797,S2M
75,C4,32,4.751,S2M
75,C4,33,-2.085,S2M
75,C4,34,-0.621,S2M
75,C4,35,-0.132,S2M
75,C4,36,-1.597,S2M
75,C4,37,-0.132,S2M
75,C4,38,-2.574,S2M
75,C4,39,-0.132,S2M
75,C4,40,1.333,S2M
75,C4,41,-0.621,S2M
75,C4,42,-1.597,S2M
75,C4,43,-2.085,S2M
75,C4,44,-4.038,S2M
75,C4,45,-3.062,S2M
75,C4,46,-2.574,S2M
75,C4,47,1.821,S2M
75,C4,48,5.239,S2M
75,C4,49,-0.132,S2M
75,C4,50,-0.621,S2M
75,C4,51,-2.085,S2M
75,C4,52,0.356,S2M
75,C4,53,-0.132,S2M
75,C4,54,-1.597,S2M
75,C4,55,-3.062,S2M
75,C4,56,-0.132,S2M
75,C4,57,1.333,S2M
75,C4,58,-1.597,S2M
75,C4,59,-2.574,S2M
75,C4,60,-5.992,S2M
75,C4,61,-4.038,S2M
75,C4,62,-9.410,S2M
75,C4,63,-5.015,S2M
75,C4,64,-6.480,S2M
75,C4,65,-4.038,S2M
75,C4,66,-1.597,S2M
75,C4,67,-0.132,S2M
75,C4,68,2.797,S2M
75,C4,69,0.844,S2M
75,C4,70,-3.062,S2M
75,C4,71,-4.038,S2M
75,C4,72,-3.062,S2M
75,C4,73,3.286,S2M
75,C4,74,0.356,S2M
75,C4,75,-0.132,S2M
75,C4,76,-4.527,S2M
75,C4,77,-2.574,S2M
75,C4,78,-2.085,S2M
75,C4,79,-5.503,S2M
75,C4,80,-7.456,S2M
75,C4,81,-3.550,S2M
75,C4,82,-4.038,S2M
75,C4,83,-3.062,S2M
75,C4,84,-3.062,S2M
75,C4,85,-5.503,S2M
75,C4,86,-4.527,S2M
75,C4,87,-5.503,S2M
75,C4,88,-8.921,S2M
75,C4,89,-3.062,S2M
75,C4,90,-3.550,S2M
75,C4,91,-1.109,S2M
75,C4,92,-0.621,S2M
75,C4,93,-2.085,S2M
75,C4,94,6.704,S2M
75,C4,95,3.286,S2M
75,C4,96,-0.132,S2M
75,C4,97,0.844,S2M
75,C4,98,0.356,S2M
75,C4,99,-0.132,S2M
75,C4,100,-1.109,S2M
75,C4,101,-3.550,S2M
75,C4,102,-0.132,S2M
75,C4,103,-1.597,S2M
75,C4,104,-0.621,S2M
75,C4,105,0.356,S2M
75,C4,106,-1.597,S2M
75,C4,107,1.333,S2M
75,C4,108,0.844,S2M
75,C4,109,1.333,S2M
75,C4,110,2.309,S2M
75,C4,111,0.356,S2M
75,C4,112,0.356,S2M
75,C4,113,-0.132,S2M
75,C4,114,-3.550,S2M
75,C4,115,1.333,S2M
75,C4,116,-1.109,S2M
75,C4,117,-1.109,S2M
75,C4,118,-1.109,S2M
75,C4,119,-0.132,S2M
75,C4,120,-0.132,S2M
75,C4,121,2.309,S2M
75,C4,122,-2.085,S2M
75,C4,123,-2.085,S2M
75,C4,124,-0.621,S2M
75,C4,125,-1.109,S2M
75,C4,126,-1.597,S2M
75,C4,127,-4.527,S2M
75,C4,128,-3.550,S2M
75,C4,129,-1.597,S2M
75,C4,130,-0.621,S2M
75,C4,131,-0.621,S2M
75,C4,132,-4.527,S2M
75,C4,133,-0.132,S2M
75,C4,134,-0.132,S2M
75,C4,135,-3.550,S2M
75,C4,136,-0.621,S2M
75,C4,137,-5.015,S2M
75,C4,138,-4.038,S2M
75,C4,139,-5.015,S2M
75,C4,140,-5.503,S2M
75,C4,141,2.309,S2M
75,C4,142,-0.132,S2M
75,C4,143,-0.621,S2M
75,C4,144,1.333,S2M
75,C4,145,0.356,S2M
75,C4,146,-2.085,S2M
75,C4,147,-0.621,S2M
75,C4,148,-5.503,S2M
75,C4,149,-2.574,S2M
75,C4,150,-1.597,S2M
75,C4,151,-0.132,S2M
75,C4,152,-1.597,S2M
75,C4,153,-3.550,S2M
75,C4,154,-1.597,S2M
75,C4,155,-2.574,S2M
75,C4,156,-0.621,S2M
75,C4,157,-1.109,S2M
75,C4,158,-0.621,S2M
75,C4,159,0.356,S2M
75,C4,160,-0.132,S2M
75,C4,161,-3.550,S2M
75,C4,162,0.356,S2M
75,C4,163,-5.015,S2M
75,C4,164,-1.597,S2M
75,C4,165,-2.085,S2M
75,C4,166,-1.109,S2M
75,C4,167,1.333,S2M
75,C4,168,2.309,S2M
75,C4,169,-1.597,S2M
75,C4,170,-0.621,S2M
75,C4,171,-4.038,S2M
75,C4,172,-2.085,S2M
75,C4,173,-0.132,S2M
75,C4,174,-7.456,S2M
75,C4,175,-5.992,S2M
75,C4,176,-3.550,S2M
75,C4,177,2.309,S2M
75,C4,178,1.333,S2M
75,C4,179,-0.621,S2M
75,C4,180,1.333,S2M
75,C4,181,0.356,S2M
75,C4,182,-1.109,S2M
75,C4,183,-1.597,S2M
75,C4,184,-4.038,S2M
75,C4,185,-1.597,S2M
75,C4,186,-3.550,S2M
75,C4,187,-6.480,S2M
75,C4,188,-1.597,S2M
75,C4,189,-3.550,S2M
75,C4,190,-2.085,S2M
75,C4,191,-1.109,S2M
75,C4,192,-1.109,S2M
75,C4,193,-1.109,S2M
75,C4,194,0.844,S2M
75,C4,195,-1.597,S2M
75,C4,196,-0.621,S2M
75,C4,197,-2.085,S2M
75,C4,198,-1.597,S2M
75,C4,199,-1.597,S2M
75,C4,200,-1.597,S2M
75,C4,201,2.309,S2M
75,C4,202,-1.597,S2M
75,C4,203,0.356,S2M
75,C4,204,-0.621,S2M
75,C4,205,-5.503,S2M
75,C4,206,-1.109,S2M
75,C4,207,0.356,S2M
75,C4,208,-2.085,S2M
75,C4,209,-0.621,S2M
75,C4,210,-4.527,S2M
75,C4,211,-4.527,S2M
75,C4,212,-6.480,S2M
75,C4,213,-8.921,S2M
75,C4,214,-2.574,S2M
75,C4,215,-7.945,S2M
75,C4,216,-5.992,S2M
75,C4,217,-4.527,S2M
75,C4,218,-4.038,S2M
75,C4,219,0.356,S2M
75,C4,220,-1.597,S2M
75,C4,221,-2.574,S2M
75,C4,222,-0.132,S2M
75,C4,223,-0.621,S2M
75,C4,224,3.774,S2M
75,C4,225,0.844,S2M
75,C4,226,-0.621,S2M
75,C4,227,0.356,S2M
75,C4,228,0.356,S2M
75,C4,229,1.333,S2M
75,C4,230,4.262,S2M
75,C4,231,-2.085,S2M
75,C4,232,1.333,S2M
75,C4,233,-0.132,S2M
75,C4,234,0.356,S2M
75,C4,235,2.797,S2M
75,C4,236,-2.574,S2M
75,C4,237,-1.597,S2M
75,C4,238,-1.109,S2M
75,C4,239,-5.015,S2M
75,C4,240,-0.621,S2M
75,C4,241,-1.597,S2M
75,C4,242,-0.132,S2M
75,C4,243,1.333,S2M
75,C4,244,-0.621,S2M
75,C4,245,1.333,S2M
75,C4,246,2.309,S2M
75,C4,247,-0.621,S2M
75,C4,248,-3.062,S2M
75,C4,249,-2.085,S2M
75,C4,250,0.844,S2M
75,C4,251,-2.085,S2M
75,C4,252,-3.062,S2M
75,C4,253,-0.621,S2M
75,C4,254,-1.109,S2M
75,C4,255,0.356,S2M
75,CP5,0,1.882,S2M
75,CP5,1,1.882,S2M
75,CP5,2,-2.024,S2M
75,CP5,3,-0.559,S2M
75,CP5,4,-2.024,S2M
75,CP5,5,4.812,S2M
75,CP5,6,-1.536,S2M
75,CP5,7,-4.954,S2M
75,CP5,8,-1.048,S2M
75,CP5,9,5.788,S2M
75,CP5,10,5.300,S2M
75,CP5,11,0.905,S2M
75,CP5,12,-0.559,S2M
75,CP5,13,-1.536,S2M
75,CP5,14,-3.977,S2M
75,CP5,15,-9.837,S2M
75,CP5,16,6.765,S2M
75,CP5,17,2.858,S2M
75,CP5,18,3.835,S2M
75,CP5,19,4.323,S2M
75,CP5,20,0.905,S2M
75,CP5,21,4.323,S2M
75,CP5,22,11.159,S2M
75,CP5,23,-1.048,S2M
75,CP5,24,-1.048,S2M
75,CP5,25,-0.071,S2M
75,CP5,26,1.394,S2M
75,CP5,27,-0.559,S2M
75,CP5,28,-4.954,S2M
75,CP5,29,3.347,S2M
75,CP5,30,-1.048,S2M
75,CP5,31,-0.071,S2M
75,CP5,32,-12.278,S2M
75,CP5,33,-6.907,S2M
75,CP5,34,-6.907,S2M
75,CP5,35,-9.349,S2M
75,CP5,36,-9.349,S2M
75,CP5,37,-6.907,S2M
75,CP5,38,-12.278,S2M
75,CP5,39,-7.395,S2M
75,CP5,40,-12.767,S2M
75,CP5,41,-14.720,S2M
75,CP5,42,-5.442,S2M
75,CP5,43,-14.720,S2M
75,CP5,44,-8.372,S2M
75,CP5,45,-7.884,S2M
75,CP5,46,-4.954,S2M
75,CP5,47,-3.977,S2M
75,CP5,48,7.253,S2M
75,CP5,49,-7.884,S2M
75,CP5,50,-3.001,S2M
75,CP5,51,-2.513,S2M
75,CP5,52,4.812,S2M
75,CP5,53,-0.071,S2M
75,CP5,54,-2.024,S2M
75,CP5,55,-1.048,S2M
75,CP5,56,-2.513,S2M
75,CP5,57,0.417,S2M
75,CP5,58,-2.024,S2M
75,CP5,59,-7.395,S2M
75,CP5,60,-1.048,S2M
75,CP5,61,-4.466,S2M
75,CP5,62,-8.372,S2M
75,CP5,63,-3.489,S2M
75,CP5,64,-9.837,S2M
75,CP5,65,-4.954,S2M
75,CP5,66,-7.395,S2M
75,CP5,67,-5.442,S2M
75,CP5,68,-3.489,S2M
75,CP5,69,-6.419,S2M
75,CP5,70,-7.884,S2M
75,CP5,71,-10.813,S2M
75,CP5,72,-8.860,S2M
75,CP5,73,-2.024,S2M
75,CP5,74,-0.559,S2M
75,CP5,75,-11.790,S2M
75,CP5,76,-5.442,S2M
75,CP5,77,-9.349,S2M
75,CP5,78,-8.372,S2M
75,CP5,79,-5.931,S2M
75,CP5,80,-11.790,S2M
75,CP5,81,-13.255,S2M
75,CP5,82,-11.302,S2M
75,CP5,83,-5.931,S2M
75,CP5,84,-8.860,S2M
75,CP5,85,-10.325,S2M
75,CP5,86,-3.489,S2M
75,CP5,87,-3.001,S2M
75,CP5,88,-16.673,S2M
75,CP5,89,-4.466,S2M
75,CP5,90,-9.837,S2M
75,CP5,91,-6.907,S2M
75,CP5,92,-7.395,S2M
75,CP5,93,-4.466,S2M
75,CP5,94,-5.442,S2M
75,CP5,95,-7.395,S2M
75,CP5,96,-7.395,S2M
75,CP5,97,-9.349,S2M
75,CP5,98,-9.837,S2M
75,CP5,99,-3.001,S2M
75,CP5,100,-6.907,S2M
75,CP5,101,-9.349,S2M
75,CP5,102,-8.860,S2M
75,CP5,103,-3.489,S2M
75,CP5,104,0.417,S2M
75,CP5,105,-4.954,S2M
75,CP5,106,-1.536,S2M
75,CP5,107,0.417,S2M
75,CP5,108,-2.024,S2M
75,CP5,109,3.835,S2M
75,CP5,110,0.905,S2M
75,CP5,111,-2.513,S2M
75,CP5,112,3.347,S2M
75,CP5,113,3.835,S2M
75,CP5,114,-10.813,S2M
75,CP5,115,-3.977,S2M
75,CP5,116,-9.837,S2M
75,CP5,117,-1.048,S2M
75,CP5,118,-3.489,S2M
75,CP5,119,-4.466,S2M
75,CP5,120,1.394,S2M
75,CP5,121,6.276,S2M
75,CP5,122,-6.907,S2M
75,CP5,123,-2.513,S2M
75,CP5,124,-0.071,S2M
75,CP5,125,0.417,S2M
75,CP5,126,0.417,S2M
75,CP5,127,-0.071,S2M
75,CP5,128,1.394,S2M
75,CP5,129,3.835,S2M
75,CP5,130,9.206,S2M
75,CP5,131,4.812,S2M
75,CP5,132,4.812,S2M
75,CP5,133,3.835,S2M
75,CP5,134,0.417,S2M
75,CP5,135,9.206,S2M
75,CP5,136,3.347,S2M
75,CP5,137,-2.024,S2M
75,CP5,138,1.394,S2M
75,CP5,139,3.347,S2M
75,CP5,140,-3.977,S2M
75,CP5,141,3.347,S2M
75,CP5,142,-6.907,S2M
75,CP5,143,-3.977,S2M
75,CP5,144,-2.513,S2M
75,CP5,145,-5.442,S2M
75,CP5,146,0.905,S2M
75,CP5,147,9.694,S2M
75,CP5,148,-1.048,S2M
75,CP5,149,-2.513,S2M
75,CP5,150,0.905,S2M
75,CP5,151,-2.024,S2M
75,CP5,152,-10.325,S2M
75,CP5,153,-6.419,S2M
75,CP5,154,-7.395,S2M
75,CP5,155,-7.395,S2M
75,CP5,156,-1.536,S2M
75,CP5,157,-3.489,S2M
75,CP5,158,-8.372,S2M
75,CP5,159,-7.884,S2M
75,CP5,160,-5.931,S2M
75,CP5,161,-5.442,S2M
75,CP5,162,-0.071,S2M
75,CP5,163,-10.813,S2M
75,CP5,164,-7.884,S2M
75,CP5,165,-5.931,S2M
75,CP5,166,-6.419,S2M
75,CP5,167,-2.024,S2M
75,CP5,168,-10.813,S2M
75,CP5,169,-7.884,S2M
75,CP5,170,-3.977,S2M
75,CP5,171,-1.536,S2M
75,CP5,172,-3.977,S2M
75,CP5,173,2.858,S2M
75,CP5,174,-6.907,S2M
75,CP5,175,-5.442,S2M
75,CP5,176,-4.954,S2M
75,CP5,177,-2.513,S2M
75,CP5,178,-3.001,S2M
75,CP5,179,-2.024,S2M
75,CP5,180,-3.001,S2M
75,CP5,181,-2.513,S2M
75,CP5,182,-3.977,S2M
75,CP5,183,-4.466,S2M
75,CP5,184,-8.372,S2M
75,CP5,185,-8.860,S2M
75,CP5,186,-7.884,S2M
75,CP5,187,-12.767,S2M
75,CP5,188,-7.884,S2M
75,CP5,189,-10.325,S2M
75,CP5,190,-6.419,S2M
75,CP5,191,-5.931,S2M
75,CP5,192,-5.931,S2M
75,CP5,193,-3.001,S2M
75,CP5,194,-8.372,S2M
75,CP5,195,-5.442,S2M
75,CP5,196,-6.419,S2M
75,CP5,197,-2.024,S2M
75,CP5,198,-2.024,S2M
75,CP5,199,-5.442,S2M
75,CP5,200,-3.977,S2M
75,CP5,201,-5.931,S2M
75,CP5,202,-1.048,S2M
75,CP5,203,-3.489,S2M
75,CP5,204,-5.442,S2M
75,CP5,205,-2.513,S2M
75,CP5,206,-10.813,S2M
75,CP5,207,-5.931,S2M
75,CP5,208,-1.536,S2M
75,CP5,209,-5.442,S2M
75,CP5,210,-9.837,S2M
75,CP5,211,-7.884,S2M
75,CP5,212,-7.395,S2M
75,CP5,213,-22.044,S2M
75,CP5,214,-4.466,S2M
75,CP5,215,-8.372,S2M
75,CP5,216,-3.977,S2M
75,CP5,217,-1.048,S2M
75,CP5,218,-3.489,S2M
75,CP5,219,-1.048,S2M
75,CP5,220,1.882,S2M
75,CP5,221,2.370,S2M
75,CP5,222,-1.048,S2M
75,CP5,223,3.347,S2M
75,CP5,224,-1.536,S2M
75,CP5,225,2.370,S2M
75,CP5,226,0.417,S2M
75,CP5,227,2.858,S2M
75,CP5,228,4.323,S2M
75,CP5,229,7.741,S2M
75,CP5,230,-1.536,S2M
75,CP5,231,-1.048,S2M
75,CP5,232,0.417,S2M
75,CP5,233,0.417,S2M
75,CP5,234,-1.536,S2M
75,CP5,235,-0.559,S2M
75,CP5,236,-5.442,S2M
75,CP5,237,1.882,S2M
75,CP5,238,-1.536,S2M
75,CP5,239,-14.720,S2M
75,CP5,240,0.417,S2M
75,CP5,241,-7.884,S2M
75,CP5,242,-8.860,S2M
75,CP5,243,-9.837,S2M
75,CP5,244,-9.837,S2M
75,CP5,245,-9.349,S2M
75,CP5,246,-2.024,S2M
75,CP5,247,-12.278,S2M
75,CP5,248,-0.071,S2M
75,CP5,249,-1.536,S2M
75,CP5,250,2.370,S2M
75,CP5,251,-0.559,S2M
75,CP5,252,-0.071,S2M
75,CP5,253,0.417,S2M
75,CP5,254,1.394,S2M
75,CP5,255,7.253,S2M
75,CP6,0,2.228,S2M
75,CP6,1,-3.143,S2M
75,CP6,2,-4.120,S2M
75,CP6,3,-3.143,S2M
75,CP6,4,-8.514,S2M
75,CP6,5,-9.491,S2M
75,CP6,6,-14.374,S2M
75,CP6,7,-6.073,S2M
75,CP6,8,0.275,S2M
75,CP6,9,-0.214,S2M
75,CP6,10,-8.514,S2M
75,CP6,11,-8.026,S2M
75,CP6,12,-4.608,S2M
75,CP6,13,-8.026,S2M
75,CP6,14,1.740,S2M
75,CP6,15,8.575,S2M
75,CP6,16,-1.190,S2M
75,CP6,17,4.181,S2M
75,CP6,18,2.716,S2M
75,CP6,19,2.228,S2M
75,CP6,20,-0.214,S2M
75,CP6,21,2.716,S2M
75,CP6,22,-3.143,S2M
75,CP6,23,4.669,S2M
75,CP6,24,1.740,S2M
75,CP6,25,1.740,S2M
75,CP6,26,8.087,S2M
75,CP6,27,5.646,S2M
75,CP6,28,0.763,S2M
75,CP6,29,-0.214,S2M
75,CP6,30,3.693,S2M
75,CP6,31,-1.190,S2M
75,CP6,32,-4.608,S2M
75,CP6,33,-7.050,S2M
75,CP6,34,-7.050,S2M
75,CP6,35,-8.514,S2M
75,CP6,36,-7.050,S2M
75,CP6,37,-4.608,S2M
75,CP6,38,-9.491,S2M
75,CP6,39,-8.026,S2M
75,CP6,40,-6.073,S2M
75,CP6,41,-8.026,S2M
75,CP6,42,-10.468,S2M
75,CP6,43,-0.702,S2M
75,CP6,44,-7.538,S2M
75,CP6,45,-9.003,S2M
75,CP6,46,-7.538,S2M
75,CP6,47,-0.702,S2M
75,CP6,48,-15.839,S2M
75,CP6,49,-5.096,S2M
75,CP6,50,-4.120,S2M
75,CP6,51,-3.143,S2M
75,CP6,52,-5.096,S2M
75,CP6,53,-1.190,S2M
75,CP6,54,-9.979,S2M
75,CP6,55,-5.096,S2M
75,CP6,56,-4.120,S2M
75,CP6,57,-6.073,S2M
75,CP6,58,-9.979,S2M
75,CP6,59,-5.096,S2M
75,CP6,60,-15.839,S2M
75,CP6,61,-11.444,S2M
75,CP6,62,-10.468,S2M
75,CP6,63,-9.979,S2M
75,CP6,64,-9.979,S2M
75,CP6,65,-6.561,S2M
75,CP6,66,-9.979,S2M
75,CP6,67,-3.143,S2M
75,CP6,68,1.251,S2M
75,CP6,69,-6.561,S2M
75,CP6,70,-11.444,S2M
75,CP6,71,-14.862,S2M
75,CP6,72,-9.491,S2M
75,CP6,73,-2.167,S2M
75,CP6,74,-6.073,S2M
75,CP6,75,-14.374,S2M
75,CP6,76,-6.073,S2M
75,CP6,77,-9.003,S2M
75,CP6,78,-19.257,S2M
75,CP6,79,-19.745,S2M
75,CP6,80,-16.815,S2M
75,CP6,81,-10.468,S2M
75,CP6,82,-13.397,S2M
75,CP6,83,-14.374,S2M
75,CP6,84,-10.468,S2M
75,CP6,85,-20.233,S2M
75,CP6,86,-16.327,S2M
75,CP6,87,-12.909,S2M
75,CP6,88,-4.608,S2M
75,CP6,89,-7.050,S2M
75,CP6,90,-6.561,S2M
75,CP6,91,-7.538,S2M
75,CP6,92,-6.073,S2M
75,CP6,93,-9.979,S2M
75,CP6,94,0.275,S2M
75,CP6,95,-1.678,S2M
75,CP6,96,-8.026,S2M
75,CP6,97,-5.096,S2M
75,CP6,98,-7.538,S2M
75,CP6,99,-8.514,S2M
75,CP6,100,-7.050,S2M
75,CP6,101,-10.956,S2M
75,CP6,102,-10.956,S2M
75,CP6,103,-8.514,S2M
75,CP6,104,-9.491,S2M
75,CP6,105,-5.096,S2M
75,CP6,106,-9.491,S2M
75,CP6,107,-1.678,S2M
75,CP6,108,-1.678,S2M
75,CP6,109,-8.514,S2M
75,CP6,110,4.669,S2M
75,CP6,111,0.763,S2M
75,CP6,112,-8.514,S2M
75,CP6,113,-6.073,S2M
75,CP6,114,10.529,S2M
75,CP6,115,-1.190,S2M
75,CP6,116,-0.214,S2M
75,CP6,117,-9.979,S2M
75,CP6,118,-7.050,S2M
75,CP6,119,-8.514,S2M
75,CP6,120,-1.190,S2M
75,CP6,121,-9.003,S2M
75,CP6,122,-6.073,S2M
75,CP6,123,-12.909,S2M
75,CP6,124,-3.632,S2M
75,CP6,125,-5.585,S2M
75,CP6,126,-12.909,S2M
75,CP6,127,-9.979,S2M
75,CP6,128,-9.979,S2M
75,CP6,129,-5.585,S2M
75,CP6,130,-5.096,S2M
75,CP6,131,-6.561,S2M
75,CP6,132,-11.932,S2M
75,CP6,133,-1.678,S2M
75,CP6,134,-1.190,S2M
75,CP6,135,-8.026,S2M
75,CP6,136,-1.678,S2M
75,CP6,137,-5.096,S2M
75,CP6,138,-9.491,S2M
75,CP6,139,-10.956,S2M
75,CP6,140,-1.190,S2M
75,CP6,141,-3.143,S2M
75,CP6,142,-6.073,S2M
75,CP6,143,-8.514,S2M
75,CP6,144,-7.538,S2M
75,CP6,145,-1.190,S2M
75,CP6,146,-10.956,S2M
75,CP6,147,-17.792,S2M
75,CP6,148,-9.979,S2M
75,CP6,149,-6.073,S2M
75,CP6,150,-7.050,S2M
75,CP6,151,-5.096,S2M
75,CP6,152,-8.026,S2M
75,CP6,153,-12.909,S2M
75,CP6,154,-3.632,S2M
75,CP6,155,-8.026,S2M
75,CP6,156,-7.050,S2M
75,CP6,157,-0.214,S2M
75,CP6,158,-3.632,S2M
75,CP6,159,-5.096,S2M
75,CP6,160,-3.632,S2M
75,CP6,161,-10.956,S2M
75,CP6,162,-14.862,S2M
75,CP6,163,-2.655,S2M
75,CP6,164,-3.632,S2M
75,CP6,165,-3.632,S2M
75,CP6,166,-7.050,S2M
75,CP6,167,-6.561,S2M
75,CP6,168,-3.143,S2M
75,CP6,169,-6.073,S2M
75,CP6,170,-1.678,S2M
75,CP6,171,-6.073,S2M
75,CP6,172,-7.538,S2M
75,CP6,173,-21.210,S2M
75,CP6,174,-9.979,S2M
75,CP6,175,-8.514,S2M
75,CP6,176,-5.585,S2M
75,CP6,177,-3.632,S2M
75,CP6,178,-2.167,S2M
75,CP6,179,-2.655,S2M
75,CP6,180,-0.702,S2M
75,CP6,181,-6.073,S2M
75,CP6,182,-10.956,S2M
75,CP6,183,-7.050,S2M
75,CP6,184,-1.190,S2M
75,CP6,185,-3.632,S2M
75,CP6,186,-9.003,S2M
75,CP6,187,-4.608,S2M
75,CP6,188,-3.143,S2M
75,CP6,189,-4.120,S2M
75,CP6,190,-8.026,S2M
75,CP6,191,-0.702,S2M
75,CP6,192,0.275,S2M
75,CP6,193,-4.120,S2M
75,CP6,194,-8.514,S2M
75,CP6,195,-6.073,S2M
75,CP6,196,1.251,S2M
75,CP6,197,-2.655,S2M
75,CP6,198,-7.538,S2M
75,CP6,199,-4.120,S2M
75,CP6,200,-4.120,S2M
75,CP6,201,4.669,S2M
75,CP6,202,0.763,S2M
75,CP6,203,-6.073,S2M
75,CP6,204,-5.585,S2M
75,CP6,205,-8.026,S2M
75,CP6,206,-6.073,S2M
75,CP6,207,-5.096,S2M
75,CP6,208,-9.979,S2M
75,CP6,209,-6.561,S2M
75,CP6,210,-10.468,S2M
75,CP6,211,-13.397,S2M
75,CP6,212,-9.491,S2M
75,CP6,213,-5.585,S2M
75,CP6,214,-5.585,S2M
75,CP6,215,-6.073,S2M
75,CP6,216,-6.561,S2M
75,CP6,217,-4.608,S2M
75,CP6,218,-1.678,S2M
75,CP6,219,0.763,S2M
75,CP6,220,-6.073,S2M
75,CP6,221,-4.608,S2M
75,CP6,222,-0.214,S2M
75,CP6,223,-3.143,S2M
75,CP6,224,9.064,S2M
75,CP6,225,5.646,S2M
75,CP6,226,0.763,S2M
75,CP6,227,2.228,S2M
75,CP6,228,4.181,S2M
75,CP6,229,-0.702,S2M
75,CP6,230,7.111,S2M
75,CP6,231,1.251,S2M
75,CP6,232,2.716,S2M
75,CP6,233,-4.608,S2M
75,CP6,234,-8.514,S2M
75,CP6,235,1.251,S2M
75,CP6,236,4.669,S2M
75,CP6,237,-0.702,S2M
75,CP6,238,-6.073,S2M
75,CP6,239,10.529,S2M
75,CP6,240,-0.214,S2M
75,CP6,241,0.763,S2M
75,CP6,242,-2.167,S2M
75,CP6,243,-0.702,S2M
75,CP6,244,-3.143,S2M
75,CP6,245,1.740,S2M
75,CP6,246,-14.374,S2M
75,CP6,247,-3.632,S2M
75,CP6,248,-2.167,S2M
75,CP6,249,-2.655,S2M
75,CP6,250,0.275,S2M
75,CP6,251,1.740,S2M
75,CP6,252,0.763,S2M
75,CP6,253,3.204,S2M
75,CP6,254,-1.678,S2M
75,CP6,255,0.275,S2M
75,CP1,0,2.014,S2M
75,CP1,1,2.014,S2M
75,CP1,2,2.014,S2M
75,CP1,3,2.014,S2M
75,CP1,4,2.502,S2M
75,CP1,5,2.014,S2M
75,CP1,6,1.526,S2M
75,CP1,7,1.038,S2M
75,CP1,8,0.549,S2M
75,CP1,9,1.038,S2M
75,CP1,10,1.038,S2M
75,CP1,11,1.526,S2M
75,CP1,12,1.526,S2M
75,CP1,13,2.014,S2M
75,CP1,14,1.526,S2M
75,CP1,15,2.014,S2M
75,CP1,16,2.014,S2M
75,CP1,17,2.014,S2M
75,CP1,18,1.526,S2M
75,CP1,19,1.526,S2M
75,CP1,20,1.526,S2M
75,CP1,21,2.014,S2M
75,CP1,22,2.502,S2M
75,CP1,23,2.991,S2M
75,CP1,24,2.014,S2M
75,CP1,25,1.038,S2M
75,CP1,26,-0.427,S2M
75,CP1,27,-1.404,S2M
75,CP1,28,-1.404,S2M
75,CP1,29,-1.404,S2M
75,CP1,30,-1.404,S2M
75,CP1,31,-0.916,S2M
75,CP1,32,-0.916,S2M
75,CP1,33,-0.916,S2M
75,CP1,34,-1.404,S2M
75,CP1,35,-1.892,S2M
75,CP1,36,-2.869,S2M
75,CP1,37,-3.845,S2M
75,CP1,38,-4.822,S2M
75,CP1,39,-4.822,S2M
75,CP1,40,-4.822,S2M
75,CP1,41,-4.333,S2M
75,CP1,42,-3.845,S2M
75,CP1,43,-3.845,S2M
75,CP1,44,-3.845,S2M
75,CP1,45,-4.822,S2M
75,CP1,46,-4.822,S2M
75,CP1,47,-4.333,S2M
75,CP1,48,-2.869,S2M
75,CP1,49,-1.404,S2M
75,CP1,50,-0.427,S2M
75,CP1,51,-0.427,S2M
75,CP1,52,-0.427,S2M
75,CP1,53,-0.916,S2M
75,CP1,54,-1.404,S2M
75,CP1,55,-0.916,S2M
75,CP1,56,-0.427,S2M
75,CP1,57,0.061,S2M
75,CP1,58,0.061,S2M
75,CP1,59,0.061,S2M
75,CP1,60,-0.916,S2M
75,CP1,61,-1.404,S2M
75,CP1,62,-0.916,S2M
75,CP1,63,-0.916,S2M
75,CP1,64,-0.427,S2M
75,CP1,65,0.061,S2M
75,CP1,66,0.061,S2M
75,CP1,67,0.549,S2M
75,CP1,68,0.549,S2M
75,CP1,69,1.038,S2M
75,CP1,70,0.549,S2M
75,CP1,71,0.061,S2M
75,CP1,72,-0.916,S2M
75,CP1,73,-2.380,S2M
75,CP1,74,-2.869,S2M
75,CP1,75,-2.380,S2M
75,CP1,76,-2.380,S2M
75,CP1,77,-1.892,S2M
75,CP1,78,-1.404,S2M
75,CP1,79,-0.916,S2M
75,CP1,80,-0.916,S2M
75,CP1,81,-0.916,S2M
75,CP1,82,-1.892,S2M
75,CP1,83,-3.357,S2M
75,CP1,84,-4.333,S2M
75,CP1,85,-4.822,S2M
75,CP1,86,-5.310,S2M
75,CP1,87,-5.310,S2M
75,CP1,88,-3.845,S2M
75,CP1,89,-2.380,S2M
75,CP1,90,-0.916,S2M
75,CP1,91,0.549,S2M
75,CP1,92,1.038,S2M
75,CP1,93,0.549,S2M
75,CP1,94,-0.427,S2M
75,CP1,95,-1.404,S2M
75,CP1,96,-1.892,S2M
75,CP1,97,-1.892,S2M
75,CP1,98,-1.404,S2M
75,CP1,99,-0.916,S2M
75,CP1,100,-1.404,S2M
75,CP1,101,-1.404,S2M
75,CP1,102,-2.380,S2M
75,CP1,103,-1.892,S2M
75,CP1,104,-1.892,S2M
75,CP1,105,-1.404,S2M
75,CP1,106,-0.916,S2M
75,CP1,107,-0.916,S2M
75,CP1,108,-1.404,S2M
75,CP1,109,-0.916,S2M
75,CP1,110,-0.427,S2M
75,CP1,111,0.549,S2M
75,CP1,112,0.549,S2M
75,CP1,113,0.549,S2M
75,CP1,114,0.061,S2M
75,CP1,115,-0.427,S2M
75,CP1,116,0.061,S2M
75,CP1,117,0.549,S2M
75,CP1,118,0.549,S2M
75,CP1,119,0.549,S2M
75,CP1,120,-0.427,S2M
75,CP1,121,-0.916,S2M
75,CP1,122,-1.404,S2M
75,CP1,123,-1.892,S2M
75,CP1,124,-1.404,S2M
75,CP1,125,-1.404,S2M
75,CP1,126,-1.404,S2M
75,CP1,127,-1.892,S2M
75,CP1,128,-1.892,S2M
75,CP1,129,-1.404,S2M
75,CP1,130,-0.427,S2M
75,CP1,131,1.038,S2M
75,CP1,132,2.014,S2M
75,CP1,133,2.502,S2M
75,CP1,134,2.502,S2M
75,CP1,135,2.502,S2M
75,CP1,136,2.014,S2M
75,CP1,137,1.526,S2M
75,CP1,138,1.038,S2M
75,CP1,139,0.549,S2M
75,CP1,140,0.061,S2M
75,CP1,141,0.061,S2M
75,CP1,142,0.549,S2M
75,CP1,143,1.526,S2M
75,CP1,144,1.526,S2M
75,CP1,145,1.038,S2M
75,CP1,146,0.061,S2M
75,CP1,147,-1.404,S2M
75,CP1,148,-2.869,S2M
75,CP1,149,-3.357,S2M
75,CP1,150,-3.357,S2M
75,CP1,151,-2.380,S2M
75,CP1,152,-0.916,S2M
75,CP1,153,0.061,S2M
75,CP1,154,0.549,S2M
75,CP1,155,0.061,S2M
75,CP1,156,-0.916,S2M
75,CP1,157,-2.380,S2M
75,CP1,158,-2.869,S2M
75,CP1,159,-3.357,S2M
75,CP1,160,-3.357,S2M
75,CP1,161,-3.357,S2M
75,CP1,162,-2.869,S2M
75,CP1,163,-1.892,S2M
75,CP1,164,-1.404,S2M
75,CP1,165,-0.916,S2M
75,CP1,166,-1.404,S2M
75,CP1,167,-1.892,S2M
75,CP1,168,-2.380,S2M
75,CP1,169,-3.357,S2M
75,CP1,170,-3.845,S2M
75,CP1,171,-4.333,S2M
75,CP1,172,-4.333,S2M
75,CP1,173,-3.845,S2M
75,CP1,174,-3.357,S2M
75,CP1,175,-2.869,S2M
75,CP1,176,-2.869,S2M
75,CP1,177,-2.869,S2M
75,CP1,178,-2.869,S2M
75,CP1,179,-2.380,S2M
75,CP1,180,-1.404,S2M
75,CP1,181,-0.916,S2M
75,CP1,182,-0.916,S2M
75,CP1,183,-1.404,S2M
75,CP1,184,-1.892,S2M
75,CP1,185,-2.380,S2M
75,CP1,186,-2.869,S2M
75,CP1,187,-3.357,S2M
75,CP1,188,-2.869,S2M
75,CP1,189,-2.380,S2M
75,CP1,190,-1.892,S2M
75,CP1,191,-1.892,S2M
75,CP1,192,-2.380,S2M
75,CP1,193,-2.869,S2M
75,CP1,194,-2.869,S2M
75,CP1,195,-2.869,S2M
75,CP1,196,-2.869,S2M
75,CP1,197,-3.357,S2M
75,CP1,198,-3.357,S2M
75,CP1,199,-2.869,S2M
75,CP1,200,-2.380,S2M
75,CP1,201,-0.916,S2M
75,CP1,202,-0.427,S2M
75,CP1,203,-0.427,S2M
75,CP1,204,-0.916,S2M
75,CP1,205,-1.892,S2M
75,CP1,206,-2.869,S2M
75,CP1,207,-2.869,S2M
75,CP1,208,-2.380,S2M
75,CP1,209,-1.892,S2M
75,CP1,210,-1.892,S2M
75,CP1,211,-2.380,S2M
75,CP1,212,-3.357,S2M
75,CP1,213,-3.357,S2M
75,CP1,214,-2.869,S2M
75,CP1,215,-2.380,S2M
75,CP1,216,-1.892,S2M
75,CP1,217,-2.380,S2M
75,CP1,218,-2.869,S2M
75,CP1,219,-2.869,S2M
75,CP1,220,-1.404,S2M
75,CP1,221,0.549,S2M
75,CP1,222,2.014,S2M
75,CP1,223,2.502,S2M
75,CP1,224,2.014,S2M
75,CP1,225,1.526,S2M
75,CP1,226,1.038,S2M
75,CP1,227,1.526,S2M
75,CP1,228,1.526,S2M
75,CP1,229,1.526,S2M
75,CP1,230,0.549,S2M
75,CP1,231,-0.427,S2M
75,CP1,232,-0.916,S2M
75,CP1,233,-0.427,S2M
75,CP1,234,0.061,S2M
75,CP1,235,0.061,S2M
75,CP1,236,0.061,S2M
75,CP1,237,-0.916,S2M
75,CP1,238,-1.892,S2M
75,CP1,239,-1.892,S2M
75,CP1,240,-1.892,S2M
75,CP1,241,-1.404,S2M
75,CP1,242,-1.404,S2M
75,CP1,243,-1.404,S2M
75,CP1,244,-1.892,S2M
75,CP1,245,-1.892,S2M
75,CP1,246,-2.380,S2M
75,CP1,247,-3.357,S2M
75,CP1,248,-4.822,S2M
75,CP1,249,-5.798,S2M
75,CP1,250,-6.287,S2M
75,CP1,251,-4.822,S2M
75,CP1,252,-3.357,S2M
75,CP1,253,-0.916,S2M
75,CP1,254,0.549,S2M
75,CP1,255,2.014,S2M
75,CP2,0,3.733,S2M
75,CP2,1,3.733,S2M
75,CP2,2,3.245,S2M
75,CP2,3,2.757,S2M
75,CP2,4,1.780,S2M
75,CP2,5,0.804,S2M
75,CP2,6,-0.173,S2M
75,CP2,7,-1.638,S2M
75,CP2,8,-1.638,S2M
75,CP2,9,-1.638,S2M
75,CP2,10,-1.638,S2M
75,CP2,11,-1.149,S2M
75,CP2,12,-1.149,S2M
75,CP2,13,-1.149,S2M
75,CP2,14,-1.638,S2M
75,CP2,15,-1.638,S2M
75,CP2,16,-2.126,S2M
75,CP2,17,-2.614,S2M
75,CP2,18,-1.638,S2M
75,CP2,19,-0.661,S2M
75,CP2,20,0.804,S2M
75,CP2,21,2.268,S2M
75,CP2,22,2.757,S2M
75,CP2,23,1.780,S2M
75,CP2,24,0.315,S2M
75,CP2,25,-0.661,S2M
75,CP2,26,-0.661,S2M
75,CP2,27,0.315,S2M
75,CP2,28,0.804,S2M
75,CP2,29,0.804,S2M
75,CP2,30,-0.173,S2M
75,CP2,31,-0.661,S2M
75,CP2,32,-1.638,S2M
75,CP2,33,-1.638,S2M
75,CP2,34,-1.638,S2M
75,CP2,35,-2.126,S2M
75,CP2,36,-2.614,S2M
75,CP2,37,-3.591,S2M
75,CP2,38,-4.567,S2M
75,CP2,39,-4.567,S2M
75,CP2,40,-4.567,S2M
75,CP2,41,-4.079,S2M
75,CP2,42,-4.079,S2M
75,CP2,43,-4.079,S2M
75,CP2,44,-4.079,S2M
75,CP2,45,-3.591,S2M
75,CP2,46,-3.591,S2M
75,CP2,47,-3.103,S2M
75,CP2,48,-2.614,S2M
75,CP2,49,-2.126,S2M
75,CP2,50,-1.638,S2M
75,CP2,51,-1.638,S2M
75,CP2,52,-1.149,S2M
75,CP2,53,-1.149,S2M
75,CP2,54,-0.661,S2M
75,CP2,55,-0.661,S2M
75,CP2,56,-0.661,S2M
75,CP2,57,-1.149,S2M
75,CP2,58,-1.638,S2M
75,CP2,59,-1.638,S2M
75,CP2,60,-1.638,S2M
75,CP2,61,-1.638,S2M
75,CP2,62,-1.149,S2M
75,CP2,63,-1.638,S2M
75,CP2,64,-2.614,S2M
75,CP2,65,-3.591,S2M
75,CP2,66,-4.079,S2M
75,CP2,67,-4.079,S2M
75,CP2,68,-3.591,S2M
75,CP2,69,-2.614,S2M
75,CP2,70,-1.638,S2M
75,CP2,71,-1.638,S2M
75,CP2,72,-2.126,S2M
75,CP2,73,-3.103,S2M
75,CP2,74,-3.591,S2M
75,CP2,75,-4.079,S2M
75,CP2,76,-4.079,S2M
75,CP2,77,-3.591,S2M
75,CP2,78,-3.103,S2M
75,CP2,79,-2.614,S2M
75,CP2,80,-2.126,S2M
75,CP2,81,-2.614,S2M
75,CP2,82,-4.079,S2M
75,CP2,83,-6.032,S2M
75,CP2,84,-7.009,S2M
75,CP2,85,-7.009,S2M
75,CP2,86,-6.521,S2M
75,CP2,87,-5.056,S2M
75,CP2,88,-4.079,S2M
75,CP2,89,-4.079,S2M
75,CP2,90,-3.591,S2M
75,CP2,91,-3.103,S2M
75,CP2,92,-3.591,S2M
75,CP2,93,-4.079,S2M
75,CP2,94,-4.567,S2M
75,CP2,95,-5.056,S2M
75,CP2,96,-5.056,S2M
75,CP2,97,-4.079,S2M
75,CP2,98,-2.614,S2M
75,CP2,99,-1.638,S2M
75,CP2,100,-0.661,S2M
75,CP2,101,-1.149,S2M
75,CP2,102,-1.638,S2M
75,CP2,103,-3.103,S2M
75,CP2,104,-4.079,S2M
75,CP2,105,-4.567,S2M
75,CP2,106,-5.056,S2M
75,CP2,107,-5.056,S2M
75,CP2,108,-4.567,S2M
75,CP2,109,-4.567,S2M
75,CP2,110,-4.079,S2M
75,CP2,111,-3.591,S2M
75,CP2,112,-3.103,S2M
75,CP2,113,-2.614,S2M
75,CP2,114,-1.638,S2M
75,CP2,115,-1.638,S2M
75,CP2,116,-2.126,S2M
75,CP2,117,-2.126,S2M
75,CP2,118,-2.614,S2M
75,CP2,119,-3.103,S2M
75,CP2,120,-3.591,S2M
75,CP2,121,-3.591,S2M
75,CP2,122,-4.079,S2M
75,CP2,123,-4.567,S2M
75,CP2,124,-4.567,S2M
75,CP2,125,-5.056,S2M
75,CP2,126,-5.056,S2M
75,CP2,127,-5.056,S2M
75,CP2,128,-5.056,S2M
75,CP2,129,-4.567,S2M
75,CP2,130,-4.079,S2M
75,CP2,131,-3.103,S2M
75,CP2,132,-2.614,S2M
75,CP2,133,-2.614,S2M
75,CP2,134,-2.614,S2M
75,CP2,135,-2.126,S2M
75,CP2,136,-1.638,S2M
75,CP2,137,-1.149,S2M
75,CP2,138,-0.661,S2M
75,CP2,139,-0.661,S2M
75,CP2,140,-1.149,S2M
75,CP2,141,-2.126,S2M
75,CP2,142,-2.614,S2M
75,CP2,143,-3.103,S2M
75,CP2,144,-3.591,S2M
75,CP2,145,-3.591,S2M
75,CP2,146,-4.079,S2M
75,CP2,147,-3.591,S2M
75,CP2,148,-3.103,S2M
75,CP2,149,-3.591,S2M
75,CP2,150,-4.567,S2M
75,CP2,151,-5.056,S2M
75,CP2,152,-4.567,S2M
75,CP2,153,-4.079,S2M
75,CP2,154,-3.103,S2M
75,CP2,155,-2.126,S2M
75,CP2,156,-1.638,S2M
75,CP2,157,-1.149,S2M
75,CP2,158,-1.149,S2M
75,CP2,159,-1.638,S2M
75,CP2,160,-2.614,S2M
75,CP2,161,-2.614,S2M
75,CP2,162,-2.126,S2M
75,CP2,163,-1.149,S2M
75,CP2,164,-0.173,S2M
75,CP2,165,0.315,S2M
75,CP2,166,-0.661,S2M
75,CP2,167,-2.126,S2M
75,CP2,168,-3.591,S2M
75,CP2,169,-4.079,S2M
75,CP2,170,-3.591,S2M
75,CP2,171,-2.614,S2M
75,CP2,172,-1.638,S2M
75,CP2,173,-1.638,S2M
75,CP2,174,-2.126,S2M
75,CP2,175,-2.614,S2M
75,CP2,176,-3.591,S2M
75,CP2,177,-4.079,S2M
75,CP2,178,-4.079,S2M
75,CP2,179,-4.567,S2M
75,CP2,180,-3.591,S2M
75,CP2,181,-2.614,S2M
75,CP2,182,-1.149,S2M
75,CP2,183,0.315,S2M
75,CP2,184,1.292,S2M
75,CP2,185,0.804,S2M
75,CP2,186,0.315,S2M
75,CP2,187,-0.661,S2M
75,CP2,188,-1.638,S2M
75,CP2,189,-1.638,S2M
75,CP2,190,-1.638,S2M
75,CP2,191,-1.638,S2M
75,CP2,192,-1.638,S2M
75,CP2,193,-1.638,S2M
75,CP2,194,-1.638,S2M
75,CP2,195,-1.149,S2M
75,CP2,196,-1.149,S2M
75,CP2,197,-1.638,S2M
75,CP2,198,-1.149,S2M
75,CP2,199,-0.661,S2M
75,CP2,200,-0.173,S2M
75,CP2,201,0.315,S2M
75,CP2,202,-0.173,S2M
75,CP2,203,-0.661,S2M
75,CP2,204,-1.638,S2M
75,CP2,205,-2.126,S2M
75,CP2,206,-2.614,S2M
75,CP2,207,-2.614,S2M
75,CP2,208,-2.614,S2M
75,CP2,209,-2.614,S2M
75,CP2,210,-3.591,S2M
75,CP2,211,-4.567,S2M
75,CP2,212,-4.567,S2M
75,CP2,213,-3.591,S2M
75,CP2,214,-2.614,S2M
75,CP2,215,-2.126,S2M
75,CP2,216,-3.103,S2M
75,CP2,217,-5.056,S2M
75,CP2,218,-6.032,S2M
75,CP2,219,-6.032,S2M
75,CP2,220,-4.567,S2M
75,CP2,221,-2.614,S2M
75,CP2,222,-1.149,S2M
75,CP2,223,-1.149,S2M
75,CP2,224,-1.149,S2M
75,CP2,225,-1.149,S2M
75,CP2,226,-0.661,S2M
75,CP2,227,0.804,S2M
75,CP2,228,1.292,S2M
75,CP2,229,1.292,S2M
75,CP2,230,0.315,S2M
75,CP2,231,-0.661,S2M
75,CP2,232,-1.149,S2M
75,CP2,233,-1.149,S2M
75,CP2,234,-0.661,S2M
75,CP2,235,-0.173,S2M
75,CP2,236,-0.173,S2M
75,CP2,237,-0.173,S2M
75,CP2,238,-0.661,S2M
75,CP2,239,-1.149,S2M
75,CP2,240,-1.638,S2M
75,CP2,241,-2.126,S2M
75,CP2,242,-2.614,S2M
75,CP2,243,-3.591,S2M
75,CP2,244,-4.079,S2M
75,CP2,245,-4.079,S2M
75,CP2,246,-4.079,S2M
75,CP2,247,-4.079,S2M
75,CP2,248,-3.591,S2M
75,CP2,249,-3.103,S2M
75,CP2,250,-3.103,S2M
75,CP2,251,-2.614,S2M
75,CP2,252,-2.614,S2M
75,CP2,253,-2.126,S2M
75,CP2,254,-1.638,S2M
75,CP2,255,-1.149,S2M
75,P3,0,1.424,S2M
75,P3,1,2.401,S2M
75,P3,2,3.866,S2M
75,P3,3,4.354,S2M
75,P3,4,3.866,S2M
75,P3,5,1.424,S2M
75,P3,6,-1.017,S2M
75,P3,7,-2.970,S2M
75,P3,8,-3.947,S2M
75,P3,9,-3.459,S2M
75,P3,10,-1.994,S2M
75,P3,11,-1.017,S2M
75,P3,12,-0.041,S2M
75,P3,13,0.936,S2M
75,P3,14,1.912,S2M
75,P3,15,2.401,S2M
75,P3,16,2.401,S2M
75,P3,17,1.424,S2M
75,P3,18,-0.041,S2M
75,P3,19,-0.529,S2M
75,P3,20,0.448,S2M
75,P3,21,2.889,S2M
75,P3,22,5.819,S2M
75,P3,23,6.795,S2M
75,P3,24,5.330,S2M
75,P3,25,2.401,S2M
75,P3,26,-0.529,S2M
75,P3,27,-2.482,S2M
75,P3,28,-2.970,S2M
75,P3,29,-2.482,S2M
75,P3,30,-2.482,S2M
75,P3,31,-2.482,S2M
75,P3,32,-2.970,S2M
75,P3,33,-2.970,S2M
75,P3,34,-3.459,S2M
75,P3,35,-4.924,S2M
75,P3,36,-7.365,S2M
75,P3,37,-10.783,S2M
75,P3,38,-13.713,S2M
75,P3,39,-14.201,S2M
75,P3,40,-12.736,S2M
75,P3,41,-10.295,S2M
75,P3,42,-7.853,S2M
75,P3,43,-7.365,S2M
75,P3,44,-8.341,S2M
75,P3,45,-10.295,S2M
75,P3,46,-11.271,S2M
75,P3,47,-10.783,S2M
75,P3,48,-8.830,S2M
75,P3,49,-5.412,S2M
75,P3,50,-2.970,S2M
75,P3,51,-1.506,S2M
75,P3,52,-1.506,S2M
75,P3,53,-2.482,S2M
75,P3,54,-2.970,S2M
75,P3,55,-2.482,S2M
75,P3,56,-1.506,S2M
75,P3,57,-0.041,S2M
75,P3,58,-0.041,S2M
75,P3,59,-1.017,S2M
75,P3,60,-2.970,S2M
75,P3,61,-4.435,S2M
75,P3,62,-3.947,S2M
75,P3,63,-2.482,S2M
75,P3,64,-1.017,S2M
75,P3,65,-0.041,S2M
75,P3,66,-0.529,S2M
75,P3,67,-1.017,S2M
75,P3,68,-1.506,S2M
75,P3,69,-1.506,S2M
75,P3,70,-1.994,S2M
75,P3,71,-2.970,S2M
75,P3,72,-4.435,S2M
75,P3,73,-6.388,S2M
75,P3,74,-7.365,S2M
75,P3,75,-7.365,S2M
75,P3,76,-6.388,S2M
75,P3,77,-4.924,S2M
75,P3,78,-3.947,S2M
75,P3,79,-2.970,S2M
75,P3,80,-2.970,S2M
75,P3,81,-4.435,S2M
75,P3,82,-6.877,S2M
75,P3,83,-9.318,S2M
75,P3,84,-11.271,S2M
75,P3,85,-12.248,S2M
75,P3,86,-12.248,S2M
75,P3,87,-11.759,S2M
75,P3,88,-10.783,S2M
75,P3,89,-8.830,S2M
75,P3,90,-5.900,S2M
75,P3,91,-2.482,S2M
75,P3,92,-1.017,S2M
75,P3,93,-1.506,S2M
75,P3,94,-4.435,S2M
75,P3,95,-7.365,S2M
75,P3,96,-8.341,S2M
75,P3,97,-7.365,S2M
75,P3,98,-4.924,S2M
75,P3,99,-3.459,S2M
75,P3,100,-3.459,S2M
75,P3,101,-5.412,S2M
75,P3,102,-7.365,S2M
75,P3,103,-7.365,S2M
75,P3,104,-6.388,S2M
75,P3,105,-4.924,S2M
75,P3,106,-3.947,S2M
75,P3,107,-3.947,S2M
75,P3,108,-4.435,S2M
75,P3,109,-3.947,S2M
75,P3,110,-2.482,S2M
75,P3,111,-0.529,S2M
75,P3,112,0.448,S2M
75,P3,113,0.448,S2M
75,P3,114,-0.041,S2M
75,P3,115,-0.529,S2M
75,P3,116,-0.529,S2M
75,P3,117,-0.041,S2M
75,P3,118,0.448,S2M
75,P3,119,-0.041,S2M
75,P3,120,-1.017,S2M
75,P3,121,-2.482,S2M
75,P3,122,-2.970,S2M
75,P3,123,-3.459,S2M
75,P3,124,-2.482,S2M
75,P3,125,-2.482,S2M
75,P3,126,-2.970,S2M
75,P3,127,-3.947,S2M
75,P3,128,-4.924,S2M
75,P3,129,-4.435,S2M
75,P3,130,-2.482,S2M
75,P3,131,0.448,S2M
75,P3,132,3.866,S2M
75,P3,133,4.842,S2M
75,P3,134,4.842,S2M
75,P3,135,3.377,S2M
75,P3,136,2.401,S2M
75,P3,137,1.912,S2M
75,P3,138,1.912,S2M
75,P3,139,1.912,S2M
75,P3,140,1.912,S2M
75,P3,141,1.912,S2M
75,P3,142,1.912,S2M
75,P3,143,2.889,S2M
75,P3,144,3.377,S2M
75,P3,145,2.889,S2M
75,P3,146,1.912,S2M
75,P3,147,-1.017,S2M
75,P3,148,-3.947,S2M
75,P3,149,-5.900,S2M
75,P3,150,-5.900,S2M
75,P3,151,-4.435,S2M
75,P3,152,-1.017,S2M
75,P3,153,0.936,S2M
75,P3,154,2.401,S2M
75,P3,155,0.936,S2M
75,P3,156,-0.529,S2M
75,P3,157,-2.482,S2M
75,P3,158,-3.947,S2M
75,P3,159,-4.435,S2M
75,P3,160,-4.924,S2M
75,P3,161,-4.435,S2M
75,P3,162,-2.482,S2M
75,P3,163,-0.041,S2M
75,P3,164,1.912,S2M
75,P3,165,2.401,S2M
75,P3,166,1.912,S2M
75,P3,167,-0.041,S2M
75,P3,168,-1.506,S2M
75,P3,169,-3.947,S2M
75,P3,170,-6.388,S2M
75,P3,171,-7.365,S2M
75,P3,172,-7.365,S2M
75,P3,173,-5.900,S2M
75,P3,174,-3.459,S2M
75,P3,175,-1.506,S2M
75,P3,176,-1.506,S2M
75,P3,177,-2.970,S2M
75,P3,178,-4.435,S2M
75,P3,179,-4.435,S2M
75,P3,180,-3.459,S2M
75,P3,181,-0.529,S2M
75,P3,182,1.424,S2M
75,P3,183,2.401,S2M
75,P3,184,1.424,S2M
75,P3,185,-1.017,S2M
75,P3,186,-2.970,S2M
75,P3,187,-3.459,S2M
75,P3,188,-2.970,S2M
75,P3,189,-1.994,S2M
75,P3,190,-1.017,S2M
75,P3,191,-1.017,S2M
75,P3,192,-1.994,S2M
75,P3,193,-2.482,S2M
75,P3,194,-2.970,S2M
75,P3,195,-3.459,S2M
75,P3,196,-3.947,S2M
75,P3,197,-4.435,S2M
75,P3,198,-3.947,S2M
75,P3,199,-2.970,S2M
75,P3,200,-1.506,S2M
75,P3,201,-0.041,S2M
75,P3,202,0.448,S2M
75,P3,203,-0.529,S2M
75,P3,204,-1.506,S2M
75,P3,205,-2.482,S2M
75,P3,206,-2.482,S2M
75,P3,207,-1.506,S2M
75,P3,208,0.448,S2M
75,P3,209,1.424,S2M
75,P3,210,1.424,S2M
75,P3,211,-0.041,S2M
75,P3,212,-1.994,S2M
75,P3,213,-3.459,S2M
75,P3,214,-2.482,S2M
75,P3,215,-1.017,S2M
75,P3,216,-0.041,S2M
75,P3,217,-0.041,S2M
75,P3,218,-1.017,S2M
75,P3,219,-1.506,S2M
75,P3,220,-0.041,S2M
75,P3,221,2.889,S2M
75,P3,222,5.819,S2M
75,P3,223,6.795,S2M
75,P3,224,5.330,S2M
75,P3,225,4.354,S2M
75,P3,226,3.866,S2M
75,P3,227,5.330,S2M
75,P3,228,6.795,S2M
75,P3,229,6.307,S2M
75,P3,230,4.354,S2M
75,P3,231,1.912,S2M
75,P3,232,1.424,S2M
75,P3,233,2.889,S2M
75,P3,234,5.819,S2M
75,P3,235,7.284,S2M
75,P3,236,6.795,S2M
75,P3,237,3.866,S2M
75,P3,238,0.936,S2M
75,P3,239,-0.041,S2M
75,P3,240,0.448,S2M
75,P3,241,1.424,S2M
75,P3,242,2.401,S2M
75,P3,243,2.889,S2M
75,P3,244,3.377,S2M
75,P3,245,3.866,S2M
75,P3,246,3.377,S2M
75,P3,247,1.424,S2M
75,P3,248,-1.994,S2M
75,P3,249,-5.900,S2M
75,P3,250,-7.365,S2M
75,P3,251,-5.412,S2M
75,P3,252,-1.506,S2M
75,P3,253,2.889,S2M
75,P3,254,7.284,S2M
75,P3,255,9.725,S2M
75,P4,0,8.280,S2M
75,P4,1,7.792,S2M
75,P4,2,5.839,S2M
75,P4,3,3.886,S2M
75,P4,4,2.421,S2M
75,P4,5,0.956,S2M
75,P4,6,-0.509,S2M
75,P4,7,-2.950,S2M
75,P4,8,-4.903,S2M
75,P4,9,-5.391,S2M
75,P4,10,-4.903,S2M
75,P4,11,-3.438,S2M
75,P4,12,-1.973,S2M
75,P4,13,-0.997,S2M
75,P4,14,-0.997,S2M
75,P4,15,-1.973,S2M
75,P4,16,-2.950,S2M
75,P4,17,-3.438,S2M
75,P4,18,-2.462,S2M
75,P4,19,0.468,S2M
75,P4,20,3.886,S2M
75,P4,21,6.327,S2M
75,P4,22,5.839,S2M
75,P4,23,3.398,S2M
75,P4,24,0.468,S2M
75,P4,25,-0.997,S2M
75,P4,26,-0.020,S2M
75,P4,27,1.933,S2M
75,P4,28,3.398,S2M
75,P4,29,2.909,S2M
75,P4,30,0.956,S2M
75,P4,31,-0.509,S2M
75,P4,32,-0.997,S2M
75,P4,33,-1.973,S2M
75,P4,34,-2.950,S2M
75,P4,35,-4.903,S2M
75,P4,36,-7.345,S2M
75,P4,37,-8.809,S2M
75,P4,38,-9.786,S2M
75,P4,39,-10.274,S2M
75,P4,40,-10.763,S2M
75,P4,41,-11.739,S2M
75,P4,42,-11.251,S2M
75,P4,43,-10.763,S2M
75,P4,44,-8.809,S2M
75,P4,45,-7.345,S2M
75,P4,46,-6.368,S2M
75,P4,47,-5.391,S2M
75,P4,48,-4.903,S2M
75,P4,49,-4.903,S2M
75,P4,50,-4.903,S2M
75,P4,51,-4.415,S2M
75,P4,52,-3.927,S2M
75,P4,53,-2.950,S2M
75,P4,54,-1.973,S2M
75,P4,55,-0.997,S2M
75,P4,56,-0.997,S2M
75,P4,57,-1.485,S2M
75,P4,58,-2.462,S2M
75,P4,59,-2.950,S2M
75,P4,60,-3.438,S2M
75,P4,61,-3.438,S2M
75,P4,62,-3.438,S2M
75,P4,63,-4.415,S2M
75,P4,64,-5.880,S2M
75,P4,65,-7.345,S2M
75,P4,66,-7.345,S2M
75,P4,67,-6.368,S2M
75,P4,68,-3.927,S2M
75,P4,69,-1.973,S2M
75,P4,70,-0.997,S2M
75,P4,71,-1.485,S2M
75,P4,72,-2.950,S2M
75,P4,73,-4.415,S2M
75,P4,74,-5.880,S2M
75,P4,75,-6.856,S2M
75,P4,76,-7.345,S2M
75,P4,77,-6.368,S2M
75,P4,78,-4.903,S2M
75,P4,79,-2.950,S2M
75,P4,80,-2.462,S2M
75,P4,81,-3.927,S2M
75,P4,82,-8.321,S2M
75,P4,83,-12.716,S2M
75,P4,84,-15.157,S2M
75,P4,85,-14.669,S2M
75,P4,86,-12.227,S2M
75,P4,87,-9.786,S2M
75,P4,88,-8.321,S2M
75,P4,89,-8.321,S2M
75,P4,90,-8.809,S2M
75,P4,91,-8.321,S2M
75,P4,92,-7.833,S2M
75,P4,93,-7.345,S2M
75,P4,94,-7.833,S2M
75,P4,95,-8.321,S2M
75,P4,96,-7.833,S2M
75,P4,97,-6.856,S2M
75,P4,98,-4.415,S2M
75,P4,99,-1.485,S2M
75,P4,100,0.468,S2M
75,P4,101,0.956,S2M
75,P4,102,-0.020,S2M
75,P4,103,-2.950,S2M
75,P4,104,-5.391,S2M
75,P4,105,-7.345,S2M
75,P4,106,-7.345,S2M
75,P4,107,-6.856,S2M
75,P4,108,-5.880,S2M
75,P4,109,-4.903,S2M
75,P4,110,-4.415,S2M
75,P4,111,-3.927,S2M
75,P4,112,-2.462,S2M
75,P4,113,-0.509,S2M
75,P4,114,1.933,S2M
75,P4,115,2.909,S2M
75,P4,116,1.933,S2M
75,P4,117,-0.509,S2M
75,P4,118,-2.462,S2M
75,P4,119,-3.438,S2M
75,P4,120,-2.950,S2M
75,P4,121,-2.462,S2M
75,P4,122,-2.950,S2M
75,P4,123,-4.415,S2M
75,P4,124,-5.880,S2M
75,P4,125,-6.368,S2M
75,P4,126,-6.368,S2M
75,P4,127,-5.391,S2M
75,P4,128,-4.903,S2M
75,P4,129,-4.903,S2M
75,P4,130,-4.415,S2M
75,P4,131,-3.438,S2M
75,P4,132,-3.438,S2M
75,P4,133,-3.438,S2M
75,P4,134,-3.438,S2M
75,P4,135,-3.438,S2M
75,P4,136,-2.462,S2M
75,P4,137,-1.485,S2M
75,P4,138,-0.509,S2M
75,P4,139,-0.020,S2M
75,P4,140,-0.509,S2M
75,P4,141,-1.485,S2M
75,P4,142,-2.950,S2M
75,P4,143,-4.415,S2M
75,P4,144,-5.391,S2M
75,P4,145,-5.880,S2M
75,P4,146,-5.880,S2M
75,P4,147,-5.391,S2M
75,P4,148,-5.391,S2M
75,P4,149,-6.368,S2M
75,P4,150,-7.833,S2M
75,P4,151,-8.809,S2M
75,P4,152,-8.809,S2M
75,P4,153,-7.833,S2M
75,P4,154,-5.880,S2M
75,P4,155,-3.927,S2M
75,P4,156,-2.462,S2M
75,P4,157,-1.973,S2M
75,P4,158,-2.950,S2M
75,P4,159,-3.927,S2M
75,P4,160,-4.903,S2M
75,P4,161,-4.903,S2M
75,P4,162,-3.438,S2M
75,P4,163,-1.485,S2M
75,P4,164,-0.509,S2M
75,P4,165,-0.997,S2M
75,P4,166,-3.438,S2M
75,P4,167,-6.368,S2M
75,P4,168,-8.321,S2M
75,P4,169,-7.833,S2M
75,P4,170,-4.903,S2M
75,P4,171,-1.973,S2M
75,P4,172,-0.020,S2M
75,P4,173,-0.509,S2M
75,P4,174,-2.462,S2M
75,P4,175,-5.391,S2M
75,P4,176,-7.833,S2M
75,P4,177,-8.809,S2M
75,P4,178,-9.298,S2M
75,P4,179,-9.298,S2M
75,P4,180,-7.833,S2M
75,P4,181,-4.903,S2M
75,P4,182,-1.973,S2M
75,P4,183,0.468,S2M
75,P4,184,1.444,S2M
75,P4,185,-0.020,S2M
75,P4,186,-1.973,S2M
75,P4,187,-3.438,S2M
75,P4,188,-4.415,S2M
75,P4,189,-3.438,S2M
75,P4,190,-2.462,S2M
75,P4,191,-1.973,S2M
75,P4,192,-1.973,S2M
75,P4,193,-2.462,S2M
75,P4,194,-2.462,S2M
75,P4,195,-2.462,S2M
75,P4,196,-1.973,S2M
75,P4,197,-0.997,S2M
75,P4,198,-0.997,S2M
75,P4,199,-0.997,S2M
75,P4,200,-0.509,S2M
75,P4,201,-0.509,S2M
75,P4,202,-0.509,S2M
75,P4,203,-0.509,S2M
75,P4,204,-0.997,S2M
75,P4,205,-2.462,S2M
75,P4,206,-2.950,S2M
75,P4,207,-2.950,S2M
75,P4,208,-2.950,S2M
75,P4,209,-3.927,S2M
75,P4,210,-5.391,S2M
75,P4,211,-6.856,S2M
75,P4,212,-7.345,S2M
75,P4,213,-5.391,S2M
75,P4,214,-2.950,S2M
75,P4,215,-1.973,S2M
75,P4,216,-3.927,S2M
75,P4,217,-7.345,S2M
75,P4,218,-9.298,S2M
75,P4,219,-8.321,S2M
75,P4,220,-4.415,S2M
75,P4,221,0.468,S2M
75,P4,222,2.421,S2M
75,P4,223,1.444,S2M
75,P4,224,-0.509,S2M
75,P4,225,-0.997,S2M
75,P4,226,0.956,S2M
75,P4,227,4.374,S2M
75,P4,228,6.327,S2M
75,P4,229,5.839,S2M
75,P4,230,3.886,S2M
75,P4,231,1.444,S2M
75,P4,232,0.468,S2M
75,P4,233,0.956,S2M
75,P4,234,2.421,S2M
75,P4,235,3.398,S2M
75,P4,236,3.886,S2M
75,P4,237,2.909,S2M
75,P4,238,1.444,S2M
75,P4,239,0.468,S2M
75,P4,240,-0.509,S2M
75,P4,241,-0.509,S2M
75,P4,242,-0.997,S2M
75,P4,243,-2.462,S2M
75,P4,244,-4.415,S2M
75,P4,245,-5.880,S2M
75,P4,246,-6.368,S2M
75,P4,247,-5.880,S2M
75,P4,248,-4.415,S2M
75,P4,249,-2.462,S2M
75,P4,250,-0.997,S2M
75,P4,251,-0.020,S2M
75,P4,252,-0.020,S2M
75,P4,253,-0.020,S2M
75,P4,254,-0.020,S2M
75,P4,255,0.468,S2M
75,PZ,0,5.514,S2M
75,PZ,1,6.978,S2M
75,PZ,2,6.978,S2M
75,PZ,3,5.514,S2M
75,PZ,4,3.560,S2M
75,PZ,5,1.119,S2M
75,PZ,6,-0.346,S2M
75,PZ,7,-1.322,S2M
75,PZ,8,-1.322,S2M
75,PZ,9,-1.322,S2M
75,PZ,10,-0.346,S2M
75,PZ,11,0.631,S2M
75,PZ,12,1.607,S2M
75,PZ,13,2.096,S2M
75,PZ,14,1.607,S2M
75,PZ,15,1.119,S2M
75,PZ,16,0.142,S2M
75,PZ,17,0.142,S2M
75,PZ,18,1.119,S2M
75,PZ,19,2.584,S2M
75,PZ,20,4.537,S2M
75,PZ,21,5.514,S2M
75,PZ,22,5.514,S2M
75,PZ,23,4.049,S2M
75,PZ,24,1.607,S2M
75,PZ,25,-0.346,S2M
75,PZ,26,-1.811,S2M
75,PZ,27,-1.811,S2M
75,PZ,28,-1.322,S2M
75,PZ,29,-1.322,S2M
75,PZ,30,-1.322,S2M
75,PZ,31,-1.322,S2M
75,PZ,32,-0.834,S2M
75,PZ,33,-0.834,S2M
75,PZ,34,-1.322,S2M
75,PZ,35,-3.764,S2M
75,PZ,36,-5.717,S2M
75,PZ,37,-7.182,S2M
75,PZ,38,-7.182,S2M
75,PZ,39,-6.694,S2M
75,PZ,40,-6.205,S2M
75,PZ,41,-5.717,S2M
75,PZ,42,-5.229,S2M
75,PZ,43,-5.229,S2M
75,PZ,44,-5.229,S2M
75,PZ,45,-6.205,S2M
75,PZ,46,-6.205,S2M
75,PZ,47,-5.229,S2M
75,PZ,48,-3.276,S2M
75,PZ,49,-0.834,S2M
75,PZ,50,0.142,S2M
75,PZ,51,-0.834,S2M
75,PZ,52,-1.811,S2M
75,PZ,53,-2.299,S2M
75,PZ,54,-1.322,S2M
75,PZ,55,0.142,S2M
75,PZ,56,0.631,S2M
75,PZ,57,-0.834,S2M
75,PZ,58,-1.811,S2M
75,PZ,59,-2.787,S2M
75,PZ,60,-2.787,S2M
75,PZ,61,-2.787,S2M
75,PZ,62,-2.787,S2M
75,PZ,63,-2.299,S2M
75,PZ,64,-2.299,S2M
75,PZ,65,-1.811,S2M
75,PZ,66,-1.322,S2M
75,PZ,67,-0.346,S2M
75,PZ,68,0.631,S2M
75,PZ,69,1.119,S2M
75,PZ,70,0.631,S2M
75,PZ,71,-0.834,S2M
75,PZ,72,-3.276,S2M
75,PZ,73,-5.229,S2M
75,PZ,74,-5.717,S2M
75,PZ,75,-5.717,S2M
75,PZ,76,-4.740,S2M
75,PZ,77,-3.764,S2M
75,PZ,78,-3.276,S2M
75,PZ,79,-2.787,S2M
75,PZ,80,-2.787,S2M
75,PZ,81,-5.229,S2M
75,PZ,82,-8.158,S2M
75,PZ,83,-10.600,S2M
75,PZ,84,-11.088,S2M
75,PZ,85,-10.600,S2M
75,PZ,86,-10.111,S2M
75,PZ,87,-9.623,S2M
75,PZ,88,-9.135,S2M
75,PZ,89,-6.694,S2M
75,PZ,90,-3.764,S2M
75,PZ,91,-0.834,S2M
75,PZ,92,-0.834,S2M
75,PZ,93,-3.276,S2M
75,PZ,94,-6.205,S2M
75,PZ,95,-7.670,S2M
75,PZ,96,-6.205,S2M
75,PZ,97,-3.764,S2M
75,PZ,98,-2.299,S2M
75,PZ,99,-2.299,S2M
75,PZ,100,-2.787,S2M
75,PZ,101,-2.299,S2M
75,PZ,102,-1.811,S2M
75,PZ,103,-2.299,S2M
75,PZ,104,-3.276,S2M
75,PZ,105,-4.740,S2M
75,PZ,106,-4.740,S2M
75,PZ,107,-3.276,S2M
75,PZ,108,-2.299,S2M
75,PZ,109,-1.811,S2M
75,PZ,110,-1.322,S2M
75,PZ,111,-0.346,S2M
75,PZ,112,0.631,S2M
75,PZ,113,1.607,S2M
75,PZ,114,1.607,S2M
75,PZ,115,0.631,S2M
75,PZ,116,0.142,S2M
75,PZ,117,0.142,S2M
75,PZ,118,0.631,S2M
75,PZ,119,0.142,S2M
75,PZ,120,-0.834,S2M
75,PZ,121,-1.811,S2M
75,PZ,122,-2.299,S2M
75,PZ,123,-2.787,S2M
75,PZ,124,-2.299,S2M
75,PZ,125,-2.787,S2M
75,PZ,126,-4.252,S2M
75,PZ,127,-4.740,S2M
75,PZ,128,-4.252,S2M
75,PZ,129,-2.299,S2M
75,PZ,130,0.142,S2M
75,PZ,131,1.607,S2M
75,PZ,132,2.584,S2M
75,PZ,133,2.584,S2M
75,PZ,134,2.096,S2M
75,PZ,135,1.607,S2M
75,PZ,136,1.607,S2M
75,PZ,137,1.119,S2M
75,PZ,138,1.119,S2M
75,PZ,139,1.119,S2M
75,PZ,140,0.631,S2M
75,PZ,141,1.119,S2M
75,PZ,142,1.119,S2M
75,PZ,143,1.119,S2M
75,PZ,144,0.142,S2M
75,PZ,145,-1.322,S2M
75,PZ,146,-3.276,S2M
75,PZ,147,-4.740,S2M
75,PZ,148,-5.717,S2M
75,PZ,149,-6.694,S2M
75,PZ,150,-6.205,S2M
75,PZ,151,-5.229,S2M
75,PZ,152,-3.276,S2M
75,PZ,153,-1.811,S2M
75,PZ,154,-1.322,S2M
75,PZ,155,-1.322,S2M
75,PZ,156,-1.811,S2M
75,PZ,157,-2.299,S2M
75,PZ,158,-3.764,S2M
75,PZ,159,-5.229,S2M
75,PZ,160,-6.205,S2M
75,PZ,161,-5.229,S2M
75,PZ,162,-3.276,S2M
75,PZ,163,-0.834,S2M
75,PZ,164,0.631,S2M
75,PZ,165,-0.346,S2M
75,PZ,166,-2.299,S2M
75,PZ,167,-4.252,S2M
75,PZ,168,-5.717,S2M
75,PZ,169,-5.717,S2M
75,PZ,170,-6.205,S2M
75,PZ,171,-6.694,S2M
75,PZ,172,-6.694,S2M
75,PZ,173,-5.717,S2M
75,PZ,174,-5.229,S2M
75,PZ,175,-5.229,S2M
75,PZ,176,-6.205,S2M
75,PZ,177,-7.182,S2M
75,PZ,178,-7.182,S2M
75,PZ,179,-6.205,S2M
75,PZ,180,-4.740,S2M
75,PZ,181,-2.787,S2M
75,PZ,182,-1.811,S2M
75,PZ,183,-1.811,S2M
75,PZ,184,-2.299,S2M
75,PZ,185,-3.276,S2M
75,PZ,186,-4.252,S2M
75,PZ,187,-5.229,S2M
75,PZ,188,-4.740,S2M
75,PZ,189,-4.252,S2M
75,PZ,190,-3.276,S2M
75,PZ,191,-3.276,S2M
75,PZ,192,-3.276,S2M
75,PZ,193,-3.276,S2M
75,PZ,194,-3.764,S2M
75,PZ,195,-3.764,S2M
75,PZ,196,-4.252,S2M
75,PZ,197,-4.740,S2M
75,PZ,198,-4.252,S2M
75,PZ,199,-2.787,S2M
75,PZ,200,-0.834,S2M
75,PZ,201,1.119,S2M
75,PZ,202,0.631,S2M
75,PZ,203,-1.322,S2M
75,PZ,204,-3.764,S2M
75,PZ,205,-4.740,S2M
75,PZ,206,-4.252,S2M
75,PZ,207,-3.276,S2M
75,PZ,208,-2.787,S2M
75,PZ,209,-4.252,S2M
75,PZ,210,-5.717,S2M
75,PZ,211,-7.670,S2M
75,PZ,212,-7.670,S2M
75,PZ,213,-6.205,S2M
75,PZ,214,-4.252,S2M
75,PZ,215,-3.764,S2M
75,PZ,216,-5.717,S2M
75,PZ,217,-8.158,S2M
75,PZ,218,-8.647,S2M
75,PZ,219,-7.182,S2M
75,PZ,220,-2.787,S2M
75,PZ,221,0.631,S2M
75,PZ,222,1.607,S2M
75,PZ,223,1.119,S2M
75,PZ,224,0.142,S2M
75,PZ,225,1.119,S2M
75,PZ,226,3.560,S2M
75,PZ,227,4.537,S2M
75,PZ,228,4.049,S2M
75,PZ,229,1.119,S2M
75,PZ,230,-0.834,S2M
75,PZ,231,-1.811,S2M
75,PZ,232,-0.834,S2M
75,PZ,233,0.631,S2M
75,PZ,234,0.631,S2M
75,PZ,235,-0.346,S2M
75,PZ,236,-0.834,S2M
75,PZ,237,-1.811,S2M
75,PZ,238,-2.299,S2M
75,PZ,239,-3.764,S2M
75,PZ,240,-4.740,S2M
75,PZ,241,-5.229,S2M
75,PZ,242,-4.740,S2M
75,PZ,243,-4.252,S2M
75,PZ,244,-3.276,S2M
75,PZ,245,-3.764,S2M
75,PZ,246,-4.740,S2M
75,PZ,247,-6.205,S2M
75,PZ,248,-7.670,S2M
75,PZ,249,-8.647,S2M
75,PZ,250,-8.158,S2M
75,PZ,251,-6.205,S2M
75,PZ,252,-3.764,S2M
75,PZ,253,-1.322,S2M
75,PZ,254,0.631,S2M
75,PZ,255,2.584,S2M
75,P8,0,10.152,S2M
75,P8,1,5.758,S2M
75,P8,2,2.828,S2M
75,P8,3,1.363,S2M
75,P8,4,1.851,S2M
75,P8,5,0.875,S2M
75,P8,6,-2.543,S2M
75,P8,7,-6.938,S2M
75,P8,8,-10.356,S2M
75,P8,9,-9.867,S2M
75,P8,10,-6.449,S2M
75,P8,11,-2.055,S2M
75,P8,12,0.875,S2M
75,P8,13,0.875,S2M
75,P8,14,-1.078,S2M
75,P8,15,-4.008,S2M
75,P8,16,-4.985,S2M
75,P8,17,-4.008,S2M
75,P8,18,-1.078,S2M
75,P8,19,2.828,S2M
75,P8,20,5.269,S2M
75,P8,21,6.246,S2M
75,P8,22,5.269,S2M
75,P8,23,2.828,S2M
75,P8,24,0.387,S2M
75,P8,25,-0.590,S2M
75,P8,26,0.875,S2M
75,P8,27,4.293,S2M
75,P8,28,8.199,S2M
75,P8,29,11.617,S2M
75,P8,30,12.594,S2M
75,P8,31,11.129,S2M
75,P8,32,8.199,S2M
75,P8,33,5.269,S2M
75,P8,34,2.340,S2M
75,P8,35,-0.102,S2M
75,P8,36,-2.055,S2M
75,P8,37,-4.008,S2M
75,P8,38,-6.449,S2M
75,P8,39,-7.914,S2M
75,P8,40,-9.379,S2M
75,P8,41,-10.844,S2M
75,P8,42,-11.820,S2M
75,P8,43,-11.820,S2M
75,P8,44,-10.844,S2M
75,P8,45,-9.379,S2M
75,P8,46,-8.891,S2M
75,P8,47,-8.403,S2M
75,P8,48,-8.891,S2M
75,P8,49,-8.891,S2M
75,P8,50,-8.891,S2M
75,P8,51,-8.403,S2M
75,P8,52,-7.426,S2M
75,P8,53,-5.961,S2M
75,P8,54,-4.496,S2M
75,P8,55,-4.496,S2M
75,P8,56,-4.985,S2M
75,P8,57,-6.938,S2M
75,P8,58,-8.891,S2M
75,P8,59,-8.891,S2M
75,P8,60,-6.449,S2M
75,P8,61,-4.008,S2M
75,P8,62,-4.008,S2M
75,P8,63,-8.403,S2M
75,P8,64,-14.750,S2M
75,P8,65,-18.656,S2M
75,P8,66,-17.680,S2M
75,P8,67,-12.309,S2M
75,P8,68,-6.449,S2M
75,P8,69,-4.008,S2M
75,P8,70,-4.496,S2M
75,P8,71,-6.938,S2M
75,P8,72,-8.891,S2M
75,P8,73,-9.379,S2M
75,P8,74,-9.867,S2M
75,P8,75,-11.820,S2M
75,P8,76,-13.774,S2M
75,P8,77,-14.262,S2M
75,P8,78,-13.285,S2M
75,P8,79,-11.332,S2M
75,P8,80,-10.356,S2M
75,P8,81,-11.820,S2M
75,P8,82,-15.238,S2M
75,P8,83,-18.656,S2M
75,P8,84,-21.098,S2M
75,P8,85,-20.610,S2M
75,P8,86,-19.145,S2M
75,P8,87,-17.192,S2M
75,P8,88,-16.215,S2M
75,P8,89,-16.215,S2M
75,P8,90,-16.215,S2M
75,P8,91,-15.727,S2M
75,P8,92,-14.262,S2M
75,P8,93,-12.309,S2M
75,P8,94,-10.356,S2M
75,P8,95,-10.356,S2M
75,P8,96,-11.332,S2M
75,P8,97,-12.797,S2M
75,P8,98,-12.309,S2M
75,P8,99,-8.891,S2M
75,P8,100,-3.520,S2M
75,P8,101,-0.102,S2M
75,P8,102,-1.078,S2M
75,P8,103,-6.938,S2M
75,P8,104,-12.309,S2M
75,P8,105,-14.750,S2M
75,P8,106,-11.820,S2M
75,P8,107,-7.426,S2M
75,P8,108,-5.473,S2M
75,P8,109,-6.938,S2M
75,P8,110,-9.379,S2M
75,P8,111,-8.403,S2M
75,P8,112,-4.008,S2M
75,P8,113,0.875,S2M
75,P8,114,1.363,S2M
75,P8,115,-1.567,S2M
75,P8,116,-5.961,S2M
75,P8,117,-8.403,S2M
75,P8,118,-7.426,S2M
75,P8,119,-5.961,S2M
75,P8,120,-5.473,S2M
75,P8,121,-6.449,S2M
75,P8,122,-6.938,S2M
75,P8,123,-5.473,S2M
75,P8,124,-4.008,S2M
75,P8,125,-3.520,S2M
75,P8,126,-4.496,S2M
75,P8,127,-5.961,S2M
75,P8,128,-6.449,S2M
75,P8,129,-6.938,S2M
75,P8,130,-7.914,S2M
75,P8,131,-10.356,S2M
75,P8,132,-13.285,S2M
75,P8,133,-14.262,S2M
75,P8,134,-11.820,S2M
75,P8,135,-6.938,S2M
75,P8,136,-2.543,S2M
75,P8,137,-0.102,S2M
75,P8,138,-0.102,S2M
75,P8,139,-1.567,S2M
75,P8,140,-3.520,S2M
75,P8,141,-4.985,S2M
75,P8,142,-6.938,S2M
75,P8,143,-9.379,S2M
75,P8,144,-10.844,S2M
75,P8,145,-11.820,S2M
75,P8,146,-11.332,S2M
75,P8,147,-10.844,S2M
75,P8,148,-11.332,S2M
75,P8,149,-13.285,S2M
75,P8,150,-13.774,S2M
75,P8,151,-11.332,S2M
75,P8,152,-7.426,S2M
75,P8,153,-4.008,S2M
75,P8,154,-3.520,S2M
75,P8,155,-6.938,S2M
75,P8,156,-10.356,S2M
75,P8,157,-11.332,S2M
75,P8,158,-8.891,S2M
75,P8,159,-5.473,S2M
75,P8,160,-4.008,S2M
75,P8,161,-4.985,S2M
75,P8,162,-6.449,S2M
75,P8,163,-6.938,S2M
75,P8,164,-6.938,S2M
75,P8,165,-7.914,S2M
75,P8,166,-11.332,S2M
75,P8,167,-15.238,S2M
75,P8,168,-16.215,S2M
75,P8,169,-11.820,S2M
75,P8,170,-4.496,S2M
75,P8,171,1.363,S2M
75,P8,172,2.340,S2M
75,P8,173,-2.055,S2M
75,P8,174,-8.403,S2M
75,P8,175,-12.797,S2M
75,P8,176,-13.285,S2M
75,P8,177,-12.309,S2M
75,P8,178,-10.844,S2M
75,P8,179,-9.379,S2M
75,P8,180,-6.938,S2M
75,P8,181,-4.008,S2M
75,P8,182,-1.567,S2M
75,P8,183,-1.078,S2M
75,P8,184,-2.543,S2M
75,P8,185,-5.961,S2M
75,P8,186,-8.891,S2M
75,P8,187,-10.356,S2M
75,P8,188,-9.867,S2M
75,P8,189,-7.426,S2M
75,P8,190,-4.496,S2M
75,P8,191,-3.520,S2M
75,P8,192,-4.496,S2M
75,P8,193,-6.938,S2M
75,P8,194,-8.403,S2M
75,P8,195,-6.449,S2M
75,P8,196,-3.031,S2M
75,P8,197,-0.590,S2M
75,P8,198,-1.567,S2M
75,P8,199,-5.473,S2M
75,P8,200,-8.403,S2M
75,P8,201,-7.426,S2M
75,P8,202,-4.496,S2M
75,P8,203,-2.055,S2M
75,P8,204,-2.543,S2M
75,P8,205,-4.985,S2M
75,P8,206,-6.449,S2M
75,P8,207,-5.473,S2M
75,P8,208,-4.008,S2M
75,P8,209,-4.008,S2M
75,P8,210,-6.449,S2M
75,P8,211,-8.403,S2M
75,P8,212,-7.914,S2M
75,P8,213,-5.473,S2M
75,P8,214,-4.008,S2M
75,P8,215,-5.473,S2M
75,P8,216,-9.867,S2M
75,P8,217,-13.285,S2M
75,P8,218,-12.797,S2M
75,P8,219,-8.891,S2M
75,P8,220,-3.520,S2M
75,P8,221,-1.078,S2M
75,P8,222,-1.078,S2M
75,P8,223,-2.543,S2M
75,P8,224,-2.543,S2M
75,P8,225,-1.567,S2M
75,P8,226,-0.590,S2M
75,P8,227,0.387,S2M
75,P8,228,2.340,S2M
75,P8,229,5.269,S2M
75,P8,230,8.199,S2M
75,P8,231,9.664,S2M
75,P8,232,7.711,S2M
75,P8,233,4.293,S2M
75,P8,234,2.340,S2M
75,P8,235,3.316,S2M
75,P8,236,5.269,S2M
75,P8,237,5.269,S2M
75,P8,238,2.340,S2M
75,P8,239,-1.078,S2M
75,P8,240,-2.543,S2M
75,P8,241,-1.078,S2M
75,P8,242,1.363,S2M
75,P8,243,0.387,S2M
75,P8,244,-2.543,S2M
75,P8,245,-6.449,S2M
75,P8,246,-7.914,S2M
75,P8,247,-5.961,S2M
75,P8,248,-3.031,S2M
75,P8,249,-1.567,S2M
75,P8,250,-1.567,S2M
75,P8,251,-1.078,S2M
75,P8,252,0.387,S2M
75,P8,253,1.363,S2M
75,P8,254,2.340,S2M
75,P8,255,2.828,S2M
75,P7,0,2.645,S2M
75,P7,1,3.133,S2M
75,P7,2,3.133,S2M
75,P7,3,2.645,S2M
75,P7,4,2.645,S2M
75,P7,5,2.645,S2M
75,P7,6,2.157,S2M
75,P7,7,0.692,S2M
75,P7,8,-1.750,S2M
75,P7,9,-3.703,S2M
75,P7,10,-4.191,S2M
75,P7,11,-3.215,S2M
75,P7,12,-0.285,S2M
75,P7,13,2.645,S2M
75,P7,14,4.110,S2M
75,P7,15,3.621,S2M
75,P7,16,2.645,S2M
75,P7,17,0.692,S2M
75,P7,18,-0.773,S2M
75,P7,19,-0.773,S2M
75,P7,20,0.692,S2M
75,P7,21,4.110,S2M
75,P7,22,7.039,S2M
75,P7,23,8.993,S2M
75,P7,24,8.993,S2M
75,P7,25,6.551,S2M
75,P7,26,4.110,S2M
75,P7,27,2.157,S2M
75,P7,28,1.668,S2M
75,P7,29,2.645,S2M
75,P7,30,2.645,S2M
75,P7,31,2.645,S2M
75,P7,32,1.668,S2M
75,P7,33,1.180,S2M
75,P7,34,1.180,S2M
75,P7,35,0.203,S2M
75,P7,36,-3.215,S2M
75,P7,37,-7.121,S2M
75,P7,38,-10.539,S2M
75,P7,39,-11.027,S2M
75,P7,40,-9.074,S2M
75,P7,41,-7.609,S2M
75,P7,42,-7.609,S2M
75,P7,43,-9.562,S2M
75,P7,44,-11.515,S2M
75,P7,45,-12.980,S2M
75,P7,46,-14.445,S2M
75,P7,47,-14.933,S2M
75,P7,48,-13.957,S2M
75,P7,49,-11.027,S2M
75,P7,50,-6.144,S2M
75,P7,51,-3.215,S2M
75,P7,52,-2.238,S2M
75,P7,53,-4.679,S2M
75,P7,54,-6.632,S2M
75,P7,55,-6.144,S2M
75,P7,56,-3.703,S2M
75,P7,57,-0.285,S2M
75,P7,58,-0.285,S2M
75,P7,59,-2.238,S2M
75,P7,60,-5.168,S2M
75,P7,61,-6.144,S2M
75,P7,62,-4.679,S2M
75,P7,63,-2.238,S2M
75,P7,64,-1.261,S2M
75,P7,65,-1.750,S2M
75,P7,66,-2.726,S2M
75,P7,67,-3.215,S2M
75,P7,68,-3.703,S2M
75,P7,69,-5.168,S2M
75,P7,70,-8.586,S2M
75,P7,71,-12.980,S2M
75,P7,72,-14.933,S2M
75,P7,73,-13.468,S2M
75,P7,74,-10.050,S2M
75,P7,75,-7.121,S2M
75,P7,76,-7.121,S2M
75,P7,77,-9.562,S2M
75,P7,78,-11.027,S2M
75,P7,79,-10.539,S2M
75,P7,80,-9.562,S2M
75,P7,81,-11.027,S2M
75,P7,82,-14.445,S2M
75,P7,83,-18.840,S2M
75,P7,84,-20.304,S2M
75,P7,85,-18.351,S2M
75,P7,86,-14.445,S2M
75,P7,87,-12.004,S2M
75,P7,88,-12.004,S2M
75,P7,89,-11.515,S2M
75,P7,90,-9.562,S2M
75,P7,91,-6.144,S2M
75,P7,92,-4.191,S2M
75,P7,93,-5.168,S2M
75,P7,94,-9.562,S2M
75,P7,95,-12.980,S2M
75,P7,96,-12.004,S2M
75,P7,97,-8.586,S2M
75,P7,98,-5.168,S2M
75,P7,99,-5.656,S2M
75,P7,100,-9.074,S2M
75,P7,101,-11.515,S2M
75,P7,102,-12.004,S2M
75,P7,103,-9.562,S2M
75,P7,104,-7.121,S2M
75,P7,105,-6.632,S2M
75,P7,106,-8.097,S2M
75,P7,107,-9.562,S2M
75,P7,108,-8.097,S2M
75,P7,109,-5.168,S2M
75,P7,110,-1.750,S2M
75,P7,111,0.203,S2M
75,P7,112,0.692,S2M
75,P7,113,0.692,S2M
75,P7,114,1.180,S2M
75,P7,115,1.668,S2M
75,P7,116,1.668,S2M
75,P7,117,0.692,S2M
75,P7,118,-1.261,S2M
75,P7,119,-4.191,S2M
75,P7,120,-5.656,S2M
75,P7,121,-5.168,S2M
75,P7,122,-3.215,S2M
75,P7,123,-0.285,S2M
75,P7,124,1.668,S2M
75,P7,125,1.668,S2M
75,P7,126,-0.285,S2M
75,P7,127,-2.238,S2M
75,P7,128,-3.703,S2M
75,P7,129,-2.726,S2M
75,P7,130,-0.285,S2M
75,P7,131,2.645,S2M
75,P7,132,5.086,S2M
75,P7,133,6.063,S2M
75,P7,134,5.575,S2M
75,P7,135,4.598,S2M
75,P7,136,3.621,S2M
75,P7,137,3.621,S2M
75,P7,138,3.621,S2M
75,P7,139,3.621,S2M
75,P7,140,3.621,S2M
75,P7,141,4.110,S2M
75,P7,142,5.086,S2M
75,P7,143,6.063,S2M
75,P7,144,6.551,S2M
75,P7,145,5.575,S2M
75,P7,146,3.133,S2M
75,P7,147,0.203,S2M
75,P7,148,-3.215,S2M
75,P7,149,-5.656,S2M
75,P7,150,-6.632,S2M
75,P7,151,-6.144,S2M
75,P7,152,-4.191,S2M
75,P7,153,-2.726,S2M
75,P7,154,-2.238,S2M
75,P7,155,-4.191,S2M
75,P7,156,-6.144,S2M
75,P7,157,-8.097,S2M
75,P7,158,-9.074,S2M
75,P7,159,-9.562,S2M
75,P7,160,-9.074,S2M
75,P7,161,-8.097,S2M
75,P7,162,-6.632,S2M
75,P7,163,-6.144,S2M
75,P7,164,-6.144,S2M
75,P7,165,-5.656,S2M
75,P7,166,-4.679,S2M
75,P7,167,-4.191,S2M
75,P7,168,-4.191,S2M
75,P7,169,-6.144,S2M
75,P7,170,-9.074,S2M
75,P7,171,-11.515,S2M
75,P7,172,-10.539,S2M
75,P7,173,-7.609,S2M
75,P7,174,-4.679,S2M
75,P7,175,-4.191,S2M
75,P7,176,-6.144,S2M
75,P7,177,-9.074,S2M
75,P7,178,-10.539,S2M
75,P7,179,-9.562,S2M
75,P7,180,-7.121,S2M
75,P7,181,-4.679,S2M
75,P7,182,-2.726,S2M
75,P7,183,-2.726,S2M
75,P7,184,-4.191,S2M
75,P7,185,-5.168,S2M
75,P7,186,-6.632,S2M
75,P7,187,-7.121,S2M
75,P7,188,-7.609,S2M
75,P7,189,-7.121,S2M
75,P7,190,-7.609,S2M
75,P7,191,-8.097,S2M
75,P7,192,-9.074,S2M
75,P7,193,-8.586,S2M
75,P7,194,-7.121,S2M
75,P7,195,-4.679,S2M
75,P7,196,-4.679,S2M
75,P7,197,-5.656,S2M
75,P7,198,-7.121,S2M
75,P7,199,-6.632,S2M
75,P7,200,-4.679,S2M
75,P7,201,-2.238,S2M
75,P7,202,-1.750,S2M
75,P7,203,-2.726,S2M
75,P7,204,-4.191,S2M
75,P7,205,-4.679,S2M
75,P7,206,-5.168,S2M
75,P7,207,-5.656,S2M
75,P7,208,-6.144,S2M
75,P7,209,-6.632,S2M
75,P7,210,-6.144,S2M
75,P7,211,-5.656,S2M
75,P7,212,-6.632,S2M
75,P7,213,-9.074,S2M
75,P7,214,-11.027,S2M
75,P7,215,-11.027,S2M
75,P7,216,-8.586,S2M
75,P7,217,-5.656,S2M
75,P7,218,-4.191,S2M
75,P7,219,-4.191,S2M
75,P7,220,-3.703,S2M
75,P7,221,-2.238,S2M
75,P7,222,-0.285,S2M
75,P7,223,1.180,S2M
75,P7,224,1.668,S2M
75,P7,225,1.180,S2M
75,P7,226,2.157,S2M
75,P7,227,3.621,S2M
75,P7,228,3.621,S2M
75,P7,229,2.645,S2M
75,P7,230,0.692,S2M
75,P7,231,1.180,S2M
75,P7,232,3.621,S2M
75,P7,233,6.551,S2M
75,P7,234,8.016,S2M
75,P7,235,5.575,S2M
75,P7,236,2.157,S2M
75,P7,237,-1.261,S2M
75,P7,238,-1.750,S2M
75,P7,239,-0.773,S2M
75,P7,240,0.203,S2M
75,P7,241,-0.285,S2M
75,P7,242,-0.773,S2M
75,P7,243,-0.773,S2M
75,P7,244,-0.285,S2M
75,P7,245,-0.285,S2M
75,P7,246,-2.238,S2M
75,P7,247,-5.656,S2M
75,P7,248,-9.074,S2M
75,P7,249,-11.515,S2M
75,P7,250,-12.004,S2M
75,P7,251,-9.562,S2M
75,P7,252,-5.656,S2M
75,P7,253,-0.285,S2M
75,P7,254,4.598,S2M
75,P7,255,8.016,S2M
75,PO2,0,10.600,S2M
75,PO2,1,11.576,S2M
75,PO2,2,9.623,S2M
75,PO2,3,6.205,S2M
75,PO2,4,2.299,S2M
75,PO2,5,-1.119,S2M
75,PO2,6,-3.560,S2M
75,PO2,7,-5.025,S2M
75,PO2,8,-5.025,S2M
75,PO2,9,-4.049,S2M
75,PO2,10,-3.072,S2M
75,PO2,11,-1.119,S2M
75,PO2,12,0.346,S2M
75,PO2,13,1.322,S2M
75,PO2,14,1.322,S2M
75,PO2,15,-0.142,S2M
75,PO2,16,-2.096,S2M
75,PO2,17,-2.096,S2M
75,PO2,18,-0.142,S2M
75,PO2,19,5.229,S2M
75,PO2,20,9.623,S2M
75,PO2,21,11.088,S2M
75,PO2,22,7.670,S2M
75,PO2,23,2.299,S2M
75,PO2,24,-2.584,S2M
75,PO2,25,-4.049,S2M
75,PO2,26,-2.096,S2M
75,PO2,27,0.346,S2M
75,PO2,28,1.811,S2M
75,PO2,29,1.811,S2M
75,PO2,30,1.322,S2M
75,PO2,31,1.322,S2M
75,PO2,32,0.346,S2M
75,PO2,33,-1.607,S2M
75,PO2,34,-4.537,S2M
75,PO2,35,-6.978,S2M
75,PO2,36,-8.443,S2M
75,PO2,37,-8.931,S2M
75,PO2,38,-9.420,S2M
75,PO2,39,-10.396,S2M
75,PO2,40,-11.373,S2M
75,PO2,41,-11.861,S2M
75,PO2,42,-11.861,S2M
75,PO2,43,-11.861,S2M
75,PO2,44,-11.373,S2M
75,PO2,45,-10.396,S2M
75,PO2,46,-8.931,S2M
75,PO2,47,-6.002,S2M
75,PO2,48,-4.049,S2M
75,PO2,49,-4.537,S2M
75,PO2,50,-6.978,S2M
75,PO2,51,-9.908,S2M
75,PO2,52,-10.396,S2M
75,PO2,53,-7.955,S2M
75,PO2,54,-4.537,S2M
75,PO2,55,-2.096,S2M
75,PO2,56,-2.584,S2M
75,PO2,57,-5.025,S2M
75,PO2,58,-6.490,S2M
75,PO2,59,-6.490,S2M
75,PO2,60,-5.025,S2M
75,PO2,61,-5.025,S2M
75,PO2,62,-6.002,S2M
75,PO2,63,-8.931,S2M
75,PO2,64,-10.885,S2M
75,PO2,65,-10.396,S2M
75,PO2,66,-7.955,S2M
75,PO2,67,-5.025,S2M
75,PO2,68,-3.072,S2M
75,PO2,69,-1.119,S2M
75,PO2,70,-0.142,S2M
75,PO2,71,-0.631,S2M
75,PO2,72,-3.072,S2M
75,PO2,73,-7.467,S2M
75,PO2,74,-11.861,S2M
75,PO2,75,-13.814,S2M
75,PO2,76,-12.349,S2M
75,PO2,77,-7.955,S2M
75,PO2,78,-4.537,S2M
75,PO2,79,-3.560,S2M
75,PO2,80,-6.002,S2M
75,PO2,81,-11.861,S2M
75,PO2,82,-16.256,S2M
75,PO2,83,-19.185,S2M
75,PO2,84,-19.185,S2M
75,PO2,85,-18.209,S2M
75,PO2,86,-17.721,S2M
75,PO2,87,-18.209,S2M
75,PO2,88,-18.209,S2M
75,PO2,89,-16.744,S2M
75,PO2,90,-12.838,S2M
75,PO2,91,-9.420,S2M
75,PO2,92,-8.931,S2M
75,PO2,93,-11.373,S2M
75,PO2,94,-14.303,S2M
75,PO2,95,-15.279,S2M
75,PO2,96,-12.838,S2M
75,PO2,97,-8.443,S2M
75,PO2,98,-5.025,S2M
75,PO2,99,-3.072,S2M
75,PO2,100,-1.607,S2M
75,PO2,101,-0.631,S2M
75,PO2,102,-1.607,S2M
75,PO2,103,-5.025,S2M
75,PO2,104,-9.908,S2M
75,PO2,105,-11.861,S2M
75,PO2,106,-10.885,S2M
75,PO2,107,-6.978,S2M
75,PO2,108,-5.025,S2M
75,PO2,109,-6.002,S2M
75,PO2,110,-8.443,S2M
75,PO2,111,-7.955,S2M
75,PO2,112,-4.537,S2M
75,PO2,113,-0.142,S2M
75,PO2,114,1.811,S2M
75,PO2,115,0.346,S2M
75,PO2,116,-2.584,S2M
75,PO2,117,-4.049,S2M
75,PO2,118,-2.584,S2M
75,PO2,119,-1.119,S2M
75,PO2,120,-1.119,S2M
75,PO2,121,-3.072,S2M
75,PO2,122,-5.514,S2M
75,PO2,123,-6.978,S2M
75,PO2,124,-6.490,S2M
75,PO2,125,-6.002,S2M
75,PO2,126,-5.514,S2M
75,PO2,127,-5.514,S2M
75,PO2,128,-5.025,S2M
75,PO2,129,-4.537,S2M
75,PO2,130,-2.584,S2M
75,PO2,131,-1.119,S2M
75,PO2,132,0.346,S2M
75,PO2,133,0.834,S2M
75,PO2,134,0.346,S2M
75,PO2,135,-0.142,S2M
75,PO2,136,-0.142,S2M
75,PO2,137,0.346,S2M
75,PO2,138,1.322,S2M
75,PO2,139,2.299,S2M
75,PO2,140,1.811,S2M
75,PO2,141,0.346,S2M
75,PO2,142,-1.607,S2M
75,PO2,143,-4.049,S2M
75,PO2,144,-5.514,S2M
75,PO2,145,-6.490,S2M
75,PO2,146,-7.467,S2M
75,PO2,147,-8.443,S2M
75,PO2,148,-8.931,S2M
75,PO2,149,-8.931,S2M
75,PO2,150,-8.443,S2M
75,PO2,151,-6.978,S2M
75,PO2,152,-6.002,S2M
75,PO2,153,-5.025,S2M
75,PO2,154,-4.049,S2M
75,PO2,155,-3.072,S2M
75,PO2,156,-2.096,S2M
75,PO2,157,-2.584,S2M
75,PO2,158,-5.025,S2M
75,PO2,159,-7.955,S2M
75,PO2,160,-9.420,S2M
75,PO2,161,-7.955,S2M
75,PO2,162,-4.049,S2M
75,PO2,163,0.834,S2M
75,PO2,164,2.787,S2M
75,PO2,165,0.346,S2M
75,PO2,166,-5.025,S2M
75,PO2,167,-9.908,S2M
75,PO2,168,-10.885,S2M
75,PO2,169,-7.955,S2M
75,PO2,170,-3.560,S2M
75,PO2,171,-0.631,S2M
75,PO2,172,-1.119,S2M
75,PO2,173,-4.049,S2M
75,PO2,174,-6.978,S2M
75,PO2,175,-8.931,S2M
75,PO2,176,-9.908,S2M
75,PO2,177,-10.396,S2M
75,PO2,178,-10.396,S2M
75,PO2,179,-9.420,S2M
75,PO2,180,-6.978,S2M
75,PO2,181,-3.560,S2M
75,PO2,182,-0.631,S2M
75,PO2,183,-0.142,S2M
75,PO2,184,-1.119,S2M
75,PO2,185,-2.096,S2M
75,PO2,186,-4.049,S2M
75,PO2,187,-5.025,S2M
75,PO2,188,-5.514,S2M
75,PO2,189,-5.025,S2M
75,PO2,190,-3.560,S2M
75,PO2,191,-1.607,S2M
75,PO2,192,-0.142,S2M
75,PO2,193,-0.631,S2M
75,PO2,194,-2.096,S2M
75,PO2,195,-3.072,S2M
75,PO2,196,-3.560,S2M
75,PO2,197,-3.072,S2M
75,PO2,198,-2.584,S2M
75,PO2,199,-2.096,S2M
75,PO2,200,-0.631,S2M
75,PO2,201,0.834,S2M
75,PO2,202,1.322,S2M
75,PO2,203,-0.142,S2M
75,PO2,204,-3.560,S2M
75,PO2,205,-5.025,S2M
75,PO2,206,-4.537,S2M
75,PO2,207,-1.607,S2M
75,PO2,208,-0.631,S2M
75,PO2,209,-3.072,S2M
75,PO2,210,-7.955,S2M
75,PO2,211,-10.885,S2M
75,PO2,212,-8.443,S2M
75,PO2,213,-3.072,S2M
75,PO2,214,0.834,S2M
75,PO2,215,-0.631,S2M
75,PO2,216,-6.978,S2M
75,PO2,217,-13.814,S2M
75,PO2,218,-15.279,S2M
75,PO2,219,-10.885,S2M
75,PO2,220,-3.560,S2M
75,PO2,221,1.811,S2M
75,PO2,222,2.787,S2M
75,PO2,223,1.811,S2M
75,PO2,224,0.834,S2M
75,PO2,225,2.299,S2M
75,PO2,226,5.229,S2M
75,PO2,227,6.694,S2M
75,PO2,228,6.205,S2M
75,PO2,229,4.740,S2M
75,PO2,230,3.276,S2M
75,PO2,231,2.787,S2M
75,PO2,232,2.787,S2M
75,PO2,233,2.787,S2M
75,PO2,234,2.299,S2M
75,PO2,235,2.299,S2M
75,PO2,236,2.787,S2M
75,PO2,237,2.299,S2M
75,PO2,238,1.322,S2M
75,PO2,239,-0.142,S2M
75,PO2,240,-1.119,S2M
75,PO2,241,-1.607,S2M
75,PO2,242,-1.607,S2M
75,PO2,243,-3.072,S2M
75,PO2,244,-4.537,S2M
75,PO2,245,-5.514,S2M
75,PO2,246,-6.002,S2M
75,PO2,247,-6.002,S2M
75,PO2,248,-6.002,S2M
75,PO2,249,-6.002,S2M
75,PO2,250,-4.049,S2M
75,PO2,251,-1.119,S2M
75,PO2,252,1.322,S2M
75,PO2,253,1.811,S2M
75,PO2,254,0.834,S2M
75,PO2,255,1.322,S2M
75,PO1,0,3.133,S2M
75,PO1,1,6.063,S2M
75,PO1,2,8.504,S2M
75,PO1,3,9.969,S2M
75,PO1,4,8.504,S2M
75,PO1,5,4.110,S2M
75,PO1,6,-1.261,S2M
75,PO1,7,-5.168,S2M
75,PO1,8,-6.632,S2M
75,PO1,9,-5.168,S2M
75,PO1,10,-3.215,S2M
75,PO1,11,-0.773,S2M
75,PO1,12,0.203,S2M
75,PO1,13,1.180,S2M
75,PO1,14,2.157,S2M
75,PO1,15,2.157,S2M
75,PO1,16,2.157,S2M
75,PO1,17,1.180,S2M
75,PO1,18,0.692,S2M
75,PO1,19,1.180,S2M
75,PO1,20,3.133,S2M
75,PO1,21,6.551,S2M
75,PO1,22,9.481,S2M
75,PO1,23,9.969,S2M
75,PO1,24,7.528,S2M
75,PO1,25,3.133,S2M
75,PO1,26,-0.773,S2M
75,PO1,27,-3.215,S2M
75,PO1,28,-3.215,S2M
75,PO1,29,-2.238,S2M
75,PO1,30,-1.261,S2M
75,PO1,31,-0.285,S2M
75,PO1,32,1.180,S2M
75,PO1,33,2.157,S2M
75,PO1,34,1.668,S2M
75,PO1,35,-1.261,S2M
75,PO1,36,-6.632,S2M
75,PO1,37,-12.004,S2M
75,PO1,38,-15.422,S2M
75,PO1,39,-14.933,S2M
75,PO1,40,-11.027,S2M
75,PO1,41,-6.632,S2M
75,PO1,42,-3.215,S2M
75,PO1,43,-3.215,S2M
75,PO1,44,-5.656,S2M
75,PO1,45,-9.074,S2M
75,PO1,46,-12.492,S2M
75,PO1,47,-12.980,S2M
75,PO1,48,-11.027,S2M
75,PO1,49,-7.121,S2M
75,PO1,50,-4.191,S2M
75,PO1,51,-2.726,S2M
75,PO1,52,-3.215,S2M
75,PO1,53,-4.679,S2M
75,PO1,54,-5.168,S2M
75,PO1,55,-4.191,S2M
75,PO1,56,-2.238,S2M
75,PO1,57,-1.261,S2M
75,PO1,58,-1.750,S2M
75,PO1,59,-4.191,S2M
75,PO1,60,-6.632,S2M
75,PO1,61,-7.609,S2M
75,PO1,62,-6.632,S2M
75,PO1,63,-4.191,S2M
75,PO1,64,-1.750,S2M
75,PO1,65,-0.773,S2M
75,PO1,66,-0.773,S2M
75,PO1,67,-0.773,S2M
75,PO1,68,0.203,S2M
75,PO1,69,0.692,S2M
75,PO1,70,0.692,S2M
75,PO1,71,-0.773,S2M
75,PO1,72,-3.703,S2M
75,PO1,73,-7.121,S2M
75,PO1,74,-8.586,S2M
75,PO1,75,-8.097,S2M
75,PO1,76,-6.632,S2M
75,PO1,77,-4.191,S2M
75,PO1,78,-3.215,S2M
75,PO1,79,-2.726,S2M
75,PO1,80,-3.703,S2M
75,PO1,81,-6.632,S2M
75,PO1,82,-10.539,S2M
75,PO1,83,-13.957,S2M
75,PO1,84,-16.398,S2M
75,PO1,85,-16.398,S2M
75,PO1,86,-15.910,S2M
75,PO1,87,-15.422,S2M
75,PO1,88,-14.445,S2M
75,PO1,89,-12.004,S2M
75,PO1,90,-8.097,S2M
75,PO1,91,-3.215,S2M
75,PO1,92,-0.285,S2M
75,PO1,93,-1.261,S2M
75,PO1,94,-5.168,S2M
75,PO1,95,-9.074,S2M
75,PO1,96,-10.050,S2M
75,PO1,97,-8.097,S2M
75,PO1,98,-4.679,S2M
75,PO1,99,-3.215,S2M
75,PO1,100,-3.703,S2M
75,PO1,101,-6.144,S2M
75,PO1,102,-7.121,S2M
75,PO1,103,-7.121,S2M
75,PO1,104,-6.144,S2M
75,PO1,105,-5.168,S2M
75,PO1,106,-5.168,S2M
75,PO1,107,-5.656,S2M
75,PO1,108,-4.679,S2M
75,PO1,109,-2.726,S2M
75,PO1,110,0.203,S2M
75,PO1,111,2.157,S2M
75,PO1,112,3.621,S2M
75,PO1,113,3.621,S2M
75,PO1,114,3.133,S2M
75,PO1,115,2.157,S2M
75,PO1,116,2.157,S2M
75,PO1,117,2.157,S2M
75,PO1,118,2.157,S2M
75,PO1,119,1.180,S2M
75,PO1,120,0.692,S2M
75,PO1,121,-0.285,S2M
75,PO1,122,-0.773,S2M
75,PO1,123,-0.285,S2M
75,PO1,124,0.203,S2M
75,PO1,125,0.203,S2M
75,PO1,126,-1.261,S2M
75,PO1,127,-2.726,S2M
75,PO1,128,-2.726,S2M
75,PO1,129,-1.750,S2M
75,PO1,130,1.668,S2M
75,PO1,131,5.575,S2M
75,PO1,132,8.993,S2M
75,PO1,133,9.481,S2M
75,PO1,134,8.016,S2M
75,PO1,135,5.575,S2M
75,PO1,136,3.133,S2M
75,PO1,137,2.645,S2M
75,PO1,138,3.621,S2M
75,PO1,139,4.598,S2M
75,PO1,140,5.575,S2M
75,PO1,141,5.575,S2M
75,PO1,142,5.575,S2M
75,PO1,143,5.575,S2M
75,PO1,144,6.063,S2M
75,PO1,145,6.063,S2M
75,PO1,146,4.598,S2M
75,PO1,147,1.180,S2M
75,PO1,148,-2.726,S2M
75,PO1,149,-5.656,S2M
75,PO1,150,-5.168,S2M
75,PO1,151,-2.726,S2M
75,PO1,152,1.180,S2M
75,PO1,153,3.621,S2M
75,PO1,154,4.110,S2M
75,PO1,155,2.157,S2M
75,PO1,156,0.203,S2M
75,PO1,157,-0.773,S2M
75,PO1,158,-2.238,S2M
75,PO1,159,-3.215,S2M
75,PO1,160,-4.679,S2M
75,PO1,161,-4.191,S2M
75,PO1,162,-1.750,S2M
75,PO1,163,2.157,S2M
75,PO1,164,6.063,S2M
75,PO1,165,8.016,S2M
75,PO1,166,7.039,S2M
75,PO1,167,4.110,S2M
75,PO1,168,0.692,S2M
75,PO1,169,-2.726,S2M
75,PO1,170,-5.168,S2M
75,PO1,171,-6.632,S2M
75,PO1,172,-6.632,S2M
75,PO1,173,-4.191,S2M
75,PO1,174,-1.261,S2M
75,PO1,175,1.180,S2M
75,PO1,176,0.692,S2M
75,PO1,177,-1.261,S2M
75,PO1,178,-4.191,S2M
75,PO1,179,-5.168,S2M
75,PO1,180,-3.215,S2M
75,PO1,181,0.203,S2M
75,PO1,182,4.110,S2M
75,PO1,183,5.575,S2M
75,PO1,184,4.110,S2M
75,PO1,185,1.668,S2M
75,PO1,186,-1.261,S2M
75,PO1,187,-2.238,S2M
75,PO1,188,-1.750,S2M
75,PO1,189,-0.285,S2M
75,PO1,190,1.668,S2M
75,PO1,191,3.133,S2M
75,PO1,192,4.110,S2M
75,PO1,193,4.598,S2M
75,PO1,194,3.133,S2M
75,PO1,195,1.180,S2M
75,PO1,196,-1.261,S2M
75,PO1,197,-2.726,S2M
75,PO1,198,-1.750,S2M
75,PO1,199,0.203,S2M
75,PO1,200,3.133,S2M
75,PO1,201,5.086,S2M
75,PO1,202,5.086,S2M
75,PO1,203,2.645,S2M
75,PO1,204,0.203,S2M
75,PO1,205,-1.750,S2M
75,PO1,206,-0.773,S2M
75,PO1,207,1.668,S2M
75,PO1,208,4.598,S2M
75,PO1,209,6.063,S2M
75,PO1,210,4.110,S2M
75,PO1,211,0.203,S2M
75,PO1,212,-4.191,S2M
75,PO1,213,-5.168,S2M
75,PO1,214,-3.703,S2M
75,PO1,215,-0.285,S2M
75,PO1,216,1.180,S2M
75,PO1,217,-0.285,S2M
75,PO1,218,-2.238,S2M
75,PO1,219,-3.215,S2M
75,PO1,220,-1.261,S2M
75,PO1,221,3.133,S2M
75,PO1,222,6.551,S2M
75,PO1,223,7.528,S2M
75,PO1,224,7.039,S2M
75,PO1,225,6.551,S2M
75,PO1,226,8.504,S2M
75,PO1,227,11.922,S2M
75,PO1,228,13.387,S2M
75,PO1,229,11.434,S2M
75,PO1,230,7.528,S2M
75,PO1,231,3.621,S2M
75,PO1,232,3.621,S2M
75,PO1,233,7.528,S2M
75,PO1,234,11.434,S2M
75,PO1,235,12.899,S2M
75,PO1,236,10.457,S2M
75,PO1,237,6.063,S2M
75,PO1,238,2.645,S2M
75,PO1,239,0.692,S2M
75,PO1,240,-0.285,S2M
75,PO1,241,-0.285,S2M
75,PO1,242,0.203,S2M
75,PO1,243,1.668,S2M
75,PO1,244,3.621,S2M
75,PO1,245,5.086,S2M
75,PO1,246,5.086,S2M
75,PO1,247,2.157,S2M
75,PO1,248,-2.238,S2M
75,PO1,249,-6.144,S2M
75,PO1,250,-7.609,S2M
75,PO1,251,-5.168,S2M
75,PO1,252,-0.773,S2M
75,PO1,253,4.110,S2M
75,PO1,254,8.504,S2M
75,PO1,255,11.434,S2M
75,O2,0,11.536,S2M
75,O2,1,13.000,S2M
75,O2,2,10.071,S2M
75,O2,3,5.188,S2M
75,O2,4,0.305,S2M
75,O2,5,-3.113,S2M
75,O2,6,-4.578,S2M
75,O2,7,-5.066,S2M
75,O2,8,-5.066,S2M
75,O2,9,-4.578,S2M
75,O2,10,-3.601,S2M
75,O2,11,-2.136,S2M
75,O2,12,0.305,S2M
75,O2,13,2.258,S2M
75,O2,14,2.747,S2M
75,O2,15,1.282,S2M
75,O2,16,-1.648,S2M
75,O2,17,-3.601,S2M
75,O2,18,-2.136,S2M
75,O2,19,3.723,S2M
75,O2,20,10.071,S2M
75,O2,21,13.489,S2M
75,O2,22,11.536,S2M
75,O2,23,5.188,S2M
75,O2,24,-1.648,S2M
75,O2,25,-4.578,S2M
75,O2,26,-2.625,S2M
75,O2,27,1.770,S2M
75,O2,28,6.165,S2M
75,O2,29,9.094,S2M
75,O2,30,9.094,S2M
75,O2,31,7.629,S2M
75,O2,32,4.700,S2M
75,O2,33,0.793,S2M
75,O2,34,-2.625,S2M
75,O2,35,-4.578,S2M
75,O2,36,-4.578,S2M
75,O2,37,-3.601,S2M
75,O2,38,-3.113,S2M
75,O2,39,-4.578,S2M
75,O2,40,-7.996,S2M
75,O2,41,-11.902,S2M
75,O2,42,-13.855,S2M
75,O2,43,-14.343,S2M
75,O2,44,-12.878,S2M
75,O2,45,-11.414,S2M
75,O2,46,-9.949,S2M
75,O2,47,-7.507,S2M
75,O2,48,-5.554,S2M
75,O2,49,-5.066,S2M
75,O2,50,-6.042,S2M
75,O2,51,-8.972,S2M
75,O2,52,-11.414,S2M
75,O2,53,-11.902,S2M
75,O2,54,-9.460,S2M
75,O2,55,-6.042,S2M
75,O2,56,-4.089,S2M
75,O2,57,-4.578,S2M
75,O2,58,-7.019,S2M
75,O2,59,-8.484,S2M
75,O2,60,-7.996,S2M
75,O2,61,-6.042,S2M
75,O2,62,-5.554,S2M
75,O2,63,-8.972,S2M
75,O2,64,-13.367,S2M
75,O2,65,-15.320,S2M
75,O2,66,-13.367,S2M
75,O2,67,-7.019,S2M
75,O2,68,-0.671,S2M
75,O2,69,2.747,S2M
75,O2,70,2.258,S2M
75,O2,71,-1.160,S2M
75,O2,72,-5.066,S2M
75,O2,73,-8.972,S2M
75,O2,74,-12.878,S2M
75,O2,75,-14.832,S2M
75,O2,76,-15.808,S2M
75,O2,77,-13.367,S2M
75,O2,78,-8.484,S2M
75,O2,79,-6.042,S2M
75,O2,80,-6.531,S2M
75,O2,81,-11.414,S2M
75,O2,82,-18.250,S2M
75,O2,83,-24.109,S2M
75,O2,84,-26.550,S2M
75,O2,85,-25.574,S2M
75,O2,86,-23.621,S2M
75,O2,87,-21.667,S2M
75,O2,88,-20.691,S2M
75,O2,89,-19.226,S2M
75,O2,90,-16.785,S2M
75,O2,91,-14.832,S2M
75,O2,92,-14.343,S2M
75,O2,93,-16.296,S2M
75,O2,94,-18.738,S2M
75,O2,95,-19.714,S2M
75,O2,96,-17.273,S2M
75,O2,97,-12.878,S2M
75,O2,98,-8.484,S2M
75,O2,99,-5.554,S2M
75,O2,100,-3.601,S2M
75,O2,101,-3.113,S2M
75,O2,102,-4.089,S2M
75,O2,103,-7.507,S2M
75,O2,104,-12.390,S2M
75,O2,105,-15.320,S2M
75,O2,106,-15.320,S2M
75,O2,107,-12.390,S2M
75,O2,108,-8.484,S2M
75,O2,109,-7.507,S2M
75,O2,110,-9.460,S2M
75,O2,111,-10.925,S2M
75,O2,112,-9.949,S2M
75,O2,113,-5.066,S2M
75,O2,114,0.305,S2M
75,O2,115,2.258,S2M
75,O2,116,0.305,S2M
75,O2,117,-4.089,S2M
75,O2,118,-6.531,S2M
75,O2,119,-5.554,S2M
75,O2,120,-3.113,S2M
75,O2,121,-1.160,S2M
75,O2,122,-3.113,S2M
75,O2,123,-7.019,S2M
75,O2,124,-10.437,S2M
75,O2,125,-10.925,S2M
75,O2,126,-8.484,S2M
75,O2,127,-5.066,S2M
75,O2,128,-3.113,S2M
75,O2,129,-3.113,S2M
75,O2,130,-3.601,S2M
75,O2,131,-4.089,S2M
75,O2,132,-4.089,S2M
75,O2,133,-3.601,S2M
75,O2,134,-3.601,S2M
75,O2,135,-3.113,S2M
75,O2,136,-1.648,S2M
75,O2,137,-0.183,S2M
75,O2,138,1.770,S2M
75,O2,139,2.747,S2M
75,O2,140,1.770,S2M
75,O2,141,-0.183,S2M
75,O2,142,-3.113,S2M
75,O2,143,-5.554,S2M
75,O2,144,-7.019,S2M
75,O2,145,-7.996,S2M
75,O2,146,-8.484,S2M
75,O2,147,-8.972,S2M
75,O2,148,-8.972,S2M
75,O2,149,-8.972,S2M
75,O2,150,-8.972,S2M
75,O2,151,-8.972,S2M
75,O2,152,-7.996,S2M
75,O2,153,-6.531,S2M
75,O2,154,-4.578,S2M
75,O2,155,-3.113,S2M
75,O2,156,-2.625,S2M
75,O2,157,-3.601,S2M
75,O2,158,-6.531,S2M
75,O2,159,-9.949,S2M
75,O2,160,-11.902,S2M
75,O2,161,-10.925,S2M
75,O2,162,-7.507,S2M
75,O2,163,-3.113,S2M
75,O2,164,-0.671,S2M
75,O2,165,-2.136,S2M
75,O2,166,-7.507,S2M
75,O2,167,-14.343,S2M
75,O2,168,-18.250,S2M
75,O2,169,-15.808,S2M
75,O2,170,-8.972,S2M
75,O2,171,-1.648,S2M
75,O2,172,1.770,S2M
75,O2,173,-1.160,S2M
75,O2,174,-8.484,S2M
75,O2,175,-15.320,S2M
75,O2,176,-19.226,S2M
75,O2,177,-19.226,S2M
75,O2,178,-16.296,S2M
75,O2,179,-12.878,S2M
75,O2,180,-10.437,S2M
75,O2,181,-7.996,S2M
75,O2,182,-6.531,S2M
75,O2,183,-5.554,S2M
75,O2,184,-5.554,S2M
75,O2,185,-7.019,S2M
75,O2,186,-8.484,S2M
75,O2,187,-9.949,S2M
75,O2,188,-10.925,S2M
75,O2,189,-10.437,S2M
75,O2,190,-9.949,S2M
75,O2,191,-9.460,S2M
75,O2,192,-8.972,S2M
75,O2,193,-7.996,S2M
75,O2,194,-7.019,S2M
75,O2,195,-6.531,S2M
75,O2,196,-6.531,S2M
75,O2,197,-7.507,S2M
75,O2,198,-8.972,S2M
75,O2,199,-9.949,S2M
75,O2,200,-9.949,S2M
75,O2,201,-7.996,S2M
75,O2,202,-5.554,S2M
75,O2,203,-5.066,S2M
75,O2,204,-5.554,S2M
75,O2,205,-7.019,S2M
75,O2,206,-7.996,S2M
75,O2,207,-7.996,S2M
75,O2,208,-7.996,S2M
75,O2,209,-10.437,S2M
75,O2,210,-14.343,S2M
75,O2,211,-16.785,S2M
75,O2,212,-14.832,S2M
75,O2,213,-8.972,S2M
75,O2,214,-3.113,S2M
75,O2,215,-1.648,S2M
75,O2,216,-7.019,S2M
75,O2,217,-15.808,S2M
75,O2,218,-21.667,S2M
75,O2,219,-20.203,S2M
75,O2,220,-12.390,S2M
75,O2,221,-2.625,S2M
75,O2,222,2.258,S2M
75,O2,223,1.770,S2M
75,O2,224,-1.648,S2M
75,O2,225,-4.089,S2M
75,O2,226,-2.625,S2M
75,O2,227,1.282,S2M
75,O2,228,4.211,S2M
75,O2,229,5.188,S2M
75,O2,230,3.235,S2M
75,O2,231,1.282,S2M
75,O2,232,0.305,S2M
75,O2,233,0.305,S2M
75,O2,234,0.793,S2M
75,O2,235,0.305,S2M
75,O2,236,-0.183,S2M
75,O2,237,-0.671,S2M
75,O2,238,-1.648,S2M
75,O2,239,-1.648,S2M
75,O2,240,-1.648,S2M
75,O2,241,-1.160,S2M
75,O2,242,-1.648,S2M
75,O2,243,-2.625,S2M
75,O2,244,-5.066,S2M
75,O2,245,-7.996,S2M
75,O2,246,-10.437,S2M
75,O2,247,-11.902,S2M
75,O2,248,-11.414,S2M
75,O2,249,-8.972,S2M
75,O2,250,-5.554,S2M
75,O2,251,-1.648,S2M
75,O2,252,0.305,S2M
75,O2,253,0.305,S2M
75,O2,254,-2.625,S2M
75,O2,255,-5.066,S2M
75,O1,0,0.356,S2M
75,O1,1,5.239,S2M
75,O1,2,11.098,S2M
75,O1,3,15.004,S2M
75,O1,4,13.051,S2M
75,O1,5,5.727,S2M
75,O1,6,-4.527,S2M
75,O1,7,-11.851,S2M
75,O1,8,-13.804,S2M
75,O1,9,-10.386,S2M
75,O1,10,-5.503,S2M
75,O1,11,-1.597,S2M
75,O1,12,0.356,S2M
75,O1,13,0.844,S2M
75,O1,14,2.309,S2M
75,O1,15,3.774,S2M
75,O1,16,4.751,S2M
75,O1,17,4.262,S2M
75,O1,18,1.821,S2M
75,O1,19,0.844,S2M
75,O1,20,3.286,S2M
75,O1,21,9.145,S2M
75,O1,22,15.493,S2M
75,O1,23,17.934,S2M
75,O1,24,14.516,S2M
75,O1,25,7.680,S2M
75,O1,26,-0.132,S2M
75,O1,27,-5.015,S2M
75,O1,28,-5.992,S2M
75,O1,29,-4.038,S2M
75,O1,30,-1.109,S2M
75,O1,31,3.286,S2M
75,O1,32,7.192,S2M
75,O1,33,9.633,S2M
75,O1,34,8.657,S2M
75,O1,35,2.797,S2M
75,O1,36,-5.503,S2M
75,O1,37,-14.292,S2M
75,O1,38,-18.199,S2M
75,O1,39,-16.246,S2M
75,O1,40,-10.386,S2M
75,O1,41,-2.574,S2M
75,O1,42,1.333,S2M
75,O1,43,0.356,S2M
75,O1,44,-4.527,S2M
75,O1,45,-10.874,S2M
75,O1,46,-16.246,S2M
75,O1,47,-17.710,S2M
75,O1,48,-14.781,S2M
75,O1,49,-9.410,S2M
75,O1,50,-4.527,S2M
75,O1,51,-3.550,S2M
75,O1,52,-5.503,S2M
75,O1,53,-8.433,S2M
75,O1,54,-8.921,S2M
75,O1,55,-6.480,S2M
75,O1,56,-3.062,S2M
75,O1,57,-1.597,S2M
75,O1,58,-3.062,S2M
75,O1,59,-7.945,S2M
75,O1,60,-11.851,S2M
75,O1,61,-12.339,S2M
75,O1,62,-8.921,S2M
75,O1,63,-4.527,S2M
75,O1,64,-0.132,S2M
75,O1,65,1.821,S2M
75,O1,66,1.821,S2M
75,O1,67,1.821,S2M
75,O1,68,2.309,S2M
75,O1,69,1.821,S2M
75,O1,70,-0.132,S2M
75,O1,71,-3.550,S2M
75,O1,72,-8.433,S2M
75,O1,73,-11.851,S2M
75,O1,74,-12.339,S2M
75,O1,75,-10.386,S2M
75,O1,76,-7.456,S2M
75,O1,77,-5.015,S2M
75,O1,78,-5.015,S2M
75,O1,79,-6.968,S2M
75,O1,80,-10.386,S2M
75,O1,81,-15.269,S2M
75,O1,82,-19.663,S2M
75,O1,83,-22.593,S2M
75,O1,84,-23.570,S2M
75,O1,85,-23.570,S2M
75,O1,86,-24.058,S2M
75,O1,87,-26.011,S2M
75,O1,88,-26.011,S2M
75,O1,89,-22.105,S2M
75,O1,90,-13.804,S2M
75,O1,91,-4.527,S2M
75,O1,92,-0.132,S2M
75,O1,93,-2.574,S2M
75,O1,94,-9.898,S2M
75,O1,95,-16.246,S2M
75,O1,96,-16.734,S2M
75,O1,97,-12.339,S2M
75,O1,98,-7.456,S2M
75,O1,99,-6.480,S2M
75,O1,100,-9.898,S2M
75,O1,101,-14.292,S2M
75,O1,102,-15.757,S2M
75,O1,103,-13.804,S2M
75,O1,104,-10.874,S2M
75,O1,105,-9.410,S2M
75,O1,106,-10.386,S2M
75,O1,107,-11.363,S2M
75,O1,108,-9.898,S2M
75,O1,109,-5.503,S2M
75,O1,110,-0.132,S2M
75,O1,111,2.797,S2M
75,O1,112,2.797,S2M
75,O1,113,0.844,S2M
75,O1,114,-1.109,S2M
75,O1,115,-2.085,S2M
75,O1,116,-1.109,S2M
75,O1,117,0.356,S2M
75,O1,118,0.356,S2M
75,O1,119,-0.621,S2M
75,O1,120,-2.085,S2M
75,O1,121,-2.574,S2M
75,O1,122,-2.085,S2M
75,O1,123,-0.621,S2M
75,O1,124,-0.621,S2M
75,O1,125,-2.574,S2M
75,O1,126,-5.015,S2M
75,O1,127,-7.456,S2M
75,O1,128,-7.456,S2M
75,O1,129,-4.527,S2M
75,O1,130,0.356,S2M
75,O1,131,6.215,S2M
75,O1,132,9.145,S2M
75,O1,133,9.145,S2M
75,O1,134,6.704,S2M
75,O1,135,2.309,S2M
75,O1,136,-0.132,S2M
75,O1,137,-0.621,S2M
75,O1,138,1.333,S2M
75,O1,139,3.774,S2M
75,O1,140,5.239,S2M
75,O1,141,5.239,S2M
75,O1,142,4.751,S2M
75,O1,143,4.262,S2M
75,O1,144,5.239,S2M
75,O1,145,6.215,S2M
75,O1,146,4.751,S2M
75,O1,147,-0.621,S2M
75,O1,148,-7.456,S2M
75,O1,149,-12.339,S2M
75,O1,150,-12.339,S2M
75,O1,151,-7.945,S2M
75,O1,152,-1.597,S2M
75,O1,153,2.309,S2M
75,O1,154,1.821,S2M
75,O1,155,-1.597,S2M
75,O1,156,-5.503,S2M
75,O1,157,-7.945,S2M
75,O1,158,-10.386,S2M
75,O1,159,-11.851,S2M
75,O1,160,-13.316,S2M
75,O1,161,-11.851,S2M
75,O1,162,-7.456,S2M
75,O1,163,-1.597,S2M
75,O1,164,3.774,S2M
75,O1,165,5.727,S2M
75,O1,166,5.239,S2M
75,O1,167,1.821,S2M
75,O1,168,-2.574,S2M
75,O1,169,-8.433,S2M
75,O1,170,-14.781,S2M
75,O1,171,-18.687,S2M
75,O1,172,-17.710,S2M
75,O1,173,-12.339,S2M
75,O1,174,-5.503,S2M
75,O1,175,-1.597,S2M
75,O1,176,-3.550,S2M
75,O1,177,-9.898,S2M
75,O1,178,-15.757,S2M
75,O1,179,-16.734,S2M
75,O1,180,-12.828,S2M
75,O1,181,-6.968,S2M
75,O1,182,-2.085,S2M
75,O1,183,-0.621,S2M
75,O1,184,-2.574,S2M
75,O1,185,-5.992,S2M
75,O1,186,-7.945,S2M
75,O1,187,-8.921,S2M
75,O1,188,-7.945,S2M
75,O1,189,-5.503,S2M
75,O1,190,-3.062,S2M
75,O1,191,-1.109,S2M
75,O1,192,0.356,S2M
75,O1,193,0.356,S2M
75,O1,194,-2.085,S2M
75,O1,195,-5.503,S2M
75,O1,196,-9.410,S2M
75,O1,197,-11.363,S2M
75,O1,198,-9.898,S2M
75,O1,199,-5.503,S2M
75,O1,200,-0.621,S2M
75,O1,201,1.821,S2M
75,O1,202,0.844,S2M
75,O1,203,-4.038,S2M
75,O1,204,-8.921,S2M
75,O1,205,-11.363,S2M
75,O1,206,-8.921,S2M
75,O1,207,-3.550,S2M
75,O1,208,1.821,S2M
75,O1,209,3.286,S2M
75,O1,210,-0.621,S2M
75,O1,211,-7.945,S2M
75,O1,212,-14.781,S2M
75,O1,213,-17.222,S2M
75,O1,214,-14.292,S2M
75,O1,215,-8.921,S2M
75,O1,216,-5.015,S2M
75,O1,217,-4.527,S2M
75,O1,218,-6.968,S2M
75,O1,219,-9.410,S2M
75,O1,220,-8.433,S2M
75,O1,221,-5.015,S2M
75,O1,222,-1.597,S2M
75,O1,223,-0.132,S2M
75,O1,224,0.356,S2M
75,O1,225,1.821,S2M
75,O1,226,5.727,S2M
75,O1,227,9.145,S2M
75,O1,228,9.145,S2M
75,O1,229,3.774,S2M
75,O1,230,-3.062,S2M
75,O1,231,-6.480,S2M
75,O1,232,-3.062,S2M
75,O1,233,4.751,S2M
75,O1,234,12.563,S2M
75,O1,235,14.516,S2M
75,O1,236,10.610,S2M
75,O1,237,3.286,S2M
75,O1,238,-3.550,S2M
75,O1,239,-7.945,S2M
75,O1,240,-9.410,S2M
75,O1,241,-8.921,S2M
75,O1,242,-7.456,S2M
75,O1,243,-4.038,S2M
75,O1,244,0.844,S2M
75,O1,245,4.262,S2M
75,O1,246,3.286,S2M
75,O1,247,-2.085,S2M
75,O1,248,-8.921,S2M
75,O1,249,-13.804,S2M
75,O1,250,-14.292,S2M
75,O1,251,-10.874,S2M
75,O1,252,-5.015,S2M
75,O1,253,0.844,S2M
75,O1,254,6.704,S2M
75,O1,255,11.587,S2M
75,X,0,5.229,S2M
75,X,1,7.182,S2M
75,X,2,4.252,S2M
75,X,3,-3.560,S2M
75,X,4,-9.908,S2M
75,X,5,-10.396,S2M
75,X,6,-6.002,S2M
75,X,7,-2.096,S2M
75,X,8,-1.607,S2M
75,X,9,-3.072,S2M
75,X,10,-4.049,S2M
75,X,11,-2.096,S2M
75,X,12,-0.631,S2M
75,X,13,-2.096,S2M
75,X,14,-6.002,S2M
75,X,15,-7.467,S2M
75,X,16,-5.025,S2M
75,X,17,-2.096,S2M
75,X,18,-1.607,S2M
75,X,19,-5.514,S2M
75,X,20,-9.908,S2M
75,X,21,-11.373,S2M
75,X,22,-7.955,S2M
75,X,23,-3.560,S2M
75,X,24,-0.631,S2M
75,X,25,-0.631,S2M
75,X,26,-2.096,S2M
75,X,27,-3.560,S2M
75,X,28,-5.514,S2M
75,X,29,-6.978,S2M
75,X,30,-6.978,S2M
75,X,31,-5.514,S2M
75,X,32,-3.560,S2M
75,X,33,-3.072,S2M
75,X,34,-4.049,S2M
75,X,35,-3.560,S2M
75,X,36,-0.631,S2M
75,X,37,3.764,S2M
75,X,38,5.229,S2M
75,X,39,1.811,S2M
75,X,40,-3.560,S2M
75,X,41,-6.978,S2M
75,X,42,-6.002,S2M
75,X,43,-3.072,S2M
75,X,44,-2.096,S2M
75,X,45,-5.025,S2M
75,X,46,-10.396,S2M
75,X,47,-15.279,S2M
75,X,48,-18.209,S2M
75,X,49,-18.209,S2M
75,X,50,-16.256,S2M
75,X,51,-12.838,S2M
75,X,52,-8.443,S2M
75,X,53,-6.490,S2M
75,X,54,-8.443,S2M
75,X,55,-13.326,S2M
75,X,56,-16.744,S2M
75,X,57,-15.767,S2M
75,X,58,-11.861,S2M
75,X,59,-9.420,S2M
75,X,60,-10.396,S2M
75,X,61,-13.326,S2M
75,X,62,-14.303,S2M
75,X,63,-14.303,S2M
75,X,64,-15.279,S2M
75,X,65,-19.674,S2M
75,X,66,-25.533,S2M
75,X,67,-27.974,S2M
75,X,68,-26.510,S2M
75,X,69,-24.556,S2M
75,X,70,-25.045,S2M
75,X,71,-27.974,S2M
75,X,72,-30.416,S2M
75,X,73,-28.951,S2M
75,X,74,-25.533,S2M
75,X,75,-22.603,S2M
75,X,76,-23.092,S2M
75,X,77,-25.533,S2M
75,X,78,-26.998,S2M
75,X,79,-26.998,S2M
75,X,80,-26.998,S2M
75,X,81,-27.974,S2M
75,X,82,-28.463,S2M
75,X,83,-26.998,S2M
75,X,84,-25.045,S2M
75,X,85,-25.045,S2M
75,X,86,-28.463,S2M
75,X,87,-31.881,S2M
75,X,88,-31.881,S2M
75,X,89,-27.486,S2M
75,X,90,-21.627,S2M
75,X,91,-19.185,S2M
75,X,92,-21.139,S2M
75,X,93,-23.580,S2M
75,X,94,-24.068,S2M
75,X,95,-22.603,S2M
75,X,96,-21.627,S2M
75,X,97,-23.092,S2M
75,X,98,-26.510,S2M
75,X,99,-28.463,S2M
75,X,100,-28.463,S2M
75,X,101,-26.998,S2M
75,X,102,-24.556,S2M
75,X,103,-22.115,S2M
75,X,104,-20.650,S2M
75,X,105,-21.139,S2M
75,X,106,-23.092,S2M
75,X,107,-26.021,S2M
75,X,108,-26.510,S2M
75,X,109,-22.603,S2M
75,X,110,-16.744,S2M
75,X,111,-14.303,S2M
75,X,112,-17.232,S2M
75,X,113,-22.115,S2M
75,X,114,-24.068,S2M
75,X,115,-19.674,S2M
75,X,116,-12.838,S2M
75,X,117,-8.443,S2M
75,X,118,-8.931,S2M
75,X,119,-12.349,S2M
75,X,120,-16.256,S2M
75,X,121,-18.697,S2M
75,X,122,-19.185,S2M
75,X,123,-18.209,S2M
75,X,124,-15.767,S2M
75,X,125,-12.349,S2M
75,X,126,-9.420,S2M
75,X,127,-8.443,S2M
75,X,128,-8.931,S2M
75,X,129,-8.931,S2M
75,X,130,-7.955,S2M
75,X,131,-8.931,S2M
75,X,132,-11.861,S2M
75,X,133,-15.767,S2M
75,X,134,-15.767,S2M
75,X,135,-10.885,S2M
75,X,136,-3.560,S2M
75,X,137,-0.631,S2M
75,X,138,-3.072,S2M
75,X,139,-7.955,S2M
75,X,140,-9.420,S2M
75,X,141,-6.490,S2M
75,X,142,-3.560,S2M
75,X,143,-5.025,S2M
75,X,144,-10.396,S2M
75,X,145,-14.303,S2M
75,X,146,-12.349,S2M
75,X,147,-6.978,S2M
75,X,148,-3.560,S2M
75,X,149,-6.002,S2M
75,X,150,-11.861,S2M
75,X,151,-15.767,S2M
75,X,152,-14.303,S2M
75,X,153,-8.443,S2M
75,X,154,-4.049,S2M
75,X,155,-3.560,S2M
75,X,156,-6.978,S2M
75,X,157,-12.349,S2M
75,X,158,-17.721,S2M
75,X,159,-22.115,S2M
75,X,160,-23.580,S2M
75,X,161,-23.092,S2M
75,X,162,-21.139,S2M
75,X,163,-19.185,S2M
75,X,164,-18.209,S2M
75,X,165,-17.232,S2M
75,X,166,-16.256,S2M
75,X,167,-14.791,S2M
75,X,168,-15.279,S2M
75,X,169,-17.721,S2M
75,X,170,-20.162,S2M
75,X,171,-20.162,S2M
75,X,172,-18.209,S2M
75,X,173,-16.744,S2M
75,X,174,-19.674,S2M
75,X,175,-24.556,S2M
75,X,176,-27.486,S2M
75,X,177,-26.510,S2M
75,X,178,-23.580,S2M
75,X,179,-23.580,S2M
75,X,180,-26.021,S2M
75,X,181,-28.463,S2M
75,X,182,-26.021,S2M
75,X,183,-20.162,S2M
75,X,184,-14.791,S2M
75,X,185,-14.303,S2M
75,X,186,-19.674,S2M
75,X,187,-24.556,S2M
75,X,188,-26.021,S2M
75,X,189,-24.068,S2M
75,X,190,-21.627,S2M
75,X,191,-21.139,S2M
75,X,192,-23.092,S2M
75,X,193,-24.556,S2M
75,X,194,-24.556,S2M
75,X,195,-23.092,S2M
75,X,196,-21.139,S2M
75,X,197,-19.185,S2M
75,X,198,-19.185,S2M
75,X,199,-21.627,S2M
75,X,200,-25.533,S2M
75,X,201,-27.974,S2M
75,X,202,-26.021,S2M
75,X,203,-19.674,S2M
75,X,204,-14.303,S2M
75,X,205,-13.814,S2M
75,X,206,-18.209,S2M
75,X,207,-23.092,S2M
75,X,208,-25.045,S2M
75,X,209,-23.092,S2M
75,X,210,-20.162,S2M
75,X,211,-19.674,S2M
75,X,212,-19.674,S2M
75,X,213,-18.209,S2M
75,X,214,-14.791,S2M
75,X,215,-11.861,S2M
75,X,216,-12.838,S2M
75,X,217,-16.744,S2M
75,X,218,-19.674,S2M
75,X,219,-18.697,S2M
75,X,220,-16.256,S2M
75,X,221,-15.767,S2M
75,X,222,-18.209,S2M
75,X,223,-21.139,S2M
75,X,224,-20.162,S2M
75,X,225,-15.279,S2M
75,X,226,-9.420,S2M
75,X,227,-5.514,S2M
75,X,228,-5.025,S2M
75,X,229,-6.002,S2M
75,X,230,-7.467,S2M
75,X,231,-8.443,S2M
75,X,232,-9.908,S2M
75,X,233,-10.396,S2M
75,X,234,-9.908,S2M
75,X,235,-9.420,S2M
75,X,236,-9.420,S2M
75,X,237,-9.908,S2M
75,X,238,-9.420,S2M
75,X,239,-7.467,S2M
75,X,240,-5.025,S2M
75,X,241,-6.002,S2M
75,X,242,-10.885,S2M
75,X,243,-16.256,S2M
75,X,244,-17.721,S2M
75,X,245,-14.791,S2M
75,X,246,-11.373,S2M
75,X,247,-11.861,S2M
75,X,248,-15.767,S2M
75,X,249,-18.209,S2M
75,X,250,-15.279,S2M
75,X,251,-8.931,S2M
75,X,252,-4.049,S2M
75,X,253,-5.025,S2M
75,X,254,-9.908,S2M
75,X,255,-14.791,S2M
75,AF7,0,3.072,S2M
75,AF7,1,3.072,S2M
75,AF7,2,0.631,S2M
75,AF7,3,-1.322,S2M
75,AF7,4,-2.299,S2M
75,AF7,5,-1.322,S2M
75,AF7,6,-0.346,S2M
75,AF7,7,-0.834,S2M
75,AF7,8,-2.299,S2M
75,AF7,9,-3.276,S2M
75,AF7,10,-2.787,S2M
75,AF7,11,-1.322,S2M
75,AF7,12,0.631,S2M
75,AF7,13,1.119,S2M
75,AF7,14,1.119,S2M
75,AF7,15,0.631,S2M
75,AF7,16,0.631,S2M
75,AF7,17,0.631,S2M
75,AF7,18,-0.346,S2M
75,AF7,19,-1.811,S2M
75,AF7,20,-3.764,S2M
75,AF7,21,-4.252,S2M
75,AF7,22,-2.299,S2M
75,AF7,23,-0.346,S2M
75,AF7,24,1.119,S2M
75,AF7,25,0.142,S2M
75,AF7,26,-2.787,S2M
75,AF7,27,-5.229,S2M
75,AF7,28,-6.205,S2M
75,AF7,29,-5.717,S2M
75,AF7,30,-4.740,S2M
75,AF7,31,-3.764,S2M
75,AF7,32,-3.764,S2M
75,AF7,33,-2.787,S2M
75,AF7,34,-0.834,S2M
75,AF7,35,0.631,S2M
75,AF7,36,0.631,S2M
75,AF7,37,-0.346,S2M
75,AF7,38,-1.322,S2M
75,AF7,39,-1.811,S2M
75,AF7,40,-2.299,S2M
75,AF7,41,-2.299,S2M
75,AF7,42,-2.787,S2M
75,AF7,43,-4.252,S2M
75,AF7,44,-5.717,S2M
75,AF7,45,-6.694,S2M
75,AF7,46,-6.694,S2M
75,AF7,47,-6.694,S2M
75,AF7,48,-6.205,S2M
75,AF7,49,-6.205,S2M
75,AF7,50,-6.205,S2M
75,AF7,51,-7.182,S2M
75,AF7,52,-7.670,S2M
75,AF7,53,-7.670,S2M
75,AF7,54,-6.694,S2M
75,AF7,55,-5.717,S2M
75,AF7,56,-5.717,S2M
75,AF7,57,-6.205,S2M
75,AF7,58,-7.182,S2M
75,AF7,59,-6.694,S2M
75,AF7,60,-5.229,S2M
75,AF7,61,-3.764,S2M
75,AF7,62,-3.764,S2M
75,AF7,63,-6.205,S2M
75,AF7,64,-8.647,S2M
75,AF7,65,-10.111,S2M
75,AF7,66,-10.111,S2M
75,AF7,67,-9.623,S2M
75,AF7,68,-9.623,S2M
75,AF7,69,-10.600,S2M
75,AF7,70,-11.088,S2M
75,AF7,71,-11.088,S2M
75,AF7,72,-9.623,S2M
75,AF7,73,-9.135,S2M
75,AF7,74,-8.647,S2M
75,AF7,75,-9.135,S2M
75,AF7,76,-9.623,S2M
75,AF7,77,-10.600,S2M
75,AF7,78,-12.553,S2M
75,AF7,79,-14.018,S2M
75,AF7,80,-14.018,S2M
75,AF7,81,-11.088,S2M
75,AF7,82,-7.182,S2M
75,AF7,83,-4.252,S2M
75,AF7,84,-5.717,S2M
75,AF7,85,-9.623,S2M
75,AF7,86,-14.506,S2M
75,AF7,87,-15.483,S2M
75,AF7,88,-13.041,S2M
75,AF7,89,-10.600,S2M
75,AF7,90,-9.135,S2M
75,AF7,91,-10.111,S2M
75,AF7,92,-11.576,S2M
75,AF7,93,-10.600,S2M
75,AF7,94,-7.670,S2M
75,AF7,95,-5.229,S2M
75,AF7,96,-6.205,S2M
75,AF7,97,-10.600,S2M
75,AF7,98,-14.018,S2M
75,AF7,99,-14.994,S2M
75,AF7,100,-12.065,S2M
75,AF7,101,-9.135,S2M
75,AF7,102,-8.158,S2M
75,AF7,103,-9.135,S2M
75,AF7,104,-10.600,S2M
75,AF7,105,-9.623,S2M
75,AF7,106,-7.182,S2M
75,AF7,107,-6.205,S2M
75,AF7,108,-6.694,S2M
75,AF7,109,-8.647,S2M
75,AF7,110,-9.135,S2M
75,AF7,111,-6.694,S2M
75,AF7,112,-3.276,S2M
75,AF7,113,-0.834,S2M
75,AF7,114,-0.834,S2M
75,AF7,115,-2.299,S2M
75,AF7,116,-3.276,S2M
75,AF7,117,-2.787,S2M
75,AF7,118,-1.811,S2M
75,AF7,119,-1.811,S2M
75,AF7,120,-3.764,S2M
75,AF7,121,-6.205,S2M
75,AF7,122,-6.205,S2M
75,AF7,123,-3.764,S2M
75,AF7,124,0.631,S2M
75,AF7,125,4.049,S2M
75,AF7,126,5.514,S2M
75,AF7,127,4.049,S2M
75,AF7,128,1.119,S2M
75,AF7,129,-0.834,S2M
75,AF7,130,-1.811,S2M
75,AF7,131,-2.299,S2M
75,AF7,132,-2.299,S2M
75,AF7,133,-1.322,S2M
75,AF7,134,-0.346,S2M
75,AF7,135,2.096,S2M
75,AF7,136,5.514,S2M
75,AF7,137,8.931,S2M
75,AF7,138,10.396,S2M
75,AF7,139,8.931,S2M
75,AF7,140,5.514,S2M
75,AF7,141,1.607,S2M
75,AF7,142,0.142,S2M
75,AF7,143,1.607,S2M
75,AF7,144,4.537,S2M
75,AF7,145,5.514,S2M
75,AF7,146,4.049,S2M
75,AF7,147,1.607,S2M
75,AF7,148,0.142,S2M
75,AF7,149,0.142,S2M
75,AF7,150,1.607,S2M
75,AF7,151,2.096,S2M
75,AF7,152,1.607,S2M
75,AF7,153,0.631,S2M
75,AF7,154,0.142,S2M
75,AF7,155,-0.834,S2M
75,AF7,156,-2.299,S2M
75,AF7,157,-5.229,S2M
75,AF7,158,-7.670,S2M
75,AF7,159,-8.647,S2M
75,AF7,160,-7.670,S2M
75,AF7,161,-5.229,S2M
75,AF7,162,-3.764,S2M
75,AF7,163,-4.252,S2M
75,AF7,164,-6.694,S2M
75,AF7,165,-8.647,S2M
75,AF7,166,-9.135,S2M
75,AF7,167,-7.670,S2M
75,AF7,168,-5.717,S2M
75,AF7,169,-4.252,S2M
75,AF7,170,-3.764,S2M
75,AF7,171,-3.276,S2M
75,AF7,172,-1.811,S2M
75,AF7,173,0.142,S2M
75,AF7,174,0.631,S2M
75,AF7,175,-1.322,S2M
75,AF7,176,-5.229,S2M
75,AF7,177,-9.135,S2M
75,AF7,178,-10.111,S2M
75,AF7,179,-8.158,S2M
75,AF7,180,-5.717,S2M
75,AF7,181,-4.252,S2M
75,AF7,182,-5.717,S2M
75,AF7,183,-7.670,S2M
75,AF7,184,-7.670,S2M
75,AF7,185,-5.717,S2M
75,AF7,186,-4.252,S2M
75,AF7,187,-5.229,S2M
75,AF7,188,-7.670,S2M
75,AF7,189,-10.600,S2M
75,AF7,190,-11.088,S2M
75,AF7,191,-10.111,S2M
75,AF7,192,-9.135,S2M
75,AF7,193,-10.111,S2M
75,AF7,194,-10.600,S2M
75,AF7,195,-10.111,S2M
75,AF7,196,-8.158,S2M
75,AF7,197,-6.694,S2M
75,AF7,198,-6.205,S2M
75,AF7,199,-7.670,S2M
75,AF7,200,-9.135,S2M
75,AF7,201,-9.135,S2M
75,AF7,202,-7.670,S2M
75,AF7,203,-6.205,S2M
75,AF7,204,-4.252,S2M
75,AF7,205,-3.276,S2M
75,AF7,206,-2.787,S2M
75,AF7,207,-3.276,S2M
75,AF7,208,-4.252,S2M
75,AF7,209,-4.252,S2M
75,AF7,210,-3.276,S2M
75,AF7,211,-0.834,S2M
75,AF7,212,2.096,S2M
75,AF7,213,3.560,S2M
75,AF7,214,2.584,S2M
75,AF7,215,0.631,S2M
75,AF7,216,-1.811,S2M
75,AF7,217,-3.276,S2M
75,AF7,218,-4.252,S2M
75,AF7,219,-3.764,S2M
75,AF7,220,-2.299,S2M
75,AF7,221,-0.834,S2M
75,AF7,222,1.119,S2M
75,AF7,223,2.096,S2M
75,AF7,224,2.584,S2M
75,AF7,225,2.096,S2M
75,AF7,226,1.607,S2M
75,AF7,227,1.607,S2M
75,AF7,228,1.607,S2M
75,AF7,229,2.096,S2M
75,AF7,230,3.072,S2M
75,AF7,231,5.025,S2M
75,AF7,232,6.978,S2M
75,AF7,233,7.467,S2M
75,AF7,234,6.490,S2M
75,AF7,235,5.025,S2M
75,AF7,236,5.025,S2M
75,AF7,237,6.490,S2M
75,AF7,238,8.443,S2M
75,AF7,239,7.955,S2M
75,AF7,240,6.490,S2M
75,AF7,241,3.560,S2M
75,AF7,242,2.096,S2M
75,AF7,243,1.119,S2M
75,AF7,244,0.142,S2M
75,AF7,245,-0.834,S2M
75,AF7,246,-1.811,S2M
75,AF7,247,-0.834,S2M
75,AF7,248,2.096,S2M
75,AF7,249,4.537,S2M
75,AF7,250,5.025,S2M
75,AF7,251,3.560,S2M
75,AF7,252,1.119,S2M
75,AF7,253,-0.834,S2M
75,AF7,254,-1.811,S2M
75,AF7,255,-2.299,S2M
75,AF8,0,-5.697,S2M
75,AF8,1,-4.232,S2M
75,AF8,2,-4.232,S2M
75,AF8,3,-4.720,S2M
75,AF8,4,-6.185,S2M
75,AF8,5,-7.650,S2M
75,AF8,6,-6.673,S2M
75,AF8,7,-4.720,S2M
75,AF8,8,-2.767,S2M
75,AF8,9,-1.302,S2M
75,AF8,10,-1.790,S2M
75,AF8,11,-3.255,S2M
75,AF8,12,-4.232,S2M
75,AF8,13,-3.743,S2M
75,AF8,14,-1.790,S2M
75,AF8,15,-0.814,S2M
75,AF8,16,-0.326,S2M
75,AF8,17,-2.279,S2M
75,AF8,18,-5.208,S2M
75,AF8,19,-7.161,S2M
75,AF8,20,-7.161,S2M
75,AF8,21,-5.208,S2M
75,AF8,22,-1.302,S2M
75,AF8,23,1.628,S2M
75,AF8,24,1.628,S2M
75,AF8,25,-0.814,S2M
75,AF8,26,-3.743,S2M
75,AF8,27,-5.208,S2M
75,AF8,28,-3.743,S2M
75,AF8,29,0.163,S2M
75,AF8,30,4.069,S2M
75,AF8,31,5.534,S2M
75,AF8,32,4.557,S2M
75,AF8,33,3.092,S2M
75,AF8,34,3.092,S2M
75,AF8,35,4.557,S2M
75,AF8,36,6.022,S2M
75,AF8,37,6.022,S2M
75,AF8,38,5.046,S2M
75,AF8,39,3.092,S2M
75,AF8,40,1.628,S2M
75,AF8,41,0.163,S2M
75,AF8,42,-0.814,S2M
75,AF8,43,-0.814,S2M
75,AF8,44,-0.814,S2M
75,AF8,45,-1.790,S2M
75,AF8,46,-3.743,S2M
75,AF8,47,-6.185,S2M
75,AF8,48,-8.626,S2M
75,AF8,49,-9.603,S2M
75,AF8,50,-8.626,S2M
75,AF8,51,-7.650,S2M
75,AF8,52,-7.161,S2M
75,AF8,53,-7.161,S2M
75,AF8,54,-7.161,S2M
75,AF8,55,-6.673,S2M
75,AF8,56,-5.208,S2M
75,AF8,57,-4.720,S2M
75,AF8,58,-4.720,S2M
75,AF8,59,-6.185,S2M
75,AF8,60,-7.650,S2M
75,AF8,61,-9.603,S2M
75,AF8,62,-12.044,S2M
75,AF8,63,-13.997,S2M
75,AF8,64,-14.486,S2M
75,AF8,65,-12.533,S2M
75,AF8,66,-9.115,S2M
75,AF8,67,-6.673,S2M
75,AF8,68,-7.161,S2M
75,AF8,69,-9.603,S2M
75,AF8,70,-11.556,S2M
75,AF8,71,-10.091,S2M
75,AF8,72,-6.185,S2M
75,AF8,73,-3.255,S2M
75,AF8,74,-3.255,S2M
75,AF8,75,-6.185,S2M
75,AF8,76,-10.091,S2M
75,AF8,77,-12.533,S2M
75,AF8,78,-12.533,S2M
75,AF8,79,-11.556,S2M
75,AF8,80,-9.603,S2M
75,AF8,81,-8.626,S2M
75,AF8,82,-8.138,S2M
75,AF8,83,-8.626,S2M
75,AF8,84,-11.068,S2M
75,AF8,85,-13.021,S2M
75,AF8,86,-13.997,S2M
75,AF8,87,-13.021,S2M
75,AF8,88,-11.556,S2M
75,AF8,89,-11.556,S2M
75,AF8,90,-13.997,S2M
75,AF8,91,-17.904,S2M
75,AF8,92,-20.345,S2M
75,AF8,93,-20.345,S2M
75,AF8,94,-16.439,S2M
75,AF8,95,-11.556,S2M
75,AF8,96,-8.138,S2M
75,AF8,97,-7.650,S2M
75,AF8,98,-8.626,S2M
75,AF8,99,-9.603,S2M
75,AF8,100,-9.115,S2M
75,AF8,101,-7.161,S2M
75,AF8,102,-5.697,S2M
75,AF8,103,-6.185,S2M
75,AF8,104,-8.138,S2M
75,AF8,105,-9.603,S2M
75,AF8,106,-9.115,S2M
75,AF8,107,-7.650,S2M
75,AF8,108,-5.208,S2M
75,AF8,109,-3.743,S2M
75,AF8,110,-3.743,S2M
75,AF8,111,-3.255,S2M
75,AF8,112,-3.255,S2M
75,AF8,113,-2.279,S2M
75,AF8,114,-2.279,S2M
75,AF8,115,-2.279,S2M
75,AF8,116,-2.279,S2M
75,AF8,117,-2.279,S2M
75,AF8,118,-2.279,S2M
75,AF8,119,-2.279,S2M
75,AF8,120,-3.255,S2M
75,AF8,121,-4.232,S2M
75,AF8,122,-4.720,S2M
75,AF8,123,-3.255,S2M
75,AF8,124,-2.279,S2M
75,AF8,125,-1.790,S2M
75,AF8,126,-1.790,S2M
75,AF8,127,-2.767,S2M
75,AF8,128,-2.767,S2M
75,AF8,129,-3.255,S2M
75,AF8,130,-3.743,S2M
75,AF8,131,-5.697,S2M
75,AF8,132,-8.138,S2M
75,AF8,133,-8.626,S2M
75,AF8,134,-6.673,S2M
75,AF8,135,-3.255,S2M
75,AF8,136,0.651,S2M
75,AF8,137,2.116,S2M
75,AF8,138,2.116,S2M
75,AF8,139,1.628,S2M
75,AF8,140,1.139,S2M
75,AF8,141,0.163,S2M
75,AF8,142,-0.814,S2M
75,AF8,143,-2.279,S2M
75,AF8,144,-4.232,S2M
75,AF8,145,-6.185,S2M
75,AF8,146,-6.673,S2M
75,AF8,147,-6.185,S2M
75,AF8,148,-5.208,S2M
75,AF8,149,-3.743,S2M
75,AF8,150,-2.279,S2M
75,AF8,151,0.163,S2M
75,AF8,152,2.604,S2M
75,AF8,153,3.581,S2M
75,AF8,154,1.139,S2M
75,AF8,155,-3.255,S2M
75,AF8,156,-8.138,S2M
75,AF8,157,-11.068,S2M
75,AF8,158,-10.091,S2M
75,AF8,159,-8.138,S2M
75,AF8,160,-5.697,S2M
75,AF8,161,-4.232,S2M
75,AF8,162,-4.232,S2M
75,AF8,163,-5.208,S2M
75,AF8,164,-6.185,S2M
75,AF8,165,-8.626,S2M
75,AF8,166,-10.579,S2M
75,AF8,167,-11.068,S2M
75,AF8,168,-8.138,S2M
75,AF8,169,-2.279,S2M
75,AF8,170,1.628,S2M
75,AF8,171,1.628,S2M
75,AF8,172,-1.790,S2M
75,AF8,173,-6.673,S2M
75,AF8,174,-9.603,S2M
75,AF8,175,-9.115,S2M
75,AF8,176,-7.161,S2M
75,AF8,177,-5.697,S2M
75,AF8,178,-6.185,S2M
75,AF8,179,-8.626,S2M
75,AF8,180,-11.068,S2M
75,AF8,181,-11.556,S2M
75,AF8,182,-10.091,S2M
75,AF8,183,-7.161,S2M
75,AF8,184,-4.720,S2M
75,AF8,185,-4.232,S2M
75,AF8,186,-6.185,S2M
75,AF8,187,-9.603,S2M
75,AF8,188,-11.068,S2M
75,AF8,189,-10.091,S2M
75,AF8,190,-7.161,S2M
75,AF8,191,-5.208,S2M
75,AF8,192,-5.208,S2M
75,AF8,193,-6.185,S2M
75,AF8,194,-7.161,S2M
75,AF8,195,-6.673,S2M
75,AF8,196,-6.673,S2M
75,AF8,197,-8.138,S2M
75,AF8,198,-10.091,S2M
75,AF8,199,-11.556,S2M
75,AF8,200,-10.091,S2M
75,AF8,201,-7.650,S2M
75,AF8,202,-6.185,S2M
75,AF8,203,-7.650,S2M
75,AF8,204,-9.115,S2M
75,AF8,205,-8.138,S2M
75,AF8,206,-4.232,S2M
75,AF8,207,0.651,S2M
75,AF8,208,2.604,S2M
75,AF8,209,-0.326,S2M
75,AF8,210,-3.743,S2M
75,AF8,211,-5.697,S2M
75,AF8,212,-4.232,S2M
75,AF8,213,-2.767,S2M
75,AF8,214,-3.743,S2M
75,AF8,215,-7.650,S2M
75,AF8,216,-11.556,S2M
75,AF8,217,-12.533,S2M
75,AF8,218,-9.603,S2M
75,AF8,219,-7.161,S2M
75,AF8,220,-6.673,S2M
75,AF8,221,-8.626,S2M
75,AF8,222,-9.603,S2M
75,AF8,223,-7.650,S2M
75,AF8,224,-3.255,S2M
75,AF8,225,0.163,S2M
75,AF8,226,-0.326,S2M
75,AF8,227,-3.255,S2M
75,AF8,228,-5.208,S2M
75,AF8,229,-4.232,S2M
75,AF8,230,-1.302,S2M
75,AF8,231,1.139,S2M
75,AF8,232,1.628,S2M
75,AF8,233,0.651,S2M
75,AF8,234,0.651,S2M
75,AF8,235,2.116,S2M
75,AF8,236,4.557,S2M
75,AF8,237,5.534,S2M
75,AF8,238,3.581,S2M
75,AF8,239,0.651,S2M
75,AF8,240,-1.302,S2M
75,AF8,241,-0.814,S2M
75,AF8,242,0.651,S2M
75,AF8,243,1.139,S2M
75,AF8,244,-0.814,S2M
75,AF8,245,-2.279,S2M
75,AF8,246,-1.302,S2M
75,AF8,247,3.092,S2M
75,AF8,248,7.487,S2M
75,AF8,249,8.464,S2M
75,AF8,250,3.581,S2M
75,AF8,251,-3.255,S2M
75,AF8,252,-8.138,S2M
75,AF8,253,-7.650,S2M
75,AF8,254,-3.743,S2M
75,AF8,255,0.651,S2M
75,F5,0,-0.875,S2M
75,F5,1,-0.875,S2M
75,F5,2,-0.875,S2M
75,F5,3,-0.875,S2M
75,F5,4,-0.387,S2M
75,F5,5,0.590,S2M
75,F5,6,1.567,S2M
75,F5,7,2.055,S2M
75,F5,8,2.543,S2M
75,F5,9,1.567,S2M
75,F5,10,0.102,S2M
75,F5,11,-0.387,S2M
75,F5,12,0.590,S2M
75,F5,13,3.520,S2M
75,F5,14,5.473,S2M
75,F5,15,5.473,S2M
75,F5,16,4.008,S2M
75,F5,17,2.055,S2M
75,F5,18,-0.387,S2M
75,F5,19,-1.851,S2M
75,F5,20,-2.828,S2M
75,F5,21,-3.316,S2M
75,F5,22,-2.340,S2M
75,F5,23,-0.875,S2M
75,F5,24,0.590,S2M
75,F5,25,1.567,S2M
75,F5,26,-0.387,S2M
75,F5,27,-3.316,S2M
75,F5,28,-5.758,S2M
75,F5,29,-7.222,S2M
75,F5,30,-6.246,S2M
75,F5,31,-4.293,S2M
75,F5,32,-2.340,S2M
75,F5,33,-0.387,S2M
75,F5,34,1.078,S2M
75,F5,35,2.543,S2M
75,F5,36,2.543,S2M
75,F5,37,2.055,S2M
75,F5,38,0.590,S2M
75,F5,39,-0.875,S2M
75,F5,40,-2.340,S2M
75,F5,41,-3.316,S2M
75,F5,42,-3.316,S2M
75,F5,43,-2.828,S2M
75,F5,44,-2.828,S2M
75,F5,45,-3.316,S2M
75,F5,46,-4.293,S2M
75,F5,47,-5.269,S2M
75,F5,48,-6.246,S2M
75,F5,49,-7.222,S2M
75,F5,50,-7.222,S2M
75,F5,51,-6.246,S2M
75,F5,52,-4.781,S2M
75,F5,53,-3.316,S2M
75,F5,54,-2.340,S2M
75,F5,55,-2.340,S2M
75,F5,56,-2.828,S2M
75,F5,57,-4.293,S2M
75,F5,58,-4.781,S2M
75,F5,59,-3.316,S2M
75,F5,60,-0.875,S2M
75,F5,61,1.078,S2M
75,F5,62,1.567,S2M
75,F5,63,-0.387,S2M
75,F5,64,-3.316,S2M
75,F5,65,-5.758,S2M
75,F5,66,-7.222,S2M
75,F5,67,-7.711,S2M
75,F5,68,-7.711,S2M
75,F5,69,-7.711,S2M
75,F5,70,-6.246,S2M
75,F5,71,-4.293,S2M
75,F5,72,-2.828,S2M
75,F5,73,-2.828,S2M
75,F5,74,-4.293,S2M
75,F5,75,-7.222,S2M
75,F5,76,-8.687,S2M
75,F5,77,-8.687,S2M
75,F5,78,-7.222,S2M
75,F5,79,-5.758,S2M
75,F5,80,-4.293,S2M
75,F5,81,-3.316,S2M
75,F5,82,-3.316,S2M
75,F5,83,-3.805,S2M
75,F5,84,-5.758,S2M
75,F5,85,-7.711,S2M
75,F5,86,-9.176,S2M
75,F5,87,-9.176,S2M
75,F5,88,-7.222,S2M
75,F5,89,-5.758,S2M
75,F5,90,-5.269,S2M
75,F5,91,-5.269,S2M
75,F5,92,-6.246,S2M
75,F5,93,-5.269,S2M
75,F5,94,-3.805,S2M
75,F5,95,-1.851,S2M
75,F5,96,-1.851,S2M
75,F5,97,-3.316,S2M
75,F5,98,-5.758,S2M
75,F5,99,-7.711,S2M
75,F5,100,-8.199,S2M
75,F5,101,-7.711,S2M
75,F5,102,-6.734,S2M
75,F5,103,-6.734,S2M
75,F5,104,-6.734,S2M
75,F5,105,-6.734,S2M
75,F5,106,-5.269,S2M
75,F5,107,-4.293,S2M
75,F5,108,-3.805,S2M
75,F5,109,-4.293,S2M
75,F5,110,-3.805,S2M
75,F5,111,-2.828,S2M
75,F5,112,-0.875,S2M
75,F5,113,0.590,S2M
75,F5,114,1.078,S2M
75,F5,115,0.102,S2M
75,F5,116,-0.387,S2M
75,F5,117,0.102,S2M
75,F5,118,0.590,S2M
75,F5,119,1.078,S2M
75,F5,120,-0.875,S2M
75,F5,121,-2.828,S2M
75,F5,122,-2.828,S2M
75,F5,123,-1.363,S2M
75,F5,124,0.590,S2M
75,F5,125,2.055,S2M
75,F5,126,2.543,S2M
75,F5,127,2.543,S2M
75,F5,128,2.543,S2M
75,F5,129,2.055,S2M
75,F5,130,1.078,S2M
75,F5,131,-0.387,S2M
75,F5,132,-0.875,S2M
75,F5,133,0.590,S2M
75,F5,134,3.520,S2M
75,F5,135,6.449,S2M
75,F5,136,7.426,S2M
75,F5,137,6.938,S2M
75,F5,138,5.473,S2M
75,F5,139,4.496,S2M
75,F5,140,3.520,S2M
75,F5,141,3.031,S2M
75,F5,142,2.543,S2M
75,F5,143,2.055,S2M
75,F5,144,2.543,S2M
75,F5,145,3.031,S2M
75,F5,146,4.008,S2M
75,F5,147,4.008,S2M
75,F5,148,3.520,S2M
75,F5,149,3.520,S2M
75,F5,150,2.543,S2M
75,F5,151,2.543,S2M
75,F5,152,2.543,S2M
75,F5,153,2.543,S2M
75,F5,154,2.543,S2M
75,F5,155,1.078,S2M
75,F5,156,-1.363,S2M
75,F5,157,-4.293,S2M
75,F5,158,-6.246,S2M
75,F5,159,-7.222,S2M
75,F5,160,-6.734,S2M
75,F5,161,-5.269,S2M
75,F5,162,-4.781,S2M
75,F5,163,-4.293,S2M
75,F5,164,-4.781,S2M
75,F5,165,-4.781,S2M
75,F5,166,-4.293,S2M
75,F5,167,-3.805,S2M
75,F5,168,-2.828,S2M
75,F5,169,-1.363,S2M
75,F5,170,-0.387,S2M
75,F5,171,0.590,S2M
75,F5,172,2.055,S2M
75,F5,173,2.055,S2M
75,F5,174,0.590,S2M
75,F5,175,-2.340,S2M
75,F5,176,-5.758,S2M
75,F5,177,-7.711,S2M
75,F5,178,-7.711,S2M
75,F5,179,-6.734,S2M
75,F5,180,-5.269,S2M
75,F5,181,-4.781,S2M
75,F5,182,-4.781,S2M
75,F5,183,-4.293,S2M
75,F5,184,-3.805,S2M
75,F5,185,-3.316,S2M
75,F5,186,-3.805,S2M
75,F5,187,-5.758,S2M
75,F5,188,-7.222,S2M
75,F5,189,-7.711,S2M
75,F5,190,-6.246,S2M
75,F5,191,-4.781,S2M
75,F5,192,-5.269,S2M
75,F5,193,-6.734,S2M
75,F5,194,-8.687,S2M
75,F5,195,-9.176,S2M
75,F5,196,-8.199,S2M
75,F5,197,-7.222,S2M
75,F5,198,-6.734,S2M
75,F5,199,-6.734,S2M
75,F5,200,-6.734,S2M
75,F5,201,-5.758,S2M
75,F5,202,-4.293,S2M
75,F5,203,-3.316,S2M
75,F5,204,-2.340,S2M
75,F5,205,-1.851,S2M
75,F5,206,-2.340,S2M
75,F5,207,-1.851,S2M
75,F5,208,-1.851,S2M
75,F5,209,-1.363,S2M
75,F5,210,-0.387,S2M
75,F5,211,0.590,S2M
75,F5,212,1.567,S2M
75,F5,213,1.567,S2M
75,F5,214,0.102,S2M
75,F5,215,-0.387,S2M
75,F5,216,-1.363,S2M
75,F5,217,-1.363,S2M
75,F5,218,-0.387,S2M
75,F5,219,0.102,S2M
75,F5,220,0.590,S2M
75,F5,221,1.567,S2M
75,F5,222,2.055,S2M
75,F5,223,2.543,S2M
75,F5,224,2.543,S2M
75,F5,225,2.055,S2M
75,F5,226,1.567,S2M
75,F5,227,1.567,S2M
75,F5,228,2.055,S2M
75,F5,229,3.031,S2M
75,F5,230,4.008,S2M
75,F5,231,5.473,S2M
75,F5,232,6.938,S2M
75,F5,233,7.426,S2M
75,F5,234,6.938,S2M
75,F5,235,6.938,S2M
75,F5,236,6.449,S2M
75,F5,237,6.449,S2M
75,F5,238,6.449,S2M
75,F5,239,6.938,S2M
75,F5,240,6.938,S2M
75,F5,241,5.961,S2M
75,F5,242,4.496,S2M
75,F5,243,2.543,S2M
75,F5,244,0.590,S2M
75,F5,245,-0.387,S2M
75,F5,246,-1.363,S2M
75,F5,247,-1.363,S2M
75,F5,248,-0.875,S2M
75,F5,249,0.102,S2M
75,F5,250,1.567,S2M
75,F5,251,2.543,S2M
75,F5,252,3.031,S2M
75,F5,253,3.031,S2M
75,F5,254,2.543,S2M
75,F5,255,2.055,S2M
75,F6,0,-5.941,S2M
75,F6,1,-4.476,S2M
75,F6,2,-3.011,S2M
75,F6,3,-2.035,S2M
75,F6,4,-2.035,S2M
75,F6,5,-2.523,S2M
75,F6,6,-3.499,S2M
75,F6,7,-4.476,S2M
75,F6,8,-4.964,S2M
75,F6,9,-5.452,S2M
75,F6,10,-6.917,S2M
75,F6,11,-7.894,S2M
75,F6,12,-7.406,S2M
75,F6,13,-5.941,S2M
75,F6,14,-3.499,S2M
75,F6,15,-2.035,S2M
75,F6,16,-2.035,S2M
75,F6,17,-2.523,S2M
75,F6,18,-3.988,S2M
75,F6,19,-4.964,S2M
75,F6,20,-4.964,S2M
75,F6,21,-4.476,S2M
75,F6,22,-3.011,S2M
75,F6,23,-1.058,S2M
75,F6,24,0.895,S2M
75,F6,25,0.895,S2M
75,F6,26,-0.081,S2M
75,F6,27,-0.570,S2M
75,F6,28,-0.081,S2M
75,F6,29,1.872,S2M
75,F6,30,2.848,S2M
75,F6,31,3.337,S2M
75,F6,32,2.360,S2M
75,F6,33,1.872,S2M
75,F6,34,2.360,S2M
75,F6,35,4.313,S2M
75,F6,36,5.290,S2M
75,F6,37,4.313,S2M
75,F6,38,2.360,S2M
75,F6,39,0.895,S2M
75,F6,40,-0.081,S2M
75,F6,41,0.407,S2M
75,F6,42,0.407,S2M
75,F6,43,0.407,S2M
75,F6,44,-0.570,S2M
75,F6,45,-2.035,S2M
75,F6,46,-3.988,S2M
75,F6,47,-6.429,S2M
75,F6,48,-9.359,S2M
75,F6,49,-10.824,S2M
75,F6,50,-10.824,S2M
75,F6,51,-9.359,S2M
75,F6,52,-6.917,S2M
75,F6,53,-5.452,S2M
75,F6,54,-5.452,S2M
75,F6,55,-6.429,S2M
75,F6,56,-7.406,S2M
75,F6,57,-7.406,S2M
75,F6,58,-5.941,S2M
75,F6,59,-4.476,S2M
75,F6,60,-3.988,S2M
75,F6,61,-5.452,S2M
75,F6,62,-7.894,S2M
75,F6,63,-10.335,S2M
75,F6,64,-11.312,S2M
75,F6,65,-10.824,S2M
75,F6,66,-9.847,S2M
75,F6,67,-10.335,S2M
75,F6,68,-11.312,S2M
75,F6,69,-11.800,S2M
75,F6,70,-10.335,S2M
75,F6,71,-6.917,S2M
75,F6,72,-3.499,S2M
75,F6,73,-2.035,S2M
75,F6,74,-3.011,S2M
75,F6,75,-5.452,S2M
75,F6,76,-7.406,S2M
75,F6,77,-7.406,S2M
75,F6,78,-7.406,S2M
75,F6,79,-7.894,S2M
75,F6,80,-9.359,S2M
75,F6,81,-10.824,S2M
75,F6,82,-11.800,S2M
75,F6,83,-11.800,S2M
75,F6,84,-11.312,S2M
75,F6,85,-10.824,S2M
75,F6,86,-10.824,S2M
75,F6,87,-10.824,S2M
75,F6,88,-11.312,S2M
75,F6,89,-11.800,S2M
75,F6,90,-12.288,S2M
75,F6,91,-13.265,S2M
75,F6,92,-14.242,S2M
75,F6,93,-14.730,S2M
75,F6,94,-13.753,S2M
75,F6,95,-11.312,S2M
75,F6,96,-8.382,S2M
75,F6,97,-6.917,S2M
75,F6,98,-7.406,S2M
75,F6,99,-8.870,S2M
75,F6,100,-8.382,S2M
75,F6,101,-6.429,S2M
75,F6,102,-3.988,S2M
75,F6,103,-3.499,S2M
75,F6,104,-5.452,S2M
75,F6,105,-7.894,S2M
75,F6,106,-9.847,S2M
75,F6,107,-9.359,S2M
75,F6,108,-6.917,S2M
75,F6,109,-4.964,S2M
75,F6,110,-3.499,S2M
75,F6,111,-3.011,S2M
75,F6,112,-2.035,S2M
75,F6,113,-0.570,S2M
75,F6,114,-0.081,S2M
75,F6,115,-1.058,S2M
75,F6,116,-1.546,S2M
75,F6,117,-2.523,S2M
75,F6,118,-2.523,S2M
75,F6,119,-2.523,S2M
75,F6,120,-3.988,S2M
75,F6,121,-5.941,S2M
75,F6,122,-6.917,S2M
75,F6,123,-5.941,S2M
75,F6,124,-3.988,S2M
75,F6,125,-3.011,S2M
75,F6,126,-3.011,S2M
75,F6,127,-3.988,S2M
75,F6,128,-4.964,S2M
75,F6,129,-4.964,S2M
75,F6,130,-5.452,S2M
75,F6,131,-5.452,S2M
75,F6,132,-5.941,S2M
75,F6,133,-5.452,S2M
75,F6,134,-4.476,S2M
75,F6,135,-3.011,S2M
75,F6,136,-1.546,S2M
75,F6,137,-1.058,S2M
75,F6,138,-1.546,S2M
75,F6,139,-2.035,S2M
75,F6,140,-3.011,S2M
75,F6,141,-3.011,S2M
75,F6,142,-3.499,S2M
75,F6,143,-3.988,S2M
75,F6,144,-4.476,S2M
75,F6,145,-3.988,S2M
75,F6,146,-3.499,S2M
75,F6,147,-1.546,S2M
75,F6,148,0.407,S2M
75,F6,149,1.383,S2M
75,F6,150,0.895,S2M
75,F6,151,-1.058,S2M
75,F6,152,-3.011,S2M
75,F6,153,-4.476,S2M
75,F6,154,-4.964,S2M
75,F6,155,-4.964,S2M
75,F6,156,-5.452,S2M
75,F6,157,-6.429,S2M
75,F6,158,-7.894,S2M
75,F6,159,-8.382,S2M
75,F6,160,-7.894,S2M
75,F6,161,-5.941,S2M
75,F6,162,-3.988,S2M
75,F6,163,-2.035,S2M
75,F6,164,-2.035,S2M
75,F6,165,-3.011,S2M
75,F6,166,-4.964,S2M
75,F6,167,-6.429,S2M
75,F6,168,-6.429,S2M
75,F6,169,-4.476,S2M
75,F6,170,-3.011,S2M
75,F6,171,-1.546,S2M
75,F6,172,-1.546,S2M
75,F6,173,-2.523,S2M
75,F6,174,-3.499,S2M
75,F6,175,-4.476,S2M
75,F6,176,-6.429,S2M
75,F6,177,-8.382,S2M
75,F6,178,-9.847,S2M
75,F6,179,-9.359,S2M
75,F6,180,-8.382,S2M
75,F6,181,-6.917,S2M
75,F6,182,-5.941,S2M
75,F6,183,-5.452,S2M
75,F6,184,-4.476,S2M
75,F6,185,-3.011,S2M
75,F6,186,-2.523,S2M
75,F6,187,-3.988,S2M
75,F6,188,-6.917,S2M
75,F6,189,-8.382,S2M
75,F6,190,-8.870,S2M
75,F6,191,-7.894,S2M
75,F6,192,-6.429,S2M
75,F6,193,-5.941,S2M
75,F6,194,-5.941,S2M
75,F6,195,-5.941,S2M
75,F6,196,-5.452,S2M
75,F6,197,-4.964,S2M
75,F6,198,-5.452,S2M
75,F6,199,-6.429,S2M
75,F6,200,-7.406,S2M
75,F6,201,-7.406,S2M
75,F6,202,-6.917,S2M
75,F6,203,-5.452,S2M
75,F6,204,-3.499,S2M
75,F6,205,-2.035,S2M
75,F6,206,-1.546,S2M
75,F6,207,-2.035,S2M
75,F6,208,-3.499,S2M
75,F6,209,-3.988,S2M
75,F6,210,-3.499,S2M
75,F6,211,-1.546,S2M
75,F6,212,-0.081,S2M
75,F6,213,-1.058,S2M
75,F6,214,-3.988,S2M
75,F6,215,-6.917,S2M
75,F6,216,-8.870,S2M
75,F6,217,-7.894,S2M
75,F6,218,-6.429,S2M
75,F6,219,-6.429,S2M
75,F6,220,-7.406,S2M
75,F6,221,-9.359,S2M
75,F6,222,-9.847,S2M
75,F6,223,-8.870,S2M
75,F6,224,-6.917,S2M
75,F6,225,-4.964,S2M
75,F6,226,-4.476,S2M
75,F6,227,-3.988,S2M
75,F6,228,-3.011,S2M
75,F6,229,-1.546,S2M
75,F6,230,0.407,S2M
75,F6,231,1.872,S2M
75,F6,232,2.360,S2M
75,F6,233,2.360,S2M
75,F6,234,1.872,S2M
75,F6,235,2.848,S2M
75,F6,236,4.801,S2M
75,F6,237,6.266,S2M
75,F6,238,5.778,S2M
75,F6,239,3.337,S2M
75,F6,240,0.407,S2M
75,F6,241,-1.058,S2M
75,F6,242,-0.570,S2M
75,F6,243,0.407,S2M
75,F6,244,1.872,S2M
75,F6,245,1.872,S2M
75,F6,246,0.895,S2M
75,F6,247,1.872,S2M
75,F6,248,2.848,S2M
75,F6,249,3.337,S2M
75,F6,250,2.848,S2M
75,F6,251,0.895,S2M
75,F6,252,-1.546,S2M
75,F6,253,-2.523,S2M
75,F6,254,-2.035,S2M
75,F6,255,-1.546,S2M
75,FT7,0,0.020,S2M
75,FT7,1,-3.886,S2M
75,FT7,2,-5.839,S2M
75,FT7,3,-5.351,S2M
75,FT7,4,-3.886,S2M
75,FT7,5,-1.933,S2M
75,FT7,6,1.485,S2M
75,FT7,7,5.880,S2M
75,FT7,8,9.786,S2M
75,FT7,9,9.298,S2M
75,FT7,10,3.927,S2M
75,FT7,11,-1.444,S2M
75,FT7,12,-2.421,S2M
75,FT7,13,1.485,S2M
75,FT7,14,6.368,S2M
75,FT7,15,7.833,S2M
75,FT7,16,4.903,S2M
75,FT7,17,-0.956,S2M
75,FT7,18,-5.839,S2M
75,FT7,19,-8.769,S2M
75,FT7,20,-8.769,S2M
75,FT7,21,-5.839,S2M
75,FT7,22,0.020,S2M
75,FT7,23,5.391,S2M
75,FT7,24,7.345,S2M
75,FT7,25,3.927,S2M
75,FT7,26,-2.421,S2M
75,FT7,27,-6.816,S2M
75,FT7,28,-6.816,S2M
75,FT7,29,-4.862,S2M
75,FT7,30,-2.909,S2M
75,FT7,31,-1.444,S2M
75,FT7,32,0.020,S2M
75,FT7,33,0.509,S2M
75,FT7,34,0.509,S2M
75,FT7,35,-0.468,S2M
75,FT7,36,-0.468,S2M
75,FT7,37,0.509,S2M
75,FT7,38,0.997,S2M
75,FT7,39,0.997,S2M
75,FT7,40,-0.956,S2M
75,FT7,41,-2.421,S2M
75,FT7,42,-1.933,S2M
75,FT7,43,-1.444,S2M
75,FT7,44,-2.421,S2M
75,FT7,45,-6.327,S2M
75,FT7,46,-10.234,S2M
75,FT7,47,-12.187,S2M
75,FT7,48,-11.698,S2M
75,FT7,49,-9.257,S2M
75,FT7,50,-8.769,S2M
75,FT7,51,-9.257,S2M
75,FT7,52,-9.257,S2M
75,FT7,53,-7.304,S2M
75,FT7,54,-6.327,S2M
75,FT7,55,-6.327,S2M
75,FT7,56,-5.351,S2M
75,FT7,57,-1.444,S2M
75,FT7,58,3.927,S2M
75,FT7,59,6.856,S2M
75,FT7,60,4.415,S2M
75,FT7,61,-1.444,S2M
75,FT7,62,-6.327,S2M
75,FT7,63,-7.304,S2M
75,FT7,64,-4.862,S2M
75,FT7,65,-3.398,S2M
75,FT7,66,-5.839,S2M
75,FT7,67,-11.698,S2M
75,FT7,68,-15.605,S2M
75,FT7,69,-15.605,S2M
75,FT7,70,-11.210,S2M
75,FT7,71,-5.351,S2M
75,FT7,72,-3.886,S2M
75,FT7,73,-6.327,S2M
75,FT7,74,-11.210,S2M
75,FT7,75,-13.652,S2M
75,FT7,76,-12.187,S2M
75,FT7,77,-10.722,S2M
75,FT7,78,-11.698,S2M
75,FT7,79,-14.628,S2M
75,FT7,80,-16.093,S2M
75,FT7,81,-14.140,S2M
75,FT7,82,-10.234,S2M
75,FT7,83,-7.304,S2M
75,FT7,84,-5.839,S2M
75,FT7,85,-5.351,S2M
75,FT7,86,-3.886,S2M
75,FT7,87,-3.398,S2M
75,FT7,88,-4.862,S2M
75,FT7,89,-6.816,S2M
75,FT7,90,-7.792,S2M
75,FT7,91,-6.816,S2M
75,FT7,92,-5.839,S2M
75,FT7,93,-6.816,S2M
75,FT7,94,-8.769,S2M
75,FT7,95,-7.792,S2M
75,FT7,96,-3.398,S2M
75,FT7,97,-0.468,S2M
75,FT7,98,-1.933,S2M
75,FT7,99,-8.280,S2M
75,FT7,100,-13.652,S2M
75,FT7,101,-14.628,S2M
75,FT7,102,-10.234,S2M
75,FT7,103,-4.862,S2M
75,FT7,104,-1.933,S2M
75,FT7,105,-2.909,S2M
75,FT7,106,-5.839,S2M
75,FT7,107,-8.280,S2M
75,FT7,108,-8.280,S2M
75,FT7,109,-7.304,S2M
75,FT7,110,-5.839,S2M
75,FT7,111,-3.886,S2M
75,FT7,112,-2.421,S2M
75,FT7,113,0.020,S2M
75,FT7,114,1.973,S2M
75,FT7,115,1.485,S2M
75,FT7,116,0.020,S2M
75,FT7,117,-1.444,S2M
75,FT7,118,-0.956,S2M
75,FT7,119,0.020,S2M
75,FT7,120,0.020,S2M
75,FT7,121,-0.468,S2M
75,FT7,122,-0.956,S2M
75,FT7,123,-0.468,S2M
75,FT7,124,0.020,S2M
75,FT7,125,0.020,S2M
75,FT7,126,-0.956,S2M
75,FT7,127,-1.444,S2M
75,FT7,128,-1.933,S2M
75,FT7,129,-2.421,S2M
75,FT7,130,-1.444,S2M
75,FT7,131,0.997,S2M
75,FT7,132,3.927,S2M
75,FT7,133,6.856,S2M
75,FT7,134,7.833,S2M
75,FT7,135,7.833,S2M
75,FT7,136,7.345,S2M
75,FT7,137,7.833,S2M
75,FT7,138,7.833,S2M
75,FT7,139,6.368,S2M
75,FT7,140,3.438,S2M
75,FT7,141,1.485,S2M
75,FT7,142,2.462,S2M
75,FT7,143,4.415,S2M
75,FT7,144,4.415,S2M
75,FT7,145,2.950,S2M
75,FT7,146,1.973,S2M
75,FT7,147,2.950,S2M
75,FT7,148,5.880,S2M
75,FT7,149,5.880,S2M
75,FT7,150,3.927,S2M
75,FT7,151,1.973,S2M
75,FT7,152,2.950,S2M
75,FT7,153,5.391,S2M
75,FT7,154,3.927,S2M
75,FT7,155,-3.886,S2M
75,FT7,156,-12.187,S2M
75,FT7,157,-15.116,S2M
75,FT7,158,-11.698,S2M
75,FT7,159,-6.816,S2M
75,FT7,160,-4.862,S2M
75,FT7,161,-6.816,S2M
75,FT7,162,-9.257,S2M
75,FT7,163,-7.304,S2M
75,FT7,164,-3.886,S2M
75,FT7,165,-3.398,S2M
75,FT7,166,-6.327,S2M
75,FT7,167,-9.745,S2M
75,FT7,168,-7.792,S2M
75,FT7,169,-2.421,S2M
75,FT7,170,1.973,S2M
75,FT7,171,0.509,S2M
75,FT7,172,-5.351,S2M
75,FT7,173,-9.745,S2M
75,FT7,174,-8.769,S2M
75,FT7,175,-3.886,S2M
75,FT7,176,0.020,S2M
75,FT7,177,-0.956,S2M
75,FT7,178,-4.862,S2M
75,FT7,179,-8.280,S2M
75,FT7,180,-8.280,S2M
75,FT7,181,-5.839,S2M
75,FT7,182,-4.374,S2M
75,FT7,183,-4.374,S2M
75,FT7,184,-6.327,S2M
75,FT7,185,-8.280,S2M
75,FT7,186,-9.257,S2M
75,FT7,187,-9.745,S2M
75,FT7,188,-9.257,S2M
75,FT7,189,-9.745,S2M
75,FT7,190,-11.698,S2M
75,FT7,191,-15.116,S2M
75,FT7,192,-16.581,S2M
75,FT7,193,-12.675,S2M
75,FT7,194,-4.374,S2M
75,FT7,195,1.485,S2M
75,FT7,196,0.509,S2M
75,FT7,197,-6.327,S2M
75,FT7,198,-11.698,S2M
75,FT7,199,-10.722,S2M
75,FT7,200,-6.327,S2M
75,FT7,201,-3.398,S2M
75,FT7,202,-3.886,S2M
75,FT7,203,-4.374,S2M
75,FT7,204,-2.909,S2M
75,FT7,205,0.020,S2M
75,FT7,206,-0.956,S2M
75,FT7,207,-3.886,S2M
75,FT7,208,-5.839,S2M
75,FT7,209,-4.374,S2M
75,FT7,210,0.020,S2M
75,FT7,211,2.462,S2M
75,FT7,212,0.509,S2M
75,FT7,213,-3.398,S2M
75,FT7,214,-7.304,S2M
75,FT7,215,-8.280,S2M
75,FT7,216,-8.280,S2M
75,FT7,217,-7.792,S2M
75,FT7,218,-5.839,S2M
75,FT7,219,-2.909,S2M
75,FT7,220,0.020,S2M
75,FT7,221,0.997,S2M
75,FT7,222,0.997,S2M
75,FT7,223,2.462,S2M
75,FT7,224,4.903,S2M
75,FT7,225,6.856,S2M
75,FT7,226,5.880,S2M
75,FT7,227,2.462,S2M
75,FT7,228,0.020,S2M
75,FT7,229,1.485,S2M
75,FT7,230,5.880,S2M
75,FT7,231,9.786,S2M
75,FT7,232,10.763,S2M
75,FT7,233,8.809,S2M
75,FT7,234,6.368,S2M
75,FT7,235,5.880,S2M
75,FT7,236,5.880,S2M
75,FT7,237,5.880,S2M
75,FT7,238,5.391,S2M
75,FT7,239,4.415,S2M
75,FT7,240,4.415,S2M
75,FT7,241,3.438,S2M
75,FT7,242,0.509,S2M
75,FT7,243,-2.909,S2M
75,FT7,244,-4.862,S2M
75,FT7,245,-3.398,S2M
75,FT7,246,0.020,S2M
75,FT7,247,1.485,S2M
75,FT7,248,-0.468,S2M
75,FT7,249,-3.886,S2M
75,FT7,250,-4.862,S2M
75,FT7,251,-2.909,S2M
75,FT7,252,0.020,S2M
75,FT7,253,1.485,S2M
75,FT7,254,1.485,S2M
75,FT7,255,1.485,S2M
75,FT8,0,-3.479,S2M
75,FT8,1,-4.944,S2M
75,FT8,2,-3.967,S2M
75,FT8,3,-0.549,S2M
75,FT8,4,1.892,S2M
75,FT8,5,1.404,S2M
75,FT8,6,-2.502,S2M
75,FT8,7,-6.409,S2M
75,FT8,8,-8.362,S2M
75,FT8,9,-7.874,S2M
75,FT8,10,-6.409,S2M
75,FT8,11,-5.432,S2M
75,FT8,12,-4.944,S2M
75,FT8,13,-4.456,S2M
75,FT8,14,-4.944,S2M
75,FT8,15,-6.409,S2M
75,FT8,16,-7.385,S2M
75,FT8,17,-5.432,S2M
75,FT8,18,-1.038,S2M
75,FT8,19,3.357,S2M
75,FT8,20,3.845,S2M
75,FT8,21,1.404,S2M
75,FT8,22,-1.038,S2M
75,FT8,23,-1.038,S2M
75,FT8,24,0.916,S2M
75,FT8,25,1.404,S2M
75,FT8,26,0.916,S2M
75,FT8,27,0.916,S2M
75,FT8,28,2.380,S2M
75,FT8,29,4.333,S2M
75,FT8,30,4.333,S2M
75,FT8,31,1.892,S2M
75,FT8,32,-0.061,S2M
75,FT8,33,-0.061,S2M
75,FT8,34,2.380,S2M
75,FT8,35,5.310,S2M
75,FT8,36,6.775,S2M
75,FT8,37,6.775,S2M
75,FT8,38,5.310,S2M
75,FT8,39,3.845,S2M
75,FT8,40,1.892,S2M
75,FT8,41,-0.061,S2M
75,FT8,42,-0.549,S2M
75,FT8,43,-0.549,S2M
75,FT8,44,-1.038,S2M
75,FT8,45,-3.967,S2M
75,FT8,46,-8.362,S2M
75,FT8,47,-11.292,S2M
75,FT8,48,-10.803,S2M
75,FT8,49,-8.362,S2M
75,FT8,50,-7.385,S2M
75,FT8,51,-8.362,S2M
75,FT8,52,-9.827,S2M
75,FT8,53,-10.315,S2M
75,FT8,54,-8.362,S2M
75,FT8,55,-5.432,S2M
75,FT8,56,-3.479,S2M
75,FT8,57,-2.991,S2M
75,FT8,58,-3.479,S2M
75,FT8,59,-4.944,S2M
75,FT8,60,-5.920,S2M
75,FT8,61,-6.897,S2M
75,FT8,62,-7.385,S2M
75,FT8,63,-7.874,S2M
75,FT8,64,-9.827,S2M
75,FT8,65,-13.733,S2M
75,FT8,66,-18.616,S2M
75,FT8,67,-21.545,S2M
75,FT8,68,-18.616,S2M
75,FT8,69,-11.292,S2M
75,FT8,70,-3.479,S2M
75,FT8,71,-0.061,S2M
75,FT8,72,-2.014,S2M
75,FT8,73,-6.897,S2M
75,FT8,74,-10.803,S2M
75,FT8,75,-12.756,S2M
75,FT8,76,-12.756,S2M
75,FT8,77,-12.756,S2M
75,FT8,78,-12.268,S2M
75,FT8,79,-11.292,S2M
75,FT8,80,-10.803,S2M
75,FT8,81,-11.780,S2M
75,FT8,82,-15.198,S2M
75,FT8,83,-18.127,S2M
75,FT8,84,-17.151,S2M
75,FT8,85,-12.756,S2M
75,FT8,86,-8.850,S2M
75,FT8,87,-8.362,S2M
75,FT8,88,-11.780,S2M
75,FT8,89,-15.198,S2M
75,FT8,90,-15.686,S2M
75,FT8,91,-14.221,S2M
75,FT8,92,-12.268,S2M
75,FT8,93,-11.780,S2M
75,FT8,94,-11.292,S2M
75,FT8,95,-9.338,S2M
75,FT8,96,-7.385,S2M
75,FT8,97,-7.385,S2M
75,FT8,98,-9.827,S2M
75,FT8,99,-12.268,S2M
75,FT8,100,-10.803,S2M
75,FT8,101,-5.920,S2M
75,FT8,102,-1.526,S2M
75,FT8,103,-0.061,S2M
75,FT8,104,-2.502,S2M
75,FT8,105,-6.897,S2M
75,FT8,106,-9.338,S2M
75,FT8,107,-9.338,S2M
75,FT8,108,-6.897,S2M
75,FT8,109,-3.967,S2M
75,FT8,110,-1.038,S2M
75,FT8,111,0.916,S2M
75,FT8,112,1.404,S2M
75,FT8,113,-0.549,S2M
75,FT8,114,-3.479,S2M
75,FT8,115,-5.920,S2M
75,FT8,116,-6.409,S2M
75,FT8,117,-5.432,S2M
75,FT8,118,-3.479,S2M
75,FT8,119,-1.526,S2M
75,FT8,120,-0.061,S2M
75,FT8,121,-0.549,S2M
75,FT8,122,-2.014,S2M
75,FT8,123,-3.967,S2M
75,FT8,124,-5.432,S2M
75,FT8,125,-4.944,S2M
75,FT8,126,-4.944,S2M
75,FT8,127,-5.432,S2M
75,FT8,128,-5.920,S2M
75,FT8,129,-5.920,S2M
75,FT8,130,-4.456,S2M
75,FT8,131,-4.456,S2M
75,FT8,132,-5.920,S2M
75,FT8,133,-8.362,S2M
75,FT8,134,-8.850,S2M
75,FT8,135,-5.432,S2M
75,FT8,136,-1.038,S2M
75,FT8,137,1.404,S2M
75,FT8,138,0.916,S2M
75,FT8,139,-2.502,S2M
75,FT8,140,-4.944,S2M
75,FT8,141,-5.432,S2M
75,FT8,142,-4.944,S2M
75,FT8,143,-3.967,S2M
75,FT8,144,-4.456,S2M
75,FT8,145,-3.967,S2M
75,FT8,146,-2.991,S2M
75,FT8,147,-1.038,S2M
75,FT8,148,-0.061,S2M
75,FT8,149,-1.526,S2M
75,FT8,150,-4.944,S2M
75,FT8,151,-8.850,S2M
75,FT8,152,-10.315,S2M
75,FT8,153,-8.850,S2M
75,FT8,154,-5.432,S2M
75,FT8,155,-2.014,S2M
75,FT8,156,-1.038,S2M
75,FT8,157,-2.014,S2M
75,FT8,158,-2.991,S2M
75,FT8,159,-3.967,S2M
75,FT8,160,-3.479,S2M
75,FT8,161,-2.991,S2M
75,FT8,162,-2.991,S2M
75,FT8,163,-3.967,S2M
75,FT8,164,-6.897,S2M
75,FT8,165,-10.803,S2M
75,FT8,166,-14.221,S2M
75,FT8,167,-15.686,S2M
75,FT8,168,-11.292,S2M
75,FT8,169,-3.967,S2M
75,FT8,170,1.892,S2M
75,FT8,171,2.380,S2M
75,FT8,172,-1.526,S2M
75,FT8,173,-5.432,S2M
75,FT8,174,-6.409,S2M
75,FT8,175,-4.944,S2M
75,FT8,176,-5.920,S2M
75,FT8,177,-8.850,S2M
75,FT8,178,-11.780,S2M
75,FT8,179,-12.268,S2M
75,FT8,180,-8.850,S2M
75,FT8,181,-4.944,S2M
75,FT8,182,-2.991,S2M
75,FT8,183,-2.991,S2M
75,FT8,184,-4.944,S2M
75,FT8,185,-6.897,S2M
75,FT8,186,-8.850,S2M
75,FT8,187,-9.338,S2M
75,FT8,188,-6.409,S2M
75,FT8,189,-2.502,S2M
75,FT8,190,-2.014,S2M
75,FT8,191,-4.456,S2M
75,FT8,192,-7.874,S2M
75,FT8,193,-8.362,S2M
75,FT8,194,-5.432,S2M
75,FT8,195,-2.014,S2M
75,FT8,196,-2.014,S2M
75,FT8,197,-4.944,S2M
75,FT8,198,-7.385,S2M
75,FT8,199,-6.897,S2M
75,FT8,200,-6.409,S2M
75,FT8,201,-7.874,S2M
75,FT8,202,-10.803,S2M
75,FT8,203,-10.315,S2M
75,FT8,204,-3.967,S2M
75,FT8,205,3.845,S2M
75,FT8,206,7.263,S2M
75,FT8,207,2.869,S2M
75,FT8,208,-3.967,S2M
75,FT8,209,-6.409,S2M
75,FT8,210,-3.967,S2M
75,FT8,211,-1.038,S2M
75,FT8,212,-2.014,S2M
75,FT8,213,-6.409,S2M
75,FT8,214,-9.827,S2M
75,FT8,215,-10.315,S2M
75,FT8,216,-9.827,S2M
75,FT8,217,-11.292,S2M
75,FT8,218,-13.245,S2M
75,FT8,219,-12.756,S2M
75,FT8,220,-7.874,S2M
75,FT8,221,-2.502,S2M
75,FT8,222,-0.549,S2M
75,FT8,223,-2.991,S2M
75,FT8,224,-5.920,S2M
75,FT8,225,-4.944,S2M
75,FT8,226,-0.549,S2M
75,FT8,227,3.845,S2M
75,FT8,228,6.287,S2M
75,FT8,229,7.263,S2M
75,FT8,230,7.751,S2M
75,FT8,231,7.751,S2M
75,FT8,232,5.798,S2M
75,FT8,233,2.380,S2M
75,FT8,234,-0.061,S2M
75,FT8,235,1.892,S2M
75,FT8,236,5.798,S2M
75,FT8,237,8.728,S2M
75,FT8,238,6.775,S2M
75,FT8,239,2.869,S2M
75,FT8,240,-0.061,S2M
75,FT8,241,1.892,S2M
75,FT8,242,4.333,S2M
75,FT8,243,4.333,S2M
75,FT8,244,1.404,S2M
75,FT8,245,-1.038,S2M
75,FT8,246,-0.549,S2M
75,FT8,247,1.892,S2M
75,FT8,248,0.916,S2M
75,FT8,249,-3.479,S2M
75,FT8,250,-6.897,S2M
75,FT8,251,-3.967,S2M
75,FT8,252,3.845,S2M
75,FT8,253,9.216,S2M
75,FT8,254,7.751,S2M
75,FT8,255,1.404,S2M
75,FPZ,0,-5.330,S2M
75,FPZ,1,-3.866,S2M
75,FPZ,2,-1.424,S2M
75,FPZ,3,-1.424,S2M
75,FPZ,4,-2.401,S2M
75,FPZ,5,-2.401,S2M
75,FPZ,6,-0.448,S2M
75,FPZ,7,1.017,S2M
75,FPZ,8,-0.936,S2M
75,FPZ,9,-5.819,S2M
75,FPZ,10,-10.701,S2M
75,FPZ,11,-11.678,S2M
75,FPZ,12,-8.260,S2M
75,FPZ,13,-3.866,S2M
75,FPZ,14,-1.912,S2M
75,FPZ,15,-1.912,S2M
75,FPZ,16,-1.912,S2M
75,FPZ,17,-0.936,S2M
75,FPZ,18,-0.448,S2M
75,FPZ,19,-1.912,S2M
75,FPZ,20,-4.842,S2M
75,FPZ,21,-5.819,S2M
75,FPZ,22,-2.889,S2M
75,FPZ,23,1.017,S2M
75,FPZ,24,2.482,S2M
75,FPZ,25,-0.448,S2M
75,FPZ,26,-3.377,S2M
75,FPZ,27,-2.889,S2M
75,FPZ,28,0.041,S2M
75,FPZ,29,1.506,S2M
75,FPZ,30,-0.448,S2M
75,FPZ,31,-2.401,S2M
75,FPZ,32,-1.424,S2M
75,FPZ,33,1.994,S2M
75,FPZ,34,5.412,S2M
75,FPZ,35,4.924,S2M
75,FPZ,36,2.482,S2M
75,FPZ,37,1.017,S2M
75,FPZ,38,1.017,S2M
75,FPZ,39,1.506,S2M
75,FPZ,40,0.041,S2M
75,FPZ,41,-2.401,S2M
75,FPZ,42,-3.377,S2M
75,FPZ,43,-1.424,S2M
75,FPZ,44,0.529,S2M
75,FPZ,45,-0.936,S2M
75,FPZ,46,-4.842,S2M
75,FPZ,47,-7.772,S2M
75,FPZ,48,-7.284,S2M
75,FPZ,49,-5.330,S2M
75,FPZ,50,-5.330,S2M
75,FPZ,51,-7.284,S2M
75,FPZ,52,-8.748,S2M
75,FPZ,53,-7.284,S2M
75,FPZ,54,-4.354,S2M
75,FPZ,55,-2.889,S2M
75,FPZ,56,-3.866,S2M
75,FPZ,57,-5.330,S2M
75,FPZ,58,-3.866,S2M
75,FPZ,59,-1.424,S2M
75,FPZ,60,-1.912,S2M
75,FPZ,61,-5.819,S2M
75,FPZ,62,-10.701,S2M
75,FPZ,63,-12.655,S2M
75,FPZ,64,-10.701,S2M
75,FPZ,65,-7.772,S2M
75,FPZ,66,-7.772,S2M
75,FPZ,67,-10.213,S2M
75,FPZ,68,-11.190,S2M
75,FPZ,69,-10.213,S2M
75,FPZ,70,-6.795,S2M
75,FPZ,71,-5.330,S2M
75,FPZ,72,-6.307,S2M
75,FPZ,73,-8.260,S2M
75,FPZ,74,-8.748,S2M
75,FPZ,75,-7.284,S2M
75,FPZ,76,-7.284,S2M
75,FPZ,77,-9.237,S2M
75,FPZ,78,-11.678,S2M
75,FPZ,79,-12.166,S2M
75,FPZ,80,-9.725,S2M
75,FPZ,81,-7.284,S2M
75,FPZ,82,-7.284,S2M
75,FPZ,83,-10.213,S2M
75,FPZ,84,-12.166,S2M
75,FPZ,85,-12.655,S2M
75,FPZ,86,-11.678,S2M
75,FPZ,87,-11.678,S2M
75,FPZ,88,-14.119,S2M
75,FPZ,89,-17.537,S2M
75,FPZ,90,-19.002,S2M
75,FPZ,91,-18.514,S2M
75,FPZ,92,-16.561,S2M
75,FPZ,93,-15.096,S2M
75,FPZ,94,-13.143,S2M
75,FPZ,95,-11.190,S2M
75,FPZ,96,-9.725,S2M
75,FPZ,97,-11.190,S2M
75,FPZ,98,-14.119,S2M
75,FPZ,99,-16.073,S2M
75,FPZ,100,-15.096,S2M
75,FPZ,101,-13.143,S2M
75,FPZ,102,-12.166,S2M
75,FPZ,103,-11.678,S2M
75,FPZ,104,-10.701,S2M
75,FPZ,105,-8.748,S2M
75,FPZ,106,-6.795,S2M
75,FPZ,107,-7.284,S2M
75,FPZ,108,-9.237,S2M
75,FPZ,109,-10.213,S2M
75,FPZ,110,-8.260,S2M
75,FPZ,111,-4.842,S2M
75,FPZ,112,-2.889,S2M
75,FPZ,113,-4.354,S2M
75,FPZ,114,-6.307,S2M
75,FPZ,115,-6.307,S2M
75,FPZ,116,-4.354,S2M
75,FPZ,117,-2.889,S2M
75,FPZ,118,-3.866,S2M
75,FPZ,119,-6.307,S2M
75,FPZ,120,-6.795,S2M
75,FPZ,121,-4.842,S2M
75,FPZ,122,-0.936,S2M
75,FPZ,123,0.529,S2M
75,FPZ,124,0.041,S2M
75,FPZ,125,-0.936,S2M
75,FPZ,126,0.041,S2M
75,FPZ,127,1.994,S2M
75,FPZ,128,1.506,S2M
75,FPZ,129,-1.912,S2M
75,FPZ,130,-5.819,S2M
75,FPZ,131,-7.772,S2M
75,FPZ,132,-5.819,S2M
75,FPZ,133,-2.889,S2M
75,FPZ,134,-0.936,S2M
75,FPZ,135,1.017,S2M
75,FPZ,136,3.459,S2M
75,FPZ,137,6.388,S2M
75,FPZ,138,6.388,S2M
75,FPZ,139,2.482,S2M
75,FPZ,140,-1.912,S2M
75,FPZ,141,-4.354,S2M
75,FPZ,142,-3.377,S2M
75,FPZ,143,-1.912,S2M
75,FPZ,144,-1.912,S2M
75,FPZ,145,-2.889,S2M
75,FPZ,146,-2.401,S2M
75,FPZ,147,0.041,S2M
75,FPZ,148,3.459,S2M
75,FPZ,149,4.435,S2M
75,FPZ,150,1.994,S2M
75,FPZ,151,-0.448,S2M
75,FPZ,152,-0.936,S2M
75,FPZ,153,0.041,S2M
75,FPZ,154,-0.448,S2M
75,FPZ,155,-3.377,S2M
75,FPZ,156,-6.795,S2M
75,FPZ,157,-7.772,S2M
75,FPZ,158,-6.795,S2M
75,FPZ,159,-5.330,S2M
75,FPZ,160,-4.354,S2M
75,FPZ,161,-4.354,S2M
75,FPZ,162,-4.842,S2M
75,FPZ,163,-4.842,S2M
75,FPZ,164,-6.307,S2M
75,FPZ,165,-8.260,S2M
75,FPZ,166,-8.748,S2M
75,FPZ,167,-6.795,S2M
75,FPZ,168,-3.866,S2M
75,FPZ,169,-1.424,S2M
75,FPZ,170,-2.401,S2M
75,FPZ,171,-3.866,S2M
75,FPZ,172,-4.354,S2M
75,FPZ,173,-2.401,S2M
75,FPZ,174,-1.912,S2M
75,FPZ,175,-3.866,S2M
75,FPZ,176,-8.260,S2M
75,FPZ,177,-12.166,S2M
75,FPZ,178,-12.655,S2M
75,FPZ,179,-11.190,S2M
75,FPZ,180,-9.725,S2M
75,FPZ,181,-9.725,S2M
75,FPZ,182,-9.237,S2M
75,FPZ,183,-7.284,S2M
75,FPZ,184,-4.354,S2M
75,FPZ,185,-3.377,S2M
75,FPZ,186,-5.819,S2M
75,FPZ,187,-9.725,S2M
75,FPZ,188,-12.166,S2M
75,FPZ,189,-11.678,S2M
75,FPZ,190,-10.701,S2M
75,FPZ,191,-11.190,S2M
75,FPZ,192,-13.631,S2M
75,FPZ,193,-14.608,S2M
75,FPZ,194,-13.143,S2M
75,FPZ,195,-10.213,S2M
75,FPZ,196,-8.260,S2M
75,FPZ,197,-9.237,S2M
75,FPZ,198,-10.701,S2M
75,FPZ,199,-11.190,S2M
75,FPZ,200,-10.213,S2M
75,FPZ,201,-9.237,S2M
75,FPZ,202,-10.213,S2M
75,FPZ,203,-10.701,S2M
75,FPZ,204,-9.237,S2M
75,FPZ,205,-6.307,S2M
75,FPZ,206,-3.866,S2M
75,FPZ,207,-4.354,S2M
75,FPZ,208,-5.819,S2M
75,FPZ,209,-5.330,S2M
75,FPZ,210,-1.424,S2M
75,FPZ,211,1.017,S2M
75,FPZ,212,0.041,S2M
75,FPZ,213,-3.866,S2M
75,FPZ,214,-7.772,S2M
75,FPZ,215,-6.795,S2M
75,FPZ,216,-3.866,S2M
75,FPZ,217,-1.912,S2M
75,FPZ,218,-3.866,S2M
75,FPZ,219,-7.772,S2M
75,FPZ,220,-9.725,S2M
75,FPZ,221,-8.748,S2M
75,FPZ,222,-5.330,S2M
75,FPZ,223,-2.401,S2M
75,FPZ,224,-1.424,S2M
75,FPZ,225,-0.936,S2M
75,FPZ,226,-0.936,S2M
75,FPZ,227,-0.936,S2M
75,FPZ,228,-0.936,S2M
75,FPZ,229,-0.936,S2M
75,FPZ,230,-0.448,S2M
75,FPZ,231,0.041,S2M
75,FPZ,232,1.017,S2M
75,FPZ,233,1.506,S2M
75,FPZ,234,1.506,S2M
75,FPZ,235,2.482,S2M
75,FPZ,236,2.970,S2M
75,FPZ,237,2.482,S2M
75,FPZ,238,1.506,S2M
75,FPZ,239,0.529,S2M
75,FPZ,240,0.529,S2M
75,FPZ,241,2.482,S2M
75,FPZ,242,2.970,S2M
75,FPZ,243,1.506,S2M
75,FPZ,244,-0.936,S2M
75,FPZ,245,-1.424,S2M
75,FPZ,246,1.017,S2M
75,FPZ,247,3.947,S2M
75,FPZ,248,3.947,S2M
75,FPZ,249,1.506,S2M
75,FPZ,250,-1.424,S2M
75,FPZ,251,-2.401,S2M
75,FPZ,252,0.041,S2M
75,FPZ,253,1.506,S2M
75,FPZ,254,1.017,S2M
75,FPZ,255,-0.448,S2M
75,FC4,0,-3.621,S2M
75,FC4,1,-3.621,S2M
75,FC4,2,-1.668,S2M
75,FC4,3,-0.692,S2M
75,FC4,4,-1.668,S2M
75,FC4,5,-4.598,S2M
75,FC4,6,-5.086,S2M
75,FC4,7,-4.110,S2M
75,FC4,8,-2.645,S2M
75,FC4,9,-3.621,S2M
75,FC4,10,-5.575,S2M
75,FC4,11,-6.063,S2M
75,FC4,12,-4.598,S2M
75,FC4,13,-2.157,S2M
75,FC4,14,-1.668,S2M
75,FC4,15,-3.621,S2M
75,FC4,16,-4.110,S2M
75,FC4,17,-2.645,S2M
75,FC4,18,-0.203,S2M
75,FC4,19,0.285,S2M
75,FC4,20,-1.668,S2M
75,FC4,21,-3.133,S2M
75,FC4,22,-1.180,S2M
75,FC4,23,2.238,S2M
75,FC4,24,3.703,S2M
75,FC4,25,2.726,S2M
75,FC4,26,1.750,S2M
75,FC4,27,3.215,S2M
75,FC4,28,5.656,S2M
75,FC4,29,6.632,S2M
75,FC4,30,4.191,S2M
75,FC4,31,0.773,S2M
75,FC4,32,0.285,S2M
75,FC4,33,2.238,S2M
75,FC4,34,4.679,S2M
75,FC4,35,4.191,S2M
75,FC4,36,2.238,S2M
75,FC4,37,1.750,S2M
75,FC4,38,2.726,S2M
75,FC4,39,3.703,S2M
75,FC4,40,2.726,S2M
75,FC4,41,0.773,S2M
75,FC4,42,0.285,S2M
75,FC4,43,1.750,S2M
75,FC4,44,2.238,S2M
75,FC4,45,-0.203,S2M
75,FC4,46,-4.598,S2M
75,FC4,47,-8.016,S2M
75,FC4,48,-7.039,S2M
75,FC4,49,-4.110,S2M
75,FC4,50,-2.157,S2M
75,FC4,51,-1.668,S2M
75,FC4,52,-2.157,S2M
75,FC4,53,-1.668,S2M
75,FC4,54,-0.203,S2M
75,FC4,55,-0.203,S2M
75,FC4,56,-1.668,S2M
75,FC4,57,-3.133,S2M
75,FC4,58,-1.668,S2M
75,FC4,59,0.773,S2M
75,FC4,60,1.750,S2M
75,FC4,61,-1.180,S2M
75,FC4,62,-4.598,S2M
75,FC4,63,-6.551,S2M
75,FC4,64,-5.086,S2M
75,FC4,65,-3.621,S2M
75,FC4,66,-4.598,S2M
75,FC4,67,-7.039,S2M
75,FC4,68,-8.016,S2M
75,FC4,69,-6.063,S2M
75,FC4,70,-1.668,S2M
75,FC4,71,0.773,S2M
75,FC4,72,-0.203,S2M
75,FC4,73,-2.157,S2M
75,FC4,74,-2.645,S2M
75,FC4,75,-1.180,S2M
75,FC4,76,-0.203,S2M
75,FC4,77,-1.180,S2M
75,FC4,78,-3.133,S2M
75,FC4,79,-3.621,S2M
75,FC4,80,-3.621,S2M
75,FC4,81,-4.598,S2M
75,FC4,82,-6.551,S2M
75,FC4,83,-8.016,S2M
75,FC4,84,-7.039,S2M
75,FC4,85,-4.598,S2M
75,FC4,86,-3.133,S2M
75,FC4,87,-3.621,S2M
75,FC4,88,-5.575,S2M
75,FC4,89,-7.039,S2M
75,FC4,90,-7.039,S2M
75,FC4,91,-6.063,S2M
75,FC4,92,-6.063,S2M
75,FC4,93,-7.039,S2M
75,FC4,94,-6.063,S2M
75,FC4,95,-3.133,S2M
75,FC4,96,-1.180,S2M
75,FC4,97,-0.692,S2M
75,FC4,98,-3.133,S2M
75,FC4,99,-4.598,S2M
75,FC4,100,-3.621,S2M
75,FC4,101,-1.180,S2M
75,FC4,102,-0.203,S2M
75,FC4,103,-1.668,S2M
75,FC4,104,-3.621,S2M
75,FC4,105,-4.110,S2M
75,FC4,106,-2.645,S2M
75,FC4,107,-1.180,S2M
75,FC4,108,-1.668,S2M
75,FC4,109,-2.157,S2M
75,FC4,110,-1.668,S2M
75,FC4,111,0.773,S2M
75,FC4,112,2.726,S2M
75,FC4,113,2.238,S2M
75,FC4,114,0.285,S2M
75,FC4,115,-1.180,S2M
75,FC4,116,-0.692,S2M
75,FC4,117,0.773,S2M
75,FC4,118,0.285,S2M
75,FC4,119,-1.668,S2M
75,FC4,120,-3.133,S2M
75,FC4,121,-2.157,S2M
75,FC4,122,-0.203,S2M
75,FC4,123,0.773,S2M
75,FC4,124,-0.203,S2M
75,FC4,125,-1.668,S2M
75,FC4,126,-2.157,S2M
75,FC4,127,-0.692,S2M
75,FC4,128,-0.203,S2M
75,FC4,129,-1.180,S2M
75,FC4,130,-3.621,S2M
75,FC4,131,-4.598,S2M
75,FC4,132,-3.621,S2M
75,FC4,133,-2.157,S2M
75,FC4,134,-1.668,S2M
75,FC4,135,-2.157,S2M
75,FC4,136,-2.157,S2M
75,FC4,137,-1.180,S2M
75,FC4,138,0.285,S2M
75,FC4,139,-0.692,S2M
75,FC4,140,-2.645,S2M
75,FC4,141,-4.598,S2M
75,FC4,142,-3.621,S2M
75,FC4,143,-1.180,S2M
75,FC4,144,0.285,S2M
75,FC4,145,-0.203,S2M
75,FC4,146,-0.203,S2M
75,FC4,147,0.773,S2M
75,FC4,148,2.726,S2M
75,FC4,149,2.238,S2M
75,FC4,150,-0.203,S2M
75,FC4,151,-3.133,S2M
75,FC4,152,-4.110,S2M
75,FC4,153,-3.133,S2M
75,FC4,154,-1.668,S2M
75,FC4,155,-2.645,S2M
75,FC4,156,-4.598,S2M
75,FC4,157,-5.086,S2M
75,FC4,158,-3.621,S2M
75,FC4,159,-1.668,S2M
75,FC4,160,-1.180,S2M
75,FC4,161,-1.668,S2M
75,FC4,162,-1.180,S2M
75,FC4,163,0.285,S2M
75,FC4,164,1.261,S2M
75,FC4,165,0.773,S2M
75,FC4,166,-1.668,S2M
75,FC4,167,-3.133,S2M
75,FC4,168,-2.645,S2M
75,FC4,169,-0.692,S2M
75,FC4,170,0.285,S2M
75,FC4,171,-0.203,S2M
75,FC4,172,-0.203,S2M
75,FC4,173,1.261,S2M
75,FC4,174,1.750,S2M
75,FC4,175,0.285,S2M
75,FC4,176,-3.133,S2M
75,FC4,177,-6.063,S2M
75,FC4,178,-5.575,S2M
75,FC4,179,-4.598,S2M
75,FC4,180,-3.621,S2M
75,FC4,181,-3.621,S2M
75,FC4,182,-2.645,S2M
75,FC4,183,-0.203,S2M
75,FC4,184,2.726,S2M
75,FC4,185,3.703,S2M
75,FC4,186,1.261,S2M
75,FC4,187,-3.133,S2M
75,FC4,188,-5.086,S2M
75,FC4,189,-4.598,S2M
75,FC4,190,-3.133,S2M
75,FC4,191,-2.157,S2M
75,FC4,192,-3.621,S2M
75,FC4,193,-4.110,S2M
75,FC4,194,-3.133,S2M
75,FC4,195,-1.668,S2M
75,FC4,196,-1.180,S2M
75,FC4,197,-2.157,S2M
75,FC4,198,-3.621,S2M
75,FC4,199,-2.645,S2M
75,FC4,200,-1.668,S2M
75,FC4,201,-1.668,S2M
75,FC4,202,-2.645,S2M
75,FC4,203,-3.133,S2M
75,FC4,204,-2.157,S2M
75,FC4,205,0.773,S2M
75,FC4,206,1.750,S2M
75,FC4,207,-0.203,S2M
75,FC4,208,-2.645,S2M
75,FC4,209,-2.645,S2M
75,FC4,210,0.285,S2M
75,FC4,211,2.726,S2M
75,FC4,212,1.750,S2M
75,FC4,213,-2.157,S2M
75,FC4,214,-5.086,S2M
75,FC4,215,-4.598,S2M
75,FC4,216,-3.133,S2M
75,FC4,217,-2.645,S2M
75,FC4,218,-4.598,S2M
75,FC4,219,-7.039,S2M
75,FC4,220,-7.039,S2M
75,FC4,221,-5.086,S2M
75,FC4,222,-3.621,S2M
75,FC4,223,-4.110,S2M
75,FC4,224,-4.598,S2M
75,FC4,225,-4.110,S2M
75,FC4,226,-2.157,S2M
75,FC4,227,-1.180,S2M
75,FC4,228,-1.180,S2M
75,FC4,229,-1.180,S2M
75,FC4,230,-0.203,S2M
75,FC4,231,1.750,S2M
75,FC4,232,3.215,S2M
75,FC4,233,3.215,S2M
75,FC4,234,2.726,S2M
75,FC4,235,3.703,S2M
75,FC4,236,4.679,S2M
75,FC4,237,4.679,S2M
75,FC4,238,2.726,S2M
75,FC4,239,0.285,S2M
75,FC4,240,-0.203,S2M
75,FC4,241,1.750,S2M
75,FC4,242,3.215,S2M
75,FC4,243,2.726,S2M
75,FC4,244,0.773,S2M
75,FC4,245,-0.692,S2M
75,FC4,246,0.773,S2M
75,FC4,247,3.215,S2M
75,FC4,248,3.703,S2M
75,FC4,249,2.238,S2M
75,FC4,250,-0.203,S2M
75,FC4,251,-0.692,S2M
75,FC4,252,0.285,S2M
75,FC4,253,0.285,S2M
75,FC4,254,-1.668,S2M
75,FC4,255,-3.621,S2M
75,FC3,0,-1.068,S2M
75,FC3,1,-1.068,S2M
75,FC3,2,-1.068,S2M
75,FC3,3,-1.556,S2M
75,FC3,4,-1.068,S2M
75,FC3,5,0.397,S2M
75,FC3,6,2.838,S2M
75,FC3,7,3.815,S2M
75,FC3,8,3.815,S2M
75,FC3,9,2.838,S2M
75,FC3,10,1.862,S2M
75,FC3,11,0.885,S2M
75,FC3,12,1.373,S2M
75,FC3,13,2.838,S2M
75,FC3,14,4.303,S2M
75,FC3,15,5.280,S2M
75,FC3,16,5.280,S2M
75,FC3,17,4.303,S2M
75,FC3,18,2.350,S2M
75,FC3,19,-0.092,S2M
75,FC3,20,-2.045,S2M
75,FC3,21,-3.021,S2M
75,FC3,22,-2.045,S2M
75,FC3,23,-0.092,S2M
75,FC3,24,1.862,S2M
75,FC3,25,1.862,S2M
75,FC3,26,0.397,S2M
75,FC3,27,-2.045,S2M
75,FC3,28,-3.510,S2M
75,FC3,29,-3.510,S2M
75,FC3,30,-3.021,S2M
75,FC3,31,-2.045,S2M
75,FC3,32,-1.556,S2M
75,FC3,33,-0.580,S2M
75,FC3,34,0.397,S2M
75,FC3,35,1.862,S2M
75,FC3,36,2.350,S2M
75,FC3,37,1.862,S2M
75,FC3,38,0.885,S2M
75,FC3,39,-0.092,S2M
75,FC3,40,-1.068,S2M
75,FC3,41,-1.068,S2M
75,FC3,42,-1.556,S2M
75,FC3,43,-2.045,S2M
75,FC3,44,-2.533,S2M
75,FC3,45,-3.021,S2M
75,FC3,46,-3.021,S2M
75,FC3,47,-3.021,S2M
75,FC3,48,-3.021,S2M
75,FC3,49,-3.021,S2M
75,FC3,50,-3.021,S2M
75,FC3,51,-3.021,S2M
75,FC3,52,-3.021,S2M
75,FC3,53,-2.533,S2M
75,FC3,54,-1.556,S2M
75,FC3,55,-0.580,S2M
75,FC3,56,-0.092,S2M
75,FC3,57,-0.092,S2M
75,FC3,58,-0.580,S2M
75,FC3,59,-0.092,S2M
75,FC3,60,0.885,S2M
75,FC3,61,1.862,S2M
75,FC3,62,2.838,S2M
75,FC3,63,1.862,S2M
75,FC3,64,0.397,S2M
75,FC3,65,-0.580,S2M
75,FC3,66,-1.068,S2M
75,FC3,67,-0.580,S2M
75,FC3,68,-1.068,S2M
75,FC3,69,-2.045,S2M
75,FC3,70,-2.533,S2M
75,FC3,71,-1.556,S2M
75,FC3,72,-0.092,S2M
75,FC3,73,1.373,S2M
75,FC3,74,0.397,S2M
75,FC3,75,-1.068,S2M
75,FC3,76,-2.045,S2M
75,FC3,77,-2.045,S2M
75,FC3,78,-1.556,S2M
75,FC3,79,-0.580,S2M
75,FC3,80,-1.068,S2M
75,FC3,81,-1.556,S2M
75,FC3,82,-1.556,S2M
75,FC3,83,-1.556,S2M
75,FC3,84,-1.556,S2M
75,FC3,85,-2.533,S2M
75,FC3,86,-3.021,S2M
75,FC3,87,-2.533,S2M
75,FC3,88,-1.556,S2M
75,FC3,89,-1.068,S2M
75,FC3,90,-0.580,S2M
75,FC3,91,-1.068,S2M
75,FC3,92,-1.556,S2M
75,FC3,93,-0.580,S2M
75,FC3,94,-0.092,S2M
75,FC3,95,0.397,S2M
75,FC3,96,-0.092,S2M
75,FC3,97,-1.556,S2M
75,FC3,98,-3.021,S2M
75,FC3,99,-3.510,S2M
75,FC3,100,-3.998,S2M
75,FC3,101,-3.510,S2M
75,FC3,102,-3.021,S2M
75,FC3,103,-2.045,S2M
75,FC3,104,-1.068,S2M
75,FC3,105,-0.580,S2M
75,FC3,106,0.397,S2M
75,FC3,107,0.397,S2M
75,FC3,108,-0.092,S2M
75,FC3,109,-0.580,S2M
75,FC3,110,-1.068,S2M
75,FC3,111,-0.092,S2M
75,FC3,112,1.373,S2M
75,FC3,113,1.862,S2M
75,FC3,114,2.350,S2M
75,FC3,115,2.350,S2M
75,FC3,116,2.350,S2M
75,FC3,117,2.838,S2M
75,FC3,118,3.326,S2M
75,FC3,119,2.838,S2M
75,FC3,120,1.373,S2M
75,FC3,121,-0.580,S2M
75,FC3,122,-1.068,S2M
75,FC3,123,-0.092,S2M
75,FC3,124,1.373,S2M
75,FC3,125,2.350,S2M
75,FC3,126,2.350,S2M
75,FC3,127,2.350,S2M
75,FC3,128,2.350,S2M
75,FC3,129,2.350,S2M
75,FC3,130,1.862,S2M
75,FC3,131,1.373,S2M
75,FC3,132,0.885,S2M
75,FC3,133,1.373,S2M
75,FC3,134,3.326,S2M
75,FC3,135,5.280,S2M
75,FC3,136,6.256,S2M
75,FC3,137,6.256,S2M
75,FC3,138,5.280,S2M
75,FC3,139,4.303,S2M
75,FC3,140,3.326,S2M
75,FC3,141,3.326,S2M
75,FC3,142,3.326,S2M
75,FC3,143,4.303,S2M
75,FC3,144,4.791,S2M
75,FC3,145,4.791,S2M
75,FC3,146,4.303,S2M
75,FC3,147,3.815,S2M
75,FC3,148,3.326,S2M
75,FC3,149,2.838,S2M
75,FC3,150,2.838,S2M
75,FC3,151,3.326,S2M
75,FC3,152,3.815,S2M
75,FC3,153,3.815,S2M
75,FC3,154,3.326,S2M
75,FC3,155,1.862,S2M
75,FC3,156,0.397,S2M
75,FC3,157,-1.556,S2M
75,FC3,158,-3.021,S2M
75,FC3,159,-3.510,S2M
75,FC3,160,-2.533,S2M
75,FC3,161,-1.556,S2M
75,FC3,162,-1.068,S2M
75,FC3,163,-1.556,S2M
75,FC3,164,-2.045,S2M
75,FC3,165,-2.533,S2M
75,FC3,166,-2.533,S2M
75,FC3,167,-1.556,S2M
75,FC3,168,-0.580,S2M
75,FC3,169,0.397,S2M
75,FC3,170,1.373,S2M
75,FC3,171,1.373,S2M
75,FC3,172,2.350,S2M
75,FC3,173,2.350,S2M
75,FC3,174,0.885,S2M
75,FC3,175,-0.580,S2M
75,FC3,176,-2.045,S2M
75,FC3,177,-2.533,S2M
75,FC3,178,-1.556,S2M
75,FC3,179,-0.580,S2M
75,FC3,180,-0.580,S2M
75,FC3,181,-1.068,S2M
75,FC3,182,-2.045,S2M
75,FC3,183,-2.045,S2M
75,FC3,184,-2.045,S2M
75,FC3,185,-2.045,S2M
75,FC3,186,-2.533,S2M
75,FC3,187,-3.510,S2M
75,FC3,188,-3.510,S2M
75,FC3,189,-3.021,S2M
75,FC3,190,-1.556,S2M
75,FC3,191,-1.068,S2M
75,FC3,192,-1.556,S2M
75,FC3,193,-3.510,S2M
75,FC3,194,-4.486,S2M
75,FC3,195,-3.998,S2M
75,FC3,196,-2.533,S2M
75,FC3,197,-2.045,S2M
75,FC3,198,-2.533,S2M
75,FC3,199,-3.998,S2M
75,FC3,200,-3.998,S2M
75,FC3,201,-3.021,S2M
75,FC3,202,-1.556,S2M
75,FC3,203,-0.580,S2M
75,FC3,204,0.397,S2M
75,FC3,205,0.397,S2M
75,FC3,206,-0.092,S2M
75,FC3,207,-0.580,S2M
75,FC3,208,-0.580,S2M
75,FC3,209,-0.092,S2M
75,FC3,210,0.397,S2M
75,FC3,211,1.373,S2M
75,FC3,212,1.862,S2M
75,FC3,213,1.862,S2M
75,FC3,214,0.885,S2M
75,FC3,215,-0.092,S2M
75,FC3,216,-0.092,S2M
75,FC3,217,-0.092,S2M
75,FC3,218,0.885,S2M
75,FC3,219,0.885,S2M
75,FC3,220,1.373,S2M
75,FC3,221,1.862,S2M
75,FC3,222,2.350,S2M
75,FC3,223,3.326,S2M
75,FC3,224,3.326,S2M
75,FC3,225,2.838,S2M
75,FC3,226,1.862,S2M
75,FC3,227,1.373,S2M
75,FC3,228,1.373,S2M
75,FC3,229,1.373,S2M
75,FC3,230,2.350,S2M
75,FC3,231,3.326,S2M
75,FC3,232,4.791,S2M
75,FC3,233,5.768,S2M
75,FC3,234,5.768,S2M
75,FC3,235,4.791,S2M
75,FC3,236,4.303,S2M
75,FC3,237,4.303,S2M
75,FC3,238,5.768,S2M
75,FC3,239,6.744,S2M
75,FC3,240,5.768,S2M
75,FC3,241,4.791,S2M
75,FC3,242,3.326,S2M
75,FC3,243,2.838,S2M
75,FC3,244,2.350,S2M
75,FC3,245,0.885,S2M
75,FC3,246,-0.580,S2M
75,FC3,247,-1.556,S2M
75,FC3,248,-1.068,S2M
75,FC3,249,0.397,S2M
75,FC3,250,1.862,S2M
75,FC3,251,2.838,S2M
75,FC3,252,2.838,S2M
75,FC3,253,2.838,S2M
75,FC3,254,3.326,S2M
75,FC3,255,3.815,S2M
75,C6,0,-1.160,S2M
75,C6,1,0.793,S2M
75,C6,2,1.770,S2M
75,C6,3,1.282,S2M
75,C6,4,-1.160,S2M
75,C6,5,-3.113,S2M
75,C6,6,-4.089,S2M
75,C6,7,-4.089,S2M
75,C6,8,-3.601,S2M
75,C6,9,-3.601,S2M
75,C6,10,-5.066,S2M
75,C6,11,-5.554,S2M
75,C6,12,-6.042,S2M
75,C6,13,-5.066,S2M
75,C6,14,-4.089,S2M
75,C6,15,-4.089,S2M
75,C6,16,-4.578,S2M
75,C6,17,-4.578,S2M
75,C6,18,-3.601,S2M
75,C6,19,-2.136,S2M
75,C6,20,-0.183,S2M
75,C6,21,1.282,S2M
75,C6,22,2.258,S2M
75,C6,23,2.747,S2M
75,C6,24,3.235,S2M
75,C6,25,3.235,S2M
75,C6,26,3.235,S2M
75,C6,27,3.235,S2M
75,C6,28,4.211,S2M
75,C6,29,5.188,S2M
75,C6,30,5.676,S2M
75,C6,31,5.188,S2M
75,C6,32,3.723,S2M
75,C6,33,2.258,S2M
75,C6,34,1.282,S2M
75,C6,35,1.282,S2M
75,C6,36,1.770,S2M
75,C6,37,2.258,S2M
75,C6,38,2.258,S2M
75,C6,39,0.793,S2M
75,C6,40,-0.671,S2M
75,C6,41,-2.625,S2M
75,C6,42,-3.601,S2M
75,C6,43,-3.113,S2M
75,C6,44,-3.113,S2M
75,C6,45,-3.113,S2M
75,C6,46,-4.578,S2M
75,C6,47,-6.531,S2M
75,C6,48,-8.484,S2M
75,C6,49,-8.972,S2M
75,C6,50,-7.507,S2M
75,C6,51,-5.066,S2M
75,C6,52,-2.136,S2M
75,C6,53,-0.183,S2M
75,C6,54,-0.183,S2M
75,C6,55,-1.648,S2M
75,C6,56,-3.601,S2M
75,C6,57,-5.554,S2M
75,C6,58,-5.066,S2M
75,C6,59,-3.601,S2M
75,C6,60,-2.136,S2M
75,C6,61,-2.136,S2M
75,C6,62,-3.601,S2M
75,C6,63,-6.531,S2M
75,C6,64,-7.996,S2M
75,C6,65,-8.484,S2M
75,C6,66,-8.484,S2M
75,C6,67,-8.972,S2M
75,C6,68,-10.925,S2M
75,C6,69,-11.414,S2M
75,C6,70,-9.460,S2M
75,C6,71,-5.554,S2M
75,C6,72,-1.648,S2M
75,C6,73,-1.160,S2M
75,C6,74,-3.113,S2M
75,C6,75,-6.531,S2M
75,C6,76,-8.484,S2M
75,C6,77,-7.996,S2M
75,C6,78,-7.019,S2M
75,C6,79,-6.531,S2M
75,C6,80,-7.507,S2M
75,C6,81,-8.972,S2M
75,C6,82,-9.949,S2M
75,C6,83,-10.437,S2M
75,C6,84,-11.414,S2M
75,C6,85,-11.902,S2M
75,C6,86,-11.414,S2M
75,C6,87,-9.949,S2M
75,C6,88,-7.996,S2M
75,C6,89,-6.531,S2M
75,C6,90,-6.531,S2M
75,C6,91,-7.507,S2M
75,C6,92,-9.460,S2M
75,C6,93,-10.437,S2M
75,C6,94,-10.437,S2M
75,C6,95,-8.484,S2M
75,C6,96,-5.554,S2M
75,C6,97,-3.601,S2M
75,C6,98,-2.625,S2M
75,C6,99,-2.625,S2M
75,C6,100,-2.625,S2M
75,C6,101,-2.136,S2M
75,C6,102,-1.648,S2M
75,C6,103,-1.648,S2M
75,C6,104,-3.113,S2M
75,C6,105,-5.554,S2M
75,C6,106,-6.042,S2M
75,C6,107,-5.066,S2M
75,C6,108,-3.601,S2M
75,C6,109,-2.136,S2M
75,C6,110,-1.648,S2M
75,C6,111,-1.160,S2M
75,C6,112,-0.671,S2M
75,C6,113,0.305,S2M
75,C6,114,1.282,S2M
75,C6,115,1.282,S2M
75,C6,116,1.282,S2M
75,C6,117,1.282,S2M
75,C6,118,0.793,S2M
75,C6,119,0.305,S2M
75,C6,120,-1.160,S2M
75,C6,121,-2.625,S2M
75,C6,122,-3.601,S2M
75,C6,123,-3.601,S2M
75,C6,124,-3.113,S2M
75,C6,125,-3.601,S2M
75,C6,126,-4.578,S2M
75,C6,127,-5.066,S2M
75,C6,128,-3.601,S2M
75,C6,129,-2.625,S2M
75,C6,130,-2.136,S2M
75,C6,131,-2.625,S2M
75,C6,132,-4.089,S2M
75,C6,133,-4.578,S2M
75,C6,134,-3.601,S2M
75,C6,135,-2.136,S2M
75,C6,136,-1.648,S2M
75,C6,137,-1.160,S2M
75,C6,138,-2.625,S2M
75,C6,139,-3.601,S2M
75,C6,140,-4.089,S2M
75,C6,141,-3.601,S2M
75,C6,142,-3.601,S2M
75,C6,143,-4.089,S2M
75,C6,144,-4.089,S2M
75,C6,145,-3.601,S2M
75,C6,146,-1.160,S2M
75,C6,147,1.282,S2M
75,C6,148,2.747,S2M
75,C6,149,1.770,S2M
75,C6,150,-1.648,S2M
75,C6,151,-4.578,S2M
75,C6,152,-6.531,S2M
75,C6,153,-6.531,S2M
75,C6,154,-5.066,S2M
75,C6,155,-3.601,S2M
75,C6,156,-2.625,S2M
75,C6,157,-2.136,S2M
75,C6,158,-2.136,S2M
75,C6,159,-2.136,S2M
75,C6,160,-2.625,S2M
75,C6,161,-2.625,S2M
75,C6,162,-2.136,S2M
75,C6,163,-1.160,S2M
75,C6,164,-0.671,S2M
75,C6,165,-1.648,S2M
75,C6,166,-4.089,S2M
75,C6,167,-6.531,S2M
75,C6,168,-7.507,S2M
75,C6,169,-5.554,S2M
75,C6,170,-2.625,S2M
75,C6,171,0.305,S2M
75,C6,172,2.258,S2M
75,C6,173,1.282,S2M
75,C6,174,-1.160,S2M
75,C6,175,-4.089,S2M
75,C6,176,-7.019,S2M
75,C6,177,-8.484,S2M
75,C6,178,-8.972,S2M
75,C6,179,-7.996,S2M
75,C6,180,-6.531,S2M
75,C6,181,-4.578,S2M
75,C6,182,-1.648,S2M
75,C6,183,0.305,S2M
75,C6,184,1.770,S2M
75,C6,185,1.770,S2M
75,C6,186,0.305,S2M
75,C6,187,-2.136,S2M
75,C6,188,-4.578,S2M
75,C6,189,-5.554,S2M
75,C6,190,-5.554,S2M
75,C6,191,-4.089,S2M
75,C6,192,-3.113,S2M
75,C6,193,-3.113,S2M
75,C6,194,-2.625,S2M
75,C6,195,-1.648,S2M
75,C6,196,-0.671,S2M
75,C6,197,-0.183,S2M
75,C6,198,-0.671,S2M
75,C6,199,-1.160,S2M
75,C6,200,-1.648,S2M
75,C6,201,-1.648,S2M
75,C6,202,-2.136,S2M
75,C6,203,-3.113,S2M
75,C6,204,-3.113,S2M
75,C6,205,-2.136,S2M
75,C6,206,-0.183,S2M
75,C6,207,0.793,S2M
75,C6,208,0.305,S2M
75,C6,209,-0.671,S2M
75,C6,210,-2.625,S2M
75,C6,211,-3.113,S2M
75,C6,212,-2.625,S2M
75,C6,213,-2.136,S2M
75,C6,214,-2.625,S2M
75,C6,215,-4.089,S2M
75,C6,216,-5.554,S2M
75,C6,217,-6.531,S2M
75,C6,218,-7.019,S2M
75,C6,219,-6.531,S2M
75,C6,220,-5.554,S2M
75,C6,221,-4.578,S2M
75,C6,222,-4.089,S2M
75,C6,223,-3.113,S2M
75,C6,224,-1.648,S2M
75,C6,225,0.793,S2M
75,C6,226,3.235,S2M
75,C6,227,5.188,S2M
75,C6,228,5.676,S2M
75,C6,229,5.188,S2M
75,C6,230,3.723,S2M
75,C6,231,3.235,S2M
75,C6,232,4.211,S2M
75,C6,233,5.676,S2M
75,C6,234,6.653,S2M
75,C6,235,6.653,S2M
75,C6,236,5.676,S2M
75,C6,237,5.676,S2M
75,C6,238,5.676,S2M
75,C6,239,5.188,S2M
75,C6,240,4.211,S2M
75,C6,241,2.258,S2M
75,C6,242,0.305,S2M
75,C6,243,-0.183,S2M
75,C6,244,0.305,S2M
75,C6,245,1.282,S2M
75,C6,246,2.258,S2M
75,C6,247,3.235,S2M
75,C6,248,3.235,S2M
75,C6,249,3.235,S2M
75,C6,250,2.258,S2M
75,C6,251,0.793,S2M
75,C6,252,-0.183,S2M
75,C6,253,-0.671,S2M
75,C6,254,-0.183,S2M
75,C6,255,0.305,S2M
75,C5,0,-0.478,S2M
75,C5,1,-0.478,S2M
75,C5,2,-0.966,S2M
75,C5,3,-0.966,S2M
75,C5,4,0.010,S2M
75,C5,5,0.987,S2M
75,C5,6,2.452,S2M
75,C5,7,3.428,S2M
75,C5,8,3.428,S2M
75,C5,9,2.940,S2M
75,C5,10,1.963,S2M
75,C5,11,1.475,S2M
75,C5,12,1.475,S2M
75,C5,13,1.963,S2M
75,C5,14,3.428,S2M
75,C5,15,3.916,S2M
75,C5,16,4.405,S2M
75,C5,17,3.428,S2M
75,C5,18,0.987,S2M
75,C5,19,-0.966,S2M
75,C5,20,-2.431,S2M
75,C5,21,-1.455,S2M
75,C5,22,0.498,S2M
75,C5,23,3.428,S2M
75,C5,24,4.405,S2M
75,C5,25,2.940,S2M
75,C5,26,-0.478,S2M
75,C5,27,-2.920,S2M
75,C5,28,-3.896,S2M
75,C5,29,-2.920,S2M
75,C5,30,-1.455,S2M
75,C5,31,-0.478,S2M
75,C5,32,-0.478,S2M
75,C5,33,0.010,S2M
75,C5,34,0.498,S2M
75,C5,35,0.498,S2M
75,C5,36,-0.478,S2M
75,C5,37,-1.943,S2M
75,C5,38,-3.408,S2M
75,C5,39,-3.896,S2M
75,C5,40,-4.384,S2M
75,C5,41,-4.873,S2M
75,C5,42,-5.361,S2M
75,C5,43,-5.849,S2M
75,C5,44,-6.826,S2M
75,C5,45,-7.314,S2M
75,C5,46,-8.291,S2M
75,C5,47,-8.779,S2M
75,C5,48,-8.779,S2M
75,C5,49,-8.291,S2M
75,C5,50,-6.826,S2M
75,C5,51,-5.849,S2M
75,C5,52,-4.873,S2M
75,C5,53,-4.873,S2M
75,C5,54,-3.896,S2M
75,C5,55,-2.431,S2M
75,C5,56,-0.966,S2M
75,C5,57,-0.478,S2M
75,C5,58,-0.966,S2M
75,C5,59,-1.455,S2M
75,C5,60,-0.966,S2M
75,C5,61,0.010,S2M
75,C5,62,0.498,S2M
75,C5,63,-0.478,S2M
75,C5,64,-2.431,S2M
75,C5,65,-3.896,S2M
75,C5,66,-4.384,S2M
75,C5,67,-2.920,S2M
75,C5,68,-2.431,S2M
75,C5,69,-3.408,S2M
75,C5,70,-4.873,S2M
75,C5,71,-5.849,S2M
75,C5,72,-5.361,S2M
75,C5,73,-4.384,S2M
75,C5,74,-4.384,S2M
75,C5,75,-5.849,S2M
75,C5,76,-7.314,S2M
75,C5,77,-7.314,S2M
75,C5,78,-6.337,S2M
75,C5,79,-5.361,S2M
75,C5,80,-4.873,S2M
75,C5,81,-4.873,S2M
75,C5,82,-4.873,S2M
75,C5,83,-4.873,S2M
75,C5,84,-4.873,S2M
75,C5,85,-5.361,S2M
75,C5,86,-5.361,S2M
75,C5,87,-5.361,S2M
75,C5,88,-4.873,S2M
75,C5,89,-3.408,S2M
75,C5,90,-1.943,S2M
75,C5,91,-0.966,S2M
75,C5,92,-1.455,S2M
75,C5,93,-1.943,S2M
75,C5,94,-2.431,S2M
75,C5,95,-1.943,S2M
75,C5,96,-1.943,S2M
75,C5,97,-2.920,S2M
75,C5,98,-3.896,S2M
75,C5,99,-5.361,S2M
75,C5,100,-5.849,S2M
75,C5,101,-5.361,S2M
75,C5,102,-4.384,S2M
75,C5,103,-3.408,S2M
75,C5,104,-3.408,S2M
75,C5,105,-3.408,S2M
75,C5,106,-2.920,S2M
75,C5,107,-2.431,S2M
75,C5,108,-1.943,S2M
75,C5,109,-1.455,S2M
75,C5,110,-0.966,S2M
75,C5,111,0.498,S2M
75,C5,112,1.475,S2M
75,C5,113,1.963,S2M
75,C5,114,1.963,S2M
75,C5,115,1.963,S2M
75,C5,116,1.963,S2M
75,C5,117,2.940,S2M
75,C5,118,3.428,S2M
75,C5,119,2.940,S2M
75,C5,120,1.475,S2M
75,C5,121,-0.478,S2M
75,C5,122,-1.455,S2M
75,C5,123,-0.966,S2M
75,C5,124,0.498,S2M
75,C5,125,1.475,S2M
75,C5,126,1.475,S2M
75,C5,127,0.987,S2M
75,C5,128,0.498,S2M
75,C5,129,0.498,S2M
75,C5,130,0.987,S2M
75,C5,131,2.452,S2M
75,C5,132,3.428,S2M
75,C5,133,4.405,S2M
75,C5,134,5.381,S2M
75,C5,135,6.358,S2M
75,C5,136,7.334,S2M
75,C5,137,7.823,S2M
75,C5,138,7.823,S2M
75,C5,139,5.870,S2M
75,C5,140,3.916,S2M
75,C5,141,2.940,S2M
75,C5,142,2.452,S2M
75,C5,143,3.916,S2M
75,C5,144,5.381,S2M
75,C5,145,6.358,S2M
75,C5,146,5.870,S2M
75,C5,147,3.916,S2M
75,C5,148,1.963,S2M
75,C5,149,0.987,S2M
75,C5,150,0.987,S2M
75,C5,151,2.452,S2M
75,C5,152,3.428,S2M
75,C5,153,3.916,S2M
75,C5,154,2.452,S2M
75,C5,155,0.010,S2M
75,C5,156,-2.920,S2M
75,C5,157,-4.873,S2M
75,C5,158,-5.849,S2M
75,C5,159,-5.849,S2M
75,C5,160,-5.361,S2M
75,C5,161,-4.384,S2M
75,C5,162,-3.408,S2M
75,C5,163,-3.408,S2M
75,C5,164,-3.896,S2M
75,C5,165,-4.384,S2M
75,C5,166,-4.873,S2M
75,C5,167,-4.384,S2M
75,C5,168,-3.408,S2M
75,C5,169,-1.943,S2M
75,C5,170,-1.455,S2M
75,C5,171,-0.966,S2M
75,C5,172,-0.478,S2M
75,C5,173,-0.478,S2M
75,C5,174,-1.455,S2M
75,C5,175,-2.431,S2M
75,C5,176,-3.896,S2M
75,C5,177,-4.384,S2M
75,C5,178,-4.873,S2M
75,C5,179,-4.873,S2M
75,C5,180,-4.384,S2M
75,C5,181,-3.896,S2M
75,C5,182,-3.408,S2M
75,C5,183,-2.431,S2M
75,C5,184,-2.431,S2M
75,C5,185,-3.408,S2M
75,C5,186,-5.361,S2M
75,C5,187,-6.826,S2M
75,C5,188,-7.314,S2M
75,C5,189,-5.849,S2M
75,C5,190,-4.384,S2M
75,C5,191,-3.408,S2M
75,C5,192,-3.896,S2M
75,C5,193,-5.361,S2M
75,C5,194,-6.337,S2M
75,C5,195,-6.337,S2M
75,C5,196,-5.361,S2M
75,C5,197,-4.384,S2M
75,C5,198,-4.384,S2M
75,C5,199,-5.361,S2M
75,C5,200,-5.361,S2M
75,C5,201,-4.384,S2M
75,C5,202,-2.920,S2M
75,C5,203,-1.455,S2M
75,C5,204,-0.966,S2M
75,C5,205,-0.966,S2M
75,C5,206,-1.455,S2M
75,C5,207,-2.431,S2M
75,C5,208,-2.920,S2M
75,C5,209,-3.408,S2M
75,C5,210,-3.408,S2M
75,C5,211,-2.920,S2M
75,C5,212,-2.431,S2M
75,C5,213,-2.431,S2M
75,C5,214,-2.920,S2M
75,C5,215,-3.408,S2M
75,C5,216,-3.896,S2M
75,C5,217,-3.896,S2M
75,C5,218,-3.896,S2M
75,C5,219,-2.920,S2M
75,C5,220,-1.455,S2M
75,C5,221,0.498,S2M
75,C5,222,2.940,S2M
75,C5,223,4.405,S2M
75,C5,224,4.405,S2M
75,C5,225,2.940,S2M
75,C5,226,1.475,S2M
75,C5,227,0.498,S2M
75,C5,228,0.498,S2M
75,C5,229,1.475,S2M
75,C5,230,2.452,S2M
75,C5,231,4.405,S2M
75,C5,232,6.358,S2M
75,C5,233,6.846,S2M
75,C5,234,6.358,S2M
75,C5,235,4.405,S2M
75,C5,236,2.452,S2M
75,C5,237,2.940,S2M
75,C5,238,4.405,S2M
75,C5,239,5.381,S2M
75,C5,240,4.405,S2M
75,C5,241,1.963,S2M
75,C5,242,-0.966,S2M
75,C5,243,-1.943,S2M
75,C5,244,-1.943,S2M
75,C5,245,-1.943,S2M
75,C5,246,-3.408,S2M
75,C5,247,-5.361,S2M
75,C5,248,-6.337,S2M
75,C5,249,-6.337,S2M
75,C5,250,-5.361,S2M
75,C5,251,-3.408,S2M
75,C5,252,-1.455,S2M
75,C5,253,0.010,S2M
75,C5,254,2.452,S2M
75,C5,255,3.916,S2M
75,F2,0,-5.005,S2M
75,F2,1,-4.028,S2M
75,F2,2,-3.540,S2M
75,F2,3,-2.563,S2M
75,F2,4,-2.075,S2M
75,F2,5,-2.075,S2M
75,F2,6,-1.587,S2M
75,F2,7,-2.075,S2M
75,F2,8,-2.563,S2M
75,F2,9,-4.028,S2M
75,F2,10,-5.005,S2M
75,F2,11,-5.981,S2M
75,F2,12,-5.493,S2M
75,F2,13,-3.540,S2M
75,F2,14,-1.099,S2M
75,F2,15,0.366,S2M
75,F2,16,0.366,S2M
75,F2,17,-0.610,S2M
75,F2,18,-1.587,S2M
75,F2,19,-2.075,S2M
75,F2,20,-2.563,S2M
75,F2,21,-2.563,S2M
75,F2,22,-1.587,S2M
75,F2,23,0.366,S2M
75,F2,24,2.319,S2M
75,F2,25,3.296,S2M
75,F2,26,3.296,S2M
75,F2,27,2.319,S2M
75,F2,28,1.343,S2M
75,F2,29,1.343,S2M
75,F2,30,1.343,S2M
75,F2,31,0.854,S2M
75,F2,32,0.366,S2M
75,F2,33,0.854,S2M
75,F2,34,1.831,S2M
75,F2,35,3.296,S2M
75,F2,36,4.272,S2M
75,F2,37,3.784,S2M
75,F2,38,2.319,S2M
75,F2,39,1.343,S2M
75,F2,40,1.343,S2M
75,F2,41,1.343,S2M
75,F2,42,1.831,S2M
75,F2,43,1.831,S2M
75,F2,44,1.343,S2M
75,F2,45,0.366,S2M
75,F2,46,-1.099,S2M
75,F2,47,-2.075,S2M
75,F2,48,-3.052,S2M
75,F2,49,-3.052,S2M
75,F2,50,-3.052,S2M
75,F2,51,-3.052,S2M
75,F2,52,-2.075,S2M
75,F2,53,-1.587,S2M
75,F2,54,-1.099,S2M
75,F2,55,-0.610,S2M
75,F2,56,-0.122,S2M
75,F2,57,-0.122,S2M
75,F2,58,-0.122,S2M
75,F2,59,-0.122,S2M
75,F2,60,0.366,S2M
75,F2,61,0.366,S2M
75,F2,62,-1.099,S2M
75,F2,63,-3.052,S2M
75,F2,64,-4.517,S2M
75,F2,65,-4.028,S2M
75,F2,66,-3.052,S2M
75,F2,67,-2.075,S2M
75,F2,68,-3.052,S2M
75,F2,69,-4.028,S2M
75,F2,70,-3.540,S2M
75,F2,71,-1.587,S2M
75,F2,72,0.854,S2M
75,F2,73,2.319,S2M
75,F2,74,2.319,S2M
75,F2,75,1.343,S2M
75,F2,76,0.366,S2M
75,F2,77,-0.122,S2M
75,F2,78,-0.610,S2M
75,F2,79,-2.075,S2M
75,F2,80,-3.540,S2M
75,F2,81,-4.517,S2M
75,F2,82,-4.517,S2M
75,F2,83,-3.540,S2M
75,F2,84,-3.052,S2M
75,F2,85,-3.052,S2M
75,F2,86,-3.052,S2M
75,F2,87,-3.540,S2M
75,F2,88,-4.517,S2M
75,F2,89,-5.493,S2M
75,F2,90,-7.446,S2M
75,F2,91,-8.423,S2M
75,F2,92,-9.399,S2M
75,F2,93,-8.423,S2M
75,F2,94,-6.470,S2M
75,F2,95,-4.028,S2M
75,F2,96,-3.052,S2M
75,F2,97,-3.540,S2M
75,F2,98,-5.005,S2M
75,F2,99,-5.981,S2M
75,F2,100,-6.958,S2M
75,F2,101,-5.981,S2M
75,F2,102,-4.517,S2M
75,F2,103,-2.563,S2M
75,F2,104,-2.075,S2M
75,F2,105,-2.075,S2M
75,F2,106,-1.587,S2M
75,F2,107,-1.587,S2M
75,F2,108,-1.587,S2M
75,F2,109,-2.075,S2M
75,F2,110,-1.587,S2M
75,F2,111,-0.610,S2M
75,F2,112,0.366,S2M
75,F2,113,0.854,S2M
75,F2,114,0.854,S2M
75,F2,115,-0.122,S2M
75,F2,116,-0.610,S2M
75,F2,117,-1.099,S2M
75,F2,118,-0.122,S2M
75,F2,119,-0.122,S2M
75,F2,120,-0.610,S2M
75,F2,121,-1.587,S2M
75,F2,122,-1.099,S2M
75,F2,123,0.366,S2M
75,F2,124,2.319,S2M
75,F2,125,2.808,S2M
75,F2,126,2.319,S2M
75,F2,127,1.343,S2M
75,F2,128,1.343,S2M
75,F2,129,0.854,S2M
75,F2,130,-0.122,S2M
75,F2,131,-2.075,S2M
75,F2,132,-3.052,S2M
75,F2,133,-2.563,S2M
75,F2,134,-1.099,S2M
75,F2,135,0.366,S2M
75,F2,136,1.343,S2M
75,F2,137,1.831,S2M
75,F2,138,1.831,S2M
75,F2,139,1.343,S2M
75,F2,140,0.366,S2M
75,F2,141,-0.122,S2M
75,F2,142,-0.610,S2M
75,F2,143,-0.610,S2M
75,F2,144,-0.610,S2M
75,F2,145,-0.122,S2M
75,F2,146,0.854,S2M
75,F2,147,2.319,S2M
75,F2,148,3.784,S2M
75,F2,149,4.272,S2M
75,F2,150,3.296,S2M
75,F2,151,1.831,S2M
75,F2,152,0.366,S2M
75,F2,153,-0.122,S2M
75,F2,154,-0.122,S2M
75,F2,155,-0.122,S2M
75,F2,156,-1.099,S2M
75,F2,157,-2.075,S2M
75,F2,158,-3.052,S2M
75,F2,159,-3.052,S2M
75,F2,160,-2.075,S2M
75,F2,161,-0.610,S2M
75,F2,162,1.343,S2M
75,F2,163,1.831,S2M
75,F2,164,1.831,S2M
75,F2,165,0.366,S2M
75,F2,166,-0.610,S2M
75,F2,167,-1.099,S2M
75,F2,168,-1.099,S2M
75,F2,169,-0.122,S2M
75,F2,170,1.343,S2M
75,F2,171,1.831,S2M
75,F2,172,2.808,S2M
75,F2,173,3.784,S2M
75,F2,174,3.784,S2M
75,F2,175,2.808,S2M
75,F2,176,1.343,S2M
75,F2,177,-0.122,S2M
75,F2,178,-2.075,S2M
75,F2,179,-2.563,S2M
75,F2,180,-3.052,S2M
75,F2,181,-2.563,S2M
75,F2,182,-1.587,S2M
75,F2,183,-1.099,S2M
75,F2,184,-0.122,S2M
75,F2,185,0.854,S2M
75,F2,186,0.854,S2M
75,F2,187,-0.610,S2M
75,F2,188,-2.563,S2M
75,F2,189,-4.028,S2M
75,F2,190,-4.517,S2M
75,F2,191,-3.540,S2M
75,F2,192,-3.052,S2M
75,F2,193,-3.540,S2M
75,F2,194,-4.517,S2M
75,F2,195,-4.517,S2M
75,F2,196,-3.540,S2M
75,F2,197,-2.075,S2M
75,F2,198,-1.587,S2M
75,F2,199,-2.563,S2M
75,F2,200,-3.052,S2M
75,F2,201,-4.517,S2M
75,F2,202,-4.517,S2M
75,F2,203,-3.540,S2M
75,F2,204,-1.587,S2M
75,F2,205,0.366,S2M
75,F2,206,0.854,S2M
75,F2,207,0.366,S2M
75,F2,208,0.366,S2M
75,F2,209,0.366,S2M
75,F2,210,1.831,S2M
75,F2,211,2.808,S2M
75,F2,212,3.296,S2M
75,F2,213,2.808,S2M
75,F2,214,0.854,S2M
75,F2,215,-0.122,S2M
75,F2,216,-0.610,S2M
75,F2,217,-0.122,S2M
75,F2,218,-0.610,S2M
75,F2,219,-1.587,S2M
75,F2,220,-4.517,S2M
75,F2,221,-5.493,S2M
75,F2,222,-5.493,S2M
75,F2,223,-3.540,S2M
75,F2,224,-2.075,S2M
75,F2,225,-2.075,S2M
75,F2,226,-2.075,S2M
75,F2,227,-2.563,S2M
75,F2,228,-2.075,S2M
75,F2,229,-0.610,S2M
75,F2,230,0.366,S2M
75,F2,231,1.831,S2M
75,F2,232,2.808,S2M
75,F2,233,2.808,S2M
75,F2,234,2.808,S2M
75,F2,235,3.296,S2M
75,F2,236,4.272,S2M
75,F2,237,5.737,S2M
75,F2,238,6.226,S2M
75,F2,239,6.226,S2M
75,F2,240,5.249,S2M
75,F2,241,4.761,S2M
75,F2,242,4.761,S2M
75,F2,243,4.761,S2M
75,F2,244,4.272,S2M
75,F2,245,2.808,S2M
75,F2,246,2.319,S2M
75,F2,247,2.808,S2M
75,F2,248,4.272,S2M
75,F2,249,5.737,S2M
75,F2,250,5.249,S2M
75,F2,251,3.784,S2M
75,F2,252,2.319,S2M
75,F2,253,1.831,S2M
75,F2,254,1.343,S2M
75,F2,255,0.854,S2M
75,F1,0,-4.191,S2M
75,F1,1,-4.191,S2M
75,F1,2,-3.703,S2M
75,F1,3,-2.726,S2M
75,F1,4,-2.238,S2M
75,F1,5,-1.261,S2M
75,F1,6,0.203,S2M
75,F1,7,0.692,S2M
75,F1,8,0.692,S2M
75,F1,9,-0.773,S2M
75,F1,10,-2.238,S2M
75,F1,11,-3.703,S2M
75,F1,12,-2.726,S2M
75,F1,13,-0.773,S2M
75,F1,14,1.668,S2M
75,F1,15,3.133,S2M
75,F1,16,3.133,S2M
75,F1,17,2.157,S2M
75,F1,18,0.692,S2M
75,F1,19,-0.773,S2M
75,F1,20,-2.726,S2M
75,F1,21,-3.215,S2M
75,F1,22,-2.726,S2M
75,F1,23,-1.261,S2M
75,F1,24,0.692,S2M
75,F1,25,1.668,S2M
75,F1,26,2.157,S2M
75,F1,27,0.692,S2M
75,F1,28,-0.773,S2M
75,F1,29,-2.238,S2M
75,F1,30,-2.726,S2M
75,F1,31,-2.726,S2M
75,F1,32,-1.750,S2M
75,F1,33,-1.261,S2M
75,F1,34,-0.285,S2M
75,F1,35,0.692,S2M
75,F1,36,1.668,S2M
75,F1,37,1.668,S2M
75,F1,38,1.180,S2M
75,F1,39,0.203,S2M
75,F1,40,-0.773,S2M
75,F1,41,-1.261,S2M
75,F1,42,-1.261,S2M
75,F1,43,-0.773,S2M
75,F1,44,-0.285,S2M
75,F1,45,-0.285,S2M
75,F1,46,-0.773,S2M
75,F1,47,-1.750,S2M
75,F1,48,-2.238,S2M
75,F1,49,-2.726,S2M
75,F1,50,-2.726,S2M
75,F1,51,-2.726,S2M
75,F1,52,-2.238,S2M
75,F1,53,-1.261,S2M
75,F1,54,-0.773,S2M
75,F1,55,0.692,S2M
75,F1,56,0.692,S2M
75,F1,57,0.203,S2M
75,F1,58,-0.285,S2M
75,F1,59,-0.285,S2M
75,F1,60,0.203,S2M
75,F1,61,0.692,S2M
75,F1,62,0.692,S2M
75,F1,63,-0.285,S2M
75,F1,64,-1.261,S2M
75,F1,65,-2.238,S2M
75,F1,66,-2.238,S2M
75,F1,67,-2.238,S2M
75,F1,68,-2.238,S2M
75,F1,69,-2.238,S2M
75,F1,70,-2.238,S2M
75,F1,71,-1.750,S2M
75,F1,72,-0.285,S2M
75,F1,73,1.180,S2M
75,F1,74,1.668,S2M
75,F1,75,1.668,S2M
75,F1,76,0.692,S2M
75,F1,77,-0.285,S2M
75,F1,78,-1.261,S2M
75,F1,79,-2.238,S2M
75,F1,80,-2.238,S2M
75,F1,81,-2.238,S2M
75,F1,82,-2.238,S2M
75,F1,83,-1.261,S2M
75,F1,84,-1.261,S2M
75,F1,85,-1.261,S2M
75,F1,86,-1.750,S2M
75,F1,87,-2.238,S2M
75,F1,88,-3.215,S2M
75,F1,89,-4.191,S2M
75,F1,90,-5.168,S2M
75,F1,91,-6.632,S2M
75,F1,92,-7.121,S2M
75,F1,93,-6.144,S2M
75,F1,94,-4.679,S2M
75,F1,95,-2.726,S2M
75,F1,96,-1.261,S2M
75,F1,97,-1.750,S2M
75,F1,98,-3.215,S2M
75,F1,99,-5.168,S2M
75,F1,100,-6.632,S2M
75,F1,101,-6.632,S2M
75,F1,102,-5.656,S2M
75,F1,103,-4.191,S2M
75,F1,104,-2.238,S2M
75,F1,105,-1.261,S2M
75,F1,106,-1.261,S2M
75,F1,107,-1.261,S2M
75,F1,108,-1.261,S2M
75,F1,109,-1.261,S2M
75,F1,110,-1.261,S2M
75,F1,111,-1.261,S2M
75,F1,112,-0.285,S2M
75,F1,113,0.203,S2M
75,F1,114,0.203,S2M
75,F1,115,0.692,S2M
75,F1,116,0.692,S2M
75,F1,117,0.692,S2M
75,F1,118,0.692,S2M
75,F1,119,0.692,S2M
75,F1,120,0.203,S2M
75,F1,121,-0.285,S2M
75,F1,122,-0.285,S2M
75,F1,123,0.692,S2M
75,F1,124,1.668,S2M
75,F1,125,2.645,S2M
75,F1,126,3.621,S2M
75,F1,127,3.621,S2M
75,F1,128,3.133,S2M
75,F1,129,2.645,S2M
75,F1,130,1.180,S2M
75,F1,131,0.203,S2M
75,F1,132,-0.773,S2M
75,F1,133,-0.285,S2M
75,F1,134,0.203,S2M
75,F1,135,2.157,S2M
75,F1,136,3.621,S2M
75,F1,137,4.110,S2M
75,F1,138,4.110,S2M
75,F1,139,3.621,S2M
75,F1,140,2.645,S2M
75,F1,141,1.668,S2M
75,F1,142,1.180,S2M
75,F1,143,1.180,S2M
75,F1,144,2.157,S2M
75,F1,145,2.645,S2M
75,F1,146,3.133,S2M
75,F1,147,3.621,S2M
75,F1,148,3.621,S2M
75,F1,149,4.110,S2M
75,F1,150,4.598,S2M
75,F1,151,4.110,S2M
75,F1,152,3.621,S2M
75,F1,153,2.645,S2M
75,F1,154,2.645,S2M
75,F1,155,1.668,S2M
75,F1,156,0.692,S2M
75,F1,157,-1.261,S2M
75,F1,158,-2.238,S2M
75,F1,159,-2.726,S2M
75,F1,160,-2.238,S2M
75,F1,161,-0.285,S2M
75,F1,162,0.692,S2M
75,F1,163,1.180,S2M
75,F1,164,0.203,S2M
75,F1,165,-0.773,S2M
75,F1,166,-0.773,S2M
75,F1,167,-0.285,S2M
75,F1,168,0.692,S2M
75,F1,169,2.157,S2M
75,F1,170,2.645,S2M
75,F1,171,3.133,S2M
75,F1,172,3.133,S2M
75,F1,173,3.621,S2M
75,F1,174,3.621,S2M
75,F1,175,2.645,S2M
75,F1,176,1.668,S2M
75,F1,177,0.692,S2M
75,F1,178,-0.773,S2M
75,F1,179,-1.261,S2M
75,F1,180,-1.261,S2M
75,F1,181,-1.261,S2M
75,F1,182,-1.261,S2M
75,F1,183,-0.773,S2M
75,F1,184,-0.773,S2M
75,F1,185,-0.773,S2M
75,F1,186,-0.773,S2M
75,F1,187,-1.261,S2M
75,F1,188,-2.238,S2M
75,F1,189,-3.215,S2M
75,F1,190,-3.703,S2M
75,F1,191,-3.215,S2M
75,F1,192,-3.215,S2M
75,F1,193,-3.215,S2M
75,F1,194,-3.703,S2M
75,F1,195,-4.191,S2M
75,F1,196,-4.191,S2M
75,F1,197,-3.215,S2M
75,F1,198,-2.726,S2M
75,F1,199,-2.238,S2M
75,F1,200,-2.726,S2M
75,F1,201,-3.215,S2M
75,F1,202,-3.215,S2M
75,F1,203,-3.215,S2M
75,F1,204,-2.238,S2M
75,F1,205,-0.773,S2M
75,F1,206,0.203,S2M
75,F1,207,0.203,S2M
75,F1,208,0.203,S2M
75,F1,209,0.692,S2M
75,F1,210,1.668,S2M
75,F1,211,2.645,S2M
75,F1,212,3.621,S2M
75,F1,213,3.621,S2M
75,F1,214,2.645,S2M
75,F1,215,1.180,S2M
75,F1,216,0.203,S2M
75,F1,217,0.692,S2M
75,F1,218,0.692,S2M
75,F1,219,0.692,S2M
75,F1,220,-0.285,S2M
75,F1,221,-1.261,S2M
75,F1,222,-1.261,S2M
75,F1,223,-0.773,S2M
75,F1,224,0.203,S2M
75,F1,225,0.692,S2M
75,F1,226,0.692,S2M
75,F1,227,-0.285,S2M
75,F1,228,-0.285,S2M
75,F1,229,0.203,S2M
75,F1,230,1.668,S2M
75,F1,231,2.645,S2M
75,F1,232,3.621,S2M
75,F1,233,4.110,S2M
75,F1,234,4.110,S2M
75,F1,235,4.110,S2M
75,F1,236,4.110,S2M
75,F1,237,5.086,S2M
75,F1,238,6.063,S2M
75,F1,239,6.551,S2M
75,F1,240,6.551,S2M
75,F1,241,6.063,S2M
75,F1,242,6.063,S2M
75,F1,243,5.086,S2M
75,F1,244,3.621,S2M
75,F1,245,1.668,S2M
75,F1,246,0.692,S2M
75,F1,247,1.180,S2M
75,F1,248,2.157,S2M
75,F1,249,3.621,S2M
75,F1,250,5.086,S2M
75,F1,251,5.086,S2M
75,F1,252,4.598,S2M
75,F1,253,3.621,S2M
75,F1,254,2.645,S2M
75,F1,255,1.180,S2M
75,TP8,0,14.048,S2M
75,TP8,1,9.654,S2M
75,TP8,2,1.841,S2M
75,TP8,3,-4.018,S2M
75,TP8,4,-4.995,S2M
75,TP8,5,-1.577,S2M
75,TP8,6,0.376,S2M
75,TP8,7,-2.553,S2M
75,TP8,8,-10.366,S2M
75,TP8,9,-17.690,S2M
75,TP8,10,-19.155,S2M
75,TP8,11,-13.295,S2M
75,TP8,12,-3.530,S2M
75,TP8,13,4.771,S2M
75,TP8,14,7.212,S2M
75,TP8,15,3.794,S2M
75,TP8,16,-2.553,S2M
75,TP8,17,-6.460,S2M
75,TP8,18,-5.971,S2M
75,TP8,19,-1.577,S2M
75,TP8,20,2.818,S2M
75,TP8,21,3.794,S2M
75,TP8,22,0.376,S2M
75,TP8,23,-4.506,S2M
75,TP8,24,-6.948,S2M
75,TP8,25,-4.995,S2M
75,TP8,26,1.841,S2M
75,TP8,27,9.165,S2M
75,TP8,28,13.560,S2M
75,TP8,29,12.095,S2M
75,TP8,30,6.724,S2M
75,TP8,31,1.353,S2M
75,TP8,32,-1.577,S2M
75,TP8,33,-0.600,S2M
75,TP8,34,2.818,S2M
75,TP8,35,4.771,S2M
75,TP8,36,4.283,S2M
75,TP8,37,0.865,S2M
75,TP8,38,-3.042,S2M
75,TP8,39,-5.483,S2M
75,TP8,40,-5.971,S2M
75,TP8,41,-4.995,S2M
75,TP8,42,-3.042,S2M
75,TP8,43,-3.530,S2M
75,TP8,44,-5.483,S2M
75,TP8,45,-8.413,S2M
75,TP8,46,-11.342,S2M
75,TP8,47,-12.319,S2M
75,TP8,48,-11.831,S2M
75,TP8,49,-10.366,S2M
75,TP8,50,-9.878,S2M
75,TP8,51,-11.342,S2M
75,TP8,52,-13.784,S2M
75,TP8,53,-15.737,S2M
75,TP8,54,-14.272,S2M
75,TP8,55,-9.389,S2M
75,TP8,56,-3.530,S2M
75,TP8,57,0.865,S2M
75,TP8,58,0.376,S2M
75,TP8,59,-3.530,S2M
75,TP8,60,-7.924,S2M
75,TP8,61,-10.854,S2M
75,TP8,62,-10.854,S2M
75,TP8,63,-10.854,S2M
75,TP8,64,-13.295,S2M
75,TP8,65,-16.713,S2M
75,TP8,66,-19.643,S2M
75,TP8,67,-19.643,S2M
75,TP8,68,-15.737,S2M
75,TP8,69,-11.831,S2M
75,TP8,70,-10.854,S2M
75,TP8,71,-11.831,S2M
75,TP8,72,-12.807,S2M
75,TP8,73,-11.831,S2M
75,TP8,74,-8.901,S2M
75,TP8,75,-7.436,S2M
75,TP8,76,-10.366,S2M
75,TP8,77,-15.737,S2M
75,TP8,78,-18.667,S2M
75,TP8,79,-16.225,S2M
75,TP8,80,-10.854,S2M
75,TP8,81,-7.924,S2M
75,TP8,82,-11.342,S2M
75,TP8,83,-19.643,S2M
75,TP8,84,-25.991,S2M
75,TP8,85,-25.991,S2M
75,TP8,86,-19.643,S2M
75,TP8,87,-12.807,S2M
75,TP8,88,-12.807,S2M
75,TP8,89,-19.643,S2M
75,TP8,90,-27.944,S2M
75,TP8,91,-29.409,S2M
75,TP8,92,-21.108,S2M
75,TP8,93,-8.413,S2M
75,TP8,94,0.865,S2M
75,TP8,95,0.865,S2M
75,TP8,96,-7.436,S2M
75,TP8,97,-15.737,S2M
75,TP8,98,-17.202,S2M
75,TP8,99,-11.342,S2M
75,TP8,100,-4.018,S2M
75,TP8,101,-0.112,S2M
75,TP8,102,-4.018,S2M
75,TP8,103,-11.342,S2M
75,TP8,104,-17.202,S2M
75,TP8,105,-17.202,S2M
75,TP8,106,-12.319,S2M
75,TP8,107,-7.436,S2M
75,TP8,108,-5.971,S2M
75,TP8,109,-8.413,S2M
75,TP8,110,-11.342,S2M
75,TP8,111,-11.831,S2M
75,TP8,112,-7.924,S2M
75,TP8,113,-3.042,S2M
75,TP8,114,0.376,S2M
75,TP8,115,0.376,S2M
75,TP8,116,-2.065,S2M
75,TP8,117,-5.483,S2M
75,TP8,118,-7.924,S2M
75,TP8,119,-8.901,S2M
75,TP8,120,-9.389,S2M
75,TP8,121,-8.413,S2M
75,TP8,122,-6.460,S2M
75,TP8,123,-4.018,S2M
75,TP8,124,-3.042,S2M
75,TP8,125,-4.018,S2M
75,TP8,126,-6.948,S2M
75,TP8,127,-9.878,S2M
75,TP8,128,-12.319,S2M
75,TP8,129,-12.807,S2M
75,TP8,130,-12.319,S2M
75,TP8,131,-11.831,S2M
75,TP8,132,-10.854,S2M
75,TP8,133,-9.389,S2M
75,TP8,134,-6.460,S2M
75,TP8,135,-3.042,S2M
75,TP8,136,-1.577,S2M
75,TP8,137,-2.065,S2M
75,TP8,138,-4.018,S2M
75,TP8,139,-5.971,S2M
75,TP8,140,-6.460,S2M
75,TP8,141,-6.948,S2M
75,TP8,142,-7.436,S2M
75,TP8,143,-9.878,S2M
75,TP8,144,-12.807,S2M
75,TP8,145,-14.760,S2M
75,TP8,146,-14.760,S2M
75,TP8,147,-14.272,S2M
75,TP8,148,-12.807,S2M
75,TP8,149,-10.854,S2M
75,TP8,150,-8.901,S2M
75,TP8,151,-5.971,S2M
75,TP8,152,-2.553,S2M
75,TP8,153,-1.577,S2M
75,TP8,154,-3.530,S2M
75,TP8,155,-7.924,S2M
75,TP8,156,-11.831,S2M
75,TP8,157,-14.272,S2M
75,TP8,158,-12.807,S2M
75,TP8,159,-9.878,S2M
75,TP8,160,-5.971,S2M
75,TP8,161,-4.018,S2M
75,TP8,162,-4.506,S2M
75,TP8,163,-7.924,S2M
75,TP8,164,-12.319,S2M
75,TP8,165,-16.713,S2M
75,TP8,166,-17.202,S2M
75,TP8,167,-13.784,S2M
75,TP8,168,-7.924,S2M
75,TP8,169,-2.553,S2M
75,TP8,170,-1.577,S2M
75,TP8,171,-5.483,S2M
75,TP8,172,-11.342,S2M
75,TP8,173,-14.272,S2M
75,TP8,174,-12.319,S2M
75,TP8,175,-5.971,S2M
75,TP8,176,-1.088,S2M
75,TP8,177,-1.088,S2M
75,TP8,178,-5.971,S2M
75,TP8,179,-11.831,S2M
75,TP8,180,-13.295,S2M
75,TP8,181,-9.389,S2M
75,TP8,182,-3.042,S2M
75,TP8,183,-0.112,S2M
75,TP8,184,-2.065,S2M
75,TP8,185,-8.413,S2M
75,TP8,186,-15.737,S2M
75,TP8,187,-19.643,S2M
75,TP8,188,-18.178,S2M
75,TP8,189,-11.831,S2M
75,TP8,190,-4.018,S2M
75,TP8,191,1.841,S2M
75,TP8,192,2.330,S2M
75,TP8,193,-2.065,S2M
75,TP8,194,-7.924,S2M
75,TP8,195,-10.366,S2M
75,TP8,196,-8.901,S2M
75,TP8,197,-4.506,S2M
75,TP8,198,-3.042,S2M
75,TP8,199,-5.971,S2M
75,TP8,200,-12.807,S2M
75,TP8,201,-18.178,S2M
75,TP8,202,-17.690,S2M
75,TP8,203,-10.366,S2M
75,TP8,204,-0.112,S2M
75,TP8,205,7.212,S2M
75,TP8,206,8.677,S2M
75,TP8,207,4.283,S2M
75,TP8,208,-2.553,S2M
75,TP8,209,-7.924,S2M
75,TP8,210,-10.366,S2M
75,TP8,211,-9.389,S2M
75,TP8,212,-7.924,S2M
75,TP8,213,-7.436,S2M
75,TP8,214,-9.878,S2M
75,TP8,215,-14.272,S2M
75,TP8,216,-18.667,S2M
75,TP8,217,-21.108,S2M
75,TP8,218,-19.155,S2M
75,TP8,219,-13.784,S2M
75,TP8,220,-6.460,S2M
75,TP8,221,-0.112,S2M
75,TP8,222,2.330,S2M
75,TP8,223,1.841,S2M
75,TP8,224,-1.088,S2M
75,TP8,225,-4.018,S2M
75,TP8,226,-5.483,S2M
75,TP8,227,-4.995,S2M
75,TP8,228,-4.018,S2M
75,TP8,229,-2.065,S2M
75,TP8,230,0.376,S2M
75,TP8,231,3.794,S2M
75,TP8,232,7.212,S2M
75,TP8,233,10.142,S2M
75,TP8,234,11.119,S2M
75,TP8,235,9.654,S2M
75,TP8,236,5.747,S2M
75,TP8,237,1.353,S2M
75,TP8,238,-3.530,S2M
75,TP8,239,-6.948,S2M
75,TP8,240,-8.413,S2M
75,TP8,241,-7.924,S2M
75,TP8,242,-5.483,S2M
75,TP8,243,-2.553,S2M
75,TP8,244,0.376,S2M
75,TP8,245,2.330,S2M
75,TP8,246,2.818,S2M
75,TP8,247,2.818,S2M
75,TP8,248,0.865,S2M
75,TP8,249,-2.553,S2M
75,TP8,250,-6.460,S2M
75,TP8,251,-10.854,S2M
75,TP8,252,-12.807,S2M
75,TP8,253,-10.854,S2M
75,TP8,254,-6.460,S2M
75,TP8,255,-1.088,S2M
75,TP7,0,1.709,S2M
75,TP7,1,-3.662,S2M
75,TP7,2,-4.639,S2M
75,TP7,3,-0.244,S2M
75,TP7,4,6.592,S2M
75,TP7,5,10.986,S2M
75,TP7,6,9.521,S2M
75,TP7,7,4.150,S2M
75,TP7,8,-0.732,S2M
75,TP7,9,-2.686,S2M
75,TP7,10,-2.197,S2M
75,TP7,11,-1.221,S2M
75,TP7,12,-1.709,S2M
75,TP7,13,-2.686,S2M
75,TP7,14,-2.197,S2M
75,TP7,15,-0.244,S2M
75,TP7,16,1.709,S2M
75,TP7,17,1.709,S2M
75,TP7,18,-0.732,S2M
75,TP7,19,-2.686,S2M
75,TP7,20,-1.221,S2M
75,TP7,21,2.686,S2M
75,TP7,22,8.057,S2M
75,TP7,23,10.010,S2M
75,TP7,24,7.568,S2M
75,TP7,25,2.686,S2M
75,TP7,26,-1.221,S2M
75,TP7,27,-0.732,S2M
75,TP7,28,2.686,S2M
75,TP7,29,6.104,S2M
75,TP7,30,5.615,S2M
75,TP7,31,1.221,S2M
75,TP7,32,-4.150,S2M
75,TP7,33,-6.104,S2M
75,TP7,34,-4.150,S2M
75,TP7,35,-2.197,S2M
75,TP7,36,-1.709,S2M
75,TP7,37,-3.662,S2M
75,TP7,38,-6.104,S2M
75,TP7,39,-5.615,S2M
75,TP7,40,-2.686,S2M
75,TP7,41,0.244,S2M
75,TP7,42,-0.244,S2M
75,TP7,43,-4.639,S2M
75,TP7,44,-9.521,S2M
75,TP7,45,-11.963,S2M
75,TP7,46,-10.986,S2M
75,TP7,47,-9.033,S2M
75,TP7,48,-9.521,S2M
75,TP7,49,-12.939,S2M
75,TP7,50,-16.357,S2M
75,TP7,51,-17.334,S2M
75,TP7,52,-14.893,S2M
75,TP7,53,-11.963,S2M
75,TP7,54,-9.033,S2M
75,TP7,55,-6.104,S2M
75,TP7,56,-2.686,S2M
75,TP7,57,2.197,S2M
75,TP7,58,6.104,S2M
75,TP7,59,7.080,S2M
75,TP7,60,3.662,S2M
75,TP7,61,-2.686,S2M
75,TP7,62,-7.080,S2M
75,TP7,63,-7.568,S2M
75,TP7,64,-5.127,S2M
75,TP7,65,-3.662,S2M
75,TP7,66,-6.104,S2M
75,TP7,67,-10.498,S2M
75,TP7,68,-13.916,S2M
75,TP7,69,-13.916,S2M
75,TP7,70,-10.498,S2M
75,TP7,71,-7.080,S2M
75,TP7,72,-6.104,S2M
75,TP7,73,-7.080,S2M
75,TP7,74,-9.033,S2M
75,TP7,75,-9.521,S2M
75,TP7,76,-10.010,S2M
75,TP7,77,-10.986,S2M
75,TP7,78,-12.451,S2M
75,TP7,79,-13.916,S2M
75,TP7,80,-14.404,S2M
75,TP7,81,-13.916,S2M
75,TP7,82,-13.428,S2M
75,TP7,83,-13.428,S2M
75,TP7,84,-13.428,S2M
75,TP7,85,-12.451,S2M
75,TP7,86,-10.986,S2M
75,TP7,87,-10.498,S2M
75,TP7,88,-11.963,S2M
75,TP7,89,-13.428,S2M
75,TP7,90,-12.451,S2M
75,TP7,91,-8.545,S2M
75,TP7,92,-2.686,S2M
75,TP7,93,0.732,S2M
75,TP7,94,-1.221,S2M
75,TP7,95,-7.080,S2M
75,TP7,96,-12.451,S2M
75,TP7,97,-12.451,S2M
75,TP7,98,-9.033,S2M
75,TP7,99,-5.127,S2M
75,TP7,100,-5.127,S2M
75,TP7,101,-8.545,S2M
75,TP7,102,-11.963,S2M
75,TP7,103,-11.475,S2M
75,TP7,104,-8.057,S2M
75,TP7,105,-5.127,S2M
75,TP7,106,-5.615,S2M
75,TP7,107,-9.033,S2M
75,TP7,108,-12.451,S2M
75,TP7,109,-12.451,S2M
75,TP7,110,-8.057,S2M
75,TP7,111,-3.174,S2M
75,TP7,112,-1.221,S2M
75,TP7,113,-1.221,S2M
75,TP7,114,-2.197,S2M
75,TP7,115,0.244,S2M
75,TP7,116,4.150,S2M
75,TP7,117,7.080,S2M
75,TP7,118,6.592,S2M
75,TP7,119,1.709,S2M
75,TP7,120,-3.662,S2M
75,TP7,121,-7.080,S2M
75,TP7,122,-6.104,S2M
75,TP7,123,-2.197,S2M
75,TP7,124,1.709,S2M
75,TP7,125,2.686,S2M
75,TP7,126,0.732,S2M
75,TP7,127,-2.197,S2M
75,TP7,128,-3.662,S2M
75,TP7,129,-3.662,S2M
75,TP7,130,-1.221,S2M
75,TP7,131,1.709,S2M
75,TP7,132,4.639,S2M
75,TP7,133,6.104,S2M
75,TP7,134,7.080,S2M
75,TP7,135,7.568,S2M
75,TP7,136,7.080,S2M
75,TP7,137,6.592,S2M
75,TP7,138,6.104,S2M
75,TP7,139,6.104,S2M
75,TP7,140,6.592,S2M
75,TP7,141,6.592,S2M
75,TP7,142,6.104,S2M
75,TP7,143,4.150,S2M
75,TP7,144,2.197,S2M
75,TP7,145,0.732,S2M
75,TP7,146,1.221,S2M
75,TP7,147,3.174,S2M
75,TP7,148,4.639,S2M
75,TP7,149,4.639,S2M
75,TP7,150,1.221,S2M
75,TP7,151,-2.197,S2M
75,TP7,152,-5.127,S2M
75,TP7,153,-5.615,S2M
75,TP7,154,-5.127,S2M
75,TP7,155,-5.127,S2M
75,TP7,156,-7.080,S2M
75,TP7,157,-9.521,S2M
75,TP7,158,-10.010,S2M
75,TP7,159,-7.080,S2M
75,TP7,160,-3.174,S2M
75,TP7,161,-1.221,S2M
75,TP7,162,-3.174,S2M
75,TP7,163,-7.568,S2M
75,TP7,164,-10.498,S2M
75,TP7,165,-10.010,S2M
75,TP7,166,-6.592,S2M
75,TP7,167,-3.174,S2M
75,TP7,168,-2.197,S2M
75,TP7,169,-4.150,S2M
75,TP7,170,-9.033,S2M
75,TP7,171,-13.428,S2M
75,TP7,172,-16.357,S2M
75,TP7,173,-15.381,S2M
75,TP7,174,-10.498,S2M
75,TP7,175,-3.174,S2M
75,TP7,176,3.662,S2M
75,TP7,177,6.104,S2M
75,TP7,178,3.174,S2M
75,TP7,179,-3.174,S2M
75,TP7,180,-8.545,S2M
75,TP7,181,-10.010,S2M
75,TP7,182,-6.592,S2M
75,TP7,183,-1.221,S2M
75,TP7,184,1.709,S2M
75,TP7,185,0.732,S2M
75,TP7,186,-3.174,S2M
75,TP7,187,-7.080,S2M
75,TP7,188,-10.010,S2M
75,TP7,189,-11.963,S2M
75,TP7,190,-14.404,S2M
75,TP7,191,-18.311,S2M
75,TP7,192,-20.752,S2M
75,TP7,193,-19.287,S2M
75,TP7,194,-12.451,S2M
75,TP7,195,-2.197,S2M
75,TP7,196,4.639,S2M
75,TP7,197,6.104,S2M
75,TP7,198,1.221,S2M
75,TP7,199,-5.127,S2M
75,TP7,200,-8.057,S2M
75,TP7,201,-5.127,S2M
75,TP7,202,-0.244,S2M
75,TP7,203,3.662,S2M
75,TP7,204,2.686,S2M
75,TP7,205,-2.197,S2M
75,TP7,206,-8.057,S2M
75,TP7,207,-11.475,S2M
75,TP7,208,-11.475,S2M
75,TP7,209,-9.033,S2M
75,TP7,210,-5.127,S2M
75,TP7,211,-2.197,S2M
75,TP7,212,-1.221,S2M
75,TP7,213,-3.174,S2M
75,TP7,214,-7.568,S2M
75,TP7,215,-11.475,S2M
75,TP7,216,-12.451,S2M
75,TP7,217,-9.521,S2M
75,TP7,218,-5.127,S2M
75,TP7,219,-1.709,S2M
75,TP7,220,-0.732,S2M
75,TP7,221,-1.709,S2M
75,TP7,222,-3.174,S2M
75,TP7,223,-3.662,S2M
75,TP7,224,-3.174,S2M
75,TP7,225,-1.221,S2M
75,TP7,226,1.709,S2M
75,TP7,227,4.639,S2M
75,TP7,228,6.592,S2M
75,TP7,229,7.080,S2M
75,TP7,230,5.127,S2M
75,TP7,231,3.662,S2M
75,TP7,232,2.686,S2M
75,TP7,233,4.639,S2M
75,TP7,234,8.057,S2M
75,TP7,235,10.010,S2M
75,TP7,236,8.545,S2M
75,TP7,237,3.662,S2M
75,TP7,238,-2.197,S2M
75,TP7,239,-6.104,S2M
75,TP7,240,-6.104,S2M
75,TP7,241,-2.197,S2M
75,TP7,242,3.174,S2M
75,TP7,243,7.080,S2M
75,TP7,244,6.592,S2M
75,TP7,245,2.197,S2M
75,TP7,246,-5.127,S2M
75,TP7,247,-10.986,S2M
75,TP7,248,-13.428,S2M
75,TP7,249,-12.451,S2M
75,TP7,250,-10.010,S2M
75,TP7,251,-8.545,S2M
75,TP7,252,-7.080,S2M
75,TP7,253,-4.639,S2M
75,TP7,254,-0.244,S2M
75,TP7,255,4.150,S2M
75,AFZ,0,-5.829,S2M
75,AFZ,1,-5.341,S2M
75,AFZ,2,-3.876,S2M
75,AFZ,3,-2.411,S2M
75,AFZ,4,-1.923,S2M
75,AFZ,5,-1.434,S2M
75,AFZ,6,-0.946,S2M
75,AFZ,7,-0.946,S2M
75,AFZ,8,-1.434,S2M
75,AFZ,9,-3.387,S2M
75,AFZ,10,-5.341,S2M
75,AFZ,11,-6.805,S2M
75,AFZ,12,-6.805,S2M
75,AFZ,13,-4.852,S2M
75,AFZ,14,-1.923,S2M
75,AFZ,15,1.007,S2M
75,AFZ,16,1.984,S2M
75,AFZ,17,1.495,S2M
75,AFZ,18,0.031,S2M
75,AFZ,19,-1.434,S2M
75,AFZ,20,-2.411,S2M
75,AFZ,21,-2.899,S2M
75,AFZ,22,-2.411,S2M
75,AFZ,23,-0.946,S2M
75,AFZ,24,1.007,S2M
75,AFZ,25,2.472,S2M
75,AFZ,26,2.960,S2M
75,AFZ,27,1.495,S2M
75,AFZ,28,0.031,S2M
75,AFZ,29,-0.946,S2M
75,AFZ,30,-1.434,S2M
75,AFZ,31,-0.946,S2M
75,AFZ,32,0.031,S2M
75,AFZ,33,0.519,S2M
75,AFZ,34,1.007,S2M
75,AFZ,35,1.984,S2M
75,AFZ,36,2.472,S2M
75,AFZ,37,2.960,S2M
75,AFZ,38,1.984,S2M
75,AFZ,39,1.007,S2M
75,AFZ,40,0.031,S2M
75,AFZ,41,-0.946,S2M
75,AFZ,42,-0.946,S2M
75,AFZ,43,-0.458,S2M
75,AFZ,44,0.031,S2M
75,AFZ,45,-0.458,S2M
75,AFZ,46,-1.923,S2M
75,AFZ,47,-2.899,S2M
75,AFZ,48,-3.876,S2M
75,AFZ,49,-4.364,S2M
75,AFZ,50,-4.364,S2M
75,AFZ,51,-4.364,S2M
75,AFZ,52,-3.876,S2M
75,AFZ,53,-3.387,S2M
75,AFZ,54,-2.899,S2M
75,AFZ,55,-1.434,S2M
75,AFZ,56,-0.946,S2M
75,AFZ,57,-0.458,S2M
75,AFZ,58,-0.458,S2M
75,AFZ,59,-0.946,S2M
75,AFZ,60,-0.946,S2M
75,AFZ,61,-1.434,S2M
75,AFZ,62,-2.411,S2M
75,AFZ,63,-4.364,S2M
75,AFZ,64,-5.341,S2M
75,AFZ,65,-5.829,S2M
75,AFZ,66,-5.341,S2M
75,AFZ,67,-4.852,S2M
75,AFZ,68,-4.852,S2M
75,AFZ,69,-5.341,S2M
75,AFZ,70,-5.341,S2M
75,AFZ,71,-3.876,S2M
75,AFZ,72,-1.923,S2M
75,AFZ,73,-0.458,S2M
75,AFZ,74,0.031,S2M
75,AFZ,75,-0.458,S2M
75,AFZ,76,-1.434,S2M
75,AFZ,77,-2.411,S2M
75,AFZ,78,-3.387,S2M
75,AFZ,79,-4.364,S2M
75,AFZ,80,-4.852,S2M
75,AFZ,81,-5.341,S2M
75,AFZ,82,-4.852,S2M
75,AFZ,83,-3.876,S2M
75,AFZ,84,-3.387,S2M
75,AFZ,85,-3.876,S2M
75,AFZ,86,-5.341,S2M
75,AFZ,87,-6.805,S2M
75,AFZ,88,-8.270,S2M
75,AFZ,89,-9.247,S2M
75,AFZ,90,-10.223,S2M
75,AFZ,91,-11.200,S2M
75,AFZ,92,-11.200,S2M
75,AFZ,93,-10.712,S2M
75,AFZ,94,-9.247,S2M
75,AFZ,95,-7.294,S2M
75,AFZ,96,-5.341,S2M
75,AFZ,97,-4.852,S2M
75,AFZ,98,-5.829,S2M
75,AFZ,99,-7.294,S2M
75,AFZ,100,-9.247,S2M
75,AFZ,101,-9.735,S2M
75,AFZ,102,-8.270,S2M
75,AFZ,103,-6.317,S2M
75,AFZ,104,-4.364,S2M
75,AFZ,105,-2.899,S2M
75,AFZ,106,-2.411,S2M
75,AFZ,107,-2.411,S2M
75,AFZ,108,-2.411,S2M
75,AFZ,109,-2.411,S2M
75,AFZ,110,-2.411,S2M
75,AFZ,111,-1.434,S2M
75,AFZ,112,-0.458,S2M
75,AFZ,113,0.031,S2M
75,AFZ,114,-0.458,S2M
75,AFZ,115,-0.946,S2M
75,AFZ,116,-1.434,S2M
75,AFZ,117,-0.946,S2M
75,AFZ,118,-0.458,S2M
75,AFZ,119,0.031,S2M
75,AFZ,120,0.031,S2M
75,AFZ,121,-0.458,S2M
75,AFZ,122,-0.946,S2M
75,AFZ,123,-0.458,S2M
75,AFZ,124,1.495,S2M
75,AFZ,125,2.960,S2M
75,AFZ,126,4.425,S2M
75,AFZ,127,4.425,S2M
75,AFZ,128,3.448,S2M
75,AFZ,129,1.984,S2M
75,AFZ,130,0.519,S2M
75,AFZ,131,-1.434,S2M
75,AFZ,132,-2.411,S2M
75,AFZ,133,-2.411,S2M
75,AFZ,134,-1.434,S2M
75,AFZ,135,0.031,S2M
75,AFZ,136,2.472,S2M
75,AFZ,137,4.425,S2M
75,AFZ,138,4.913,S2M
75,AFZ,139,4.425,S2M
75,AFZ,140,2.960,S2M
75,AFZ,141,1.007,S2M
75,AFZ,142,0.031,S2M
75,AFZ,143,-0.946,S2M
75,AFZ,144,-0.458,S2M
75,AFZ,145,0.031,S2M
75,AFZ,146,1.495,S2M
75,AFZ,147,2.472,S2M
75,AFZ,148,3.448,S2M
75,AFZ,149,4.425,S2M
75,AFZ,150,4.425,S2M
75,AFZ,151,3.448,S2M
75,AFZ,152,2.472,S2M
75,AFZ,153,1.007,S2M
75,AFZ,154,0.519,S2M
75,AFZ,155,0.031,S2M
75,AFZ,156,-0.458,S2M
75,AFZ,157,-1.923,S2M
75,AFZ,158,-3.876,S2M
75,AFZ,159,-4.852,S2M
75,AFZ,160,-3.876,S2M
75,AFZ,161,-2.411,S2M
75,AFZ,162,0.031,S2M
75,AFZ,163,0.519,S2M
75,AFZ,164,0.031,S2M
75,AFZ,165,-1.923,S2M
75,AFZ,166,-3.387,S2M
75,AFZ,167,-3.387,S2M
75,AFZ,168,-2.411,S2M
75,AFZ,169,-0.946,S2M
75,AFZ,170,0.031,S2M
75,AFZ,171,0.519,S2M
75,AFZ,172,1.007,S2M
75,AFZ,173,1.495,S2M
75,AFZ,174,1.495,S2M
75,AFZ,175,1.495,S2M
75,AFZ,176,0.519,S2M
75,AFZ,177,-1.434,S2M
75,AFZ,178,-3.876,S2M
75,AFZ,179,-5.341,S2M
75,AFZ,180,-5.341,S2M
75,AFZ,181,-4.364,S2M
75,AFZ,182,-3.387,S2M
75,AFZ,183,-2.899,S2M
75,AFZ,184,-1.923,S2M
75,AFZ,185,-1.923,S2M
75,AFZ,186,-1.923,S2M
75,AFZ,187,-2.899,S2M
75,AFZ,188,-4.364,S2M
75,AFZ,189,-5.829,S2M
75,AFZ,190,-6.317,S2M
75,AFZ,191,-6.805,S2M
75,AFZ,192,-6.317,S2M
75,AFZ,193,-6.317,S2M
75,AFZ,194,-6.805,S2M
75,AFZ,195,-6.805,S2M
75,AFZ,196,-6.317,S2M
75,AFZ,197,-5.341,S2M
75,AFZ,198,-4.364,S2M
75,AFZ,199,-4.364,S2M
75,AFZ,200,-4.852,S2M
75,AFZ,201,-5.829,S2M
75,AFZ,202,-6.317,S2M
75,AFZ,203,-5.829,S2M
75,AFZ,204,-4.364,S2M
75,AFZ,205,-1.923,S2M
75,AFZ,206,-0.458,S2M
75,AFZ,207,0.031,S2M
75,AFZ,208,0.031,S2M
75,AFZ,209,0.519,S2M
75,AFZ,210,1.007,S2M
75,AFZ,211,2.472,S2M
75,AFZ,212,3.448,S2M
75,AFZ,213,2.960,S2M
75,AFZ,214,1.007,S2M
75,AFZ,215,-0.458,S2M
75,AFZ,216,-1.434,S2M
75,AFZ,217,-0.946,S2M
75,AFZ,218,-0.946,S2M
75,AFZ,219,-1.434,S2M
75,AFZ,220,-3.387,S2M
75,AFZ,221,-5.341,S2M
75,AFZ,222,-5.341,S2M
75,AFZ,223,-3.387,S2M
75,AFZ,224,-0.946,S2M
75,AFZ,225,0.519,S2M
75,AFZ,226,0.519,S2M
75,AFZ,227,-0.458,S2M
75,AFZ,228,-1.434,S2M
75,AFZ,229,-0.458,S2M
75,AFZ,230,0.519,S2M
75,AFZ,231,2.472,S2M
75,AFZ,232,2.960,S2M
75,AFZ,233,2.960,S2M
75,AFZ,234,2.472,S2M
75,AFZ,235,2.472,S2M
75,AFZ,236,3.448,S2M
75,AFZ,237,4.913,S2M
75,AFZ,238,5.890,S2M
75,AFZ,239,6.378,S2M
75,AFZ,240,6.378,S2M
75,AFZ,241,5.402,S2M
75,AFZ,242,4.913,S2M
75,AFZ,243,4.425,S2M
75,AFZ,244,3.448,S2M
75,AFZ,245,2.960,S2M
75,AFZ,246,2.472,S2M
75,AFZ,247,2.472,S2M
75,AFZ,248,3.448,S2M
75,AFZ,249,4.425,S2M
75,AFZ,250,4.913,S2M
75,AFZ,251,4.425,S2M
75,AFZ,252,3.448,S2M
75,AFZ,253,2.472,S2M
75,AFZ,254,1.984,S2M
75,AFZ,255,1.495,S2M
75,CP3,0,0.387,S2M
75,CP3,1,0.387,S2M
75,CP3,2,0.875,S2M
75,CP3,3,1.363,S2M
75,CP3,4,1.851,S2M
75,CP3,5,1.363,S2M
75,CP3,6,0.875,S2M
75,CP3,7,0.387,S2M
75,CP3,8,-0.102,S2M
75,CP3,9,-0.102,S2M
75,CP3,10,0.387,S2M
75,CP3,11,0.387,S2M
75,CP3,12,0.875,S2M
75,CP3,13,0.875,S2M
75,CP3,14,0.875,S2M
75,CP3,15,1.363,S2M
75,CP3,16,1.363,S2M
75,CP3,17,1.363,S2M
75,CP3,18,0.387,S2M
75,CP3,19,-0.102,S2M
75,CP3,20,-0.102,S2M
75,CP3,21,0.387,S2M
75,CP3,22,1.851,S2M
75,CP3,23,3.316,S2M
75,CP3,24,2.828,S2M
75,CP3,25,1.363,S2M
75,CP3,26,-1.078,S2M
75,CP3,27,-3.031,S2M
75,CP3,28,-4.008,S2M
75,CP3,29,-3.520,S2M
75,CP3,30,-2.055,S2M
75,CP3,31,-1.567,S2M
75,CP3,32,-1.567,S2M
75,CP3,33,-2.543,S2M
75,CP3,34,-4.008,S2M
75,CP3,35,-5.473,S2M
75,CP3,36,-6.938,S2M
75,CP3,37,-8.891,S2M
75,CP3,38,-10.356,S2M
75,CP3,39,-10.844,S2M
75,CP3,40,-9.867,S2M
75,CP3,41,-8.891,S2M
75,CP3,42,-7.914,S2M
75,CP3,43,-7.914,S2M
75,CP3,44,-8.403,S2M
75,CP3,45,-9.379,S2M
75,CP3,46,-9.867,S2M
75,CP3,47,-9.379,S2M
75,CP3,48,-7.914,S2M
75,CP3,49,-6.449,S2M
75,CP3,50,-4.985,S2M
75,CP3,51,-4.008,S2M
75,CP3,52,-4.008,S2M
75,CP3,53,-4.496,S2M
75,CP3,54,-4.985,S2M
75,CP3,55,-4.496,S2M
75,CP3,56,-4.008,S2M
75,CP3,57,-3.031,S2M
75,CP3,58,-3.031,S2M
75,CP3,59,-3.520,S2M
75,CP3,60,-4.008,S2M
75,CP3,61,-4.008,S2M
75,CP3,62,-4.008,S2M
75,CP3,63,-3.520,S2M
75,CP3,64,-3.520,S2M
75,CP3,65,-3.031,S2M
75,CP3,66,-3.031,S2M
75,CP3,67,-2.543,S2M
75,CP3,68,-2.543,S2M
75,CP3,69,-2.543,S2M
75,CP3,70,-2.543,S2M
75,CP3,71,-3.520,S2M
75,CP3,72,-4.985,S2M
75,CP3,73,-5.961,S2M
75,CP3,74,-6.449,S2M
75,CP3,75,-6.449,S2M
75,CP3,76,-5.961,S2M
75,CP3,77,-5.473,S2M
75,CP3,78,-4.985,S2M
75,CP3,79,-4.985,S2M
75,CP3,80,-4.985,S2M
75,CP3,81,-4.985,S2M
75,CP3,82,-5.473,S2M
75,CP3,83,-6.938,S2M
75,CP3,84,-8.403,S2M
75,CP3,85,-9.379,S2M
75,CP3,86,-9.867,S2M
75,CP3,87,-9.379,S2M
75,CP3,88,-8.403,S2M
75,CP3,89,-6.938,S2M
75,CP3,90,-4.985,S2M
75,CP3,91,-3.520,S2M
75,CP3,92,-3.031,S2M
75,CP3,93,-3.520,S2M
75,CP3,94,-4.985,S2M
75,CP3,95,-6.449,S2M
75,CP3,96,-7.426,S2M
75,CP3,97,-6.938,S2M
75,CP3,98,-5.961,S2M
75,CP3,99,-5.961,S2M
75,CP3,100,-6.449,S2M
75,CP3,101,-7.426,S2M
75,CP3,102,-7.426,S2M
75,CP3,103,-6.938,S2M
75,CP3,104,-5.961,S2M
75,CP3,105,-4.985,S2M
75,CP3,106,-4.985,S2M
75,CP3,107,-4.985,S2M
75,CP3,108,-5.473,S2M
75,CP3,109,-4.496,S2M
75,CP3,110,-4.008,S2M
75,CP3,111,-3.031,S2M
75,CP3,112,-3.031,S2M
75,CP3,113,-3.520,S2M
75,CP3,114,-4.008,S2M
75,CP3,115,-4.008,S2M
75,CP3,116,-3.520,S2M
75,CP3,117,-3.031,S2M
75,CP3,118,-2.543,S2M
75,CP3,119,-2.543,S2M
75,CP3,120,-4.008,S2M
75,CP3,121,-5.473,S2M
75,CP3,122,-6.449,S2M
75,CP3,123,-6.449,S2M
75,CP3,124,-5.473,S2M
75,CP3,125,-4.985,S2M
75,CP3,126,-4.985,S2M
75,CP3,127,-5.473,S2M
75,CP3,128,-5.961,S2M
75,CP3,129,-5.473,S2M
75,CP3,130,-4.008,S2M
75,CP3,131,-2.055,S2M
75,CP3,132,-1.078,S2M
75,CP3,133,-0.102,S2M
75,CP3,134,-0.102,S2M
75,CP3,135,-0.102,S2M
75,CP3,136,-0.590,S2M
75,CP3,137,-1.078,S2M
75,CP3,138,-1.078,S2M
75,CP3,139,-1.567,S2M
75,CP3,140,-2.543,S2M
75,CP3,141,-3.031,S2M
75,CP3,142,-2.543,S2M
75,CP3,143,-1.078,S2M
75,CP3,144,0.387,S2M
75,CP3,145,0.387,S2M
75,CP3,146,-0.590,S2M
75,CP3,147,-3.031,S2M
75,CP3,148,-5.473,S2M
75,CP3,149,-6.449,S2M
75,CP3,150,-6.449,S2M
75,CP3,151,-4.985,S2M
75,CP3,152,-2.543,S2M
75,CP3,153,-1.567,S2M
75,CP3,154,-1.567,S2M
75,CP3,155,-2.543,S2M
75,CP3,156,-4.496,S2M
75,CP3,157,-6.449,S2M
75,CP3,158,-7.426,S2M
75,CP3,159,-7.426,S2M
75,CP3,160,-6.938,S2M
75,CP3,161,-5.961,S2M
75,CP3,162,-5.473,S2M
75,CP3,163,-4.496,S2M
75,CP3,164,-4.008,S2M
75,CP3,165,-4.008,S2M
75,CP3,166,-4.008,S2M
75,CP3,167,-4.008,S2M
75,CP3,168,-4.985,S2M
75,CP3,169,-5.473,S2M
75,CP3,170,-6.449,S2M
75,CP3,171,-7.426,S2M
75,CP3,172,-7.426,S2M
75,CP3,173,-6.449,S2M
75,CP3,174,-5.961,S2M
75,CP3,175,-5.473,S2M
75,CP3,176,-4.985,S2M
75,CP3,177,-4.985,S2M
75,CP3,178,-4.985,S2M
75,CP3,179,-4.985,S2M
75,CP3,180,-4.008,S2M
75,CP3,181,-3.031,S2M
75,CP3,182,-2.543,S2M
75,CP3,183,-2.055,S2M
75,CP3,184,-3.031,S2M
75,CP3,185,-4.008,S2M
75,CP3,186,-5.473,S2M
75,CP3,187,-5.961,S2M
75,CP3,188,-5.961,S2M
75,CP3,189,-5.473,S2M
75,CP3,190,-4.985,S2M
75,CP3,191,-4.985,S2M
75,CP3,192,-5.473,S2M
75,CP3,193,-6.449,S2M
75,CP3,194,-6.449,S2M
75,CP3,195,-6.449,S2M
75,CP3,196,-5.961,S2M
75,CP3,197,-5.473,S2M
75,CP3,198,-5.961,S2M
75,CP3,199,-5.961,S2M
75,CP3,200,-5.473,S2M
75,CP3,201,-4.496,S2M
75,CP3,202,-3.520,S2M
75,CP3,203,-3.031,S2M
75,CP3,204,-3.520,S2M
75,CP3,205,-4.496,S2M
75,CP3,206,-5.473,S2M
75,CP3,207,-5.961,S2M
75,CP3,208,-5.473,S2M
75,CP3,209,-5.473,S2M
75,CP3,210,-4.985,S2M
75,CP3,211,-5.473,S2M
75,CP3,212,-5.961,S2M
75,CP3,213,-6.938,S2M
75,CP3,214,-6.938,S2M
75,CP3,215,-6.449,S2M
75,CP3,216,-5.961,S2M
75,CP3,217,-5.473,S2M
75,CP3,218,-5.473,S2M
75,CP3,219,-4.985,S2M
75,CP3,220,-4.008,S2M
75,CP3,221,-2.055,S2M
75,CP3,222,-0.102,S2M
75,CP3,223,0.875,S2M
75,CP3,224,0.387,S2M
75,CP3,225,-0.590,S2M
75,CP3,226,-1.078,S2M
75,CP3,227,-0.590,S2M
75,CP3,228,-0.590,S2M
75,CP3,229,-0.590,S2M
75,CP3,230,-1.567,S2M
75,CP3,231,-3.031,S2M
75,CP3,232,-2.543,S2M
75,CP3,233,-1.567,S2M
75,CP3,234,-0.590,S2M
75,CP3,235,-0.590,S2M
75,CP3,236,-1.567,S2M
75,CP3,237,-3.031,S2M
75,CP3,238,-4.008,S2M
75,CP3,239,-3.520,S2M
75,CP3,240,-3.520,S2M
75,CP3,241,-3.031,S2M
75,CP3,242,-3.520,S2M
75,CP3,243,-4.008,S2M
75,CP3,244,-4.008,S2M
75,CP3,245,-4.496,S2M
75,CP3,246,-4.985,S2M
75,CP3,247,-6.938,S2M
75,CP3,248,-8.891,S2M
75,CP3,249,-10.844,S2M
75,CP3,250,-11.332,S2M
75,CP3,251,-9.867,S2M
75,CP3,252,-7.426,S2M
75,CP3,253,-4.008,S2M
75,CP3,254,-1.078,S2M
75,CP3,255,0.875,S2M
75,CP4,0,5.880,S2M
75,CP4,1,5.391,S2M
75,CP4,2,3.927,S2M
75,CP4,3,2.462,S2M
75,CP4,4,0.997,S2M
75,CP4,5,0.020,S2M
75,CP4,6,-1.444,S2M
75,CP4,7,-2.909,S2M
75,CP4,8,-3.886,S2M
75,CP4,9,-4.862,S2M
75,CP4,10,-4.862,S2M
75,CP4,11,-4.374,S2M
75,CP4,12,-3.398,S2M
75,CP4,13,-2.421,S2M
75,CP4,14,-2.421,S2M
75,CP4,15,-2.421,S2M
75,CP4,16,-2.909,S2M
75,CP4,17,-3.398,S2M
75,CP4,18,-2.421,S2M
75,CP4,19,0.020,S2M
75,CP4,20,2.462,S2M
75,CP4,21,4.415,S2M
75,CP4,22,4.415,S2M
75,CP4,23,2.950,S2M
75,CP4,24,1.973,S2M
75,CP4,25,1.485,S2M
75,CP4,26,2.462,S2M
75,CP4,27,3.927,S2M
75,CP4,28,4.903,S2M
75,CP4,29,4.415,S2M
75,CP4,30,3.438,S2M
75,CP4,31,2.462,S2M
75,CP4,32,1.485,S2M
75,CP4,33,0.997,S2M
75,CP4,34,0.020,S2M
75,CP4,35,-1.444,S2M
75,CP4,36,-2.421,S2M
75,CP4,37,-4.374,S2M
75,CP4,38,-5.839,S2M
75,CP4,39,-6.816,S2M
75,CP4,40,-7.792,S2M
75,CP4,41,-7.792,S2M
75,CP4,42,-7.304,S2M
75,CP4,43,-6.327,S2M
75,CP4,44,-5.839,S2M
75,CP4,45,-4.862,S2M
75,CP4,46,-4.862,S2M
75,CP4,47,-4.374,S2M
75,CP4,48,-3.886,S2M
75,CP4,49,-3.886,S2M
75,CP4,50,-3.398,S2M
75,CP4,51,-2.909,S2M
75,CP4,52,-2.421,S2M
75,CP4,53,-1.444,S2M
75,CP4,54,-0.956,S2M
75,CP4,55,-0.468,S2M
75,CP4,56,-0.956,S2M
75,CP4,57,-1.933,S2M
75,CP4,58,-2.421,S2M
75,CP4,59,-2.421,S2M
75,CP4,60,-2.421,S2M
75,CP4,61,-1.933,S2M
75,CP4,62,-1.933,S2M
75,CP4,63,-3.398,S2M
75,CP4,64,-4.862,S2M
75,CP4,65,-6.327,S2M
75,CP4,66,-6.816,S2M
75,CP4,67,-6.327,S2M
75,CP4,68,-5.351,S2M
75,CP4,69,-3.886,S2M
75,CP4,70,-2.909,S2M
75,CP4,71,-1.933,S2M
75,CP4,72,-1.444,S2M
75,CP4,73,-1.933,S2M
75,CP4,74,-2.909,S2M
75,CP4,75,-4.374,S2M
75,CP4,76,-5.351,S2M
75,CP4,77,-4.862,S2M
75,CP4,78,-3.886,S2M
75,CP4,79,-2.909,S2M
75,CP4,80,-2.421,S2M
75,CP4,81,-2.909,S2M
75,CP4,82,-5.839,S2M
75,CP4,83,-8.769,S2M
75,CP4,84,-10.722,S2M
75,CP4,85,-10.234,S2M
75,CP4,86,-8.280,S2M
75,CP4,87,-6.327,S2M
75,CP4,88,-4.862,S2M
75,CP4,89,-5.351,S2M
75,CP4,90,-5.839,S2M
75,CP4,91,-6.816,S2M
75,CP4,92,-6.816,S2M
75,CP4,93,-6.816,S2M
75,CP4,94,-6.327,S2M
75,CP4,95,-5.351,S2M
75,CP4,96,-4.374,S2M
75,CP4,97,-2.909,S2M
75,CP4,98,-1.444,S2M
75,CP4,99,-0.468,S2M
75,CP4,100,0.997,S2M
75,CP4,101,0.997,S2M
75,CP4,102,0.020,S2M
75,CP4,103,-0.956,S2M
75,CP4,104,-2.909,S2M
75,CP4,105,-4.862,S2M
75,CP4,106,-5.351,S2M
75,CP4,107,-4.862,S2M
75,CP4,108,-4.374,S2M
75,CP4,109,-3.398,S2M
75,CP4,110,-2.421,S2M
75,CP4,111,-1.933,S2M
75,CP4,112,-0.468,S2M
75,CP4,113,0.509,S2M
75,CP4,114,1.973,S2M
75,CP4,115,1.973,S2M
75,CP4,116,1.485,S2M
75,CP4,117,0.020,S2M
75,CP4,118,-0.956,S2M
75,CP4,119,-1.933,S2M
75,CP4,120,-2.909,S2M
75,CP4,121,-2.909,S2M
75,CP4,122,-3.398,S2M
75,CP4,123,-3.398,S2M
75,CP4,124,-3.886,S2M
75,CP4,125,-4.374,S2M
75,CP4,126,-4.374,S2M
75,CP4,127,-4.374,S2M
75,CP4,128,-4.374,S2M
75,CP4,129,-3.886,S2M
75,CP4,130,-4.374,S2M
75,CP4,131,-4.374,S2M
75,CP4,132,-3.886,S2M
75,CP4,133,-3.886,S2M
75,CP4,134,-3.398,S2M
75,CP4,135,-2.909,S2M
75,CP4,136,-2.421,S2M
75,CP4,137,-1.933,S2M
75,CP4,138,-1.933,S2M
75,CP4,139,-1.444,S2M
75,CP4,140,-1.933,S2M
75,CP4,141,-2.421,S2M
75,CP4,142,-3.886,S2M
75,CP4,143,-4.862,S2M
75,CP4,144,-5.839,S2M
75,CP4,145,-5.351,S2M
75,CP4,146,-4.862,S2M
75,CP4,147,-3.886,S2M
75,CP4,148,-3.886,S2M
75,CP4,149,-3.886,S2M
75,CP4,150,-5.351,S2M
75,CP4,151,-6.816,S2M
75,CP4,152,-7.304,S2M
75,CP4,153,-6.816,S2M
75,CP4,154,-5.351,S2M
75,CP4,155,-3.886,S2M
75,CP4,156,-2.421,S2M
75,CP4,157,-1.933,S2M
75,CP4,158,-2.421,S2M
75,CP4,159,-2.909,S2M
75,CP4,160,-3.398,S2M
75,CP4,161,-2.909,S2M
75,CP4,162,-1.933,S2M
75,CP4,163,-0.468,S2M
75,CP4,164,0.020,S2M
75,CP4,165,-0.956,S2M
75,CP4,166,-2.909,S2M
75,CP4,167,-4.862,S2M
75,CP4,168,-5.839,S2M
75,CP4,169,-4.862,S2M
75,CP4,170,-2.909,S2M
75,CP4,171,-0.956,S2M
75,CP4,172,-0.468,S2M
75,CP4,173,-0.956,S2M
75,CP4,174,-2.909,S2M
75,CP4,175,-3.886,S2M
75,CP4,176,-4.862,S2M
75,CP4,177,-5.839,S2M
75,CP4,178,-6.816,S2M
75,CP4,179,-7.304,S2M
75,CP4,180,-6.327,S2M
75,CP4,181,-3.398,S2M
75,CP4,182,-0.468,S2M
75,CP4,183,2.462,S2M
75,CP4,184,2.950,S2M
75,CP4,185,1.485,S2M
75,CP4,186,-0.468,S2M
75,CP4,187,-2.421,S2M
75,CP4,188,-2.909,S2M
75,CP4,189,-2.421,S2M
75,CP4,190,-1.933,S2M
75,CP4,191,-0.956,S2M
75,CP4,192,-1.933,S2M
75,CP4,193,-1.933,S2M
75,CP4,194,-2.421,S2M
75,CP4,195,-1.444,S2M
75,CP4,196,-0.468,S2M
75,CP4,197,-0.468,S2M
75,CP4,198,0.020,S2M
75,CP4,199,-0.468,S2M
75,CP4,200,-0.468,S2M
75,CP4,201,0.020,S2M
75,CP4,202,0.020,S2M
75,CP4,203,0.509,S2M
75,CP4,204,0.020,S2M
75,CP4,205,-0.468,S2M
75,CP4,206,-0.468,S2M
75,CP4,207,-0.468,S2M
75,CP4,208,-0.956,S2M
75,CP4,209,-1.933,S2M
75,CP4,210,-2.909,S2M
75,CP4,211,-3.886,S2M
75,CP4,212,-3.886,S2M
75,CP4,213,-2.909,S2M
75,CP4,214,-1.933,S2M
75,CP4,215,-2.421,S2M
75,CP4,216,-3.886,S2M
75,CP4,217,-5.351,S2M
75,CP4,218,-5.839,S2M
75,CP4,219,-4.862,S2M
75,CP4,220,-2.909,S2M
75,CP4,221,-0.468,S2M
75,CP4,222,0.509,S2M
75,CP4,223,0.509,S2M
75,CP4,224,0.020,S2M
75,CP4,225,0.509,S2M
75,CP4,226,1.973,S2M
75,CP4,227,3.927,S2M
75,CP4,228,4.903,S2M
75,CP4,229,4.415,S2M
75,CP4,230,3.438,S2M
75,CP4,231,2.462,S2M
75,CP4,232,2.462,S2M
75,CP4,233,2.462,S2M
75,CP4,234,3.438,S2M
75,CP4,235,3.927,S2M
75,CP4,236,3.927,S2M
75,CP4,237,3.438,S2M
75,CP4,238,2.950,S2M
75,CP4,239,1.485,S2M
75,CP4,240,0.509,S2M
75,CP4,241,0.020,S2M
75,CP4,242,-0.468,S2M
75,CP4,243,-0.468,S2M
75,CP4,244,-1.444,S2M
75,CP4,245,-2.421,S2M
75,CP4,246,-2.909,S2M
75,CP4,247,-2.421,S2M
75,CP4,248,-0.956,S2M
75,CP4,249,0.020,S2M
75,CP4,250,0.509,S2M
75,CP4,251,0.020,S2M
75,CP4,252,-0.468,S2M
75,CP4,253,0.020,S2M
75,CP4,254,0.509,S2M
75,CP4,255,1.973,S2M
75,P5,0,1.933,S2M
75,P5,1,2.421,S2M
75,P5,2,3.886,S2M
75,P5,3,5.351,S2M
75,P5,4,5.351,S2M
75,P5,5,3.398,S2M
75,P5,6,0.468,S2M
75,P5,7,-2.462,S2M
75,P5,8,-4.415,S2M
75,P5,9,-4.415,S2M
75,P5,10,-2.950,S2M
75,P5,11,-0.509,S2M
75,P5,12,0.468,S2M
75,P5,13,1.933,S2M
75,P5,14,2.909,S2M
75,P5,15,3.886,S2M
75,P5,16,4.374,S2M
75,P5,17,3.398,S2M
75,P5,18,1.444,S2M
75,P5,19,-0.020,S2M
75,P5,20,0.468,S2M
75,P5,21,2.909,S2M
75,P5,22,6.816,S2M
75,P5,23,9.745,S2M
75,P5,24,9.745,S2M
75,P5,25,6.327,S2M
75,P5,26,1.444,S2M
75,P5,27,-1.485,S2M
75,P5,28,-1.973,S2M
75,P5,29,-0.509,S2M
75,P5,30,1.444,S2M
75,P5,31,2.421,S2M
75,P5,32,1.444,S2M
75,P5,33,0.468,S2M
75,P5,34,-1.485,S2M
75,P5,35,-4.415,S2M
75,P5,36,-7.833,S2M
75,P5,37,-12.227,S2M
75,P5,38,-15.157,S2M
75,P5,39,-15.645,S2M
75,P5,40,-13.692,S2M
75,P5,41,-10.274,S2M
75,P5,42,-7.345,S2M
75,P5,43,-7.345,S2M
75,P5,44,-8.809,S2M
75,P5,45,-11.739,S2M
75,P5,46,-13.204,S2M
75,P5,47,-12.716,S2M
75,P5,48,-10.763,S2M
75,P5,49,-7.345,S2M
75,P5,50,-4.415,S2M
75,P5,51,-2.462,S2M
75,P5,52,-2.462,S2M
75,P5,53,-3.438,S2M
75,P5,54,-3.927,S2M
75,P5,55,-3.438,S2M
75,P5,56,-1.485,S2M
75,P5,57,-0.020,S2M
75,P5,58,-0.020,S2M
75,P5,59,-1.485,S2M
75,P5,60,-3.927,S2M
75,P5,61,-5.391,S2M
75,P5,62,-4.903,S2M
75,P5,63,-2.950,S2M
75,P5,64,-0.509,S2M
75,P5,65,0.468,S2M
75,P5,66,-0.020,S2M
75,P5,67,-0.997,S2M
75,P5,68,-1.485,S2M
75,P5,69,-1.973,S2M
75,P5,70,-2.950,S2M
75,P5,71,-4.903,S2M
75,P5,72,-7.345,S2M
75,P5,73,-8.809,S2M
75,P5,74,-9.298,S2M
75,P5,75,-7.833,S2M
75,P5,76,-6.856,S2M
75,P5,77,-5.880,S2M
75,P5,78,-5.880,S2M
75,P5,79,-5.880,S2M
75,P5,80,-5.880,S2M
75,P5,81,-6.856,S2M
75,P5,82,-8.321,S2M
75,P5,83,-11.251,S2M
75,P5,84,-13.692,S2M
75,P5,85,-15.157,S2M
75,P5,86,-15.157,S2M
75,P5,87,-13.204,S2M
75,P5,88,-11.739,S2M
75,P5,89,-9.298,S2M
75,P5,90,-6.368,S2M
75,P5,91,-3.438,S2M
75,P5,92,-1.485,S2M
75,P5,93,-2.462,S2M
75,P5,94,-4.903,S2M
75,P5,95,-7.833,S2M
75,P5,96,-8.809,S2M
75,P5,97,-7.833,S2M
75,P5,98,-5.391,S2M
75,P5,99,-4.415,S2M
75,P5,100,-5.391,S2M
75,P5,101,-7.833,S2M
75,P5,102,-9.298,S2M
75,P5,103,-9.298,S2M
75,P5,104,-7.833,S2M
75,P5,105,-5.880,S2M
75,P5,106,-4.903,S2M
75,P5,107,-4.415,S2M
75,P5,108,-4.903,S2M
75,P5,109,-3.927,S2M
75,P5,110,-1.485,S2M
75,P5,111,0.468,S2M
75,P5,112,1.444,S2M
75,P5,113,1.444,S2M
75,P5,114,0.468,S2M
75,P5,115,-0.020,S2M
75,P5,116,-0.020,S2M
75,P5,117,0.956,S2M
75,P5,118,1.444,S2M
75,P5,119,0.956,S2M
75,P5,120,-0.997,S2M
75,P5,121,-3.927,S2M
75,P5,122,-5.391,S2M
75,P5,123,-4.903,S2M
75,P5,124,-2.950,S2M
75,P5,125,-1.973,S2M
75,P5,126,-2.462,S2M
75,P5,127,-3.927,S2M
75,P5,128,-5.880,S2M
75,P5,129,-5.391,S2M
75,P5,130,-3.438,S2M
75,P5,131,0.468,S2M
75,P5,132,3.398,S2M
75,P5,133,5.351,S2M
75,P5,134,4.862,S2M
75,P5,135,3.398,S2M
75,P5,136,1.933,S2M
75,P5,137,1.444,S2M
75,P5,138,1.444,S2M
75,P5,139,1.444,S2M
75,P5,140,0.956,S2M
75,P5,141,0.468,S2M
75,P5,142,0.468,S2M
75,P5,143,1.444,S2M
75,P5,144,2.421,S2M
75,P5,145,3.398,S2M
75,P5,146,1.933,S2M
75,P5,147,-1.485,S2M
75,P5,148,-6.368,S2M
75,P5,149,-9.298,S2M
75,P5,150,-9.298,S2M
75,P5,151,-6.856,S2M
75,P5,152,-3.438,S2M
75,P5,153,-0.997,S2M
75,P5,154,-0.509,S2M
75,P5,155,-2.462,S2M
75,P5,156,-4.903,S2M
75,P5,157,-7.345,S2M
75,P5,158,-8.809,S2M
75,P5,159,-9.298,S2M
75,P5,160,-9.298,S2M
75,P5,161,-8.321,S2M
75,P5,162,-6.368,S2M
75,P5,163,-4.415,S2M
75,P5,164,-2.462,S2M
75,P5,165,-1.485,S2M
75,P5,166,-1.973,S2M
75,P5,167,-2.950,S2M
75,P5,168,-4.903,S2M
75,P5,169,-6.856,S2M
75,P5,170,-9.786,S2M
75,P5,171,-11.739,S2M
75,P5,172,-12.716,S2M
75,P5,173,-11.251,S2M
75,P5,174,-8.321,S2M
75,P5,175,-5.880,S2M
75,P5,176,-4.903,S2M
75,P5,177,-6.368,S2M
75,P5,178,-8.809,S2M
75,P5,179,-9.786,S2M
75,P5,180,-8.809,S2M
75,P5,181,-5.391,S2M
75,P5,182,-1.973,S2M
75,P5,183,-0.509,S2M
75,P5,184,-1.485,S2M
75,P5,185,-4.415,S2M
75,P5,186,-6.856,S2M
75,P5,187,-8.321,S2M
75,P5,188,-7.833,S2M
75,P5,189,-7.345,S2M
75,P5,190,-6.368,S2M
75,P5,191,-5.880,S2M
75,P5,192,-6.368,S2M
75,P5,193,-6.856,S2M
75,P5,194,-7.345,S2M
75,P5,195,-7.345,S2M
75,P5,196,-7.345,S2M
75,P5,197,-7.345,S2M
75,P5,198,-7.345,S2M
75,P5,199,-6.856,S2M
75,P5,200,-5.880,S2M
75,P5,201,-3.927,S2M
75,P5,202,-2.950,S2M
75,P5,203,-3.438,S2M
75,P5,204,-5.391,S2M
75,P5,205,-6.856,S2M
75,P5,206,-7.833,S2M
75,P5,207,-6.856,S2M
75,P5,208,-5.391,S2M
75,P5,209,-3.927,S2M
75,P5,210,-3.927,S2M
75,P5,211,-5.391,S2M
75,P5,212,-7.345,S2M
75,P5,213,-8.809,S2M
75,P5,214,-8.809,S2M
75,P5,215,-7.345,S2M
75,P5,216,-5.880,S2M
75,P5,217,-5.880,S2M
75,P5,218,-6.856,S2M
75,P5,219,-7.345,S2M
75,P5,220,-5.880,S2M
75,P5,221,-2.950,S2M
75,P5,222,0.468,S2M
75,P5,223,1.444,S2M
75,P5,224,0.956,S2M
75,P5,225,0.468,S2M
75,P5,226,0.956,S2M
75,P5,227,2.909,S2M
75,P5,228,4.374,S2M
75,P5,229,3.398,S2M
75,P5,230,0.468,S2M
75,P5,231,-1.973,S2M
75,P5,232,-1.973,S2M
75,P5,233,1.444,S2M
75,P5,234,4.862,S2M
75,P5,235,5.839,S2M
75,P5,236,3.886,S2M
75,P5,237,-0.020,S2M
75,P5,238,-2.950,S2M
75,P5,239,-3.927,S2M
75,P5,240,-3.438,S2M
75,P5,241,-2.462,S2M
75,P5,242,-1.973,S2M
75,P5,243,-1.485,S2M
75,P5,244,-0.509,S2M
75,P5,245,-0.020,S2M
75,P5,246,-0.997,S2M
75,P5,247,-4.415,S2M
75,P5,248,-9.298,S2M
75,P5,249,-13.692,S2M
75,P5,250,-14.669,S2M
75,P5,251,-11.739,S2M
75,P5,252,-6.856,S2M
75,P5,253,-0.997,S2M
75,P5,254,3.398,S2M
75,P5,255,6.327,S2M
75,P6,0,8.911,S2M
75,P6,1,7.935,S2M
75,P6,2,5.493,S2M
75,P6,3,3.540,S2M
75,P6,4,2.075,S2M
75,P6,5,1.099,S2M
75,P6,6,-0.366,S2M
75,P6,7,-2.808,S2M
75,P6,8,-5.249,S2M
75,P6,9,-6.714,S2M
75,P6,10,-6.714,S2M
75,P6,11,-5.249,S2M
75,P6,12,-2.808,S2M
75,P6,13,-1.343,S2M
75,P6,14,-0.854,S2M
75,P6,15,-1.831,S2M
75,P6,16,-2.808,S2M
75,P6,17,-3.296,S2M
75,P6,18,-1.831,S2M
75,P6,19,0.610,S2M
75,P6,20,4.517,S2M
75,P6,21,6.470,S2M
75,P6,22,6.470,S2M
75,P6,23,4.517,S2M
75,P6,24,2.563,S2M
75,P6,25,2.075,S2M
75,P6,26,3.540,S2M
75,P6,27,5.493,S2M
75,P6,28,6.958,S2M
75,P6,29,6.470,S2M
75,P6,30,5.493,S2M
75,P6,31,4.517,S2M
75,P6,32,3.540,S2M
75,P6,33,2.075,S2M
75,P6,34,0.122,S2M
75,P6,35,-2.808,S2M
75,P6,36,-6.226,S2M
75,P6,37,-8.667,S2M
75,P6,38,-10.620,S2M
75,P6,39,-11.597,S2M
75,P6,40,-12.085,S2M
75,P6,41,-13.062,S2M
75,P6,42,-12.573,S2M
75,P6,43,-12.085,S2M
75,P6,44,-10.132,S2M
75,P6,45,-8.667,S2M
75,P6,46,-7.202,S2M
75,P6,47,-6.226,S2M
75,P6,48,-6.226,S2M
75,P6,49,-6.226,S2M
75,P6,50,-5.737,S2M
75,P6,51,-5.249,S2M
75,P6,52,-5.249,S2M
75,P6,53,-4.272,S2M
75,P6,54,-3.296,S2M
75,P6,55,-1.831,S2M
75,P6,56,-1.343,S2M
75,P6,57,-1.343,S2M
75,P6,58,-2.808,S2M
75,P6,59,-4.272,S2M
75,P6,60,-5.249,S2M
75,P6,61,-4.761,S2M
75,P6,62,-4.761,S2M
75,P6,63,-5.737,S2M
75,P6,64,-7.690,S2M
75,P6,65,-9.644,S2M
75,P6,66,-10.132,S2M
75,P6,67,-8.179,S2M
75,P6,68,-5.249,S2M
75,P6,69,-2.319,S2M
75,P6,70,-0.854,S2M
75,P6,71,-1.343,S2M
75,P6,72,-2.808,S2M
75,P6,73,-4.272,S2M
75,P6,74,-5.249,S2M
75,P6,75,-6.714,S2M
75,P6,76,-8.179,S2M
75,P6,77,-8.667,S2M
75,P6,78,-7.202,S2M
75,P6,79,-5.249,S2M
75,P6,80,-3.784,S2M
75,P6,81,-5.249,S2M
75,P6,82,-9.644,S2M
75,P6,83,-15.015,S2M
75,P6,84,-17.944,S2M
75,P6,85,-16.968,S2M
75,P6,86,-14.038,S2M
75,P6,87,-10.132,S2M
75,P6,88,-8.667,S2M
75,P6,89,-8.667,S2M
75,P6,90,-10.132,S2M
75,P6,91,-11.108,S2M
75,P6,92,-10.620,S2M
75,P6,93,-10.132,S2M
75,P6,94,-9.155,S2M
75,P6,95,-8.667,S2M
75,P6,96,-7.690,S2M
75,P6,97,-6.226,S2M
75,P6,98,-4.272,S2M
75,P6,99,-2.319,S2M
75,P6,100,-0.854,S2M
75,P6,101,0.610,S2M
75,P6,102,0.122,S2M
75,P6,103,-1.831,S2M
75,P6,104,-5.737,S2M
75,P6,105,-8.667,S2M
75,P6,106,-9.644,S2M
75,P6,107,-8.667,S2M
75,P6,108,-6.226,S2M
75,P6,109,-4.761,S2M
75,P6,110,-4.272,S2M
75,P6,111,-4.761,S2M
75,P6,112,-3.296,S2M
75,P6,113,-0.854,S2M
75,P6,114,2.563,S2M
75,P6,115,3.540,S2M
75,P6,116,2.075,S2M
75,P6,117,-1.343,S2M
75,P6,118,-4.272,S2M
75,P6,119,-4.761,S2M
75,P6,120,-4.272,S2M
75,P6,121,-3.296,S2M
75,P6,122,-3.784,S2M
75,P6,123,-5.249,S2M
75,P6,124,-7.202,S2M
75,P6,125,-8.179,S2M
75,P6,126,-7.690,S2M
75,P6,127,-6.226,S2M
75,P6,128,-5.737,S2M
75,P6,129,-5.737,S2M
75,P6,130,-6.226,S2M
75,P6,131,-6.226,S2M
75,P6,132,-6.714,S2M
75,P6,133,-6.714,S2M
75,P6,134,-6.226,S2M
75,P6,135,-5.737,S2M
75,P6,136,-5.249,S2M
75,P6,137,-4.272,S2M
75,P6,138,-2.808,S2M
75,P6,139,-2.319,S2M
75,P6,140,-2.319,S2M
75,P6,141,-3.784,S2M
75,P6,142,-6.226,S2M
75,P6,143,-8.179,S2M
75,P6,144,-9.155,S2M
75,P6,145,-9.155,S2M
75,P6,146,-8.667,S2M
75,P6,147,-7.690,S2M
75,P6,148,-8.667,S2M
75,P6,149,-9.644,S2M
75,P6,150,-11.108,S2M
75,P6,151,-12.573,S2M
75,P6,152,-12.573,S2M
75,P6,153,-11.108,S2M
75,P6,154,-8.179,S2M
75,P6,155,-6.226,S2M
75,P6,156,-5.249,S2M
75,P6,157,-5.737,S2M
75,P6,158,-7.202,S2M
75,P6,159,-7.690,S2M
75,P6,160,-7.690,S2M
75,P6,161,-6.226,S2M
75,P6,162,-4.272,S2M
75,P6,163,-2.808,S2M
75,P6,164,-2.319,S2M
75,P6,165,-3.784,S2M
75,P6,166,-7.202,S2M
75,P6,167,-10.620,S2M
75,P6,168,-12.573,S2M
75,P6,169,-11.108,S2M
75,P6,170,-7.202,S2M
75,P6,171,-2.808,S2M
75,P6,172,-1.343,S2M
75,P6,173,-2.319,S2M
75,P6,174,-5.737,S2M
75,P6,175,-8.667,S2M
75,P6,176,-10.620,S2M
75,P6,177,-11.597,S2M
75,P6,178,-11.597,S2M
75,P6,179,-11.597,S2M
75,P6,180,-9.644,S2M
75,P6,181,-6.226,S2M
75,P6,182,-2.319,S2M
75,P6,183,0.122,S2M
75,P6,184,-0.366,S2M
75,P6,185,-2.808,S2M
75,P6,186,-5.737,S2M
75,P6,187,-7.690,S2M
75,P6,188,-7.690,S2M
75,P6,189,-6.226,S2M
75,P6,190,-4.272,S2M
75,P6,191,-3.784,S2M
75,P6,192,-4.272,S2M
75,P6,193,-5.249,S2M
75,P6,194,-5.737,S2M
75,P6,195,-5.249,S2M
75,P6,196,-3.784,S2M
75,P6,197,-2.808,S2M
75,P6,198,-2.808,S2M
75,P6,199,-4.272,S2M
75,P6,200,-4.761,S2M
75,P6,201,-4.272,S2M
75,P6,202,-3.296,S2M
75,P6,203,-2.319,S2M
75,P6,204,-2.319,S2M
75,P6,205,-2.808,S2M
75,P6,206,-3.784,S2M
75,P6,207,-3.784,S2M
75,P6,208,-4.272,S2M
75,P6,209,-5.737,S2M
75,P6,210,-7.690,S2M
75,P6,211,-9.155,S2M
75,P6,212,-9.155,S2M
75,P6,213,-6.714,S2M
75,P6,214,-4.272,S2M
75,P6,215,-4.272,S2M
75,P6,216,-6.714,S2M
75,P6,217,-10.132,S2M
75,P6,218,-11.597,S2M
75,P6,219,-9.644,S2M
75,P6,220,-5.249,S2M
75,P6,221,-0.854,S2M
75,P6,222,0.122,S2M
75,P6,223,-1.343,S2M
75,P6,224,-2.808,S2M
75,P6,225,-2.808,S2M
75,P6,226,-0.366,S2M
75,P6,227,3.052,S2M
75,P6,228,4.517,S2M
75,P6,229,4.517,S2M
75,P6,230,2.563,S2M
75,P6,231,1.099,S2M
75,P6,232,1.099,S2M
75,P6,233,1.587,S2M
75,P6,234,3.052,S2M
75,P6,235,3.540,S2M
75,P6,236,3.540,S2M
75,P6,237,2.563,S2M
75,P6,238,1.099,S2M
75,P6,239,-0.366,S2M
75,P6,240,-0.854,S2M
75,P6,241,-0.854,S2M
75,P6,242,-0.854,S2M
75,P6,243,-1.831,S2M
75,P6,244,-4.272,S2M
75,P6,245,-6.226,S2M
75,P6,246,-7.202,S2M
75,P6,247,-6.226,S2M
75,P6,248,-3.784,S2M
75,P6,249,-1.831,S2M
75,P6,250,-0.854,S2M
75,P6,251,-1.343,S2M
75,P6,252,-1.831,S2M
75,P6,253,-1.831,S2M
75,P6,254,-1.831,S2M
75,P6,255,-0.366,S2M
75,C1,0,-1.455,S2M
75,C1,1,-0.966,S2M
75,C1,2,-0.966,S2M
75,C1,3,0.010,S2M
75,C1,4,0.498,S2M
75,C1,5,0.987,S2M
75,C1,6,0.987,S2M
75,C1,7,1.475,S2M
75,C1,8,1.475,S2M
75,C1,9,1.475,S2M
75,C1,10,0.987,S2M
75,C1,11,0.498,S2M
75,C1,12,0.498,S2M
75,C1,13,0.987,S2M
75,C1,14,2.452,S2M
75,C1,15,2.452,S2M
75,C1,16,2.452,S2M
75,C1,17,2.452,S2M
75,C1,18,1.475,S2M
75,C1,19,0.987,S2M
75,C1,20,0.010,S2M
75,C1,21,0.010,S2M
75,C1,22,0.010,S2M
75,C1,23,0.498,S2M
75,C1,24,0.987,S2M
75,C1,25,0.987,S2M
75,C1,26,0.498,S2M
75,C1,27,-0.478,S2M
75,C1,28,-1.455,S2M
75,C1,29,-1.943,S2M
75,C1,30,-1.455,S2M
75,C1,31,-0.478,S2M
75,C1,32,-0.478,S2M
75,C1,33,-0.478,S2M
75,C1,34,-0.478,S2M
75,C1,35,-0.478,S2M
75,C1,36,-0.478,S2M
75,C1,37,-1.455,S2M
75,C1,38,-1.455,S2M
75,C1,39,-1.455,S2M
75,C1,40,-0.966,S2M
75,C1,41,-0.966,S2M
75,C1,42,-1.455,S2M
75,C1,43,-1.943,S2M
75,C1,44,-1.943,S2M
75,C1,45,-1.455,S2M
75,C1,46,-1.455,S2M
75,C1,47,-1.455,S2M
75,C1,48,-1.455,S2M
75,C1,49,-0.966,S2M
75,C1,50,-0.478,S2M
75,C1,51,0.010,S2M
75,C1,52,0.010,S2M
75,C1,53,-0.478,S2M
75,C1,54,-0.966,S2M
75,C1,55,-0.478,S2M
75,C1,56,0.498,S2M
75,C1,57,0.987,S2M
75,C1,58,0.987,S2M
75,C1,59,0.987,S2M
75,C1,60,0.498,S2M
75,C1,61,0.498,S2M
75,C1,62,1.475,S2M
75,C1,63,1.963,S2M
75,C1,64,1.963,S2M
75,C1,65,1.475,S2M
75,C1,66,1.475,S2M
75,C1,67,1.475,S2M
75,C1,68,1.963,S2M
75,C1,69,1.475,S2M
75,C1,70,1.475,S2M
75,C1,71,0.987,S2M
75,C1,72,0.987,S2M
75,C1,73,0.987,S2M
75,C1,74,0.987,S2M
75,C1,75,0.987,S2M
75,C1,76,0.987,S2M
75,C1,77,0.987,S2M
75,C1,78,0.987,S2M
75,C1,79,0.987,S2M
75,C1,80,0.987,S2M
75,C1,81,0.987,S2M
75,C1,82,0.987,S2M
75,C1,83,0.987,S2M
75,C1,84,0.010,S2M
75,C1,85,0.010,S2M
75,C1,86,-0.478,S2M
75,C1,87,0.010,S2M
75,C1,88,0.498,S2M
75,C1,89,0.987,S2M
75,C1,90,0.987,S2M
75,C1,91,0.987,S2M
75,C1,92,1.475,S2M
75,C1,93,1.963,S2M
75,C1,94,1.963,S2M
75,C1,95,0.498,S2M
75,C1,96,0.498,S2M
75,C1,97,0.498,S2M
75,C1,98,0.498,S2M
75,C1,99,0.987,S2M
75,C1,100,0.498,S2M
75,C1,101,0.010,S2M
75,C1,102,0.010,S2M
75,C1,103,0.498,S2M
75,C1,104,1.475,S2M
75,C1,105,1.475,S2M
75,C1,106,1.963,S2M
75,C1,107,1.475,S2M
75,C1,108,1.475,S2M
75,C1,109,1.475,S2M
75,C1,110,1.475,S2M
75,C1,111,1.475,S2M
75,C1,112,1.475,S2M
75,C1,113,1.475,S2M
75,C1,114,0.987,S2M
75,C1,115,0.987,S2M
75,C1,116,0.987,S2M
75,C1,117,1.963,S2M
75,C1,118,2.452,S2M
75,C1,119,2.452,S2M
75,C1,120,1.475,S2M
75,C1,121,0.498,S2M
75,C1,122,0.498,S2M
75,C1,123,0.987,S2M
75,C1,124,1.963,S2M
75,C1,125,1.963,S2M
75,C1,126,1.963,S2M
75,C1,127,0.987,S2M
75,C1,128,1.475,S2M
75,C1,129,1.963,S2M
75,C1,130,2.452,S2M
75,C1,131,1.963,S2M
75,C1,132,1.963,S2M
75,C1,133,1.963,S2M
75,C1,134,2.940,S2M
75,C1,135,3.428,S2M
75,C1,136,3.428,S2M
75,C1,137,2.452,S2M
75,C1,138,1.963,S2M
75,C1,139,1.475,S2M
75,C1,140,1.475,S2M
75,C1,141,1.963,S2M
75,C1,142,1.963,S2M
75,C1,143,2.452,S2M
75,C1,144,2.452,S2M
75,C1,145,1.963,S2M
75,C1,146,1.475,S2M
75,C1,147,0.987,S2M
75,C1,148,0.498,S2M
75,C1,149,0.498,S2M
75,C1,150,0.987,S2M
75,C1,151,0.987,S2M
75,C1,152,0.987,S2M
75,C1,153,1.475,S2M
75,C1,154,1.475,S2M
75,C1,155,0.987,S2M
75,C1,156,0.010,S2M
75,C1,157,-1.455,S2M
75,C1,158,-1.943,S2M
75,C1,159,-1.455,S2M
75,C1,160,-0.966,S2M
75,C1,161,0.010,S2M
75,C1,162,-0.478,S2M
75,C1,163,-0.966,S2M
75,C1,164,-0.966,S2M
75,C1,165,-0.478,S2M
75,C1,166,0.010,S2M
75,C1,167,0.498,S2M
75,C1,168,0.498,S2M
75,C1,169,0.010,S2M
75,C1,170,-0.478,S2M
75,C1,171,0.010,S2M
75,C1,172,0.498,S2M
75,C1,173,0.498,S2M
75,C1,174,0.498,S2M
75,C1,175,0.010,S2M
75,C1,176,0.010,S2M
75,C1,177,0.010,S2M
75,C1,178,0.498,S2M
75,C1,179,1.475,S2M
75,C1,180,1.475,S2M
75,C1,181,0.987,S2M
75,C1,182,-0.478,S2M
75,C1,183,-1.455,S2M
75,C1,184,-1.455,S2M
75,C1,185,-1.455,S2M
75,C1,186,-0.966,S2M
75,C1,187,-1.455,S2M
75,C1,188,-0.966,S2M
75,C1,189,-0.966,S2M
75,C1,190,0.010,S2M
75,C1,191,0.498,S2M
75,C1,192,0.010,S2M
75,C1,193,-0.478,S2M
75,C1,194,-0.966,S2M
75,C1,195,-0.966,S2M
75,C1,196,-0.478,S2M
75,C1,197,-0.478,S2M
75,C1,198,-0.966,S2M
75,C1,199,-1.943,S2M
75,C1,200,-1.943,S2M
75,C1,201,-0.966,S2M
75,C1,202,0.010,S2M
75,C1,203,0.987,S2M
75,C1,204,0.987,S2M
75,C1,205,0.498,S2M
75,C1,206,0.010,S2M
75,C1,207,0.010,S2M
75,C1,208,0.498,S2M
75,C1,209,0.498,S2M
75,C1,210,0.498,S2M
75,C1,211,0.498,S2M
75,C1,212,0.010,S2M
75,C1,213,0.010,S2M
75,C1,214,0.010,S2M
75,C1,215,0.498,S2M
75,C1,216,0.498,S2M
75,C1,217,0.987,S2M
75,C1,218,0.987,S2M
75,C1,219,0.498,S2M
75,C1,220,0.987,S2M
75,C1,221,1.475,S2M
75,C1,222,2.452,S2M
75,C1,223,2.940,S2M
75,C1,224,2.452,S2M
75,C1,225,1.475,S2M
75,C1,226,0.987,S2M
75,C1,227,0.987,S2M
75,C1,228,1.475,S2M
75,C1,229,1.475,S2M
75,C1,230,0.987,S2M
75,C1,231,0.987,S2M
75,C1,232,0.987,S2M
75,C1,233,1.963,S2M
75,C1,234,2.452,S2M
75,C1,235,1.963,S2M
75,C1,236,0.987,S2M
75,C1,237,0.498,S2M
75,C1,238,1.475,S2M
75,C1,239,2.452,S2M
75,C1,240,2.940,S2M
75,C1,241,2.452,S2M
75,C1,242,1.963,S2M
75,C1,243,1.475,S2M
75,C1,244,0.987,S2M
75,C1,245,0.987,S2M
75,C1,246,0.010,S2M
75,C1,247,-0.478,S2M
75,C1,248,-0.966,S2M
75,C1,249,-0.966,S2M
75,C1,250,-0.478,S2M
75,C1,251,0.010,S2M
75,C1,252,0.987,S2M
75,C1,253,1.475,S2M
75,C1,254,1.963,S2M
75,C1,255,1.963,S2M
75,C2,0,0.478,S2M
75,C2,1,0.478,S2M
75,C2,2,0.478,S2M
75,C2,3,0.478,S2M
75,C2,4,-0.498,S2M
75,C2,5,-1.475,S2M
75,C2,6,-1.963,S2M
75,C2,7,-2.452,S2M
75,C2,8,-2.452,S2M
75,C2,9,-1.963,S2M
75,C2,10,-1.963,S2M
75,C2,11,-2.452,S2M
75,C2,12,-2.452,S2M
75,C2,13,-2.452,S2M
75,C2,14,-1.963,S2M
75,C2,15,-1.963,S2M
75,C2,16,-2.452,S2M
75,C2,17,-2.940,S2M
75,C2,18,-2.452,S2M
75,C2,19,-0.987,S2M
75,C2,20,0.478,S2M
75,C2,21,1.455,S2M
75,C2,22,0.966,S2M
75,C2,23,0.478,S2M
75,C2,24,0.478,S2M
75,C2,25,0.966,S2M
75,C2,26,1.943,S2M
75,C2,27,2.920,S2M
75,C2,28,2.920,S2M
75,C2,29,2.431,S2M
75,C2,30,1.943,S2M
75,C2,31,1.455,S2M
75,C2,32,0.478,S2M
75,C2,33,-0.010,S2M
75,C2,34,-0.498,S2M
75,C2,35,-0.498,S2M
75,C2,36,-0.498,S2M
75,C2,37,-0.498,S2M
75,C2,38,-0.498,S2M
75,C2,39,-0.498,S2M
75,C2,40,-0.498,S2M
75,C2,41,-0.498,S2M
75,C2,42,-0.987,S2M
75,C2,43,-1.475,S2M
75,C2,44,-0.987,S2M
75,C2,45,-0.987,S2M
75,C2,46,-0.987,S2M
75,C2,47,-1.475,S2M
75,C2,48,-2.452,S2M
75,C2,49,-2.452,S2M
75,C2,50,-1.963,S2M
75,C2,51,-0.987,S2M
75,C2,52,-0.010,S2M
75,C2,53,-0.010,S2M
75,C2,54,-0.010,S2M
75,C2,55,-0.010,S2M
75,C2,56,-0.498,S2M
75,C2,57,-0.498,S2M
75,C2,58,-0.987,S2M
75,C2,59,-0.987,S2M
75,C2,60,-0.498,S2M
75,C2,61,-0.010,S2M
75,C2,62,-0.010,S2M
75,C2,63,-0.498,S2M
75,C2,64,-1.475,S2M
75,C2,65,-2.452,S2M
75,C2,66,-2.940,S2M
75,C2,67,-2.452,S2M
75,C2,68,-2.452,S2M
75,C2,69,-2.452,S2M
75,C2,70,-1.475,S2M
75,C2,71,-0.987,S2M
75,C2,72,-0.498,S2M
75,C2,73,-0.498,S2M
75,C2,74,-0.498,S2M
75,C2,75,-0.987,S2M
75,C2,76,-0.987,S2M
75,C2,77,-0.498,S2M
75,C2,78,-0.498,S2M
75,C2,79,-0.987,S2M
75,C2,80,-0.987,S2M
75,C2,81,-0.987,S2M
75,C2,82,-1.963,S2M
75,C2,83,-1.963,S2M
75,C2,84,-2.452,S2M
75,C2,85,-2.452,S2M
75,C2,86,-1.963,S2M
75,C2,87,-1.475,S2M
75,C2,88,-1.475,S2M
75,C2,89,-1.475,S2M
75,C2,90,-2.452,S2M
75,C2,91,-2.452,S2M
75,C2,92,-2.452,S2M
75,C2,93,-2.452,S2M
75,C2,94,-1.963,S2M
75,C2,95,-1.963,S2M
75,C2,96,-1.475,S2M
75,C2,97,-0.498,S2M
75,C2,98,0.478,S2M
75,C2,99,0.966,S2M
75,C2,100,0.478,S2M
75,C2,101,0.478,S2M
75,C2,102,-0.010,S2M
75,C2,103,-0.010,S2M
75,C2,104,-0.010,S2M
75,C2,105,-0.498,S2M
75,C2,106,-1.475,S2M
75,C2,107,-1.475,S2M
75,C2,108,-0.987,S2M
75,C2,109,-0.498,S2M
75,C2,110,-0.010,S2M
75,C2,111,-0.010,S2M
75,C2,112,-0.010,S2M
75,C2,113,0.478,S2M
75,C2,114,0.478,S2M
75,C2,115,-0.010,S2M
75,C2,116,-0.498,S2M
75,C2,117,-0.498,S2M
75,C2,118,-0.498,S2M
75,C2,119,-0.498,S2M
75,C2,120,-0.987,S2M
75,C2,121,-1.475,S2M
75,C2,122,-1.475,S2M
75,C2,123,-0.987,S2M
75,C2,124,-0.010,S2M
75,C2,125,-0.498,S2M
75,C2,126,-0.987,S2M
75,C2,127,-1.475,S2M
75,C2,128,-1.475,S2M
75,C2,129,-1.475,S2M
75,C2,130,-1.475,S2M
75,C2,131,-1.475,S2M
75,C2,132,-1.963,S2M
75,C2,133,-1.963,S2M
75,C2,134,-1.475,S2M
75,C2,135,-0.498,S2M
75,C2,136,-0.498,S2M
75,C2,137,-0.498,S2M
75,C2,138,-0.498,S2M
75,C2,139,-0.498,S2M
75,C2,140,-0.498,S2M
75,C2,141,-0.498,S2M
75,C2,142,-1.475,S2M
75,C2,143,-1.963,S2M
75,C2,144,-1.963,S2M
75,C2,145,-1.963,S2M
75,C2,146,-0.987,S2M
75,C2,147,-0.010,S2M
75,C2,148,0.478,S2M
75,C2,149,0.478,S2M
75,C2,150,-0.010,S2M
75,C2,151,-1.475,S2M
75,C2,152,-2.452,S2M
75,C2,153,-1.963,S2M
75,C2,154,-1.475,S2M
75,C2,155,-0.010,S2M
75,C2,156,0.478,S2M
75,C2,157,0.478,S2M
75,C2,158,-0.010,S2M
75,C2,159,-0.010,S2M
75,C2,160,-0.010,S2M
75,C2,161,0.966,S2M
75,C2,162,1.455,S2M
75,C2,163,1.455,S2M
75,C2,164,1.455,S2M
75,C2,165,1.455,S2M
75,C2,166,0.966,S2M
75,C2,167,0.478,S2M
75,C2,168,-0.010,S2M
75,C2,169,-0.010,S2M
75,C2,170,0.478,S2M
75,C2,171,0.966,S2M
75,C2,172,1.455,S2M
75,C2,173,1.455,S2M
75,C2,174,1.455,S2M
75,C2,175,0.966,S2M
75,C2,176,-0.010,S2M
75,C2,177,-0.498,S2M
75,C2,178,-1.475,S2M
75,C2,179,-1.963,S2M
75,C2,180,-1.475,S2M
75,C2,181,-0.987,S2M
75,C2,182,-0.010,S2M
75,C2,183,0.966,S2M
75,C2,184,1.943,S2M
75,C2,185,2.431,S2M
75,C2,186,2.431,S2M
75,C2,187,0.966,S2M
75,C2,188,-0.010,S2M
75,C2,189,-0.987,S2M
75,C2,190,-0.498,S2M
75,C2,191,-0.010,S2M
75,C2,192,-0.010,S2M
75,C2,193,-0.010,S2M
75,C2,194,-0.498,S2M
75,C2,195,-0.498,S2M
75,C2,196,-0.498,S2M
75,C2,197,0.478,S2M
75,C2,198,0.478,S2M
75,C2,199,0.478,S2M
75,C2,200,0.478,S2M
75,C2,201,0.478,S2M
75,C2,202,0.478,S2M
75,C2,203,0.478,S2M
75,C2,204,0.478,S2M
75,C2,205,0.478,S2M
75,C2,206,0.478,S2M
75,C2,207,0.966,S2M
75,C2,208,0.966,S2M
75,C2,209,0.478,S2M
75,C2,210,-0.010,S2M
75,C2,211,-0.498,S2M
75,C2,212,-0.498,S2M
75,C2,213,-0.010,S2M
75,C2,214,-0.010,S2M
75,C2,215,-0.010,S2M
75,C2,216,-0.987,S2M
75,C2,217,-1.475,S2M
75,C2,218,-1.475,S2M
75,C2,219,-1.963,S2M
75,C2,220,-1.963,S2M
75,C2,221,-1.963,S2M
75,C2,222,-1.475,S2M
75,C2,223,-0.987,S2M
75,C2,224,-0.498,S2M
75,C2,225,-0.498,S2M
75,C2,226,-0.010,S2M
75,C2,227,0.478,S2M
75,C2,228,0.966,S2M
75,C2,229,0.966,S2M
75,C2,230,0.966,S2M
75,C2,231,0.966,S2M
75,C2,232,0.478,S2M
75,C2,233,1.455,S2M
75,C2,234,1.455,S2M
75,C2,235,1.943,S2M
75,C2,236,1.943,S2M
75,C2,237,1.943,S2M
75,C2,238,1.943,S2M
75,C2,239,1.943,S2M
75,C2,240,1.455,S2M
75,C2,241,1.455,S2M
75,C2,242,0.478,S2M
75,C2,243,-0.010,S2M
75,C2,244,-0.010,S2M
75,C2,245,-0.010,S2M
75,C2,246,0.478,S2M
75,C2,247,0.478,S2M
75,C2,248,0.966,S2M
75,C2,249,1.455,S2M
75,C2,250,1.455,S2M
75,C2,251,0.966,S2M
75,C2,252,-0.010,S2M
75,C2,253,-0.010,S2M
75,C2,254,-0.010,S2M
75,C2,255,-0.498,S2M
75,PO7,0,0.885,S2M
75,PO7,1,7.233,S2M
75,PO7,2,11.627,S2M
75,PO7,3,11.627,S2M
75,PO7,4,6.744,S2M
75,PO7,5,0.397,S2M
75,PO7,6,-4.486,S2M
75,PO7,7,-7.416,S2M
75,PO7,8,-7.904,S2M
75,PO7,9,-7.904,S2M
75,PO7,10,-6.439,S2M
75,PO7,11,-3.998,S2M
75,PO7,12,0.397,S2M
75,PO7,13,4.303,S2M
75,PO7,14,7.233,S2M
75,PO7,15,7.233,S2M
75,PO7,16,5.280,S2M
75,PO7,17,1.373,S2M
75,PO7,18,-1.068,S2M
75,PO7,19,-1.068,S2M
75,PO7,20,2.838,S2M
75,PO7,21,8.698,S2M
75,PO7,22,14.069,S2M
75,PO7,23,16.510,S2M
75,PO7,24,13.580,S2M
75,PO7,25,6.744,S2M
75,PO7,26,-0.580,S2M
75,PO7,27,-4.486,S2M
75,PO7,28,-3.998,S2M
75,PO7,29,-0.092,S2M
75,PO7,30,4.303,S2M
75,PO7,31,6.744,S2M
75,PO7,32,6.744,S2M
75,PO7,33,6.744,S2M
75,PO7,34,5.768,S2M
75,PO7,35,2.838,S2M
75,PO7,36,-3.510,S2M
75,PO7,37,-12.299,S2M
75,PO7,38,-18.646,S2M
75,PO7,39,-18.646,S2M
75,PO7,40,-12.787,S2M
75,PO7,41,-5.463,S2M
75,PO7,42,-0.580,S2M
75,PO7,43,-1.556,S2M
75,PO7,44,-6.927,S2M
75,PO7,45,-13.275,S2M
75,PO7,46,-18.158,S2M
75,PO7,47,-19.623,S2M
75,PO7,48,-17.181,S2M
75,PO7,49,-10.834,S2M
75,PO7,50,-3.998,S2M
75,PO7,51,0.885,S2M
75,PO7,52,-0.580,S2M
75,PO7,53,-4.486,S2M
75,PO7,54,-7.416,S2M
75,PO7,55,-6.927,S2M
75,PO7,56,-3.998,S2M
75,PO7,57,-2.045,S2M
75,PO7,58,-3.510,S2M
75,PO7,59,-7.904,S2M
75,PO7,60,-11.322,S2M
75,PO7,61,-10.834,S2M
75,PO7,62,-4.974,S2M
75,PO7,63,1.373,S2M
75,PO7,64,4.791,S2M
75,PO7,65,4.303,S2M
75,PO7,66,1.373,S2M
75,PO7,67,-1.068,S2M
75,PO7,68,-1.556,S2M
75,PO7,69,-2.533,S2M
75,PO7,70,-4.974,S2M
75,PO7,71,-9.369,S2M
75,PO7,72,-13.763,S2M
75,PO7,73,-14.252,S2M
75,PO7,74,-12.299,S2M
75,PO7,75,-8.392,S2M
75,PO7,76,-5.951,S2M
75,PO7,77,-5.463,S2M
75,PO7,78,-5.951,S2M
75,PO7,79,-6.927,S2M
75,PO7,80,-8.392,S2M
75,PO7,81,-11.810,S2M
75,PO7,82,-18.158,S2M
75,PO7,83,-24.994,S2M
75,PO7,84,-28.412,S2M
75,PO7,85,-27.435,S2M
75,PO7,86,-23.041,S2M
75,PO7,87,-19.135,S2M
75,PO7,88,-16.693,S2M
75,PO7,89,-15.228,S2M
75,PO7,90,-12.299,S2M
75,PO7,91,-7.904,S2M
75,PO7,92,-4.486,S2M
75,PO7,93,-4.974,S2M
75,PO7,94,-9.369,S2M
75,PO7,95,-13.763,S2M
75,PO7,96,-14.252,S2M
75,PO7,97,-10.834,S2M
75,PO7,98,-6.439,S2M
75,PO7,99,-5.951,S2M
75,PO7,100,-9.369,S2M
75,PO7,101,-13.275,S2M
75,PO7,102,-15.717,S2M
75,PO7,103,-14.252,S2M
75,PO7,104,-10.834,S2M
75,PO7,105,-8.881,S2M
75,PO7,106,-8.392,S2M
75,PO7,107,-8.881,S2M
75,PO7,108,-7.904,S2M
75,PO7,109,-5.463,S2M
75,PO7,110,-3.021,S2M
75,PO7,111,-0.580,S2M
75,PO7,112,0.885,S2M
75,PO7,113,1.373,S2M
75,PO7,114,0.885,S2M
75,PO7,115,0.885,S2M
75,PO7,116,0.397,S2M
75,PO7,117,-0.092,S2M
75,PO7,118,-0.092,S2M
75,PO7,119,-1.068,S2M
75,PO7,120,-2.533,S2M
75,PO7,121,-4.486,S2M
75,PO7,122,-3.510,S2M
75,PO7,123,-1.068,S2M
75,PO7,124,1.862,S2M
75,PO7,125,1.862,S2M
75,PO7,126,-1.556,S2M
75,PO7,127,-6.439,S2M
75,PO7,128,-9.857,S2M
75,PO7,129,-8.392,S2M
75,PO7,130,-2.533,S2M
75,PO7,131,4.791,S2M
75,PO7,132,9.186,S2M
75,PO7,133,9.186,S2M
75,PO7,134,6.256,S2M
75,PO7,135,2.350,S2M
75,PO7,136,0.397,S2M
75,PO7,137,0.397,S2M
75,PO7,138,1.373,S2M
75,PO7,139,2.838,S2M
75,PO7,140,3.326,S2M
75,PO7,141,3.815,S2M
75,PO7,142,4.791,S2M
75,PO7,143,7.233,S2M
75,PO7,144,9.186,S2M
75,PO7,145,9.674,S2M
75,PO7,146,6.256,S2M
75,PO7,147,-1.556,S2M
75,PO7,148,-10.345,S2M
75,PO7,149,-15.717,S2M
75,PO7,150,-14.740,S2M
75,PO7,151,-8.881,S2M
75,PO7,152,-2.533,S2M
75,PO7,153,0.397,S2M
75,PO7,154,-1.068,S2M
75,PO7,155,-4.974,S2M
75,PO7,156,-7.416,S2M
75,PO7,157,-8.392,S2M
75,PO7,158,-9.857,S2M
75,PO7,159,-11.810,S2M
75,PO7,160,-14.252,S2M
75,PO7,161,-13.763,S2M
75,PO7,162,-9.369,S2M
75,PO7,163,-2.533,S2M
75,PO7,164,3.326,S2M
75,PO7,165,4.791,S2M
75,PO7,166,2.838,S2M
75,PO7,167,-0.580,S2M
75,PO7,168,-5.463,S2M
75,PO7,169,-10.834,S2M
75,PO7,170,-16.693,S2M
75,PO7,171,-20.111,S2M
75,PO7,172,-19.135,S2M
75,PO7,173,-13.763,S2M
75,PO7,174,-6.439,S2M
75,PO7,175,-2.533,S2M
75,PO7,176,-4.974,S2M
75,PO7,177,-11.322,S2M
75,PO7,178,-16.693,S2M
75,PO7,179,-17.181,S2M
75,PO7,180,-12.299,S2M
75,PO7,181,-5.463,S2M
75,PO7,182,-1.068,S2M
75,PO7,183,-0.580,S2M
75,PO7,184,-3.998,S2M
75,PO7,185,-7.416,S2M
75,PO7,186,-10.345,S2M
75,PO7,187,-10.834,S2M
75,PO7,188,-10.345,S2M
75,PO7,189,-8.881,S2M
75,PO7,190,-6.927,S2M
75,PO7,191,-3.998,S2M
75,PO7,192,-2.045,S2M
75,PO7,193,-1.556,S2M
75,PO7,194,-3.998,S2M
75,PO7,195,-7.904,S2M
75,PO7,196,-11.810,S2M
75,PO7,197,-12.787,S2M
75,PO7,198,-10.834,S2M
75,PO7,199,-6.439,S2M
75,PO7,200,-2.533,S2M
75,PO7,201,-1.068,S2M
75,PO7,202,-3.021,S2M
75,PO7,203,-6.439,S2M
75,PO7,204,-9.369,S2M
75,PO7,205,-9.857,S2M
75,PO7,206,-7.904,S2M
75,PO7,207,-4.486,S2M
75,PO7,208,-1.068,S2M
75,PO7,209,-1.068,S2M
75,PO7,210,-4.486,S2M
75,PO7,211,-9.857,S2M
75,PO7,212,-14.740,S2M
75,PO7,213,-16.205,S2M
75,PO7,214,-13.275,S2M
75,PO7,215,-8.392,S2M
75,PO7,216,-5.463,S2M
75,PO7,217,-6.927,S2M
75,PO7,218,-10.345,S2M
75,PO7,219,-12.299,S2M
75,PO7,220,-9.857,S2M
75,PO7,221,-4.486,S2M
75,PO7,222,-0.092,S2M
75,PO7,223,0.885,S2M
75,PO7,224,-1.068,S2M
75,PO7,225,-1.068,S2M
75,PO7,226,2.350,S2M
75,PO7,227,6.744,S2M
75,PO7,228,6.744,S2M
75,PO7,229,1.862,S2M
75,PO7,230,-5.951,S2M
75,PO7,231,-8.881,S2M
75,PO7,232,-3.998,S2M
75,PO7,233,5.768,S2M
75,PO7,234,13.580,S2M
75,PO7,235,14.069,S2M
75,PO7,236,7.721,S2M
75,PO7,237,0.397,S2M
75,PO7,238,-4.486,S2M
75,PO7,239,-5.951,S2M
75,PO7,240,-6.439,S2M
75,PO7,241,-7.904,S2M
75,PO7,242,-8.392,S2M
75,PO7,243,-5.463,S2M
75,PO7,244,0.397,S2M
75,PO7,245,4.791,S2M
75,PO7,246,3.815,S2M
75,PO7,247,-3.021,S2M
75,PO7,248,-11.810,S2M
75,PO7,249,-17.181,S2M
75,PO7,250,-17.181,S2M
75,PO7,251,-12.299,S2M
75,PO7,252,-5.463,S2M
75,PO7,253,0.397,S2M
75,PO7,254,5.768,S2M
75,PO7,255,8.698,S2M
75,PO8,0,12.563,S2M
75,PO8,1,13.540,S2M
75,PO8,2,11.587,S2M
75,PO8,3,8.169,S2M
75,PO8,4,4.751,S2M
75,PO8,5,0.356,S2M
75,PO8,6,-4.527,S2M
75,PO8,7,-7.945,S2M
75,PO8,8,-8.921,S2M
75,PO8,9,-6.968,S2M
75,PO8,10,-3.550,S2M
75,PO8,11,-0.621,S2M
75,PO8,12,1.333,S2M
75,PO8,13,1.821,S2M
75,PO8,14,1.333,S2M
75,PO8,15,-1.109,S2M
75,PO8,16,-5.015,S2M
75,PO8,17,-7.456,S2M
75,PO8,18,-5.992,S2M
75,PO8,19,0.356,S2M
75,PO8,20,7.680,S2M
75,PO8,21,11.098,S2M
75,PO8,22,8.169,S2M
75,PO8,23,1.821,S2M
75,PO8,24,-2.574,S2M
75,PO8,25,-3.062,S2M
75,PO8,26,0.844,S2M
75,PO8,27,4.262,S2M
75,PO8,28,5.239,S2M
75,PO8,29,4.751,S2M
75,PO8,30,4.751,S2M
75,PO8,31,6.704,S2M
75,PO8,32,6.704,S2M
75,PO8,33,2.797,S2M
75,PO8,34,-3.062,S2M
75,PO8,35,-8.921,S2M
75,PO8,36,-11.851,S2M
75,PO8,37,-11.851,S2M
75,PO8,38,-11.363,S2M
75,PO8,39,-11.363,S2M
75,PO8,40,-13.804,S2M
75,PO8,41,-15.757,S2M
75,PO8,42,-16.734,S2M
75,PO8,43,-16.734,S2M
75,PO8,44,-15.757,S2M
75,PO8,45,-14.781,S2M
75,PO8,46,-12.339,S2M
75,PO8,47,-8.921,S2M
75,PO8,48,-5.992,S2M
75,PO8,49,-5.015,S2M
75,PO8,50,-7.945,S2M
75,PO8,51,-12.339,S2M
75,PO8,52,-14.781,S2M
75,PO8,53,-14.292,S2M
75,PO8,54,-10.386,S2M
75,PO8,55,-5.992,S2M
75,PO8,56,-5.015,S2M
75,PO8,57,-8.433,S2M
75,PO8,58,-11.851,S2M
75,PO8,59,-12.339,S2M
75,PO8,60,-9.410,S2M
75,PO8,61,-6.480,S2M
75,PO8,62,-6.968,S2M
75,PO8,63,-12.828,S2M
75,PO8,64,-19.663,S2M
75,PO8,65,-22.593,S2M
75,PO8,66,-19.175,S2M
75,PO8,67,-12.339,S2M
75,PO8,68,-5.992,S2M
75,PO8,69,-3.062,S2M
75,PO8,70,-3.062,S2M
75,PO8,71,-4.527,S2M
75,PO8,72,-6.968,S2M
75,PO8,73,-10.386,S2M
75,PO8,74,-14.781,S2M
75,PO8,75,-18.687,S2M
75,PO8,76,-19.175,S2M
75,PO8,77,-15.757,S2M
75,PO8,78,-10.874,S2M
75,PO8,79,-7.945,S2M
75,PO8,80,-10.386,S2M
75,PO8,81,-16.246,S2M
75,PO8,82,-23.570,S2M
75,PO8,83,-27.964,S2M
75,PO8,84,-28.453,S2M
75,PO8,85,-26.499,S2M
75,PO8,86,-24.058,S2M
75,PO8,87,-23.081,S2M
75,PO8,88,-22.105,S2M
75,PO8,89,-21.617,S2M
75,PO8,90,-19.663,S2M
75,PO8,91,-18.199,S2M
75,PO8,92,-18.199,S2M
75,PO8,93,-20.152,S2M
75,PO8,94,-22.105,S2M
75,PO8,95,-21.617,S2M
75,PO8,96,-18.687,S2M
75,PO8,97,-14.292,S2M
75,PO8,98,-8.921,S2M
75,PO8,99,-5.503,S2M
75,PO8,100,-3.062,S2M
75,PO8,101,-2.085,S2M
75,PO8,102,-4.527,S2M
75,PO8,103,-9.898,S2M
75,PO8,104,-16.246,S2M
75,PO8,105,-20.152,S2M
75,PO8,106,-18.199,S2M
75,PO8,107,-12.828,S2M
75,PO8,108,-8.921,S2M
75,PO8,109,-9.898,S2M
75,PO8,110,-13.804,S2M
75,PO8,111,-15.269,S2M
75,PO8,112,-11.363,S2M
75,PO8,113,-4.527,S2M
75,PO8,114,-0.132,S2M
75,PO8,115,-2.085,S2M
75,PO8,116,-6.968,S2M
75,PO8,117,-11.363,S2M
75,PO8,118,-10.386,S2M
75,PO8,119,-5.992,S2M
75,PO8,120,-3.550,S2M
75,PO8,121,-5.503,S2M
75,PO8,122,-10.874,S2M
75,PO8,123,-15.269,S2M
75,PO8,124,-15.757,S2M
75,PO8,125,-12.828,S2M
75,PO8,126,-8.921,S2M
75,PO8,127,-6.968,S2M
75,PO8,128,-7.945,S2M
75,PO8,129,-8.921,S2M
75,PO8,130,-9.898,S2M
75,PO8,131,-9.410,S2M
75,PO8,132,-8.433,S2M
75,PO8,133,-7.945,S2M
75,PO8,134,-7.945,S2M
75,PO8,135,-7.456,S2M
75,PO8,136,-6.480,S2M
75,PO8,137,-5.503,S2M
75,PO8,138,-4.527,S2M
75,PO8,139,-4.038,S2M
75,PO8,140,-4.527,S2M
75,PO8,141,-6.480,S2M
75,PO8,142,-8.921,S2M
75,PO8,143,-10.874,S2M
75,PO8,144,-12.828,S2M
75,PO8,145,-13.804,S2M
75,PO8,146,-14.292,S2M
75,PO8,147,-15.269,S2M
75,PO8,148,-15.757,S2M
75,PO8,149,-16.246,S2M
75,PO8,150,-15.269,S2M
75,PO8,151,-14.292,S2M
75,PO8,152,-12.339,S2M
75,PO8,153,-9.898,S2M
75,PO8,154,-7.945,S2M
75,PO8,155,-6.480,S2M
75,PO8,156,-6.968,S2M
75,PO8,157,-9.898,S2M
75,PO8,158,-13.804,S2M
75,PO8,159,-17.222,S2M
75,PO8,160,-18.199,S2M
75,PO8,161,-15.757,S2M
75,PO8,162,-9.898,S2M
75,PO8,163,-4.038,S2M
75,PO8,164,-1.597,S2M
75,PO8,165,-5.015,S2M
75,PO8,166,-13.804,S2M
75,PO8,167,-22.593,S2M
75,PO8,168,-26.499,S2M
75,PO8,169,-22.105,S2M
75,PO8,170,-11.851,S2M
75,PO8,171,-2.574,S2M
75,PO8,172,-0.621,S2M
75,PO8,173,-5.992,S2M
75,PO8,174,-14.781,S2M
75,PO8,175,-20.640,S2M
75,PO8,176,-22.105,S2M
75,PO8,177,-20.640,S2M
75,PO8,178,-19.175,S2M
75,PO8,179,-17.222,S2M
75,PO8,180,-14.781,S2M
75,PO8,181,-11.363,S2M
75,PO8,182,-7.945,S2M
75,PO8,183,-7.456,S2M
75,PO8,184,-9.410,S2M
75,PO8,185,-11.851,S2M
75,PO8,186,-13.804,S2M
75,PO8,187,-14.292,S2M
75,PO8,188,-13.804,S2M
75,PO8,189,-13.804,S2M
75,PO8,190,-13.804,S2M
75,PO8,191,-13.316,S2M
75,PO8,192,-12.828,S2M
75,PO8,193,-13.316,S2M
75,PO8,194,-14.292,S2M
75,PO8,195,-14.292,S2M
75,PO8,196,-12.828,S2M
75,PO8,197,-11.363,S2M
75,PO8,198,-10.874,S2M
75,PO8,199,-11.851,S2M
75,PO8,200,-12.828,S2M
75,PO8,201,-12.339,S2M
75,PO8,202,-10.386,S2M
75,PO8,203,-8.921,S2M
75,PO8,204,-9.898,S2M
75,PO8,205,-11.851,S2M
75,PO8,206,-12.828,S2M
75,PO8,207,-11.363,S2M
75,PO8,208,-9.898,S2M
75,PO8,209,-11.851,S2M
75,PO8,210,-16.734,S2M
75,PO8,211,-20.152,S2M
75,PO8,212,-18.687,S2M
75,PO8,213,-12.339,S2M
75,PO8,214,-6.968,S2M
75,PO8,215,-7.456,S2M
75,PO8,216,-14.781,S2M
75,PO8,217,-24.058,S2M
75,PO8,218,-27.964,S2M
75,PO8,219,-24.058,S2M
75,PO8,220,-14.781,S2M
75,PO8,221,-7.456,S2M
75,PO8,222,-5.992,S2M
75,PO8,223,-8.433,S2M
75,PO8,224,-10.874,S2M
75,PO8,225,-9.898,S2M
75,PO8,226,-5.992,S2M
75,PO8,227,-2.085,S2M
75,PO8,228,-0.132,S2M
75,PO8,229,-2.085,S2M
75,PO8,230,-4.527,S2M
75,PO8,231,-6.480,S2M
75,PO8,232,-6.480,S2M
75,PO8,233,-5.015,S2M
75,PO8,234,-3.062,S2M
75,PO8,235,-2.085,S2M
75,PO8,236,-2.574,S2M
75,PO8,237,-4.038,S2M
75,PO8,238,-5.992,S2M
75,PO8,239,-6.968,S2M
75,PO8,240,-6.480,S2M
75,PO8,241,-5.015,S2M
75,PO8,242,-5.015,S2M
75,PO8,243,-7.945,S2M
75,PO8,244,-12.828,S2M
75,PO8,245,-16.734,S2M
75,PO8,246,-17.710,S2M
75,PO8,247,-16.246,S2M
75,PO8,248,-13.804,S2M
75,PO8,249,-11.363,S2M
75,PO8,250,-8.921,S2M
75,PO8,251,-6.968,S2M
75,PO8,252,-5.992,S2M
75,PO8,253,-6.968,S2M
75,PO8,254,-9.410,S2M
75,PO8,255,-10.874,S2M
75,FCZ,0,-2.930,S2M
75,FCZ,1,-2.930,S2M
75,FCZ,2,-2.930,S2M
75,FCZ,3,-2.930,S2M
75,FCZ,4,-2.441,S2M
75,FCZ,5,-1.465,S2M
75,FCZ,6,-1.465,S2M
75,FCZ,7,-0.977,S2M
75,FCZ,8,-1.465,S2M
75,FCZ,9,-1.953,S2M
75,FCZ,10,-2.441,S2M
75,FCZ,11,-2.441,S2M
75,FCZ,12,-1.953,S2M
75,FCZ,13,-0.977,S2M
75,FCZ,14,-0.488,S2M
75,FCZ,15,0.488,S2M
75,FCZ,16,0.488,S2M
75,FCZ,17,0.000,S2M
75,FCZ,18,-0.488,S2M
75,FCZ,19,-0.977,S2M
75,FCZ,20,-1.465,S2M
75,FCZ,21,-1.465,S2M
75,FCZ,22,-1.465,S2M
75,FCZ,23,-0.488,S2M
75,FCZ,24,0.000,S2M
75,FCZ,25,0.977,S2M
75,FCZ,26,0.977,S2M
75,FCZ,27,0.488,S2M
75,FCZ,28,0.000,S2M
75,FCZ,29,-0.488,S2M
75,FCZ,30,-0.488,S2M
75,FCZ,31,-0.488,S2M
75,FCZ,32,-0.488,S2M
75,FCZ,33,-0.488,S2M
75,FCZ,34,0.000,S2M
75,FCZ,35,0.488,S2M
75,FCZ,36,1.465,S2M
75,FCZ,37,1.953,S2M
75,FCZ,38,1.953,S2M
75,FCZ,39,1.953,S2M
75,FCZ,40,1.953,S2M
75,FCZ,41,1.953,S2M
75,FCZ,42,1.953,S2M
75,FCZ,43,1.953,S2M
75,FCZ,44,1.465,S2M
75,FCZ,45,0.977,S2M
75,FCZ,46,0.488,S2M
75,FCZ,47,0.000,S2M
75,FCZ,48,0.000,S2M
75,FCZ,49,-0.488,S2M
75,FCZ,50,-0.977,S2M
75,FCZ,51,-0.977,S2M
75,FCZ,52,-0.977,S2M
75,FCZ,53,-0.488,S2M
75,FCZ,54,0.000,S2M
75,FCZ,55,0.488,S2M
75,FCZ,56,0.977,S2M
75,FCZ,57,1.465,S2M
75,FCZ,58,0.977,S2M
75,FCZ,59,0.488,S2M
75,FCZ,60,0.488,S2M
75,FCZ,61,0.488,S2M
75,FCZ,62,0.977,S2M
75,FCZ,63,0.977,S2M
75,FCZ,64,0.488,S2M
75,FCZ,65,0.000,S2M
75,FCZ,66,0.488,S2M
75,FCZ,67,0.000,S2M
75,FCZ,68,0.000,S2M
75,FCZ,69,-0.977,S2M
75,FCZ,70,-0.977,S2M
75,FCZ,71,0.000,S2M
75,FCZ,72,0.977,S2M
75,FCZ,73,1.953,S2M
75,FCZ,74,2.441,S2M
75,FCZ,75,2.930,S2M
75,FCZ,76,2.441,S2M
75,FCZ,77,1.465,S2M
75,FCZ,78,0.977,S2M
75,FCZ,79,0.488,S2M
75,FCZ,80,0.000,S2M
75,FCZ,81,-0.488,S2M
75,FCZ,82,-0.488,S2M
75,FCZ,83,0.000,S2M
75,FCZ,84,0.977,S2M
75,FCZ,85,0.977,S2M
75,FCZ,86,1.465,S2M
75,FCZ,87,0.977,S2M
75,FCZ,88,0.000,S2M
75,FCZ,89,-1.465,S2M
75,FCZ,90,-2.441,S2M
75,FCZ,91,-3.418,S2M
75,FCZ,92,-3.418,S2M
75,FCZ,93,-2.930,S2M
75,FCZ,94,-1.953,S2M
75,FCZ,95,-0.977,S2M
75,FCZ,96,-0.488,S2M
75,FCZ,97,-0.488,S2M
75,FCZ,98,-0.488,S2M
75,FCZ,99,-0.977,S2M
75,FCZ,100,-1.465,S2M
75,FCZ,101,-1.953,S2M
75,FCZ,102,-1.465,S2M
75,FCZ,103,-0.488,S2M
75,FCZ,104,0.000,S2M
75,FCZ,105,0.000,S2M
75,FCZ,106,0.488,S2M
75,FCZ,107,0.000,S2M
75,FCZ,108,0.000,S2M
75,FCZ,109,0.000,S2M
75,FCZ,110,0.000,S2M
75,FCZ,111,0.000,S2M
75,FCZ,112,0.488,S2M
75,FCZ,113,0.977,S2M
75,FCZ,114,0.977,S2M
75,FCZ,115,0.977,S2M
75,FCZ,116,0.488,S2M
75,FCZ,117,0.488,S2M
75,FCZ,118,0.000,S2M
75,FCZ,119,0.488,S2M
75,FCZ,120,0.488,S2M
75,FCZ,121,0.488,S2M
75,FCZ,122,0.977,S2M
75,FCZ,123,0.977,S2M
75,FCZ,124,1.465,S2M
75,FCZ,125,1.465,S2M
75,FCZ,126,1.465,S2M
75,FCZ,127,1.465,S2M
75,FCZ,128,1.465,S2M
75,FCZ,129,1.465,S2M
75,FCZ,130,0.488,S2M
75,FCZ,131,0.000,S2M
75,FCZ,132,-0.488,S2M
75,FCZ,133,-0.977,S2M
75,FCZ,134,-0.488,S2M
75,FCZ,135,0.000,S2M
75,FCZ,136,0.000,S2M
75,FCZ,137,0.488,S2M
75,FCZ,138,0.488,S2M
75,FCZ,139,0.488,S2M
75,FCZ,140,0.977,S2M
75,FCZ,141,0.977,S2M
75,FCZ,142,0.488,S2M
75,FCZ,143,0.000,S2M
75,FCZ,144,0.000,S2M
75,FCZ,145,0.488,S2M
75,FCZ,146,0.977,S2M
75,FCZ,147,1.465,S2M
75,FCZ,148,1.953,S2M
75,FCZ,149,1.953,S2M
75,FCZ,150,1.953,S2M
75,FCZ,151,1.465,S2M
75,FCZ,152,0.488,S2M
75,FCZ,153,0.000,S2M
75,FCZ,154,-0.488,S2M
75,FCZ,155,-0.977,S2M
75,FCZ,156,-0.977,S2M
75,FCZ,157,-0.977,S2M
75,FCZ,158,-0.977,S2M
75,FCZ,159,-0.488,S2M
75,FCZ,160,0.488,S2M
75,FCZ,161,0.977,S2M
75,FCZ,162,0.977,S2M
75,FCZ,163,0.488,S2M
75,FCZ,164,0.000,S2M
75,FCZ,165,-0.488,S2M
75,FCZ,166,0.000,S2M
75,FCZ,167,0.488,S2M
75,FCZ,168,0.977,S2M
75,FCZ,169,1.465,S2M
75,FCZ,170,1.465,S2M
75,FCZ,171,1.465,S2M
75,FCZ,172,0.977,S2M
75,FCZ,173,1.465,S2M
75,FCZ,174,1.465,S2M
75,FCZ,175,1.465,S2M
75,FCZ,176,1.465,S2M
75,FCZ,177,0.977,S2M
75,FCZ,178,0.000,S2M
75,FCZ,179,0.000,S2M
75,FCZ,180,-0.488,S2M
75,FCZ,181,0.000,S2M
75,FCZ,182,0.000,S2M
75,FCZ,183,-0.488,S2M
75,FCZ,184,0.000,S2M
75,FCZ,185,0.000,S2M
75,FCZ,186,0.000,S2M
75,FCZ,187,0.000,S2M
75,FCZ,188,-0.977,S2M
75,FCZ,189,-1.465,S2M
75,FCZ,190,-1.465,S2M
75,FCZ,191,-1.465,S2M
75,FCZ,192,-0.977,S2M
75,FCZ,193,-0.977,S2M
75,FCZ,194,-1.465,S2M
75,FCZ,195,-1.465,S2M
75,FCZ,196,-1.953,S2M
75,FCZ,197,-1.465,S2M
75,FCZ,198,-0.977,S2M
75,FCZ,199,-0.977,S2M
75,FCZ,200,-1.465,S2M
75,FCZ,201,-1.953,S2M
75,FCZ,202,-1.953,S2M
75,FCZ,203,-1.465,S2M
75,FCZ,204,-0.977,S2M
75,FCZ,205,-0.488,S2M
75,FCZ,206,0.488,S2M
75,FCZ,207,0.488,S2M
75,FCZ,208,0.488,S2M
75,FCZ,209,0.488,S2M
75,FCZ,210,0.488,S2M
75,FCZ,211,0.977,S2M
75,FCZ,212,0.977,S2M
75,FCZ,213,0.977,S2M
75,FCZ,214,0.488,S2M
75,FCZ,215,0.000,S2M
75,FCZ,216,-0.488,S2M
75,FCZ,217,0.000,S2M
75,FCZ,218,0.000,S2M
75,FCZ,219,-0.488,S2M
75,FCZ,220,-1.465,S2M
75,FCZ,221,-1.953,S2M
75,FCZ,222,-2.441,S2M
75,FCZ,223,-1.953,S2M
75,FCZ,224,-1.465,S2M
75,FCZ,225,-0.977,S2M
75,FCZ,226,-0.977,S2M
75,FCZ,227,-1.953,S2M
75,FCZ,228,-1.953,S2M
75,FCZ,229,-1.465,S2M
75,FCZ,230,-0.488,S2M
75,FCZ,231,0.488,S2M
75,FCZ,232,0.977,S2M
75,FCZ,233,0.977,S2M
75,FCZ,234,0.977,S2M
75,FCZ,235,0.488,S2M
75,FCZ,236,0.977,S2M
75,FCZ,237,1.953,S2M
75,FCZ,238,2.441,S2M
75,FCZ,239,2.441,S2M
75,FCZ,240,2.441,S2M
75,FCZ,241,1.953,S2M
75,FCZ,242,2.441,S2M
75,FCZ,243,2.441,S2M
75,FCZ,244,2.441,S2M
75,FCZ,245,1.953,S2M
75,FCZ,246,0.977,S2M
75,FCZ,247,0.977,S2M
75,FCZ,248,1.953,S2M
75,FCZ,249,2.930,S2M
75,FCZ,250,3.418,S2M
75,FCZ,251,3.418,S2M
75,FCZ,252,2.441,S2M
75,FCZ,253,1.465,S2M
75,FCZ,254,0.000,S2M
75,FCZ,255,-1.465,S2M
75,POZ,0,6.063,S2M
75,POZ,1,8.504,S2M
75,POZ,2,9.481,S2M
75,POZ,3,8.016,S2M
75,POZ,4,4.598,S2M
75,POZ,5,0.692,S2M
75,POZ,6,-2.726,S2M
75,POZ,7,-4.679,S2M
75,POZ,8,-4.679,S2M
75,POZ,9,-4.191,S2M
75,POZ,10,-2.726,S2M
75,POZ,11,-1.750,S2M
75,POZ,12,-0.285,S2M
75,POZ,13,1.180,S2M
75,POZ,14,2.157,S2M
75,POZ,15,2.157,S2M
75,POZ,16,0.692,S2M
75,POZ,17,-0.285,S2M
75,POZ,18,-0.285,S2M
75,POZ,19,2.157,S2M
75,POZ,20,5.575,S2M
75,POZ,21,8.504,S2M
75,POZ,22,8.993,S2M
75,POZ,23,6.551,S2M
75,POZ,24,2.157,S2M
75,POZ,25,-1.750,S2M
75,POZ,26,-3.215,S2M
75,POZ,27,-3.215,S2M
75,POZ,28,-2.726,S2M
75,POZ,29,-1.750,S2M
75,POZ,30,-1.261,S2M
75,POZ,31,-0.773,S2M
75,POZ,32,0.203,S2M
75,POZ,33,0.203,S2M
75,POZ,34,-1.261,S2M
75,POZ,35,-3.703,S2M
75,POZ,36,-6.632,S2M
75,POZ,37,-9.074,S2M
75,POZ,38,-10.539,S2M
75,POZ,39,-10.050,S2M
75,POZ,40,-9.074,S2M
75,POZ,41,-8.097,S2M
75,POZ,42,-7.121,S2M
75,POZ,43,-7.609,S2M
75,POZ,44,-7.609,S2M
75,POZ,45,-8.586,S2M
75,POZ,46,-9.074,S2M
75,POZ,47,-8.586,S2M
75,POZ,48,-7.121,S2M
75,POZ,49,-5.168,S2M
75,POZ,50,-4.191,S2M
75,POZ,51,-4.679,S2M
75,POZ,52,-5.656,S2M
75,POZ,53,-6.632,S2M
75,POZ,54,-5.656,S2M
75,POZ,55,-3.703,S2M
75,POZ,56,-1.750,S2M
75,POZ,57,-1.261,S2M
75,POZ,58,-2.726,S2M
75,POZ,59,-4.679,S2M
75,POZ,60,-6.144,S2M
75,POZ,61,-6.144,S2M
75,POZ,62,-5.168,S2M
75,POZ,63,-5.168,S2M
75,POZ,64,-5.168,S2M
75,POZ,65,-5.168,S2M
75,POZ,66,-4.679,S2M
75,POZ,67,-3.215,S2M
75,POZ,68,-1.261,S2M
75,POZ,69,0.203,S2M
75,POZ,70,-0.285,S2M
75,POZ,71,-1.750,S2M
75,POZ,72,-4.191,S2M
75,POZ,73,-7.121,S2M
75,POZ,74,-9.562,S2M
75,POZ,75,-10.539,S2M
75,POZ,76,-9.562,S2M
75,POZ,77,-7.609,S2M
75,POZ,78,-5.168,S2M
75,POZ,79,-4.191,S2M
75,POZ,80,-5.656,S2M
75,POZ,81,-9.074,S2M
75,POZ,82,-13.468,S2M
75,POZ,83,-16.886,S2M
75,POZ,84,-17.863,S2M
75,POZ,85,-17.863,S2M
75,POZ,86,-17.375,S2M
75,POZ,87,-16.886,S2M
75,POZ,88,-16.398,S2M
75,POZ,89,-14.445,S2M
75,POZ,90,-10.539,S2M
75,POZ,91,-6.144,S2M
75,POZ,92,-4.679,S2M
75,POZ,93,-6.144,S2M
75,POZ,94,-10.050,S2M
75,POZ,95,-12.980,S2M
75,POZ,96,-12.980,S2M
75,POZ,97,-9.562,S2M
75,POZ,98,-5.656,S2M
75,POZ,99,-3.215,S2M
75,POZ,100,-3.215,S2M
75,POZ,101,-4.191,S2M
75,POZ,102,-5.168,S2M
75,POZ,103,-5.656,S2M
75,POZ,104,-6.144,S2M
75,POZ,105,-7.609,S2M
75,POZ,106,-8.097,S2M
75,POZ,107,-7.609,S2M
75,POZ,108,-5.656,S2M
75,POZ,109,-3.703,S2M
75,POZ,110,-2.238,S2M
75,POZ,111,-1.750,S2M
75,POZ,112,-0.773,S2M
75,POZ,113,0.692,S2M
75,POZ,114,1.668,S2M
75,POZ,115,1.668,S2M
75,POZ,116,1.180,S2M
75,POZ,117,0.203,S2M
75,POZ,118,-0.285,S2M
75,POZ,119,-0.773,S2M
75,POZ,120,-0.285,S2M
75,POZ,121,-1.261,S2M
75,POZ,122,-1.750,S2M
75,POZ,123,-3.215,S2M
75,POZ,124,-4.191,S2M
75,POZ,125,-4.679,S2M
75,POZ,126,-4.679,S2M
75,POZ,127,-5.168,S2M
75,POZ,128,-5.168,S2M
75,POZ,129,-3.703,S2M
75,POZ,130,-1.750,S2M
75,POZ,131,1.180,S2M
75,POZ,132,3.133,S2M
75,POZ,133,4.110,S2M
75,POZ,134,3.133,S2M
75,POZ,135,1.668,S2M
75,POZ,136,0.203,S2M
75,POZ,137,0.203,S2M
75,POZ,138,1.668,S2M
75,POZ,139,2.645,S2M
75,POZ,140,2.645,S2M
75,POZ,141,2.157,S2M
75,POZ,142,0.692,S2M
75,POZ,143,-0.285,S2M
75,POZ,144,-0.773,S2M
75,POZ,145,-1.750,S2M
75,POZ,146,-3.215,S2M
75,POZ,147,-5.656,S2M
75,POZ,148,-7.609,S2M
75,POZ,149,-8.586,S2M
75,POZ,150,-8.097,S2M
75,POZ,151,-6.632,S2M
75,POZ,152,-4.679,S2M
75,POZ,153,-3.215,S2M
75,POZ,154,-2.726,S2M
75,POZ,155,-2.238,S2M
75,POZ,156,-2.726,S2M
75,POZ,157,-3.703,S2M
75,POZ,158,-5.168,S2M
75,POZ,159,-7.121,S2M
75,POZ,160,-8.097,S2M
75,POZ,161,-7.609,S2M
75,POZ,162,-5.168,S2M
75,POZ,163,-1.750,S2M
75,POZ,164,0.692,S2M
75,POZ,165,0.692,S2M
75,POZ,166,-1.261,S2M
75,POZ,167,-4.679,S2M
75,POZ,168,-7.121,S2M
75,POZ,169,-8.097,S2M
75,POZ,170,-8.097,S2M
75,POZ,171,-7.121,S2M
75,POZ,172,-6.632,S2M
75,POZ,173,-6.144,S2M
75,POZ,174,-6.144,S2M
75,POZ,175,-6.632,S2M
75,POZ,176,-8.097,S2M
75,POZ,177,-9.562,S2M
75,POZ,178,-10.539,S2M
75,POZ,179,-10.050,S2M
75,POZ,180,-7.609,S2M
75,POZ,181,-4.679,S2M
75,POZ,182,-1.750,S2M
75,POZ,183,-0.773,S2M
75,POZ,184,-1.750,S2M
75,POZ,185,-3.703,S2M
75,POZ,186,-5.656,S2M
75,POZ,187,-6.632,S2M
75,POZ,188,-6.144,S2M
75,POZ,189,-5.168,S2M
75,POZ,190,-3.703,S2M
75,POZ,191,-2.726,S2M
75,POZ,192,-1.750,S2M
75,POZ,193,-2.238,S2M
75,POZ,194,-2.726,S2M
75,POZ,195,-3.703,S2M
75,POZ,196,-4.679,S2M
75,POZ,197,-5.656,S2M
75,POZ,198,-5.168,S2M
75,POZ,199,-3.703,S2M
75,POZ,200,-1.750,S2M
75,POZ,201,0.203,S2M
75,POZ,202,0.692,S2M
75,POZ,203,-0.773,S2M
75,POZ,204,-3.703,S2M
75,POZ,205,-5.656,S2M
75,POZ,206,-6.144,S2M
75,POZ,207,-4.191,S2M
75,POZ,208,-1.750,S2M
75,POZ,209,-1.750,S2M
75,POZ,210,-4.679,S2M
75,POZ,211,-8.097,S2M
75,POZ,212,-10.050,S2M
75,POZ,213,-9.074,S2M
75,POZ,214,-5.656,S2M
75,POZ,215,-4.191,S2M
75,POZ,216,-4.679,S2M
75,POZ,217,-8.586,S2M
75,POZ,218,-11.027,S2M
75,POZ,219,-10.539,S2M
75,POZ,220,-6.632,S2M
75,POZ,221,-1.261,S2M
75,POZ,222,2.645,S2M
75,POZ,223,3.133,S2M
75,POZ,224,2.157,S2M
75,POZ,225,2.157,S2M
75,POZ,226,4.110,S2M
75,POZ,227,6.551,S2M
75,POZ,228,7.528,S2M
75,POZ,229,5.575,S2M
75,POZ,230,2.645,S2M
75,POZ,231,0.692,S2M
75,POZ,232,0.692,S2M
75,POZ,233,2.157,S2M
75,POZ,234,4.110,S2M
75,POZ,235,4.110,S2M
75,POZ,236,3.133,S2M
75,POZ,237,0.692,S2M
75,POZ,238,-0.773,S2M
75,POZ,239,-2.238,S2M
75,POZ,240,-3.215,S2M
75,POZ,241,-3.703,S2M
75,POZ,242,-4.191,S2M
75,POZ,243,-3.703,S2M
75,POZ,244,-2.726,S2M
75,POZ,245,-1.750,S2M
75,POZ,246,-2.726,S2M
75,POZ,247,-4.679,S2M
75,POZ,248,-7.121,S2M
75,POZ,249,-8.097,S2M
75,POZ,250,-7.609,S2M
75,POZ,251,-4.679,S2M
75,POZ,252,-1.750,S2M
75,POZ,253,0.692,S2M
75,POZ,254,2.645,S2M
75,POZ,255,4.110,S2M
75,OZ,0,8.270,S2M
75,OZ,1,9.247,S2M
75,OZ,2,9.247,S2M
75,OZ,3,7.782,S2M
75,OZ,4,4.852,S2M
75,OZ,5,1.434,S2M
75,OZ,6,-1.984,S2M
75,OZ,7,-4.913,S2M
75,OZ,8,-6.866,S2M
75,OZ,9,-6.378,S2M
75,OZ,10,-4.913,S2M
75,OZ,11,-2.960,S2M
75,OZ,12,-0.519,S2M
75,OZ,13,1.434,S2M
75,OZ,14,2.411,S2M
75,OZ,15,2.899,S2M
75,OZ,16,1.923,S2M
75,OZ,17,0.946,S2M
75,OZ,18,1.434,S2M
75,OZ,19,3.876,S2M
75,OZ,20,7.782,S2M
75,OZ,21,11.688,S2M
75,OZ,22,12.665,S2M
75,OZ,23,11.200,S2M
75,OZ,24,7.294,S2M
75,OZ,25,3.387,S2M
75,OZ,26,0.458,S2M
75,OZ,27,-0.031,S2M
75,OZ,28,0.458,S2M
75,OZ,29,1.923,S2M
75,OZ,30,3.387,S2M
75,OZ,31,4.852,S2M
75,OZ,32,5.341,S2M
75,OZ,33,4.364,S2M
75,OZ,34,1.923,S2M
75,OZ,35,-1.007,S2M
75,OZ,36,-2.960,S2M
75,OZ,37,-3.448,S2M
75,OZ,38,-3.448,S2M
75,OZ,39,-4.425,S2M
75,OZ,40,-6.378,S2M
75,OZ,41,-7.355,S2M
75,OZ,42,-7.355,S2M
75,OZ,43,-6.866,S2M
75,OZ,44,-6.866,S2M
75,OZ,45,-8.820,S2M
75,OZ,46,-12.238,S2M
75,OZ,47,-13.214,S2M
75,OZ,48,-11.261,S2M
75,OZ,49,-6.866,S2M
75,OZ,50,-3.448,S2M
75,OZ,51,-2.472,S2M
75,OZ,52,-4.425,S2M
75,OZ,53,-6.866,S2M
75,OZ,54,-7.355,S2M
75,OZ,55,-5.402,S2M
75,OZ,56,-2.960,S2M
75,OZ,57,-2.472,S2M
75,OZ,58,-3.448,S2M
75,OZ,59,-4.913,S2M
75,OZ,60,-5.890,S2M
75,OZ,61,-5.402,S2M
75,OZ,62,-5.402,S2M
75,OZ,63,-6.378,S2M
75,OZ,64,-6.378,S2M
75,OZ,65,-4.913,S2M
75,OZ,66,-1.495,S2M
75,OZ,67,2.899,S2M
75,OZ,68,4.852,S2M
75,OZ,69,4.364,S2M
75,OZ,70,1.434,S2M
75,OZ,71,-2.472,S2M
75,OZ,72,-5.890,S2M
75,OZ,73,-8.331,S2M
75,OZ,74,-8.820,S2M
75,OZ,75,-8.820,S2M
75,OZ,76,-8.331,S2M
75,OZ,77,-7.355,S2M
75,OZ,78,-6.866,S2M
75,OZ,79,-7.843,S2M
75,OZ,80,-10.284,S2M
75,OZ,81,-13.214,S2M
75,OZ,82,-16.144,S2M
75,OZ,83,-18.585,S2M
75,OZ,84,-19.562,S2M
75,OZ,85,-20.538,S2M
75,OZ,86,-22.003,S2M
75,OZ,87,-22.491,S2M
75,OZ,88,-20.538,S2M
75,OZ,89,-16.144,S2M
75,OZ,90,-10.773,S2M
75,OZ,91,-6.866,S2M
75,OZ,92,-5.890,S2M
75,OZ,93,-9.308,S2M
75,OZ,94,-13.214,S2M
75,OZ,95,-14.679,S2M
75,OZ,96,-12.726,S2M
75,OZ,97,-8.820,S2M
75,OZ,98,-5.402,S2M
75,OZ,99,-4.425,S2M
75,OZ,100,-5.402,S2M
75,OZ,101,-6.378,S2M
75,OZ,102,-6.378,S2M
75,OZ,103,-6.378,S2M
75,OZ,104,-7.843,S2M
75,OZ,105,-9.796,S2M
75,OZ,106,-10.773,S2M
75,OZ,107,-9.308,S2M
75,OZ,108,-5.890,S2M
75,OZ,109,-2.472,S2M
75,OZ,110,-1.007,S2M
75,OZ,111,-0.519,S2M
75,OZ,112,-1.007,S2M
75,OZ,113,0.458,S2M
75,OZ,114,2.411,S2M
75,OZ,115,3.387,S2M
75,OZ,116,2.411,S2M
75,OZ,117,0.458,S2M
75,OZ,118,-1.984,S2M
75,OZ,119,-2.472,S2M
75,OZ,120,-1.984,S2M
75,OZ,121,-1.007,S2M
75,OZ,122,-0.519,S2M
75,OZ,123,-1.007,S2M
75,OZ,124,-2.472,S2M
75,OZ,125,-3.448,S2M
75,OZ,126,-3.448,S2M
75,OZ,127,-2.472,S2M
75,OZ,128,-0.519,S2M
75,OZ,129,1.923,S2M
75,OZ,130,2.899,S2M
75,OZ,131,4.852,S2M
75,OZ,132,4.852,S2M
75,OZ,133,4.364,S2M
75,OZ,134,3.876,S2M
75,OZ,135,3.876,S2M
75,OZ,136,4.364,S2M
75,OZ,137,5.829,S2M
75,OZ,138,7.294,S2M
75,OZ,139,7.294,S2M
75,OZ,140,5.829,S2M
75,OZ,141,4.364,S2M
75,OZ,142,2.411,S2M
75,OZ,143,1.434,S2M
75,OZ,144,0.458,S2M
75,OZ,145,-0.519,S2M
75,OZ,146,-1.007,S2M
75,OZ,147,-1.984,S2M
75,OZ,148,-2.960,S2M
75,OZ,149,-3.937,S2M
75,OZ,150,-4.425,S2M
75,OZ,151,-4.425,S2M
75,OZ,152,-2.960,S2M
75,OZ,153,-1.007,S2M
75,OZ,154,0.946,S2M
75,OZ,155,1.434,S2M
75,OZ,156,-0.031,S2M
75,OZ,157,-3.448,S2M
75,OZ,158,-6.866,S2M
75,OZ,159,-9.308,S2M
75,OZ,160,-9.796,S2M
75,OZ,161,-7.355,S2M
75,OZ,162,-3.937,S2M
75,OZ,163,-1.495,S2M
75,OZ,164,-0.519,S2M
75,OZ,165,-1.495,S2M
75,OZ,166,-3.448,S2M
75,OZ,167,-4.913,S2M
75,OZ,168,-6.378,S2M
75,OZ,169,-6.866,S2M
75,OZ,170,-5.890,S2M
75,OZ,171,-4.425,S2M
75,OZ,172,-2.472,S2M
75,OZ,173,-1.495,S2M
75,OZ,174,-2.472,S2M
75,OZ,175,-5.402,S2M
75,OZ,176,-8.820,S2M
75,OZ,177,-11.749,S2M
75,OZ,178,-11.749,S2M
75,OZ,179,-9.796,S2M
75,OZ,180,-6.378,S2M
75,OZ,181,-2.960,S2M
75,OZ,182,-1.495,S2M
75,OZ,183,-1.984,S2M
75,OZ,184,-1.984,S2M
75,OZ,185,-2.960,S2M
75,OZ,186,-3.448,S2M
75,OZ,187,-3.937,S2M
75,OZ,188,-4.425,S2M
75,OZ,189,-4.913,S2M
75,OZ,190,-4.425,S2M
75,OZ,191,-4.425,S2M
75,OZ,192,-4.425,S2M
75,OZ,193,-4.425,S2M
75,OZ,194,-3.448,S2M
75,OZ,195,-2.472,S2M
75,OZ,196,-2.472,S2M
75,OZ,197,-2.960,S2M
75,OZ,198,-4.425,S2M
75,OZ,199,-4.913,S2M
75,OZ,200,-3.448,S2M
75,OZ,201,-0.519,S2M
75,OZ,202,1.434,S2M
75,OZ,203,0.946,S2M
75,OZ,204,-1.495,S2M
75,OZ,205,-3.937,S2M
75,OZ,206,-3.448,S2M
75,OZ,207,-1.495,S2M
75,OZ,208,0.458,S2M
75,OZ,209,-1.495,S2M
75,OZ,210,-5.890,S2M
75,OZ,211,-10.284,S2M
75,OZ,212,-12.238,S2M
75,OZ,213,-9.796,S2M
75,OZ,214,-6.378,S2M
75,OZ,215,-4.913,S2M
75,OZ,216,-6.378,S2M
75,OZ,217,-8.820,S2M
75,OZ,218,-9.308,S2M
75,OZ,219,-6.866,S2M
75,OZ,220,-3.448,S2M
75,OZ,221,-0.031,S2M
75,OZ,222,0.946,S2M
75,OZ,223,1.434,S2M
75,OZ,224,1.923,S2M
75,OZ,225,3.876,S2M
75,OZ,226,6.317,S2M
75,OZ,227,7.294,S2M
75,OZ,228,6.317,S2M
75,OZ,229,4.364,S2M
75,OZ,230,3.876,S2M
75,OZ,231,4.852,S2M
75,OZ,232,6.317,S2M
75,OZ,233,7.294,S2M
75,OZ,234,6.805,S2M
75,OZ,235,5.341,S2M
75,OZ,236,4.364,S2M
75,OZ,237,3.387,S2M
75,OZ,238,1.434,S2M
75,OZ,239,-1.495,S2M
75,OZ,240,-3.448,S2M
75,OZ,241,-3.448,S2M
75,OZ,242,-1.495,S2M
75,OZ,243,1.434,S2M
75,OZ,244,2.411,S2M
75,OZ,245,0.458,S2M
75,OZ,246,-3.937,S2M
75,OZ,247,-7.355,S2M
75,OZ,248,-8.331,S2M
75,OZ,249,-6.378,S2M
75,OZ,250,-3.448,S2M
75,OZ,251,-0.519,S2M
75,OZ,252,1.434,S2M
75,OZ,253,2.899,S2M
75,OZ,254,4.852,S2M
75,OZ,255,7.294,S2M
75,P2,0,6.561,S2M
75,P2,1,7.538,S2M
75,P2,2,7.538,S2M
75,P2,3,6.073,S2M
75,P2,4,4.608,S2M
75,P2,5,2.655,S2M
75,P2,6,0.702,S2M
75,P2,7,-0.763,S2M
75,P2,8,-2.228,S2M
75,P2,9,-2.228,S2M
75,P2,10,-1.740,S2M
75,P2,11,-0.763,S2M
75,P2,12,0.214,S2M
75,P2,13,0.702,S2M
75,P2,14,1.678,S2M
75,P2,15,1.190,S2M
75,P2,16,-0.275,S2M
75,P2,17,-1.740,S2M
75,P2,18,-1.740,S2M
75,P2,19,0.214,S2M
75,P2,20,3.143,S2M
75,P2,21,5.585,S2M
75,P2,22,5.585,S2M
75,P2,23,3.143,S2M
75,P2,24,-0.275,S2M
75,P2,25,-2.716,S2M
75,P2,26,-2.716,S2M
75,P2,27,-0.275,S2M
75,P2,28,0.214,S2M
75,P2,29,0.214,S2M
75,P2,30,-0.763,S2M
75,P2,31,-2.228,S2M
75,P2,32,-2.716,S2M
75,P2,33,-2.716,S2M
75,P2,34,-2.228,S2M
75,P2,35,-3.204,S2M
75,P2,36,-4.669,S2M
75,P2,37,-7.111,S2M
75,P2,38,-8.087,S2M
75,P2,39,-8.087,S2M
75,P2,40,-6.622,S2M
75,P2,41,-5.646,S2M
75,P2,42,-4.181,S2M
75,P2,43,-4.181,S2M
75,P2,44,-4.181,S2M
75,P2,45,-4.181,S2M
75,P2,46,-3.693,S2M
75,P2,47,-2.716,S2M
75,P2,48,-1.740,S2M
75,P2,49,-1.251,S2M
75,P2,50,-0.763,S2M
75,P2,51,-0.763,S2M
75,P2,52,-0.763,S2M
75,P2,53,-0.275,S2M
75,P2,54,0.702,S2M
75,P2,55,1.678,S2M
75,P2,56,2.167,S2M
75,P2,57,1.190,S2M
75,P2,58,0.214,S2M
75,P2,59,-1.251,S2M
75,P2,60,-1.251,S2M
75,P2,61,-0.763,S2M
75,P2,62,-0.275,S2M
75,P2,63,-0.763,S2M
75,P2,64,-1.740,S2M
75,P2,65,-2.716,S2M
75,P2,66,-3.204,S2M
75,P2,67,-2.228,S2M
75,P2,68,-0.763,S2M
75,P2,69,0.702,S2M
75,P2,70,1.190,S2M
75,P2,71,0.702,S2M
75,P2,72,-0.275,S2M
75,P2,73,-2.228,S2M
75,P2,74,-4.181,S2M
75,P2,75,-5.157,S2M
75,P2,76,-4.669,S2M
75,P2,77,-2.716,S2M
75,P2,78,-1.251,S2M
75,P2,79,-0.275,S2M
75,P2,80,-0.763,S2M
75,P2,81,-3.204,S2M
75,P2,82,-6.134,S2M
75,P2,83,-8.575,S2M
75,P2,84,-9.064,S2M
75,P2,85,-9.064,S2M
75,P2,86,-7.599,S2M
75,P2,87,-6.134,S2M
75,P2,88,-5.646,S2M
75,P2,89,-5.157,S2M
75,P2,90,-3.693,S2M
75,P2,91,-2.228,S2M
75,P2,92,-1.251,S2M
75,P2,93,-1.740,S2M
75,P2,94,-4.181,S2M
75,P2,95,-6.134,S2M
75,P2,96,-6.134,S2M
75,P2,97,-3.693,S2M
75,P2,98,-0.275,S2M
75,P2,99,2.167,S2M
75,P2,100,2.655,S2M
75,P2,101,2.167,S2M
75,P2,102,0.702,S2M
75,P2,103,-0.763,S2M
75,P2,104,-2.228,S2M
75,P2,105,-3.693,S2M
75,P2,106,-4.181,S2M
75,P2,107,-3.693,S2M
75,P2,108,-2.228,S2M
75,P2,109,-1.740,S2M
75,P2,110,-1.251,S2M
75,P2,111,-0.275,S2M
75,P2,112,1.190,S2M
75,P2,113,2.655,S2M
75,P2,114,4.120,S2M
75,P2,115,4.120,S2M
75,P2,116,3.143,S2M
75,P2,117,2.167,S2M
75,P2,118,1.678,S2M
75,P2,119,1.190,S2M
75,P2,120,0.702,S2M
75,P2,121,0.214,S2M
75,P2,122,-0.763,S2M
75,P2,123,-1.251,S2M
75,P2,124,-1.740,S2M
75,P2,125,-1.740,S2M
75,P2,126,-1.251,S2M
75,P2,127,-1.251,S2M
75,P2,128,-1.251,S2M
75,P2,129,-0.275,S2M
75,P2,130,1.190,S2M
75,P2,131,2.655,S2M
75,P2,132,4.120,S2M
75,P2,133,5.096,S2M
75,P2,134,5.585,S2M
75,P2,135,5.585,S2M
75,P2,136,5.585,S2M
75,P2,137,5.585,S2M
75,P2,138,6.073,S2M
75,P2,139,7.050,S2M
75,P2,140,7.538,S2M
75,P2,141,7.050,S2M
75,P2,142,6.561,S2M
75,P2,143,5.585,S2M
75,P2,144,5.096,S2M
75,P2,145,4.608,S2M
75,P2,146,4.120,S2M
75,P2,147,3.632,S2M
75,P2,148,2.655,S2M
75,P2,149,2.167,S2M
75,P2,150,2.655,S2M
75,P2,151,3.632,S2M
75,P2,152,4.608,S2M
75,P2,153,5.585,S2M
75,P2,154,6.073,S2M
75,P2,155,7.050,S2M
75,P2,156,7.538,S2M
75,P2,157,8.026,S2M
75,P2,158,7.538,S2M
75,P2,159,6.561,S2M
75,P2,160,5.585,S2M
75,P2,161,6.073,S2M
75,P2,162,8.026,S2M
75,P2,163,10.468,S2M
75,P2,164,12.421,S2M
75,P2,165,12.421,S2M
75,P2,166,10.468,S2M
75,P2,167,8.026,S2M
75,P2,168,6.073,S2M
75,P2,169,6.561,S2M
75,P2,170,8.026,S2M
75,P2,171,9.491,S2M
75,P2,172,9.979,S2M
75,P2,173,9.003,S2M
75,P2,174,7.538,S2M
75,P2,175,6.561,S2M
75,P2,176,5.585,S2M
75,P2,177,5.096,S2M
75,P2,178,4.608,S2M
75,P2,179,5.096,S2M
75,P2,180,6.561,S2M
75,P2,181,9.003,S2M
75,P2,182,11.444,S2M
75,P2,183,11.932,S2M
75,P2,184,11.444,S2M
75,P2,185,10.468,S2M
75,P2,186,9.491,S2M
75,P2,187,9.003,S2M
75,P2,188,9.003,S2M
75,P2,189,9.003,S2M
75,P2,190,9.003,S2M
75,P2,191,8.514,S2M
75,P2,192,8.026,S2M
75,P2,193,7.538,S2M
75,P2,194,7.050,S2M
75,P2,195,7.538,S2M
75,P2,196,7.538,S2M
75,P2,197,8.026,S2M
75,P2,198,8.514,S2M
75,P2,199,9.491,S2M
75,P2,200,10.468,S2M
75,P2,201,12.421,S2M
75,P2,202,13.397,S2M
75,P2,203,12.421,S2M
75,P2,204,10.468,S2M
75,P2,205,8.026,S2M
75,P2,206,7.050,S2M
75,P2,207,7.538,S2M
75,P2,208,8.514,S2M
75,P2,209,9.003,S2M
75,P2,210,7.050,S2M
75,P2,211,5.096,S2M
75,P2,212,4.120,S2M
75,P2,213,5.585,S2M
75,P2,214,7.050,S2M
75,P2,215,7.538,S2M
75,P2,216,6.561,S2M
75,P2,217,3.632,S2M
75,P2,218,1.678,S2M
75,P2,219,3.143,S2M
75,P2,220,6.561,S2M
75,P2,221,10.468,S2M
75,P2,222,12.421,S2M
75,P2,223,12.421,S2M
75,P2,224,11.444,S2M
75,P2,225,11.444,S2M
75,P2,226,12.909,S2M
75,P2,227,14.374,S2M
75,P2,228,15.350,S2M
75,P2,229,13.885,S2M
75,P2,230,11.932,S2M
75,P2,231,10.468,S2M
75,P2,232,9.979,S2M
75,P2,233,10.956,S2M
75,P2,234,11.932,S2M
75,P2,235,11.932,S2M
75,P2,236,11.932,S2M
75,P2,237,10.956,S2M
75,P2,238,10.468,S2M
75,P2,239,9.491,S2M
75,P2,240,8.514,S2M
75,P2,241,7.538,S2M
75,P2,242,6.561,S2M
75,P2,243,6.561,S2M
75,P2,244,6.561,S2M
75,P2,245,6.073,S2M
75,P2,246,6.073,S2M
75,P2,247,5.096,S2M
75,P2,248,4.608,S2M
75,P2,249,5.096,S2M
75,P2,250,6.561,S2M
75,P2,251,8.026,S2M
75,P2,252,9.491,S2M
75,P2,253,9.979,S2M
75,P2,254,10.468,S2M
75,P2,255,11.444,S2M
75,P1,0,3.794,S2M
75,P1,1,4.771,S2M
75,P1,2,5.747,S2M
75,P1,3,5.747,S2M
75,P1,4,4.771,S2M
75,P1,5,2.818,S2M
75,P1,6,0.376,S2M
75,P1,7,-2.065,S2M
75,P1,8,-2.065,S2M
75,P1,9,-1.577,S2M
75,P1,10,-0.112,S2M
75,P1,11,1.353,S2M
75,P1,12,1.841,S2M
75,P1,13,1.841,S2M
75,P1,14,1.841,S2M
75,P1,15,1.841,S2M
75,P1,16,1.353,S2M
75,P1,17,0.865,S2M
75,P1,18,0.865,S2M
75,P1,19,1.353,S2M
75,P1,20,3.306,S2M
75,P1,21,4.771,S2M
75,P1,22,5.747,S2M
75,P1,23,5.259,S2M
75,P1,24,3.794,S2M
75,P1,25,1.353,S2M
75,P1,26,-0.600,S2M
75,P1,27,-2.065,S2M
75,P1,28,-2.553,S2M
75,P1,29,-2.553,S2M
75,P1,30,-1.577,S2M
75,P1,31,-1.088,S2M
75,P1,32,-0.112,S2M
75,P1,33,-0.600,S2M
75,P1,34,-1.577,S2M
75,P1,35,-3.530,S2M
75,P1,36,-6.460,S2M
75,P1,37,-8.901,S2M
75,P1,38,-9.878,S2M
75,P1,39,-9.878,S2M
75,P1,40,-7.924,S2M
75,P1,41,-6.460,S2M
75,P1,42,-5.483,S2M
75,P1,43,-5.971,S2M
75,P1,44,-6.948,S2M
75,P1,45,-7.436,S2M
75,P1,46,-7.436,S2M
75,P1,47,-6.948,S2M
75,P1,48,-5.483,S2M
75,P1,49,-3.530,S2M
75,P1,50,-1.577,S2M
75,P1,51,-0.112,S2M
75,P1,52,-0.112,S2M
75,P1,53,-1.577,S2M
75,P1,54,-2.065,S2M
75,P1,55,-2.065,S2M
75,P1,56,-1.088,S2M
75,P1,57,-0.600,S2M
75,P1,58,-1.088,S2M
75,P1,59,-2.553,S2M
75,P1,60,-3.530,S2M
75,P1,61,-4.506,S2M
75,P1,62,-4.018,S2M
75,P1,63,-3.530,S2M
75,P1,64,-2.065,S2M
75,P1,65,-1.577,S2M
75,P1,66,-1.088,S2M
75,P1,67,-0.112,S2M
75,P1,68,-0.112,S2M
75,P1,69,0.376,S2M
75,P1,70,-0.112,S2M
75,P1,71,-1.088,S2M
75,P1,72,-2.553,S2M
75,P1,73,-4.018,S2M
75,P1,74,-4.995,S2M
75,P1,75,-5.483,S2M
75,P1,76,-4.995,S2M
75,P1,77,-3.530,S2M
75,P1,78,-2.065,S2M
75,P1,79,-1.577,S2M
75,P1,80,-2.553,S2M
75,P1,81,-4.995,S2M
75,P1,82,-7.924,S2M
75,P1,83,-10.366,S2M
75,P1,84,-11.831,S2M
75,P1,85,-12.319,S2M
75,P1,86,-12.319,S2M
75,P1,87,-11.831,S2M
75,P1,88,-10.366,S2M
75,P1,89,-8.413,S2M
75,P1,90,-5.483,S2M
75,P1,91,-2.065,S2M
75,P1,92,-0.112,S2M
75,P1,93,-1.088,S2M
75,P1,94,-4.018,S2M
75,P1,95,-6.948,S2M
75,P1,96,-7.924,S2M
75,P1,97,-5.971,S2M
75,P1,98,-3.042,S2M
75,P1,99,-1.577,S2M
75,P1,100,-2.065,S2M
75,P1,101,-3.042,S2M
75,P1,102,-4.506,S2M
75,P1,103,-4.995,S2M
75,P1,104,-4.506,S2M
75,P1,105,-4.018,S2M
75,P1,106,-3.530,S2M
75,P1,107,-3.530,S2M
75,P1,108,-3.042,S2M
75,P1,109,-2.065,S2M
75,P1,110,-1.088,S2M
75,P1,111,-0.112,S2M
75,P1,112,0.865,S2M
75,P1,113,0.865,S2M
75,P1,114,0.865,S2M
75,P1,115,0.865,S2M
75,P1,116,0.865,S2M
75,P1,117,0.865,S2M
75,P1,118,0.865,S2M
75,P1,119,0.865,S2M
75,P1,120,-0.112,S2M
75,P1,121,-0.600,S2M
75,P1,122,-1.577,S2M
75,P1,123,-2.065,S2M
75,P1,124,-2.065,S2M
75,P1,125,-2.065,S2M
75,P1,126,-2.553,S2M
75,P1,127,-3.530,S2M
75,P1,128,-3.530,S2M
75,P1,129,-2.553,S2M
75,P1,130,-0.112,S2M
75,P1,131,2.818,S2M
75,P1,132,5.259,S2M
75,P1,133,5.747,S2M
75,P1,134,5.259,S2M
75,P1,135,3.794,S2M
75,P1,136,2.330,S2M
75,P1,137,1.841,S2M
75,P1,138,2.330,S2M
75,P1,139,3.306,S2M
75,P1,140,3.794,S2M
75,P1,141,3.794,S2M
75,P1,142,3.306,S2M
75,P1,143,3.306,S2M
75,P1,144,3.306,S2M
75,P1,145,2.818,S2M
75,P1,146,1.353,S2M
75,P1,147,-0.600,S2M
75,P1,148,-3.530,S2M
75,P1,149,-5.483,S2M
75,P1,150,-5.483,S2M
75,P1,151,-3.530,S2M
75,P1,152,-1.088,S2M
75,P1,153,0.865,S2M
75,P1,154,1.841,S2M
75,P1,155,1.353,S2M
75,P1,156,-0.112,S2M
75,P1,157,-1.577,S2M
75,P1,158,-2.553,S2M
75,P1,159,-3.530,S2M
75,P1,160,-3.530,S2M
75,P1,161,-2.553,S2M
75,P1,162,-1.088,S2M
75,P1,163,0.865,S2M
75,P1,164,2.330,S2M
75,P1,165,2.818,S2M
75,P1,166,1.841,S2M
75,P1,167,-0.112,S2M
75,P1,168,-2.065,S2M
75,P1,169,-4.018,S2M
75,P1,170,-5.483,S2M
75,P1,171,-5.971,S2M
75,P1,172,-5.971,S2M
75,P1,173,-4.506,S2M
75,P1,174,-3.530,S2M
75,P1,175,-2.065,S2M
75,P1,176,-2.065,S2M
75,P1,177,-3.042,S2M
75,P1,178,-4.018,S2M
75,P1,179,-4.018,S2M
75,P1,180,-2.553,S2M
75,P1,181,-0.112,S2M
75,P1,182,1.841,S2M
75,P1,183,1.841,S2M
75,P1,184,1.353,S2M
75,P1,185,-0.600,S2M
75,P1,186,-2.065,S2M
75,P1,187,-2.065,S2M
75,P1,188,-1.577,S2M
75,P1,189,-1.088,S2M
75,P1,190,-1.088,S2M
75,P1,191,-1.088,S2M
75,P1,192,-1.088,S2M
75,P1,193,-1.577,S2M
75,P1,194,-1.577,S2M
75,P1,195,-2.065,S2M
75,P1,196,-2.553,S2M
75,P1,197,-3.042,S2M
75,P1,198,-3.042,S2M
75,P1,199,-2.065,S2M
75,P1,200,-0.600,S2M
75,P1,201,0.865,S2M
75,P1,202,1.841,S2M
75,P1,203,0.865,S2M
75,P1,204,-1.088,S2M
75,P1,205,-3.042,S2M
75,P1,206,-3.530,S2M
75,P1,207,-2.065,S2M
75,P1,208,0.376,S2M
75,P1,209,1.353,S2M
75,P1,210,0.376,S2M
75,P1,211,-2.553,S2M
75,P1,212,-4.995,S2M
75,P1,213,-5.971,S2M
75,P1,214,-4.506,S2M
75,P1,215,-2.553,S2M
75,P1,216,-1.577,S2M
75,P1,217,-2.553,S2M
75,P1,218,-4.506,S2M
75,P1,219,-4.506,S2M
75,P1,220,-2.553,S2M
75,P1,221,1.353,S2M
75,P1,222,4.771,S2M
75,P1,223,5.747,S2M
75,P1,224,5.259,S2M
75,P1,225,4.283,S2M
75,P1,226,4.771,S2M
75,P1,227,6.236,S2M
75,P1,228,7.701,S2M
75,P1,229,6.724,S2M
75,P1,230,4.283,S2M
75,P1,231,1.841,S2M
75,P1,232,0.865,S2M
75,P1,233,1.841,S2M
75,P1,234,3.794,S2M
75,P1,235,4.771,S2M
75,P1,236,4.283,S2M
75,P1,237,1.841,S2M
75,P1,238,-0.112,S2M
75,P1,239,-1.088,S2M
75,P1,240,-1.577,S2M
75,P1,241,-1.577,S2M
75,P1,242,-1.577,S2M
75,P1,243,-1.088,S2M
75,P1,244,-0.112,S2M
75,P1,245,0.376,S2M
75,P1,246,-0.600,S2M
75,P1,247,-2.065,S2M
75,P1,248,-4.995,S2M
75,P1,249,-6.460,S2M
75,P1,250,-6.948,S2M
75,P1,251,-5.483,S2M
75,P1,252,-2.553,S2M
75,P1,253,0.865,S2M
75,P1,254,3.306,S2M
75,P1,255,5.747,S2M
75,CPZ,0,3.103,S2M
75,CPZ,1,3.591,S2M
75,CPZ,2,3.591,S2M
75,CPZ,3,3.591,S2M
75,CPZ,4,3.103,S2M
75,CPZ,5,2.126,S2M
75,CPZ,6,1.149,S2M
75,CPZ,7,0.661,S2M
75,CPZ,8,0.661,S2M
75,CPZ,9,1.149,S2M
75,CPZ,10,1.638,S2M
75,CPZ,11,2.614,S2M
75,CPZ,12,2.126,S2M
75,CPZ,13,1.638,S2M
75,CPZ,14,1.149,S2M
75,CPZ,15,0.173,S2M
75,CPZ,16,0.173,S2M
75,CPZ,17,0.173,S2M
75,CPZ,18,0.661,S2M
75,CPZ,19,1.638,S2M
75,CPZ,20,2.614,S2M
75,CPZ,21,2.614,S2M
75,CPZ,22,2.614,S2M
75,CPZ,23,1.638,S2M
75,CPZ,24,1.149,S2M
75,CPZ,25,0.661,S2M
75,CPZ,26,0.173,S2M
75,CPZ,27,0.173,S2M
75,CPZ,28,-0.315,S2M
75,CPZ,29,-0.315,S2M
75,CPZ,30,0.661,S2M
75,CPZ,31,1.149,S2M
75,CPZ,32,1.149,S2M
75,CPZ,33,1.149,S2M
75,CPZ,34,0.661,S2M
75,CPZ,35,-0.315,S2M
75,CPZ,36,-0.804,S2M
75,CPZ,37,-1.780,S2M
75,CPZ,38,-1.780,S2M
75,CPZ,39,-1.780,S2M
75,CPZ,40,-1.780,S2M
75,CPZ,41,-1.780,S2M
75,CPZ,42,-1.780,S2M
75,CPZ,43,-1.292,S2M
75,CPZ,44,-1.292,S2M
75,CPZ,45,-1.292,S2M
75,CPZ,46,-0.804,S2M
75,CPZ,47,-0.315,S2M
75,CPZ,48,0.173,S2M
75,CPZ,49,0.661,S2M
75,CPZ,50,1.638,S2M
75,CPZ,51,2.126,S2M
75,CPZ,52,2.614,S2M
75,CPZ,53,2.126,S2M
75,CPZ,54,1.638,S2M
75,CPZ,55,0.661,S2M
75,CPZ,56,0.661,S2M
75,CPZ,57,0.661,S2M
75,CPZ,58,0.661,S2M
75,CPZ,59,0.661,S2M
75,CPZ,60,0.661,S2M
75,CPZ,61,0.661,S2M
75,CPZ,62,0.661,S2M
75,CPZ,63,0.661,S2M
75,CPZ,64,0.661,S2M
75,CPZ,65,0.661,S2M
75,CPZ,66,1.149,S2M
75,CPZ,67,1.638,S2M
75,CPZ,68,1.638,S2M
75,CPZ,69,1.638,S2M
75,CPZ,70,1.638,S2M
75,CPZ,71,1.638,S2M
75,CPZ,72,1.149,S2M
75,CPZ,73,0.173,S2M
75,CPZ,74,-0.804,S2M
75,CPZ,75,-1.292,S2M
75,CPZ,76,-1.780,S2M
75,CPZ,77,-0.804,S2M
75,CPZ,78,0.173,S2M
75,CPZ,79,0.661,S2M
75,CPZ,80,1.149,S2M
75,CPZ,81,-0.315,S2M
75,CPZ,82,-1.292,S2M
75,CPZ,83,-2.268,S2M
75,CPZ,84,-3.245,S2M
75,CPZ,85,-2.757,S2M
75,CPZ,86,-2.757,S2M
75,CPZ,87,-1.780,S2M
75,CPZ,88,-1.292,S2M
75,CPZ,89,-0.315,S2M
75,CPZ,90,0.661,S2M
75,CPZ,91,2.126,S2M
75,CPZ,92,2.614,S2M
75,CPZ,93,2.126,S2M
75,CPZ,94,1.149,S2M
75,CPZ,95,-0.315,S2M
75,CPZ,96,-0.804,S2M
75,CPZ,97,0.173,S2M
75,CPZ,98,1.149,S2M
75,CPZ,99,2.126,S2M
75,CPZ,100,2.614,S2M
75,CPZ,101,2.126,S2M
75,CPZ,102,1.638,S2M
75,CPZ,103,1.149,S2M
75,CPZ,104,0.661,S2M
75,CPZ,105,-0.315,S2M
75,CPZ,106,-0.315,S2M
75,CPZ,107,-0.315,S2M
75,CPZ,108,-0.315,S2M
75,CPZ,109,0.173,S2M
75,CPZ,110,0.173,S2M
75,CPZ,111,0.661,S2M
75,CPZ,112,1.149,S2M
75,CPZ,113,1.638,S2M
75,CPZ,114,1.638,S2M
75,CPZ,115,1.638,S2M
75,CPZ,116,1.149,S2M
75,CPZ,117,1.149,S2M
75,CPZ,118,1.149,S2M
75,CPZ,119,1.149,S2M
75,CPZ,120,1.149,S2M
75,CPZ,121,0.661,S2M
75,CPZ,122,0.173,S2M
75,CPZ,123,-0.315,S2M
75,CPZ,124,-0.315,S2M
75,CPZ,125,-0.804,S2M
75,CPZ,126,-0.804,S2M
75,CPZ,127,-1.292,S2M
75,CPZ,128,-1.780,S2M
75,CPZ,129,-0.804,S2M
75,CPZ,130,-0.315,S2M
75,CPZ,131,1.149,S2M
75,CPZ,132,2.126,S2M
75,CPZ,133,2.614,S2M
75,CPZ,134,2.614,S2M
75,CPZ,135,2.126,S2M
75,CPZ,136,1.638,S2M
75,CPZ,137,1.149,S2M
75,CPZ,138,1.638,S2M
75,CPZ,139,1.638,S2M
75,CPZ,140,2.126,S2M
75,CPZ,141,2.126,S2M
75,CPZ,142,1.638,S2M
75,CPZ,143,1.149,S2M
75,CPZ,144,0.661,S2M
75,CPZ,145,0.661,S2M
75,CPZ,146,-0.315,S2M
75,CPZ,147,-0.804,S2M
75,CPZ,148,-1.780,S2M
75,CPZ,149,-2.268,S2M
75,CPZ,150,-2.268,S2M
75,CPZ,151,-2.268,S2M
75,CPZ,152,-1.292,S2M
75,CPZ,153,-0.804,S2M
75,CPZ,154,0.661,S2M
75,CPZ,155,1.149,S2M
75,CPZ,156,1.149,S2M
75,CPZ,157,0.661,S2M
75,CPZ,158,0.173,S2M
75,CPZ,159,-0.315,S2M
75,CPZ,160,-0.315,S2M
75,CPZ,161,-0.315,S2M
75,CPZ,162,0.173,S2M
75,CPZ,163,0.661,S2M
75,CPZ,164,1.149,S2M
75,CPZ,165,1.149,S2M
75,CPZ,166,0.661,S2M
75,CPZ,167,-0.315,S2M
75,CPZ,168,-1.292,S2M
75,CPZ,169,-2.268,S2M
75,CPZ,170,-2.268,S2M
75,CPZ,171,-2.268,S2M
75,CPZ,172,-2.268,S2M
75,CPZ,173,-2.268,S2M
75,CPZ,174,-2.268,S2M
75,CPZ,175,-1.780,S2M
75,CPZ,176,-1.780,S2M
75,CPZ,177,-1.780,S2M
75,CPZ,178,-1.780,S2M
75,CPZ,179,-1.780,S2M
75,CPZ,180,-0.804,S2M
75,CPZ,181,0.173,S2M
75,CPZ,182,0.661,S2M
75,CPZ,183,1.149,S2M
75,CPZ,184,0.661,S2M
75,CPZ,185,0.173,S2M
75,CPZ,186,-0.315,S2M
75,CPZ,187,0.173,S2M
75,CPZ,188,0.661,S2M
75,CPZ,189,0.661,S2M
75,CPZ,190,0.173,S2M
75,CPZ,191,-0.315,S2M
75,CPZ,192,-0.804,S2M
75,CPZ,193,-0.315,S2M
75,CPZ,194,-0.315,S2M
75,CPZ,195,-0.315,S2M
75,CPZ,196,-0.315,S2M
75,CPZ,197,-0.315,S2M
75,CPZ,198,-0.315,S2M
75,CPZ,199,0.173,S2M
75,CPZ,200,0.661,S2M
75,CPZ,201,2.126,S2M
75,CPZ,202,2.614,S2M
75,CPZ,203,2.614,S2M
75,CPZ,204,1.638,S2M
75,CPZ,205,0.173,S2M
75,CPZ,206,-0.315,S2M
75,CPZ,207,-0.315,S2M
75,CPZ,208,0.173,S2M
75,CPZ,209,0.173,S2M
75,CPZ,210,-0.315,S2M
75,CPZ,211,-1.780,S2M
75,CPZ,212,-2.268,S2M
75,CPZ,213,-2.268,S2M
75,CPZ,214,-1.780,S2M
75,CPZ,215,-1.292,S2M
75,CPZ,216,-1.292,S2M
75,CPZ,217,-1.780,S2M
75,CPZ,218,-2.757,S2M
75,CPZ,219,-2.268,S2M
75,CPZ,220,-1.780,S2M
75,CPZ,221,0.173,S2M
75,CPZ,222,2.126,S2M
75,CPZ,223,2.614,S2M
75,CPZ,224,2.614,S2M
75,CPZ,225,1.638,S2M
75,CPZ,226,2.126,S2M
75,CPZ,227,2.614,S2M
75,CPZ,228,3.591,S2M
75,CPZ,229,3.103,S2M
75,CPZ,230,2.126,S2M
75,CPZ,231,1.149,S2M
75,CPZ,232,-0.315,S2M
75,CPZ,233,-0.315,S2M
75,CPZ,234,0.173,S2M
75,CPZ,235,0.173,S2M
75,CPZ,236,0.661,S2M
75,CPZ,237,0.661,S2M
75,CPZ,238,-0.315,S2M
75,CPZ,239,-0.315,S2M
75,CPZ,240,-1.292,S2M
75,CPZ,241,-1.292,S2M
75,CPZ,242,-1.292,S2M
75,CPZ,243,-1.292,S2M
75,CPZ,244,-0.804,S2M
75,CPZ,245,-0.804,S2M
75,CPZ,246,-0.804,S2M
75,CPZ,247,-1.780,S2M
75,CPZ,248,-2.268,S2M
75,CPZ,249,-2.268,S2M
75,CPZ,250,-1.780,S2M
75,CPZ,251,-1.292,S2M
75,CPZ,252,-0.804,S2M
75,CPZ,253,0.173,S2M
75,CPZ,254,0.661,S2M
75,CPZ,255,1.638,S2M
75,nd,0,-3.550,S2M
75,nd,1,-3.062,S2M
75,nd,2,-2.085,S2M
75,nd,3,-1.109,S2M
75,nd,4,0.356,S2M
75,nd,5,1.333,S2M
75,nd,6,1.821,S2M
75,nd,7,0.844,S2M
75,nd,8,-1.597,S2M
75,nd,9,-4.527,S2M
75,nd,10,-6.968,S2M
75,nd,11,-7.456,S2M
75,nd,12,-6.480,S2M
75,nd,13,-4.038,S2M
75,nd,14,-2.085,S2M
75,nd,15,-0.621,S2M
75,nd,16,0.356,S2M
75,nd,17,0.356,S2M
75,nd,18,-1.109,S2M
75,nd,19,-2.574,S2M
75,nd,20,-4.527,S2M
75,nd,21,-5.015,S2M
75,nd,22,-4.527,S2M
75,nd,23,-2.574,S2M
75,nd,24,-0.132,S2M
75,nd,25,0.844,S2M
75,nd,26,-0.132,S2M
75,nd,27,-2.085,S2M
75,nd,28,-4.038,S2M
75,nd,29,-4.038,S2M
75,nd,30,-2.574,S2M
75,nd,31,-1.597,S2M
75,nd,32,-0.132,S2M
75,nd,33,0.356,S2M
75,nd,34,1.333,S2M
75,nd,35,2.797,S2M
75,nd,36,3.774,S2M
75,nd,37,2.797,S2M
75,nd,38,0.844,S2M
75,nd,39,-1.109,S2M
75,nd,40,-2.574,S2M
75,nd,41,-2.085,S2M
75,nd,42,-1.109,S2M
75,nd,43,-0.621,S2M
75,nd,44,-1.597,S2M
75,nd,45,-3.550,S2M
75,nd,46,-5.503,S2M
75,nd,47,-6.480,S2M
75,nd,48,-5.992,S2M
75,nd,49,-5.503,S2M
75,nd,50,-5.015,S2M
75,nd,51,-5.992,S2M
75,nd,52,-6.480,S2M
75,nd,53,-6.480,S2M
75,nd,54,-5.503,S2M
75,nd,55,-4.527,S2M
75,nd,56,-4.038,S2M
75,nd,57,-3.550,S2M
75,nd,58,-4.038,S2M
75,nd,59,-3.550,S2M
75,nd,60,-3.062,S2M
75,nd,61,-3.062,S2M
75,nd,62,-4.038,S2M
75,nd,63,-5.992,S2M
75,nd,64,-8.921,S2M
75,nd,65,-10.386,S2M
75,nd,66,-10.874,S2M
75,nd,67,-10.874,S2M
75,nd,68,-10.874,S2M
75,nd,69,-10.386,S2M
75,nd,70,-9.898,S2M
75,nd,71,-8.921,S2M
75,nd,72,-6.968,S2M
75,nd,73,-5.992,S2M
75,nd,74,-5.503,S2M
75,nd,75,-5.503,S2M
75,nd,76,-6.480,S2M
75,nd,77,-7.456,S2M
75,nd,78,-8.921,S2M
75,nd,79,-10.874,S2M
75,nd,80,-11.363,S2M
75,nd,81,-10.874,S2M
75,nd,82,-10.874,S2M
75,nd,83,-8.921,S2M
75,nd,84,-8.433,S2M
75,nd,85,-9.898,S2M
75,nd,86,-11.363,S2M
75,nd,87,-12.339,S2M
75,nd,88,-13.316,S2M
75,nd,89,-13.316,S2M
75,nd,90,-13.804,S2M
75,nd,91,-14.292,S2M
75,nd,92,-14.781,S2M
75,nd,93,-13.804,S2M
75,nd,94,-11.851,S2M
75,nd,95,-9.898,S2M
75,nd,96,-7.945,S2M
75,nd,97,-7.945,S2M
75,nd,98,-9.410,S2M
75,nd,99,-11.363,S2M
75,nd,100,-12.339,S2M
75,nd,101,-13.316,S2M
75,nd,102,-13.316,S2M
75,nd,103,-12.339,S2M
75,nd,104,-11.363,S2M
75,nd,105,-10.386,S2M
75,nd,106,-8.433,S2M
75,nd,107,-6.968,S2M
75,nd,108,-6.968,S2M
75,nd,109,-7.456,S2M
75,nd,110,-7.945,S2M
75,nd,111,-6.968,S2M
75,nd,112,-5.015,S2M
75,nd,113,-3.062,S2M
75,nd,114,-2.085,S2M
75,nd,115,-2.574,S2M
75,nd,116,-2.574,S2M
75,nd,117,-2.085,S2M
75,nd,118,-0.621,S2M
75,nd,119,-0.132,S2M
75,nd,120,-0.621,S2M
75,nd,121,-2.085,S2M
75,nd,122,-4.527,S2M
75,nd,123,-4.527,S2M
75,nd,124,-2.574,S2M
75,nd,125,0.844,S2M
75,nd,126,3.774,S2M
75,nd,127,4.751,S2M
75,nd,128,3.774,S2M
75,nd,129,1.333,S2M
75,nd,130,-2.085,S2M
75,nd,131,-4.527,S2M
75,nd,132,-5.015,S2M
75,nd,133,-3.550,S2M
75,nd,134,-1.109,S2M
75,nd,135,1.333,S2M
75,nd,136,3.774,S2M
75,nd,137,5.727,S2M
75,nd,138,7.192,S2M
75,nd,139,8.169,S2M
75,nd,140,6.704,S2M
75,nd,141,3.774,S2M
75,nd,142,-0.132,S2M
75,nd,143,-3.062,S2M
75,nd,144,-3.550,S2M
75,nd,145,-1.597,S2M
75,nd,146,1.333,S2M
75,nd,147,3.286,S2M
75,nd,148,3.286,S2M
75,nd,149,2.309,S2M
75,nd,150,0.844,S2M
75,nd,151,0.356,S2M
75,nd,152,1.333,S2M
75,nd,153,1.821,S2M
75,nd,154,1.821,S2M
75,nd,155,-0.132,S2M
75,nd,156,-3.550,S2M
75,nd,157,-6.480,S2M
75,nd,158,-7.945,S2M
75,nd,159,-7.456,S2M
75,nd,160,-5.503,S2M
75,nd,161,-3.550,S2M
75,nd,162,-2.085,S2M
75,nd,163,-3.062,S2M
75,nd,164,-5.015,S2M
75,nd,165,-7.456,S2M
75,nd,166,-8.921,S2M
75,nd,167,-7.945,S2M
75,nd,168,-5.992,S2M
75,nd,169,-4.038,S2M
75,nd,170,-3.062,S2M
75,nd,171,-3.550,S2M
75,nd,172,-4.527,S2M
75,nd,173,-4.527,S2M
75,nd,174,-3.550,S2M
75,nd,175,-2.085,S2M
75,nd,176,-1.597,S2M
75,nd,177,-4.038,S2M
75,nd,178,-8.921,S2M
75,nd,179,-12.339,S2M
75,nd,180,-14.292,S2M
75,nd,181,-12.828,S2M
75,nd,182,-9.898,S2M
75,nd,183,-7.456,S2M
75,nd,184,-5.992,S2M
75,nd,185,-5.992,S2M
75,nd,186,-6.968,S2M
75,nd,187,-7.945,S2M
75,nd,188,-8.921,S2M
75,nd,189,-9.898,S2M
75,nd,190,-11.363,S2M
75,nd,191,-12.339,S2M
75,nd,192,-12.339,S2M
75,nd,193,-11.851,S2M
75,nd,194,-10.874,S2M
75,nd,195,-9.898,S2M
75,nd,196,-8.921,S2M
75,nd,197,-8.921,S2M
75,nd,198,-9.410,S2M
75,nd,199,-9.898,S2M
75,nd,200,-10.386,S2M
75,nd,201,-10.874,S2M
75,nd,202,-10.874,S2M
75,nd,203,-10.874,S2M
75,nd,204,-10.386,S2M
75,nd,205,-8.921,S2M
75,nd,206,-6.968,S2M
75,nd,207,-5.503,S2M
75,nd,208,-4.038,S2M
75,nd,209,-3.550,S2M
75,nd,210,-2.574,S2M
75,nd,211,-1.109,S2M
75,nd,212,0.356,S2M
75,nd,213,-0.132,S2M
75,nd,214,-1.597,S2M
75,nd,215,-3.062,S2M
75,nd,216,-3.550,S2M
75,nd,217,-2.085,S2M
75,nd,218,-1.597,S2M
75,nd,219,-2.574,S2M
75,nd,220,-5.503,S2M
75,nd,221,-8.921,S2M
75,nd,222,-8.921,S2M
75,nd,223,-4.527,S2M
75,nd,224,0.844,S2M
75,nd,225,4.262,S2M
75,nd,226,3.774,S2M
75,nd,227,0.356,S2M
75,nd,228,-2.574,S2M
75,nd,229,-2.574,S2M
75,nd,230,-0.132,S2M
75,nd,231,3.286,S2M
75,nd,232,4.262,S2M
75,nd,233,2.309,S2M
75,nd,234,0.844,S2M
75,nd,235,0.356,S2M
75,nd,236,2.797,S2M
75,nd,237,5.727,S2M
75,nd,238,6.704,S2M
75,nd,239,5.727,S2M
75,nd,240,3.774,S2M
75,nd,241,1.821,S2M
75,nd,242,1.821,S2M
75,nd,243,2.309,S2M
75,nd,244,1.821,S2M
75,nd,245,0.356,S2M
75,nd,246,-1.109,S2M
75,nd,247,-1.109,S2M
75,nd,248,0.356,S2M
75,nd,249,2.797,S2M
75,nd,250,2.797,S2M
75,nd,251,1.821,S2M
75,nd,252,-0.132,S2M
75,nd,253,-0.621,S2M
75,nd,254,0.844,S2M
75,nd,255,2.309,S2M
75,Y,0,3.326,S2M
75,Y,1,2.350,S2M
75,Y,2,0.397,S2M
75,Y,3,-1.556,S2M
75,Y,4,-2.045,S2M
75,Y,5,-1.068,S2M
75,Y,6,0.397,S2M
75,Y,7,1.373,S2M
75,Y,8,1.373,S2M
75,Y,9,0.885,S2M
75,Y,10,0.397,S2M
75,Y,11,0.885,S2M
75,Y,12,1.862,S2M
75,Y,13,1.862,S2M
75,Y,14,1.862,S2M
75,Y,15,0.397,S2M
75,Y,16,-1.068,S2M
75,Y,17,-2.533,S2M
75,Y,18,-3.021,S2M
75,Y,19,-3.021,S2M
75,Y,20,-3.510,S2M
75,Y,21,-3.021,S2M
75,Y,22,-2.533,S2M
75,Y,23,-1.068,S2M
75,Y,24,0.885,S2M
75,Y,25,1.862,S2M
75,Y,26,1.373,S2M
75,Y,27,-1.068,S2M
75,Y,28,-3.510,S2M
75,Y,29,-3.998,S2M
75,Y,30,-3.021,S2M
75,Y,31,-0.580,S2M
75,Y,32,1.862,S2M
75,Y,33,2.838,S2M
75,Y,34,2.838,S2M
75,Y,35,2.838,S2M
75,Y,36,2.838,S2M
75,Y,37,3.326,S2M
75,Y,38,3.326,S2M
75,Y,39,2.838,S2M
75,Y,40,0.885,S2M
75,Y,41,-1.556,S2M
75,Y,42,-3.021,S2M
75,Y,43,-4.974,S2M
75,Y,44,-5.951,S2M
75,Y,45,-6.927,S2M
75,Y,46,-7.904,S2M
75,Y,47,-9.369,S2M
75,Y,48,-10.834,S2M
75,Y,49,-11.322,S2M
75,Y,50,-10.345,S2M
75,Y,51,-8.392,S2M
75,Y,52,-5.951,S2M
75,Y,53,-3.998,S2M
75,Y,54,-3.021,S2M
75,Y,55,-3.510,S2M
75,Y,56,-4.974,S2M
75,Y,57,-5.951,S2M
75,Y,58,-5.951,S2M
75,Y,59,-4.486,S2M
75,Y,60,-3.021,S2M
75,Y,61,-2.533,S2M
75,Y,62,-3.998,S2M
75,Y,63,-7.416,S2M
75,Y,64,-12.299,S2M
75,Y,65,-16.205,S2M
75,Y,66,-19.135,S2M
75,Y,67,-22.064,S2M
75,Y,68,-24.994,S2M
75,Y,69,-26.947,S2M
75,Y,70,-26.947,S2M
75,Y,71,-25.482,S2M
75,Y,72,-22.064,S2M
75,Y,73,-19.623,S2M
75,Y,74,-19.135,S2M
75,Y,75,-20.599,S2M
75,Y,76,-23.041,S2M
75,Y,77,-24.994,S2M
75,Y,78,-25.482,S2M
75,Y,79,-24.994,S2M
75,Y,80,-23.529,S2M
75,Y,81,-22.552,S2M
75,Y,82,-21.576,S2M
75,Y,83,-21.088,S2M
75,Y,84,-21.088,S2M
75,Y,85,-22.064,S2M
75,Y,86,-22.064,S2M
75,Y,87,-21.576,S2M
75,Y,88,-19.623,S2M
75,Y,89,-16.693,S2M
75,Y,90,-14.252,S2M
75,Y,91,-13.275,S2M
75,Y,92,-13.275,S2M
75,Y,93,-13.275,S2M
75,Y,94,-13.275,S2M
75,Y,95,-13.275,S2M
75,Y,96,-12.787,S2M
75,Y,97,-13.275,S2M
75,Y,98,-14.740,S2M
75,Y,99,-15.717,S2M
75,Y,100,-15.228,S2M
75,Y,101,-14.252,S2M
75,Y,102,-13.275,S2M
75,Y,103,-12.787,S2M
75,Y,104,-14.740,S2M
75,Y,105,-17.181,S2M
75,Y,106,-18.646,S2M
75,Y,107,-19.135,S2M
75,Y,108,-17.181,S2M
75,Y,109,-14.740,S2M
75,Y,110,-11.810,S2M
75,Y,111,-8.881,S2M
75,Y,112,-6.927,S2M
75,Y,113,-5.463,S2M
75,Y,114,-4.974,S2M
75,Y,115,-5.463,S2M
75,Y,116,-5.463,S2M
75,Y,117,-4.974,S2M
75,Y,118,-4.486,S2M
75,Y,119,-4.486,S2M
75,Y,120,-5.951,S2M
75,Y,121,-8.392,S2M
75,Y,122,-10.345,S2M
75,Y,123,-9.369,S2M
75,Y,124,-7.416,S2M
75,Y,125,-3.998,S2M
75,Y,126,-1.556,S2M
75,Y,127,-2.045,S2M
75,Y,128,-3.021,S2M
75,Y,129,-4.486,S2M
75,Y,130,-4.974,S2M
75,Y,131,-4.486,S2M
75,Y,132,-3.998,S2M
75,Y,133,-2.533,S2M
75,Y,134,-1.068,S2M
75,Y,135,0.397,S2M
75,Y,136,2.350,S2M
75,Y,137,3.326,S2M
75,Y,138,4.303,S2M
75,Y,139,3.815,S2M
75,Y,140,2.350,S2M
75,Y,141,0.397,S2M
75,Y,142,-1.068,S2M
75,Y,143,-2.045,S2M
75,Y,144,-2.533,S2M
75,Y,145,-2.533,S2M
75,Y,146,-2.045,S2M
75,Y,147,-1.556,S2M
75,Y,148,-1.068,S2M
75,Y,149,-1.556,S2M
75,Y,150,-3.510,S2M
75,Y,151,-4.486,S2M
75,Y,152,-4.974,S2M
75,Y,153,-3.998,S2M
75,Y,154,-3.021,S2M
75,Y,155,-3.510,S2M
75,Y,156,-5.951,S2M
75,Y,157,-9.857,S2M
75,Y,158,-12.787,S2M
75,Y,159,-13.275,S2M
75,Y,160,-11.322,S2M
75,Y,161,-8.881,S2M
75,Y,162,-8.392,S2M
75,Y,163,-10.345,S2M
75,Y,164,-13.763,S2M
75,Y,165,-16.205,S2M
75,Y,166,-15.717,S2M
75,Y,167,-14.252,S2M
75,Y,168,-11.810,S2M
75,Y,169,-9.369,S2M
75,Y,170,-7.904,S2M
75,Y,171,-6.927,S2M
75,Y,172,-6.927,S2M
75,Y,173,-6.927,S2M
75,Y,174,-8.881,S2M
75,Y,175,-11.810,S2M
75,Y,176,-14.740,S2M
75,Y,177,-17.181,S2M
75,Y,178,-17.670,S2M
75,Y,179,-17.181,S2M
75,Y,180,-15.228,S2M
75,Y,181,-12.787,S2M
75,Y,182,-10.345,S2M
75,Y,183,-8.392,S2M
75,Y,184,-6.927,S2M
75,Y,185,-6.927,S2M
75,Y,186,-8.392,S2M
75,Y,187,-10.834,S2M
75,Y,188,-14.252,S2M
75,Y,189,-16.693,S2M
75,Y,190,-17.670,S2M
75,Y,191,-18.158,S2M
75,Y,192,-17.181,S2M
75,Y,193,-16.205,S2M
75,Y,194,-15.228,S2M
75,Y,195,-13.275,S2M
75,Y,196,-12.299,S2M
75,Y,197,-11.322,S2M
75,Y,198,-10.834,S2M
75,Y,199,-11.322,S2M
75,Y,200,-11.322,S2M
75,Y,201,-10.834,S2M
75,Y,202,-8.881,S2M
75,Y,203,-7.416,S2M
75,Y,204,-6.439,S2M
75,Y,205,-6.439,S2M
75,Y,206,-6.927,S2M
75,Y,207,-7.416,S2M
75,Y,208,-8.392,S2M
75,Y,209,-9.369,S2M
75,Y,210,-9.369,S2M
75,Y,211,-8.881,S2M
75,Y,212,-7.416,S2M
75,Y,213,-5.463,S2M
75,Y,214,-5.463,S2M
75,Y,215,-7.416,S2M
75,Y,216,-9.857,S2M
75,Y,217,-11.810,S2M
75,Y,218,-10.834,S2M
75,Y,219,-8.392,S2M
75,Y,220,-5.951,S2M
75,Y,221,-3.998,S2M
75,Y,222,-2.533,S2M
75,Y,223,-1.556,S2M
75,Y,224,-0.580,S2M
75,Y,225,0.397,S2M
75,Y,226,0.397,S2M
75,Y,227,-0.092,S2M
75,Y,228,-0.092,S2M
75,Y,229,0.885,S2M
75,Y,230,3.326,S2M
75,Y,231,6.256,S2M
75,Y,232,8.209,S2M
75,Y,233,7.233,S2M
75,Y,234,4.791,S2M
75,Y,235,2.350,S2M
75,Y,236,0.885,S2M
75,Y,237,1.373,S2M
75,Y,238,2.350,S2M
75,Y,239,3.326,S2M
75,Y,240,3.326,S2M
75,Y,241,1.862,S2M
75,Y,242,-0.580,S2M
75,Y,243,-3.021,S2M
75,Y,244,-4.974,S2M
75,Y,245,-6.927,S2M
75,Y,246,-7.416,S2M
75,Y,247,-6.927,S2M
75,Y,248,-5.463,S2M
75,Y,249,-3.998,S2M
75,Y,250,-2.533,S2M
75,Y,251,-2.533,S2M
75,Y,252,-2.045,S2M
75,Y,253,-1.068,S2M
75,Y,254,0.885,S2M
75,Y,255,2.350,S2M
