Trial no,Sensor position,Sample No,Sensor val,Matching condition
60,FP1,0,1.272,S1O
60,FP1,1,1.760,S1O
60,FP1,2,2.736,S1O
60,FP1,3,3.713,S1O
60,FP1,4,4.690,S1O
60,FP1,5,5.178,S1O
60,FP1,6,4.690,S1O
60,FP1,7,2.736,S1O
60,FP1,8,0.783,S1O
60,FP1,9,-1.170,S1O
60,FP1,10,-2.146,S1O
60,FP1,11,-1.170,S1O
60,FP1,12,0.295,S1O
60,FP1,13,1.272,S1O
60,FP1,14,1.272,S1O
60,FP1,15,-0.682,S1O
60,FP1,16,-2.146,S1O
60,FP1,17,-3.123,S1O
60,FP1,18,-2.635,S1O
60,FP1,19,-1.170,S1O
60,FP1,20,0.295,S1O
60,FP1,21,0.783,S1O
60,FP1,22,-0.682,S1O
60,FP1,23,-2.635,S1O
60,FP1,24,-3.123,S1O
60,FP1,25,-2.146,S1O
60,FP1,26,0.295,S1O
60,FP1,27,2.248,S1O
60,FP1,28,1.760,S1O
60,FP1,29,-0.682,S1O
60,FP1,30,-2.146,S1O
60,FP1,31,-2.146,S1O
60,FP1,32,0.783,S1O
60,FP1,33,3.713,S1O
60,FP1,34,4.690,S1O
60,FP1,35,2.736,S1O
60,FP1,36,-0.193,S1O
60,FP1,37,-2.146,S1O
60,FP1,38,-1.658,S1O
60,FP1,39,-0.193,S1O
60,FP1,40,0.295,S1O
60,FP1,41,-0.682,S1O
60,FP1,42,-3.123,S1O
60,FP1,43,-4.100,S1O
60,FP1,44,-3.611,S1O
60,FP1,45,-0.682,S1O
60,FP1,46,2.248,S1O
60,FP1,47,3.713,S1O
60,FP1,48,3.713,S1O
60,FP1,49,2.736,S1O
60,FP1,50,1.760,S1O
60,FP1,51,0.783,S1O
60,FP1,52,-1.170,S1O
60,FP1,53,-2.635,S1O
60,FP1,54,-4.588,S1O
60,FP1,55,-6.053,S1O
60,FP1,56,-6.053,S1O
60,FP1,57,-6.053,S1O
60,FP1,58,-6.053,S1O
60,FP1,59,-6.053,S1O
60,FP1,60,-6.053,S1O
60,FP1,61,-6.541,S1O
60,FP1,62,-7.029,S1O
60,FP1,63,-8.006,S1O
60,FP1,64,-8.982,S1O
60,FP1,65,-10.447,S1O
60,FP1,66,-9.959,S1O
60,FP1,67,-8.006,S1O
60,FP1,68,-5.076,S1O
60,FP1,69,-1.658,S1O
60,FP1,70,-0.193,S1O
60,FP1,71,-0.682,S1O
60,FP1,72,-2.635,S1O
60,FP1,73,-5.076,S1O
60,FP1,74,-7.029,S1O
60,FP1,75,-8.006,S1O
60,FP1,76,-8.494,S1O
60,FP1,77,-8.494,S1O
60,FP1,78,-8.982,S1O
60,FP1,79,-8.494,S1O
60,FP1,80,-8.006,S1O
60,FP1,81,-7.029,S1O
60,FP1,82,-6.053,S1O
60,FP1,83,-6.541,S1O
60,FP1,84,-8.006,S1O
60,FP1,85,-10.447,S1O
60,FP1,86,-11.912,S1O
60,FP1,87,-11.424,S1O
60,FP1,88,-9.471,S1O
60,FP1,89,-6.541,S1O
60,FP1,90,-4.100,S1O
60,FP1,91,-3.611,S1O
60,FP1,92,-4.100,S1O
60,FP1,93,-5.076,S1O
60,FP1,94,-5.564,S1O
60,FP1,95,-6.053,S1O
60,FP1,96,-5.564,S1O
60,FP1,97,-5.076,S1O
60,FP1,98,-3.611,S1O
60,FP1,99,-2.146,S1O
60,FP1,100,-0.682,S1O
60,FP1,101,-0.193,S1O
60,FP1,102,-1.170,S1O
60,FP1,103,-3.611,S1O
60,FP1,104,-6.053,S1O
60,FP1,105,-7.029,S1O
60,FP1,106,-6.053,S1O
60,FP1,107,-4.100,S1O
60,FP1,108,-2.635,S1O
60,FP1,109,-3.123,S1O
60,FP1,110,-4.588,S1O
60,FP1,111,-5.076,S1O
60,FP1,112,-4.588,S1O
60,FP1,113,-3.123,S1O
60,FP1,114,-2.635,S1O
60,FP1,115,-2.146,S1O
60,FP1,116,-2.146,S1O
60,FP1,117,-2.146,S1O
60,FP1,118,-1.658,S1O
60,FP1,119,-1.658,S1O
60,FP1,120,-2.146,S1O
60,FP1,121,-3.123,S1O
60,FP1,122,-4.100,S1O
60,FP1,123,-5.076,S1O
60,FP1,124,-5.076,S1O
60,FP1,125,-6.053,S1O
60,FP1,126,-7.029,S1O
60,FP1,127,-8.982,S1O
60,FP1,128,-10.935,S1O
60,FP1,129,-12.400,S1O
60,FP1,130,-12.889,S1O
60,FP1,131,-12.400,S1O
60,FP1,132,-11.912,S1O
60,FP1,133,-11.424,S1O
60,FP1,134,-11.424,S1O
60,FP1,135,-10.935,S1O
60,FP1,136,-10.447,S1O
60,FP1,137,-10.935,S1O
60,FP1,138,-11.912,S1O
60,FP1,139,-13.865,S1O
60,FP1,140,-15.818,S1O
60,FP1,141,-16.307,S1O
60,FP1,142,-15.330,S1O
60,FP1,143,-12.889,S1O
60,FP1,144,-10.935,S1O
60,FP1,145,-9.471,S1O
60,FP1,146,-8.982,S1O
60,FP1,147,-9.959,S1O
60,FP1,148,-10.935,S1O
60,FP1,149,-12.889,S1O
60,FP1,150,-13.865,S1O
60,FP1,151,-14.842,S1O
60,FP1,152,-14.353,S1O
60,FP1,153,-12.889,S1O
60,FP1,154,-10.935,S1O
60,FP1,155,-9.471,S1O
60,FP1,156,-8.982,S1O
60,FP1,157,-9.471,S1O
60,FP1,158,-9.959,S1O
60,FP1,159,-8.982,S1O
60,FP1,160,-7.517,S1O
60,FP1,161,-5.076,S1O
60,FP1,162,-2.635,S1O
60,FP1,163,-1.170,S1O
60,FP1,164,-0.193,S1O
60,FP1,165,-0.193,S1O
60,FP1,166,-0.193,S1O
60,FP1,167,-0.193,S1O
60,FP1,168,-0.682,S1O
60,FP1,169,-0.682,S1O
60,FP1,170,-0.193,S1O
60,FP1,171,0.783,S1O
60,FP1,172,3.713,S1O
60,FP1,173,7.131,S1O
60,FP1,174,9.084,S1O
60,FP1,175,8.596,S1O
60,FP1,176,5.178,S1O
60,FP1,177,1.760,S1O
60,FP1,178,-0.193,S1O
60,FP1,179,0.295,S1O
60,FP1,180,2.736,S1O
60,FP1,181,4.201,S1O
60,FP1,182,4.201,S1O
60,FP1,183,2.248,S1O
60,FP1,184,0.295,S1O
60,FP1,185,-0.193,S1O
60,FP1,186,1.760,S1O
60,FP1,187,3.225,S1O
60,FP1,188,3.713,S1O
60,FP1,189,2.248,S1O
60,FP1,190,-0.193,S1O
60,FP1,191,-2.146,S1O
60,FP1,192,-2.635,S1O
60,FP1,193,-2.146,S1O
60,FP1,194,-2.146,S1O
60,FP1,195,-3.123,S1O
60,FP1,196,-4.100,S1O
60,FP1,197,-5.076,S1O
60,FP1,198,-4.100,S1O
60,FP1,199,-2.635,S1O
60,FP1,200,-1.170,S1O
60,FP1,201,-1.170,S1O
60,FP1,202,-1.658,S1O
60,FP1,203,-2.146,S1O
60,FP1,204,-1.170,S1O
60,FP1,205,1.272,S1O
60,FP1,206,3.225,S1O
60,FP1,207,4.201,S1O
60,FP1,208,3.225,S1O
60,FP1,209,1.760,S1O
60,FP1,210,0.295,S1O
60,FP1,211,0.295,S1O
60,FP1,212,0.783,S1O
60,FP1,213,0.783,S1O
60,FP1,214,0.295,S1O
60,FP1,215,-0.193,S1O
60,FP1,216,-0.682,S1O
60,FP1,217,-0.193,S1O
60,FP1,218,0.783,S1O
60,FP1,219,1.760,S1O
60,FP1,220,1.272,S1O
60,FP1,221,-0.193,S1O
60,FP1,222,-2.146,S1O
60,FP1,223,-3.123,S1O
60,FP1,224,-3.123,S1O
60,FP1,225,-1.658,S1O
60,FP1,226,-1.170,S1O
60,FP1,227,-1.658,S1O
60,FP1,228,-3.123,S1O
60,FP1,229,-4.588,S1O
60,FP1,230,-4.588,S1O
60,FP1,231,-3.611,S1O
60,FP1,232,-2.635,S1O
60,FP1,233,-2.146,S1O
60,FP1,234,-2.635,S1O
60,FP1,235,-4.100,S1O
60,FP1,236,-4.588,S1O
60,FP1,237,-4.100,S1O
60,FP1,238,-3.123,S1O
60,FP1,239,-2.635,S1O
60,FP1,240,-2.146,S1O
60,FP1,241,-2.635,S1O
60,FP1,242,-2.146,S1O
60,FP1,243,-1.170,S1O
60,FP1,244,-0.193,S1O
60,FP1,245,-0.193,S1O
60,FP1,246,-0.682,S1O
60,FP1,247,-1.658,S1O
60,FP1,248,-2.635,S1O
60,FP1,249,-3.123,S1O
60,FP1,250,-3.611,S1O
60,FP1,251,-4.588,S1O
60,FP1,252,-6.053,S1O
60,FP1,253,-7.029,S1O
60,FP1,254,-7.517,S1O
60,FP1,255,-7.029,S1O
60,FP2,0,5.524,S1O
60,FP2,1,5.524,S1O
60,FP2,2,4.547,S1O
60,FP2,3,3.571,S1O
60,FP2,4,2.106,S1O
60,FP2,5,2.106,S1O
60,FP2,6,2.594,S1O
60,FP2,7,2.594,S1O
60,FP2,8,3.082,S1O
60,FP2,9,3.082,S1O
60,FP2,10,2.594,S1O
60,FP2,11,2.594,S1O
60,FP2,12,3.082,S1O
60,FP2,13,3.082,S1O
60,FP2,14,3.082,S1O
60,FP2,15,2.594,S1O
60,FP2,16,2.594,S1O
60,FP2,17,3.571,S1O
60,FP2,18,5.035,S1O
60,FP2,19,6.989,S1O
60,FP2,20,7.965,S1O
60,FP2,21,7.477,S1O
60,FP2,22,6.500,S1O
60,FP2,23,6.012,S1O
60,FP2,24,6.500,S1O
60,FP2,25,7.965,S1O
60,FP2,26,8.453,S1O
60,FP2,27,7.965,S1O
60,FP2,28,6.500,S1O
60,FP2,29,5.035,S1O
60,FP2,30,5.524,S1O
60,FP2,31,6.989,S1O
60,FP2,32,8.942,S1O
60,FP2,33,9.918,S1O
60,FP2,34,8.942,S1O
60,FP2,35,6.989,S1O
60,FP2,36,6.012,S1O
60,FP2,37,6.500,S1O
60,FP2,38,7.965,S1O
60,FP2,39,8.942,S1O
60,FP2,40,8.942,S1O
60,FP2,41,7.477,S1O
60,FP2,42,6.500,S1O
60,FP2,43,6.500,S1O
60,FP2,44,6.989,S1O
60,FP2,45,7.477,S1O
60,FP2,46,6.989,S1O
60,FP2,47,6.500,S1O
60,FP2,48,6.989,S1O
60,FP2,49,8.453,S1O
60,FP2,50,9.430,S1O
60,FP2,51,8.942,S1O
60,FP2,52,6.500,S1O
60,FP2,53,4.059,S1O
60,FP2,54,2.106,S1O
60,FP2,55,1.617,S1O
60,FP2,56,2.594,S1O
60,FP2,57,2.594,S1O
60,FP2,58,2.106,S1O
60,FP2,59,2.106,S1O
60,FP2,60,2.106,S1O
60,FP2,61,2.594,S1O
60,FP2,62,2.594,S1O
60,FP2,63,0.641,S1O
60,FP2,64,-2.289,S1O
60,FP2,65,-4.730,S1O
60,FP2,66,-4.730,S1O
60,FP2,67,-1.801,S1O
60,FP2,68,2.594,S1O
60,FP2,69,6.500,S1O
60,FP2,70,7.477,S1O
60,FP2,71,6.500,S1O
60,FP2,72,3.571,S1O
60,FP2,73,1.129,S1O
60,FP2,74,0.153,S1O
60,FP2,75,0.153,S1O
60,FP2,76,0.153,S1O
60,FP2,77,-0.336,S1O
60,FP2,78,-1.312,S1O
60,FP2,79,-2.777,S1O
60,FP2,80,-2.777,S1O
60,FP2,81,-1.801,S1O
60,FP2,82,-0.336,S1O
60,FP2,83,0.641,S1O
60,FP2,84,0.641,S1O
60,FP2,85,-0.824,S1O
60,FP2,86,-3.265,S1O
60,FP2,87,-4.730,S1O
60,FP2,88,-4.730,S1O
60,FP2,89,-3.265,S1O
60,FP2,90,-1.312,S1O
60,FP2,91,-0.336,S1O
60,FP2,92,0.153,S1O
60,FP2,93,0.153,S1O
60,FP2,94,1.617,S1O
60,FP2,95,4.059,S1O
60,FP2,96,7.477,S1O
60,FP2,97,10.406,S1O
60,FP2,98,11.383,S1O
60,FP2,99,9.918,S1O
60,FP2,100,6.989,S1O
60,FP2,101,4.059,S1O
60,FP2,102,2.594,S1O
60,FP2,103,2.594,S1O
60,FP2,104,3.082,S1O
60,FP2,105,3.082,S1O
60,FP2,106,3.082,S1O
60,FP2,107,3.082,S1O
60,FP2,108,3.082,S1O
60,FP2,109,3.571,S1O
60,FP2,110,2.594,S1O
60,FP2,111,2.106,S1O
60,FP2,112,1.617,S1O
60,FP2,113,2.106,S1O
60,FP2,114,3.571,S1O
60,FP2,115,5.035,S1O
60,FP2,116,5.524,S1O
60,FP2,117,5.524,S1O
60,FP2,118,5.524,S1O
60,FP2,119,6.500,S1O
60,FP2,120,7.965,S1O
60,FP2,121,8.453,S1O
60,FP2,122,6.989,S1O
60,FP2,123,3.082,S1O
60,FP2,124,-0.336,S1O
60,FP2,125,-2.777,S1O
60,FP2,126,-3.265,S1O
60,FP2,127,-3.754,S1O
60,FP2,128,-5.219,S1O
60,FP2,129,-8.148,S1O
60,FP2,130,-10.590,S1O
60,FP2,131,-12.054,S1O
60,FP2,132,-11.078,S1O
60,FP2,133,-8.148,S1O
60,FP2,134,-6.195,S1O
60,FP2,135,-5.219,S1O
60,FP2,136,-6.683,S1O
60,FP2,137,-9.125,S1O
60,FP2,138,-10.590,S1O
60,FP2,139,-11.566,S1O
60,FP2,140,-11.566,S1O
60,FP2,141,-11.078,S1O
60,FP2,142,-10.101,S1O
60,FP2,143,-9.125,S1O
60,FP2,144,-7.660,S1O
60,FP2,145,-6.683,S1O
60,FP2,146,-6.683,S1O
60,FP2,147,-7.660,S1O
60,FP2,148,-9.125,S1O
60,FP2,149,-10.101,S1O
60,FP2,150,-10.101,S1O
60,FP2,151,-9.125,S1O
60,FP2,152,-7.660,S1O
60,FP2,153,-7.172,S1O
60,FP2,154,-6.195,S1O
60,FP2,155,-5.707,S1O
60,FP2,156,-4.242,S1O
60,FP2,157,-3.265,S1O
60,FP2,158,-4.242,S1O
60,FP2,159,-5.707,S1O
60,FP2,160,-8.148,S1O
60,FP2,161,-9.125,S1O
60,FP2,162,-8.148,S1O
60,FP2,163,-4.242,S1O
60,FP2,164,-0.824,S1O
60,FP2,165,2.106,S1O
60,FP2,166,3.082,S1O
60,FP2,167,3.082,S1O
60,FP2,168,2.594,S1O
60,FP2,169,2.106,S1O
60,FP2,170,1.617,S1O
60,FP2,171,1.617,S1O
60,FP2,172,2.594,S1O
60,FP2,173,4.059,S1O
60,FP2,174,6.012,S1O
60,FP2,175,6.012,S1O
60,FP2,176,4.059,S1O
60,FP2,177,1.129,S1O
60,FP2,178,-1.312,S1O
60,FP2,179,-1.312,S1O
60,FP2,180,1.129,S1O
60,FP2,181,4.547,S1O
60,FP2,182,5.524,S1O
60,FP2,183,4.059,S1O
60,FP2,184,1.617,S1O
60,FP2,185,0.641,S1O
60,FP2,186,2.106,S1O
60,FP2,187,5.035,S1O
60,FP2,188,6.500,S1O
60,FP2,189,6.989,S1O
60,FP2,190,5.524,S1O
60,FP2,191,3.571,S1O
60,FP2,192,2.594,S1O
60,FP2,193,1.129,S1O
60,FP2,194,-1.312,S1O
60,FP2,195,-4.242,S1O
60,FP2,196,-6.683,S1O
60,FP2,197,-6.195,S1O
60,FP2,198,-4.242,S1O
60,FP2,199,-1.312,S1O
60,FP2,200,1.129,S1O
60,FP2,201,1.617,S1O
60,FP2,202,1.129,S1O
60,FP2,203,1.129,S1O
60,FP2,204,1.129,S1O
60,FP2,205,1.129,S1O
60,FP2,206,0.641,S1O
60,FP2,207,0.153,S1O
60,FP2,208,-0.336,S1O
60,FP2,209,-0.336,S1O
60,FP2,210,-0.336,S1O
60,FP2,211,0.153,S1O
60,FP2,212,0.641,S1O
60,FP2,213,1.617,S1O
60,FP2,214,3.082,S1O
60,FP2,215,4.059,S1O
60,FP2,216,4.059,S1O
60,FP2,217,2.594,S1O
60,FP2,218,0.641,S1O
60,FP2,219,-0.336,S1O
60,FP2,220,0.641,S1O
60,FP2,221,2.594,S1O
60,FP2,222,4.059,S1O
60,FP2,223,3.571,S1O
60,FP2,224,2.106,S1O
60,FP2,225,0.641,S1O
60,FP2,226,-0.336,S1O
60,FP2,227,-0.824,S1O
60,FP2,228,-1.312,S1O
60,FP2,229,-1.312,S1O
60,FP2,230,-1.312,S1O
60,FP2,231,0.153,S1O
60,FP2,232,1.617,S1O
60,FP2,233,2.594,S1O
60,FP2,234,1.617,S1O
60,FP2,235,0.153,S1O
60,FP2,236,-0.824,S1O
60,FP2,237,-0.824,S1O
60,FP2,238,0.641,S1O
60,FP2,239,1.617,S1O
60,FP2,240,2.106,S1O
60,FP2,241,1.617,S1O
60,FP2,242,2.106,S1O
60,FP2,243,2.594,S1O
60,FP2,244,3.571,S1O
60,FP2,245,3.571,S1O
60,FP2,246,3.082,S1O
60,FP2,247,2.594,S1O
60,FP2,248,2.106,S1O
60,FP2,249,1.617,S1O
60,FP2,250,0.641,S1O
60,FP2,251,-0.336,S1O
60,FP2,252,-0.336,S1O
60,FP2,253,0.641,S1O
60,FP2,254,3.082,S1O
60,FP2,255,5.035,S1O
60,F7,0,3.459,S1O
60,F7,1,3.459,S1O
60,F7,2,3.459,S1O
60,F7,3,5.412,S1O
60,F7,4,7.365,S1O
60,F7,5,9.318,S1O
60,F7,6,9.806,S1O
60,F7,7,8.830,S1O
60,F7,8,5.900,S1O
60,F7,9,2.970,S1O
60,F7,10,1.017,S1O
60,F7,11,1.017,S1O
60,F7,12,1.017,S1O
60,F7,13,1.506,S1O
60,F7,14,1.017,S1O
60,F7,15,-0.448,S1O
60,F7,16,-1.424,S1O
60,F7,17,-2.401,S1O
60,F7,18,-2.889,S1O
60,F7,19,-2.889,S1O
60,F7,20,-2.889,S1O
60,F7,21,-2.401,S1O
60,F7,22,-1.424,S1O
60,F7,23,-0.448,S1O
60,F7,24,1.017,S1O
60,F7,25,2.482,S1O
60,F7,26,2.970,S1O
60,F7,27,2.970,S1O
60,F7,28,1.994,S1O
60,F7,29,1.506,S1O
60,F7,30,0.529,S1O
60,F7,31,0.041,S1O
60,F7,32,-0.448,S1O
60,F7,33,-0.936,S1O
60,F7,34,-1.424,S1O
60,F7,35,-2.401,S1O
60,F7,36,-3.866,S1O
60,F7,37,-4.842,S1O
60,F7,38,-4.842,S1O
60,F7,39,-3.866,S1O
60,F7,40,-2.401,S1O
60,F7,41,-1.424,S1O
60,F7,42,-0.936,S1O
60,F7,43,-0.936,S1O
60,F7,44,-0.936,S1O
60,F7,45,-0.448,S1O
60,F7,46,-0.448,S1O
60,F7,47,0.041,S1O
60,F7,48,0.529,S1O
60,F7,49,0.529,S1O
60,F7,50,-0.448,S1O
60,F7,51,-2.401,S1O
60,F7,52,-5.330,S1O
60,F7,53,-7.772,S1O
60,F7,54,-10.213,S1O
60,F7,55,-11.678,S1O
60,F7,56,-12.166,S1O
60,F7,57,-11.190,S1O
60,F7,58,-10.213,S1O
60,F7,59,-9.237,S1O
60,F7,60,-8.260,S1O
60,F7,61,-7.772,S1O
60,F7,62,-8.260,S1O
60,F7,63,-9.725,S1O
60,F7,64,-11.190,S1O
60,F7,65,-12.166,S1O
60,F7,66,-11.678,S1O
60,F7,67,-9.725,S1O
60,F7,68,-6.795,S1O
60,F7,69,-3.866,S1O
60,F7,70,-1.912,S1O
60,F7,71,-1.424,S1O
60,F7,72,-0.448,S1O
60,F7,73,-0.448,S1O
60,F7,74,-0.448,S1O
60,F7,75,-0.936,S1O
60,F7,76,-1.912,S1O
60,F7,77,-3.377,S1O
60,F7,78,-4.354,S1O
60,F7,79,-4.354,S1O
60,F7,80,-3.377,S1O
60,F7,81,-2.401,S1O
60,F7,82,-1.912,S1O
60,F7,83,-2.889,S1O
60,F7,84,-5.330,S1O
60,F7,85,-7.284,S1O
60,F7,86,-7.772,S1O
60,F7,87,-6.795,S1O
60,F7,88,-4.842,S1O
60,F7,89,-3.377,S1O
60,F7,90,-3.377,S1O
60,F7,91,-3.866,S1O
60,F7,92,-4.354,S1O
60,F7,93,-3.866,S1O
60,F7,94,-2.889,S1O
60,F7,95,-1.912,S1O
60,F7,96,-0.936,S1O
60,F7,97,-0.448,S1O
60,F7,98,0.041,S1O
60,F7,99,1.994,S1O
60,F7,100,3.459,S1O
60,F7,101,3.947,S1O
60,F7,102,1.994,S1O
60,F7,103,-0.936,S1O
60,F7,104,-3.377,S1O
60,F7,105,-4.354,S1O
60,F7,106,-2.889,S1O
60,F7,107,-1.424,S1O
60,F7,108,-1.424,S1O
60,F7,109,-2.401,S1O
60,F7,110,-3.377,S1O
60,F7,111,-3.866,S1O
60,F7,112,-2.889,S1O
60,F7,113,-0.936,S1O
60,F7,114,0.529,S1O
60,F7,115,0.529,S1O
60,F7,116,0.529,S1O
60,F7,117,1.017,S1O
60,F7,118,1.506,S1O
60,F7,119,2.482,S1O
60,F7,120,2.970,S1O
60,F7,121,2.970,S1O
60,F7,122,2.482,S1O
60,F7,123,2.482,S1O
60,F7,124,2.482,S1O
60,F7,125,1.994,S1O
60,F7,126,0.041,S1O
60,F7,127,-2.401,S1O
60,F7,128,-4.842,S1O
60,F7,129,-6.307,S1O
60,F7,130,-7.284,S1O
60,F7,131,-7.284,S1O
60,F7,132,-7.772,S1O
60,F7,133,-8.748,S1O
60,F7,134,-10.213,S1O
60,F7,135,-11.190,S1O
60,F7,136,-11.190,S1O
60,F7,137,-10.701,S1O
60,F7,138,-10.213,S1O
60,F7,139,-11.190,S1O
60,F7,140,-13.143,S1O
60,F7,141,-15.096,S1O
60,F7,142,-15.584,S1O
60,F7,143,-13.631,S1O
60,F7,144,-10.213,S1O
60,F7,145,-6.795,S1O
60,F7,146,-5.330,S1O
60,F7,147,-5.819,S1O
60,F7,148,-7.772,S1O
60,F7,149,-9.725,S1O
60,F7,150,-11.678,S1O
60,F7,151,-11.678,S1O
60,F7,152,-11.190,S1O
60,F7,153,-9.237,S1O
60,F7,154,-7.284,S1O
60,F7,155,-6.307,S1O
60,F7,156,-6.307,S1O
60,F7,157,-7.284,S1O
60,F7,158,-8.748,S1O
60,F7,159,-9.237,S1O
60,F7,160,-8.260,S1O
60,F7,161,-6.307,S1O
60,F7,162,-4.354,S1O
60,F7,163,-3.377,S1O
60,F7,164,-3.377,S1O
60,F7,165,-2.889,S1O
60,F7,166,-1.912,S1O
60,F7,167,0.041,S1O
60,F7,168,1.506,S1O
60,F7,169,2.482,S1O
60,F7,170,2.482,S1O
60,F7,171,3.459,S1O
60,F7,172,4.924,S1O
60,F7,173,7.853,S1O
60,F7,174,9.318,S1O
60,F7,175,8.830,S1O
60,F7,176,6.388,S1O
60,F7,177,3.459,S1O
60,F7,178,1.994,S1O
60,F7,179,2.970,S1O
60,F7,180,3.947,S1O
60,F7,181,3.459,S1O
60,F7,182,1.506,S1O
60,F7,183,-1.424,S1O
60,F7,184,-3.377,S1O
60,F7,185,-3.866,S1O
60,F7,186,-2.889,S1O
60,F7,187,-2.401,S1O
60,F7,188,-1.912,S1O
60,F7,189,-1.912,S1O
60,F7,190,-1.912,S1O
60,F7,191,-1.424,S1O
60,F7,192,-0.448,S1O
60,F7,193,-0.448,S1O
60,F7,194,-0.936,S1O
60,F7,195,-1.912,S1O
60,F7,196,-2.401,S1O
60,F7,197,-2.401,S1O
60,F7,198,-1.912,S1O
60,F7,199,-0.936,S1O
60,F7,200,-0.448,S1O
60,F7,201,-0.448,S1O
60,F7,202,-1.424,S1O
60,F7,203,-2.401,S1O
60,F7,204,-3.377,S1O
60,F7,205,-3.866,S1O
60,F7,206,-3.866,S1O
60,F7,207,-3.377,S1O
60,F7,208,-3.866,S1O
60,F7,209,-4.842,S1O
60,F7,210,-6.307,S1O
60,F7,211,-7.284,S1O
60,F7,212,-7.284,S1O
60,F7,213,-6.307,S1O
60,F7,214,-5.819,S1O
60,F7,215,-5.330,S1O
60,F7,216,-6.307,S1O
60,F7,217,-6.795,S1O
60,F7,218,-6.795,S1O
60,F7,219,-6.307,S1O
60,F7,220,-5.330,S1O
60,F7,221,-5.819,S1O
60,F7,222,-6.307,S1O
60,F7,223,-6.307,S1O
60,F7,224,-5.819,S1O
60,F7,225,-5.330,S1O
60,F7,226,-5.819,S1O
60,F7,227,-7.772,S1O
60,F7,228,-9.725,S1O
60,F7,229,-11.678,S1O
60,F7,230,-12.166,S1O
60,F7,231,-11.190,S1O
60,F7,232,-10.213,S1O
60,F7,233,-10.213,S1O
60,F7,234,-10.213,S1O
60,F7,235,-10.701,S1O
60,F7,236,-10.213,S1O
60,F7,237,-9.237,S1O
60,F7,238,-8.260,S1O
60,F7,239,-8.260,S1O
60,F7,240,-8.748,S1O
60,F7,241,-9.237,S1O
60,F7,242,-9.237,S1O
60,F7,243,-7.772,S1O
60,F7,244,-6.307,S1O
60,F7,245,-5.330,S1O
60,F7,246,-5.330,S1O
60,F7,247,-6.307,S1O
60,F7,248,-6.795,S1O
60,F7,249,-6.795,S1O
60,F7,250,-7.284,S1O
60,F7,251,-7.772,S1O
60,F7,252,-8.748,S1O
60,F7,253,-10.701,S1O
60,F7,254,-12.166,S1O
60,F7,255,-13.143,S1O
60,F8,0,2.146,S1O
60,F8,1,1.658,S1O
60,F8,2,1.658,S1O
60,F8,3,2.146,S1O
60,F8,4,2.146,S1O
60,F8,5,1.658,S1O
60,F8,6,-0.295,S1O
60,F8,7,-2.736,S1O
60,F8,8,-3.713,S1O
60,F8,9,-3.225,S1O
60,F8,10,-0.783,S1O
60,F8,11,2.635,S1O
60,F8,12,5.564,S1O
60,F8,13,6.053,S1O
60,F8,14,4.588,S1O
60,F8,15,3.123,S1O
60,F8,16,2.146,S1O
60,F8,17,3.123,S1O
60,F8,18,4.100,S1O
60,F8,19,5.076,S1O
60,F8,20,4.588,S1O
60,F8,21,3.123,S1O
60,F8,22,2.146,S1O
60,F8,23,2.635,S1O
60,F8,24,5.076,S1O
60,F8,25,8.006,S1O
60,F8,26,9.959,S1O
60,F8,27,9.959,S1O
60,F8,28,8.006,S1O
60,F8,29,6.053,S1O
60,F8,30,5.564,S1O
60,F8,31,6.541,S1O
60,F8,32,8.494,S1O
60,F8,33,9.959,S1O
60,F8,34,9.471,S1O
60,F8,35,7.517,S1O
60,F8,36,5.564,S1O
60,F8,37,4.100,S1O
60,F8,38,4.100,S1O
60,F8,39,4.100,S1O
60,F8,40,4.100,S1O
60,F8,41,3.123,S1O
60,F8,42,2.146,S1O
60,F8,43,1.170,S1O
60,F8,44,1.170,S1O
60,F8,45,1.170,S1O
60,F8,46,1.170,S1O
60,F8,47,2.146,S1O
60,F8,48,3.123,S1O
60,F8,49,3.123,S1O
60,F8,50,1.658,S1O
60,F8,51,-0.783,S1O
60,F8,52,-3.225,S1O
60,F8,53,-3.225,S1O
60,F8,54,-0.783,S1O
60,F8,55,2.146,S1O
60,F8,56,4.100,S1O
60,F8,57,3.611,S1O
60,F8,58,1.170,S1O
60,F8,59,-0.783,S1O
60,F8,60,-0.783,S1O
60,F8,61,0.682,S1O
60,F8,62,1.170,S1O
60,F8,63,-1.272,S1O
60,F8,64,-5.666,S1O
60,F8,65,-8.596,S1O
60,F8,66,-8.108,S1O
60,F8,67,-3.713,S1O
60,F8,68,2.146,S1O
60,F8,69,6.541,S1O
60,F8,70,7.517,S1O
60,F8,71,6.541,S1O
60,F8,72,5.076,S1O
60,F8,73,5.076,S1O
60,F8,74,6.541,S1O
60,F8,75,7.029,S1O
60,F8,76,6.053,S1O
60,F8,77,3.611,S1O
60,F8,78,1.170,S1O
60,F8,79,0.682,S1O
60,F8,80,1.170,S1O
60,F8,81,2.635,S1O
60,F8,82,4.100,S1O
60,F8,83,4.100,S1O
60,F8,84,3.123,S1O
60,F8,85,0.682,S1O
60,F8,86,-0.783,S1O
60,F8,87,-0.783,S1O
60,F8,88,0.682,S1O
60,F8,89,2.635,S1O
60,F8,90,4.588,S1O
60,F8,91,5.076,S1O
60,F8,92,3.611,S1O
60,F8,93,2.635,S1O
60,F8,94,2.635,S1O
60,F8,95,4.588,S1O
60,F8,96,7.517,S1O
60,F8,97,9.471,S1O
60,F8,98,8.982,S1O
60,F8,99,6.053,S1O
60,F8,100,2.146,S1O
60,F8,101,0.682,S1O
60,F8,102,1.658,S1O
60,F8,103,4.100,S1O
60,F8,104,5.564,S1O
60,F8,105,3.611,S1O
60,F8,106,0.193,S1O
60,F8,107,-2.736,S1O
60,F8,108,-3.225,S1O
60,F8,109,-0.783,S1O
60,F8,110,2.146,S1O
60,F8,111,4.100,S1O
60,F8,112,4.588,S1O
60,F8,113,3.611,S1O
60,F8,114,2.635,S1O
60,F8,115,3.123,S1O
60,F8,116,4.588,S1O
60,F8,117,6.053,S1O
60,F8,118,5.564,S1O
60,F8,119,4.588,S1O
60,F8,120,3.611,S1O
60,F8,121,3.123,S1O
60,F8,122,3.611,S1O
60,F8,123,3.611,S1O
60,F8,124,3.123,S1O
60,F8,125,1.170,S1O
60,F8,126,-1.272,S1O
60,F8,127,-4.690,S1O
60,F8,128,-8.108,S1O
60,F8,129,-11.525,S1O
60,F8,130,-13.479,S1O
60,F8,131,-13.479,S1O
60,F8,132,-10.061,S1O
60,F8,133,-5.666,S1O
60,F8,134,-1.760,S1O
60,F8,135,-1.272,S1O
60,F8,136,-3.713,S1O
60,F8,137,-7.131,S1O
60,F8,138,-7.619,S1O
60,F8,139,-6.154,S1O
60,F8,140,-3.713,S1O
60,F8,141,-3.225,S1O
60,F8,142,-5.178,S1O
60,F8,143,-7.131,S1O
60,F8,144,-7.619,S1O
60,F8,145,-5.178,S1O
60,F8,146,-1.760,S1O
60,F8,147,-0.295,S1O
60,F8,148,-1.272,S1O
60,F8,149,-4.201,S1O
60,F8,150,-6.643,S1O
60,F8,151,-7.619,S1O
60,F8,152,-7.131,S1O
60,F8,153,-7.131,S1O
60,F8,154,-7.619,S1O
60,F8,155,-7.619,S1O
60,F8,156,-6.154,S1O
60,F8,157,-4.201,S1O
60,F8,158,-3.225,S1O
60,F8,159,-4.690,S1O
60,F8,160,-7.131,S1O
60,F8,161,-9.572,S1O
60,F8,162,-9.084,S1O
60,F8,163,-6.154,S1O
60,F8,164,-2.248,S1O
60,F8,165,0.682,S1O
60,F8,166,1.170,S1O
60,F8,167,1.170,S1O
60,F8,168,1.658,S1O
60,F8,169,3.123,S1O
60,F8,170,4.100,S1O
60,F8,171,4.100,S1O
60,F8,172,3.123,S1O
60,F8,173,1.658,S1O
60,F8,174,1.170,S1O
60,F8,175,0.682,S1O
60,F8,176,0.193,S1O
60,F8,177,-1.760,S1O
60,F8,178,-4.201,S1O
60,F8,179,-6.154,S1O
60,F8,180,-6.643,S1O
60,F8,181,-4.690,S1O
60,F8,182,-2.248,S1O
60,F8,183,0.193,S1O
60,F8,184,1.658,S1O
60,F8,185,2.146,S1O
60,F8,186,3.611,S1O
60,F8,187,4.588,S1O
60,F8,188,6.053,S1O
60,F8,189,5.564,S1O
60,F8,190,4.100,S1O
60,F8,191,2.146,S1O
60,F8,192,0.193,S1O
60,F8,193,-0.783,S1O
60,F8,194,-1.760,S1O
60,F8,195,-3.225,S1O
60,F8,196,-3.713,S1O
60,F8,197,-3.713,S1O
60,F8,198,-2.736,S1O
60,F8,199,-1.760,S1O
60,F8,200,-1.760,S1O
60,F8,201,-3.225,S1O
60,F8,202,-5.178,S1O
60,F8,203,-6.154,S1O
60,F8,204,-6.643,S1O
60,F8,205,-6.154,S1O
60,F8,206,-5.666,S1O
60,F8,207,-5.666,S1O
60,F8,208,-5.178,S1O
60,F8,209,-3.713,S1O
60,F8,210,-2.248,S1O
60,F8,211,-0.783,S1O
60,F8,212,0.193,S1O
60,F8,213,0.193,S1O
60,F8,214,-0.295,S1O
60,F8,215,-1.272,S1O
60,F8,216,-2.248,S1O
60,F8,217,-2.736,S1O
60,F8,218,-2.736,S1O
60,F8,219,-1.272,S1O
60,F8,220,1.170,S1O
60,F8,221,2.146,S1O
60,F8,222,2.146,S1O
60,F8,223,0.193,S1O
60,F8,224,-1.760,S1O
60,F8,225,-2.736,S1O
60,F8,226,-3.225,S1O
60,F8,227,-2.736,S1O
60,F8,228,-3.225,S1O
60,F8,229,-4.201,S1O
60,F8,230,-4.201,S1O
60,F8,231,-3.713,S1O
60,F8,232,-2.248,S1O
60,F8,233,-1.272,S1O
60,F8,234,-2.248,S1O
60,F8,235,-2.736,S1O
60,F8,236,-3.225,S1O
60,F8,237,-2.248,S1O
60,F8,238,-0.783,S1O
60,F8,239,-0.783,S1O
60,F8,240,-2.248,S1O
60,F8,241,-4.201,S1O
60,F8,242,-5.178,S1O
60,F8,243,-4.690,S1O
60,F8,244,-2.736,S1O
60,F8,245,-1.760,S1O
60,F8,246,-2.736,S1O
60,F8,247,-5.178,S1O
60,F8,248,-7.131,S1O
60,F8,249,-7.131,S1O
60,F8,250,-5.666,S1O
60,F8,251,-4.201,S1O
60,F8,252,-2.736,S1O
60,F8,253,-2.736,S1O
60,F8,254,-2.248,S1O
60,F8,255,-2.248,S1O
60,AF1,0,1.373,S1O
60,AF1,1,1.373,S1O
60,AF1,2,1.373,S1O
60,AF1,3,1.862,S1O
60,AF1,4,3.326,S1O
60,AF1,5,4.303,S1O
60,AF1,6,4.303,S1O
60,AF1,7,3.326,S1O
60,AF1,8,1.373,S1O
60,AF1,9,-0.092,S1O
60,AF1,10,-0.580,S1O
60,AF1,11,-0.092,S1O
60,AF1,12,0.397,S1O
60,AF1,13,0.885,S1O
60,AF1,14,0.885,S1O
60,AF1,15,0.885,S1O
60,AF1,16,0.885,S1O
60,AF1,17,0.885,S1O
60,AF1,18,0.885,S1O
60,AF1,19,1.373,S1O
60,AF1,20,1.862,S1O
60,AF1,21,1.862,S1O
60,AF1,22,1.373,S1O
60,AF1,23,0.397,S1O
60,AF1,24,-0.092,S1O
60,AF1,25,0.397,S1O
60,AF1,26,2.350,S1O
60,AF1,27,4.303,S1O
60,AF1,28,4.791,S1O
60,AF1,29,4.303,S1O
60,AF1,30,2.350,S1O
60,AF1,31,0.397,S1O
60,AF1,32,-0.580,S1O
60,AF1,33,-0.092,S1O
60,AF1,34,0.397,S1O
60,AF1,35,0.885,S1O
60,AF1,36,-0.092,S1O
60,AF1,37,-1.068,S1O
60,AF1,38,-1.068,S1O
60,AF1,39,-0.092,S1O
60,AF1,40,1.373,S1O
60,AF1,41,2.838,S1O
60,AF1,42,3.326,S1O
60,AF1,43,2.350,S1O
60,AF1,44,1.862,S1O
60,AF1,45,1.373,S1O
60,AF1,46,1.862,S1O
60,AF1,47,3.326,S1O
60,AF1,48,5.280,S1O
60,AF1,49,6.744,S1O
60,AF1,50,6.744,S1O
60,AF1,51,5.768,S1O
60,AF1,52,3.326,S1O
60,AF1,53,0.885,S1O
60,AF1,54,-1.068,S1O
60,AF1,55,-2.045,S1O
60,AF1,56,-2.045,S1O
60,AF1,57,-1.068,S1O
60,AF1,58,-0.092,S1O
60,AF1,59,0.397,S1O
60,AF1,60,0.885,S1O
60,AF1,61,0.397,S1O
60,AF1,62,-1.068,S1O
60,AF1,63,-2.533,S1O
60,AF1,64,-4.486,S1O
60,AF1,65,-4.974,S1O
60,AF1,66,-4.974,S1O
60,AF1,67,-3.510,S1O
60,AF1,68,-2.045,S1O
60,AF1,69,-0.580,S1O
60,AF1,70,-0.092,S1O
60,AF1,71,-0.092,S1O
60,AF1,72,-0.580,S1O
60,AF1,73,-1.068,S1O
60,AF1,74,-1.556,S1O
60,AF1,75,-3.021,S1O
60,AF1,76,-4.486,S1O
60,AF1,77,-6.927,S1O
60,AF1,78,-7.416,S1O
60,AF1,79,-7.416,S1O
60,AF1,80,-5.463,S1O
60,AF1,81,-3.998,S1O
60,AF1,82,-3.998,S1O
60,AF1,83,-4.974,S1O
60,AF1,84,-6.927,S1O
60,AF1,85,-8.392,S1O
60,AF1,86,-7.904,S1O
60,AF1,87,-6.439,S1O
60,AF1,88,-3.510,S1O
60,AF1,89,-1.068,S1O
60,AF1,90,-0.092,S1O
60,AF1,91,-0.092,S1O
60,AF1,92,-0.580,S1O
60,AF1,93,-2.045,S1O
60,AF1,94,-2.045,S1O
60,AF1,95,-2.045,S1O
60,AF1,96,-1.068,S1O
60,AF1,97,0.397,S1O
60,AF1,98,1.862,S1O
60,AF1,99,3.326,S1O
60,AF1,100,3.815,S1O
60,AF1,101,3.326,S1O
60,AF1,102,2.350,S1O
60,AF1,103,1.373,S1O
60,AF1,104,0.885,S1O
60,AF1,105,0.885,S1O
60,AF1,106,0.885,S1O
60,AF1,107,1.373,S1O
60,AF1,108,0.397,S1O
60,AF1,109,-0.580,S1O
60,AF1,110,-1.068,S1O
60,AF1,111,-1.068,S1O
60,AF1,112,-0.580,S1O
60,AF1,113,0.397,S1O
60,AF1,114,1.373,S1O
60,AF1,115,1.862,S1O
60,AF1,116,2.350,S1O
60,AF1,117,3.326,S1O
60,AF1,118,4.303,S1O
60,AF1,119,4.791,S1O
60,AF1,120,4.303,S1O
60,AF1,121,3.326,S1O
60,AF1,122,1.862,S1O
60,AF1,123,0.885,S1O
60,AF1,124,-0.580,S1O
60,AF1,125,-1.556,S1O
60,AF1,126,-2.533,S1O
60,AF1,127,-3.998,S1O
60,AF1,128,-5.951,S1O
60,AF1,129,-7.416,S1O
60,AF1,130,-8.881,S1O
60,AF1,131,-10.345,S1O
60,AF1,132,-10.345,S1O
60,AF1,133,-9.369,S1O
60,AF1,134,-8.881,S1O
60,AF1,135,-7.904,S1O
60,AF1,136,-6.439,S1O
60,AF1,137,-5.951,S1O
60,AF1,138,-5.463,S1O
60,AF1,139,-5.951,S1O
60,AF1,140,-7.416,S1O
60,AF1,141,-9.857,S1O
60,AF1,142,-10.834,S1O
60,AF1,143,-10.345,S1O
60,AF1,144,-8.392,S1O
60,AF1,145,-5.951,S1O
60,AF1,146,-4.486,S1O
60,AF1,147,-4.974,S1O
60,AF1,148,-6.927,S1O
60,AF1,149,-8.881,S1O
60,AF1,150,-9.857,S1O
60,AF1,151,-9.369,S1O
60,AF1,152,-7.416,S1O
60,AF1,153,-4.974,S1O
60,AF1,154,-3.021,S1O
60,AF1,155,-2.533,S1O
60,AF1,156,-2.533,S1O
60,AF1,157,-3.510,S1O
60,AF1,158,-3.998,S1O
60,AF1,159,-4.486,S1O
60,AF1,160,-4.486,S1O
60,AF1,161,-4.486,S1O
60,AF1,162,-3.998,S1O
60,AF1,163,-3.021,S1O
60,AF1,164,-2.045,S1O
60,AF1,165,-0.092,S1O
60,AF1,166,1.373,S1O
60,AF1,167,2.838,S1O
60,AF1,168,2.838,S1O
60,AF1,169,1.862,S1O
60,AF1,170,0.885,S1O
60,AF1,171,1.373,S1O
60,AF1,172,2.838,S1O
60,AF1,173,4.303,S1O
60,AF1,174,5.768,S1O
60,AF1,175,6.256,S1O
60,AF1,176,4.791,S1O
60,AF1,177,3.326,S1O
60,AF1,178,2.350,S1O
60,AF1,179,1.862,S1O
60,AF1,180,2.350,S1O
60,AF1,181,3.326,S1O
60,AF1,182,3.326,S1O
60,AF1,183,2.838,S1O
60,AF1,184,2.838,S1O
60,AF1,185,2.838,S1O
60,AF1,186,2.838,S1O
60,AF1,187,3.326,S1O
60,AF1,188,2.350,S1O
60,AF1,189,1.373,S1O
60,AF1,190,-0.092,S1O
60,AF1,191,-1.556,S1O
60,AF1,192,-2.533,S1O
60,AF1,193,-3.510,S1O
60,AF1,194,-3.998,S1O
60,AF1,195,-4.486,S1O
60,AF1,196,-4.486,S1O
60,AF1,197,-3.510,S1O
60,AF1,198,-1.556,S1O
60,AF1,199,0.397,S1O
60,AF1,200,1.862,S1O
60,AF1,201,2.838,S1O
60,AF1,202,2.838,S1O
60,AF1,203,2.350,S1O
60,AF1,204,1.373,S1O
60,AF1,205,1.373,S1O
60,AF1,206,1.373,S1O
60,AF1,207,1.862,S1O
60,AF1,208,2.838,S1O
60,AF1,209,3.326,S1O
60,AF1,210,3.326,S1O
60,AF1,211,1.862,S1O
60,AF1,212,0.885,S1O
60,AF1,213,-0.092,S1O
60,AF1,214,-0.580,S1O
60,AF1,215,-0.092,S1O
60,AF1,216,0.397,S1O
60,AF1,217,0.885,S1O
60,AF1,218,1.862,S1O
60,AF1,219,2.350,S1O
60,AF1,220,2.838,S1O
60,AF1,221,1.862,S1O
60,AF1,222,0.885,S1O
60,AF1,223,-1.068,S1O
60,AF1,224,-1.556,S1O
60,AF1,225,-0.092,S1O
60,AF1,226,1.862,S1O
60,AF1,227,2.838,S1O
60,AF1,228,1.862,S1O
60,AF1,229,-0.580,S1O
60,AF1,230,-2.533,S1O
60,AF1,231,-3.510,S1O
60,AF1,232,-2.533,S1O
60,AF1,233,-0.580,S1O
60,AF1,234,0.397,S1O
60,AF1,235,-0.092,S1O
60,AF1,236,-0.580,S1O
60,AF1,237,-0.580,S1O
60,AF1,238,-0.092,S1O
60,AF1,239,-0.092,S1O
60,AF1,240,-0.580,S1O
60,AF1,241,-1.556,S1O
60,AF1,242,-1.556,S1O
60,AF1,243,-0.580,S1O
60,AF1,244,0.885,S1O
60,AF1,245,1.373,S1O
60,AF1,246,0.885,S1O
60,AF1,247,-0.092,S1O
60,AF1,248,-1.556,S1O
60,AF1,249,-1.556,S1O
60,AF1,250,-1.556,S1O
60,AF1,251,-1.068,S1O
60,AF1,252,-1.068,S1O
60,AF1,253,-1.556,S1O
60,AF1,254,-2.533,S1O
60,AF1,255,-2.533,S1O
60,AF2,0,1.689,S1O
60,AF2,1,2.177,S1O
60,AF2,2,2.665,S1O
60,AF2,3,3.642,S1O
60,AF2,4,4.618,S1O
60,AF2,5,5.595,S1O
60,AF2,6,5.107,S1O
60,AF2,7,4.618,S1O
60,AF2,8,4.130,S1O
60,AF2,9,3.642,S1O
60,AF2,10,3.153,S1O
60,AF2,11,2.665,S1O
60,AF2,12,2.665,S1O
60,AF2,13,2.177,S1O
60,AF2,14,2.177,S1O
60,AF2,15,2.665,S1O
60,AF2,16,3.642,S1O
60,AF2,17,4.130,S1O
60,AF2,18,5.107,S1O
60,AF2,19,6.083,S1O
60,AF2,20,6.571,S1O
60,AF2,21,6.571,S1O
60,AF2,22,5.107,S1O
60,AF2,23,4.130,S1O
60,AF2,24,4.130,S1O
60,AF2,25,4.618,S1O
60,AF2,26,6.571,S1O
60,AF2,27,7.548,S1O
60,AF2,28,7.548,S1O
60,AF2,29,6.571,S1O
60,AF2,30,4.618,S1O
60,AF2,31,4.130,S1O
60,AF2,32,4.130,S1O
60,AF2,33,5.107,S1O
60,AF2,34,6.083,S1O
60,AF2,35,6.083,S1O
60,AF2,36,5.107,S1O
60,AF2,37,4.130,S1O
60,AF2,38,3.642,S1O
60,AF2,39,3.642,S1O
60,AF2,40,4.130,S1O
60,AF2,41,4.618,S1O
60,AF2,42,5.107,S1O
60,AF2,43,5.595,S1O
60,AF2,44,6.083,S1O
60,AF2,45,6.571,S1O
60,AF2,46,6.571,S1O
60,AF2,47,7.060,S1O
60,AF2,48,8.036,S1O
60,AF2,49,9.013,S1O
60,AF2,50,9.501,S1O
60,AF2,51,9.501,S1O
60,AF2,52,8.036,S1O
60,AF2,53,6.083,S1O
60,AF2,54,5.107,S1O
60,AF2,55,4.618,S1O
60,AF2,56,5.107,S1O
60,AF2,57,5.107,S1O
60,AF2,58,5.107,S1O
60,AF2,59,4.130,S1O
60,AF2,60,4.130,S1O
60,AF2,61,4.130,S1O
60,AF2,62,3.642,S1O
60,AF2,63,2.665,S1O
60,AF2,64,0.712,S1O
60,AF2,65,-0.753,S1O
60,AF2,66,-1.729,S1O
60,AF2,67,-0.264,S1O
60,AF2,68,2.177,S1O
60,AF2,69,4.130,S1O
60,AF2,70,4.618,S1O
60,AF2,71,4.130,S1O
60,AF2,72,3.153,S1O
60,AF2,73,2.177,S1O
60,AF2,74,1.689,S1O
60,AF2,75,0.712,S1O
60,AF2,76,-1.729,S1O
60,AF2,77,-4.171,S1O
60,AF2,78,-6.124,S1O
60,AF2,79,-5.636,S1O
60,AF2,80,-3.682,S1O
60,AF2,81,-1.241,S1O
60,AF2,82,0.224,S1O
60,AF2,83,-0.264,S1O
60,AF2,84,-1.729,S1O
60,AF2,85,-2.706,S1O
60,AF2,86,-2.706,S1O
60,AF2,87,-2.218,S1O
60,AF2,88,-0.264,S1O
60,AF2,89,0.712,S1O
60,AF2,90,1.689,S1O
60,AF2,91,1.689,S1O
60,AF2,92,1.689,S1O
60,AF2,93,2.177,S1O
60,AF2,94,2.665,S1O
60,AF2,95,3.642,S1O
60,AF2,96,5.107,S1O
60,AF2,97,6.571,S1O
60,AF2,98,7.548,S1O
60,AF2,99,7.060,S1O
60,AF2,100,6.083,S1O
60,AF2,101,4.618,S1O
60,AF2,102,3.642,S1O
60,AF2,103,3.642,S1O
60,AF2,104,4.130,S1O
60,AF2,105,3.642,S1O
60,AF2,106,3.153,S1O
60,AF2,107,2.177,S1O
60,AF2,108,1.689,S1O
60,AF2,109,1.689,S1O
60,AF2,110,2.177,S1O
60,AF2,111,2.665,S1O
60,AF2,112,3.153,S1O
60,AF2,113,3.642,S1O
60,AF2,114,4.130,S1O
60,AF2,115,4.618,S1O
60,AF2,116,5.107,S1O
60,AF2,117,5.595,S1O
60,AF2,118,5.595,S1O
60,AF2,119,5.595,S1O
60,AF2,120,5.107,S1O
60,AF2,121,5.107,S1O
60,AF2,122,4.130,S1O
60,AF2,123,2.177,S1O
60,AF2,124,0.712,S1O
60,AF2,125,-0.753,S1O
60,AF2,126,-1.729,S1O
60,AF2,127,-2.706,S1O
60,AF2,128,-3.682,S1O
60,AF2,129,-6.124,S1O
60,AF2,130,-8.565,S1O
60,AF2,131,-10.518,S1O
60,AF2,132,-10.518,S1O
60,AF2,133,-9.054,S1O
60,AF2,134,-7.100,S1O
60,AF2,135,-5.636,S1O
60,AF2,136,-5.147,S1O
60,AF2,137,-6.124,S1O
60,AF2,138,-7.100,S1O
60,AF2,139,-8.077,S1O
60,AF2,140,-9.054,S1O
60,AF2,141,-10.030,S1O
60,AF2,142,-10.030,S1O
60,AF2,143,-9.054,S1O
60,AF2,144,-8.077,S1O
60,AF2,145,-6.612,S1O
60,AF2,146,-5.147,S1O
60,AF2,147,-5.147,S1O
60,AF2,148,-6.612,S1O
60,AF2,149,-8.565,S1O
60,AF2,150,-10.030,S1O
60,AF2,151,-11.007,S1O
60,AF2,152,-10.030,S1O
60,AF2,153,-8.077,S1O
60,AF2,154,-6.124,S1O
60,AF2,155,-4.659,S1O
60,AF2,156,-3.682,S1O
60,AF2,157,-3.194,S1O
60,AF2,158,-3.682,S1O
60,AF2,159,-4.171,S1O
60,AF2,160,-5.147,S1O
60,AF2,161,-6.612,S1O
60,AF2,162,-7.100,S1O
60,AF2,163,-7.100,S1O
60,AF2,164,-5.147,S1O
60,AF2,165,-2.706,S1O
60,AF2,166,-0.264,S1O
60,AF2,167,1.200,S1O
60,AF2,168,0.712,S1O
60,AF2,169,-0.264,S1O
60,AF2,170,-1.729,S1O
60,AF2,171,-2.218,S1O
60,AF2,172,-1.729,S1O
60,AF2,173,-0.264,S1O
60,AF2,174,0.712,S1O
60,AF2,175,0.224,S1O
60,AF2,176,-0.753,S1O
60,AF2,177,-1.729,S1O
60,AF2,178,-2.218,S1O
60,AF2,179,-2.218,S1O
60,AF2,180,-0.753,S1O
60,AF2,181,0.224,S1O
60,AF2,182,0.712,S1O
60,AF2,183,0.712,S1O
60,AF2,184,0.712,S1O
60,AF2,185,0.712,S1O
60,AF2,186,1.200,S1O
60,AF2,187,1.689,S1O
60,AF2,188,0.712,S1O
60,AF2,189,0.224,S1O
60,AF2,190,-1.729,S1O
60,AF2,191,-2.706,S1O
60,AF2,192,-4.171,S1O
60,AF2,193,-5.636,S1O
60,AF2,194,-7.100,S1O
60,AF2,195,-8.565,S1O
60,AF2,196,-9.054,S1O
60,AF2,197,-8.077,S1O
60,AF2,198,-6.124,S1O
60,AF2,199,-3.682,S1O
60,AF2,200,-1.729,S1O
60,AF2,201,-1.241,S1O
60,AF2,202,-1.729,S1O
60,AF2,203,-2.218,S1O
60,AF2,204,-3.194,S1O
60,AF2,205,-3.682,S1O
60,AF2,206,-4.171,S1O
60,AF2,207,-4.171,S1O
60,AF2,208,-3.194,S1O
60,AF2,209,-2.218,S1O
60,AF2,210,-1.729,S1O
60,AF2,211,-1.241,S1O
60,AF2,212,-1.729,S1O
60,AF2,213,-2.218,S1O
60,AF2,214,-2.706,S1O
60,AF2,215,-3.194,S1O
60,AF2,216,-3.194,S1O
60,AF2,217,-4.171,S1O
60,AF2,218,-4.171,S1O
60,AF2,219,-3.682,S1O
60,AF2,220,-2.706,S1O
60,AF2,221,-2.218,S1O
60,AF2,222,-3.194,S1O
60,AF2,223,-4.659,S1O
60,AF2,224,-5.636,S1O
60,AF2,225,-6.124,S1O
60,AF2,226,-4.659,S1O
60,AF2,227,-3.194,S1O
60,AF2,228,-3.194,S1O
60,AF2,229,-4.659,S1O
60,AF2,230,-6.124,S1O
60,AF2,231,-6.612,S1O
60,AF2,232,-6.124,S1O
60,AF2,233,-4.659,S1O
60,AF2,234,-3.682,S1O
60,AF2,235,-3.194,S1O
60,AF2,236,-3.682,S1O
60,AF2,237,-3.682,S1O
60,AF2,238,-3.194,S1O
60,AF2,239,-2.706,S1O
60,AF2,240,-3.194,S1O
60,AF2,241,-3.682,S1O
60,AF2,242,-4.171,S1O
60,AF2,243,-3.682,S1O
60,AF2,244,-2.706,S1O
60,AF2,245,-1.729,S1O
60,AF2,246,-1.241,S1O
60,AF2,247,-1.241,S1O
60,AF2,248,-1.241,S1O
60,AF2,249,-1.729,S1O
60,AF2,250,-1.729,S1O
60,AF2,251,-1.729,S1O
60,AF2,252,-1.729,S1O
60,AF2,253,-2.218,S1O
60,AF2,254,-2.706,S1O
60,AF2,255,-2.218,S1O
60,FZ,0,-0.010,S1O
60,FZ,1,0.478,S1O
60,FZ,2,0.966,S1O
60,FZ,3,2.431,S1O
60,FZ,4,2.920,S1O
60,FZ,5,3.896,S1O
60,FZ,6,3.896,S1O
60,FZ,7,2.920,S1O
60,FZ,8,2.431,S1O
60,FZ,9,1.943,S1O
60,FZ,10,1.943,S1O
60,FZ,11,1.943,S1O
60,FZ,12,1.943,S1O
60,FZ,13,1.455,S1O
60,FZ,14,0.966,S1O
60,FZ,15,0.966,S1O
60,FZ,16,0.966,S1O
60,FZ,17,1.943,S1O
60,FZ,18,2.431,S1O
60,FZ,19,3.408,S1O
60,FZ,20,3.408,S1O
60,FZ,21,3.408,S1O
60,FZ,22,2.431,S1O
60,FZ,23,1.455,S1O
60,FZ,24,1.455,S1O
60,FZ,25,2.431,S1O
60,FZ,26,3.408,S1O
60,FZ,27,3.896,S1O
60,FZ,28,3.896,S1O
60,FZ,29,3.408,S1O
60,FZ,30,1.455,S1O
60,FZ,31,0.966,S1O
60,FZ,32,0.478,S1O
60,FZ,33,0.966,S1O
60,FZ,34,1.455,S1O
60,FZ,35,1.455,S1O
60,FZ,36,0.478,S1O
60,FZ,37,-0.010,S1O
60,FZ,38,-0.498,S1O
60,FZ,39,-0.010,S1O
60,FZ,40,0.966,S1O
60,FZ,41,1.455,S1O
60,FZ,42,2.431,S1O
60,FZ,43,2.920,S1O
60,FZ,44,3.408,S1O
60,FZ,45,2.920,S1O
60,FZ,46,2.920,S1O
60,FZ,47,3.408,S1O
60,FZ,48,3.896,S1O
60,FZ,49,4.873,S1O
60,FZ,50,5.849,S1O
60,FZ,51,5.849,S1O
60,FZ,52,5.361,S1O
60,FZ,53,4.384,S1O
60,FZ,54,3.896,S1O
60,FZ,55,3.408,S1O
60,FZ,56,3.408,S1O
60,FZ,57,2.920,S1O
60,FZ,58,2.431,S1O
60,FZ,59,1.455,S1O
60,FZ,60,1.455,S1O
60,FZ,61,1.455,S1O
60,FZ,62,1.943,S1O
60,FZ,63,1.943,S1O
60,FZ,64,0.966,S1O
60,FZ,65,-0.010,S1O
60,FZ,66,-0.498,S1O
60,FZ,67,-0.010,S1O
60,FZ,68,0.966,S1O
60,FZ,69,1.943,S1O
60,FZ,70,2.431,S1O
60,FZ,71,1.455,S1O
60,FZ,72,0.478,S1O
60,FZ,73,-0.010,S1O
60,FZ,74,-0.987,S1O
60,FZ,75,-1.963,S1O
60,FZ,76,-3.428,S1O
60,FZ,77,-4.893,S1O
60,FZ,78,-5.870,S1O
60,FZ,79,-5.870,S1O
60,FZ,80,-4.893,S1O
60,FZ,81,-3.428,S1O
60,FZ,82,-2.940,S1O
60,FZ,83,-2.940,S1O
60,FZ,84,-3.428,S1O
60,FZ,85,-3.916,S1O
60,FZ,86,-3.428,S1O
60,FZ,87,-2.452,S1O
60,FZ,88,-1.475,S1O
60,FZ,89,-0.498,S1O
60,FZ,90,-0.010,S1O
60,FZ,91,-0.010,S1O
60,FZ,92,-0.010,S1O
60,FZ,93,-0.010,S1O
60,FZ,94,0.478,S1O
60,FZ,95,0.966,S1O
60,FZ,96,1.943,S1O
60,FZ,97,2.431,S1O
60,FZ,98,3.408,S1O
60,FZ,99,3.408,S1O
60,FZ,100,3.408,S1O
60,FZ,101,2.920,S1O
60,FZ,102,2.431,S1O
60,FZ,103,1.943,S1O
60,FZ,104,1.455,S1O
60,FZ,105,0.966,S1O
60,FZ,106,0.478,S1O
60,FZ,107,0.478,S1O
60,FZ,108,0.478,S1O
60,FZ,109,0.966,S1O
60,FZ,110,1.455,S1O
60,FZ,111,1.455,S1O
60,FZ,112,1.943,S1O
60,FZ,113,2.431,S1O
60,FZ,114,2.431,S1O
60,FZ,115,2.920,S1O
60,FZ,116,3.408,S1O
60,FZ,117,3.408,S1O
60,FZ,118,3.896,S1O
60,FZ,119,3.896,S1O
60,FZ,120,3.896,S1O
60,FZ,121,3.408,S1O
60,FZ,122,2.431,S1O
60,FZ,123,1.455,S1O
60,FZ,124,0.966,S1O
60,FZ,125,0.478,S1O
60,FZ,126,-0.010,S1O
60,FZ,127,-0.987,S1O
60,FZ,128,-1.963,S1O
60,FZ,129,-3.428,S1O
60,FZ,130,-4.893,S1O
60,FZ,131,-6.358,S1O
60,FZ,132,-6.358,S1O
60,FZ,133,-5.870,S1O
60,FZ,134,-4.893,S1O
60,FZ,135,-3.428,S1O
60,FZ,136,-2.940,S1O
60,FZ,137,-2.940,S1O
60,FZ,138,-3.428,S1O
60,FZ,139,-4.405,S1O
60,FZ,140,-5.381,S1O
60,FZ,141,-5.870,S1O
60,FZ,142,-5.870,S1O
60,FZ,143,-5.381,S1O
60,FZ,144,-4.893,S1O
60,FZ,145,-3.916,S1O
60,FZ,146,-3.428,S1O
60,FZ,147,-3.916,S1O
60,FZ,148,-4.405,S1O
60,FZ,149,-4.405,S1O
60,FZ,150,-4.893,S1O
60,FZ,151,-5.381,S1O
60,FZ,152,-5.381,S1O
60,FZ,153,-4.893,S1O
60,FZ,154,-3.916,S1O
60,FZ,155,-2.940,S1O
60,FZ,156,-1.963,S1O
60,FZ,157,-1.475,S1O
60,FZ,158,-1.475,S1O
60,FZ,159,-1.963,S1O
60,FZ,160,-2.940,S1O
60,FZ,161,-3.428,S1O
60,FZ,162,-3.428,S1O
60,FZ,163,-2.940,S1O
60,FZ,164,-1.475,S1O
60,FZ,165,0.478,S1O
60,FZ,166,1.455,S1O
60,FZ,167,1.943,S1O
60,FZ,168,0.966,S1O
60,FZ,169,-0.010,S1O
60,FZ,170,-0.987,S1O
60,FZ,171,-1.475,S1O
60,FZ,172,-0.498,S1O
60,FZ,173,0.478,S1O
60,FZ,174,1.455,S1O
60,FZ,175,1.943,S1O
60,FZ,176,0.966,S1O
60,FZ,177,-0.010,S1O
60,FZ,178,-0.010,S1O
60,FZ,179,-0.010,S1O
60,FZ,180,0.478,S1O
60,FZ,181,0.966,S1O
60,FZ,182,1.943,S1O
60,FZ,183,1.943,S1O
60,FZ,184,1.943,S1O
60,FZ,185,1.943,S1O
60,FZ,186,1.455,S1O
60,FZ,187,0.966,S1O
60,FZ,188,-0.010,S1O
60,FZ,189,-0.987,S1O
60,FZ,190,-1.963,S1O
60,FZ,191,-2.940,S1O
60,FZ,192,-3.428,S1O
60,FZ,193,-3.916,S1O
60,FZ,194,-4.405,S1O
60,FZ,195,-4.893,S1O
60,FZ,196,-4.893,S1O
60,FZ,197,-3.916,S1O
60,FZ,198,-2.940,S1O
60,FZ,199,-0.987,S1O
60,FZ,200,-0.010,S1O
60,FZ,201,0.478,S1O
60,FZ,202,-0.010,S1O
60,FZ,203,-0.010,S1O
60,FZ,204,-0.498,S1O
60,FZ,205,-0.498,S1O
60,FZ,206,-0.010,S1O
60,FZ,207,0.966,S1O
60,FZ,208,0.966,S1O
60,FZ,209,1.455,S1O
60,FZ,210,1.455,S1O
60,FZ,211,0.966,S1O
60,FZ,212,-0.010,S1O
60,FZ,213,-0.010,S1O
60,FZ,214,-0.498,S1O
60,FZ,215,-0.498,S1O
60,FZ,216,-0.498,S1O
60,FZ,217,-0.498,S1O
60,FZ,218,-0.498,S1O
60,FZ,219,-0.498,S1O
60,FZ,220,-0.987,S1O
60,FZ,221,-1.475,S1O
60,FZ,222,-2.452,S1O
60,FZ,223,-2.940,S1O
60,FZ,224,-2.940,S1O
60,FZ,225,-1.963,S1O
60,FZ,226,-0.010,S1O
60,FZ,227,0.478,S1O
60,FZ,228,0.478,S1O
60,FZ,229,-0.987,S1O
60,FZ,230,-2.452,S1O
60,FZ,231,-2.940,S1O
60,FZ,232,-2.452,S1O
60,FZ,233,-1.475,S1O
60,FZ,234,-0.987,S1O
60,FZ,235,-0.987,S1O
60,FZ,236,-1.475,S1O
60,FZ,237,-1.475,S1O
60,FZ,238,-1.475,S1O
60,FZ,239,-0.987,S1O
60,FZ,240,-0.987,S1O
60,FZ,241,-0.987,S1O
60,FZ,242,-1.475,S1O
60,FZ,243,-1.475,S1O
60,FZ,244,-0.987,S1O
60,FZ,245,-0.498,S1O
60,FZ,246,-0.010,S1O
60,FZ,247,-0.010,S1O
60,FZ,248,-0.498,S1O
60,FZ,249,-0.498,S1O
60,FZ,250,-0.498,S1O
60,FZ,251,-0.987,S1O
60,FZ,252,-1.475,S1O
60,FZ,253,-1.475,S1O
60,FZ,254,-1.475,S1O
60,FZ,255,-1.475,S1O
60,F4,0,-2.004,S1O
60,F4,1,-0.539,S1O
60,F4,2,1.902,S1O
60,F4,3,4.344,S1O
60,F4,4,5.320,S1O
60,F4,5,4.832,S1O
60,F4,6,3.367,S1O
60,F4,7,2.391,S1O
60,F4,8,1.902,S1O
60,F4,9,2.879,S1O
60,F4,10,3.367,S1O
60,F4,11,3.367,S1O
60,F4,12,2.879,S1O
60,F4,13,2.879,S1O
60,F4,14,2.391,S1O
60,F4,15,2.391,S1O
60,F4,16,2.879,S1O
60,F4,17,3.367,S1O
60,F4,18,4.344,S1O
60,F4,19,4.832,S1O
60,F4,20,5.320,S1O
60,F4,21,5.320,S1O
60,F4,22,4.344,S1O
60,F4,23,3.855,S1O
60,F4,24,3.855,S1O
60,F4,25,5.320,S1O
60,F4,26,7.273,S1O
60,F4,27,7.762,S1O
60,F4,28,6.785,S1O
60,F4,29,5.320,S1O
60,F4,30,3.855,S1O
60,F4,31,3.367,S1O
60,F4,32,4.832,S1O
60,F4,33,6.297,S1O
60,F4,34,7.273,S1O
60,F4,35,7.273,S1O
60,F4,36,5.809,S1O
60,F4,37,4.832,S1O
60,F4,38,4.344,S1O
60,F4,39,4.344,S1O
60,F4,40,4.344,S1O
60,F4,41,4.344,S1O
60,F4,42,4.344,S1O
60,F4,43,4.344,S1O
60,F4,44,4.832,S1O
60,F4,45,4.832,S1O
60,F4,46,4.832,S1O
60,F4,47,4.832,S1O
60,F4,48,6.297,S1O
60,F4,49,7.762,S1O
60,F4,50,8.738,S1O
60,F4,51,8.250,S1O
60,F4,52,6.297,S1O
60,F4,53,4.832,S1O
60,F4,54,4.344,S1O
60,F4,55,5.320,S1O
60,F4,56,6.785,S1O
60,F4,57,7.273,S1O
60,F4,58,6.297,S1O
60,F4,59,4.832,S1O
60,F4,60,3.855,S1O
60,F4,61,3.367,S1O
60,F4,62,3.367,S1O
60,F4,63,2.391,S1O
60,F4,64,-0.051,S1O
60,F4,65,-2.004,S1O
60,F4,66,-2.492,S1O
60,F4,67,-1.027,S1O
60,F4,68,2.391,S1O
60,F4,69,4.832,S1O
60,F4,70,5.320,S1O
60,F4,71,4.832,S1O
60,F4,72,3.367,S1O
60,F4,73,2.879,S1O
60,F4,74,3.367,S1O
60,F4,75,2.879,S1O
60,F4,76,1.414,S1O
60,F4,77,-1.516,S1O
60,F4,78,-3.469,S1O
60,F4,79,-4.445,S1O
60,F4,80,-2.981,S1O
60,F4,81,-1.027,S1O
60,F4,82,1.414,S1O
60,F4,83,1.902,S1O
60,F4,84,0.437,S1O
60,F4,85,-1.027,S1O
60,F4,86,-1.516,S1O
60,F4,87,-1.027,S1O
60,F4,88,0.437,S1O
60,F4,89,1.902,S1O
60,F4,90,2.879,S1O
60,F4,91,3.367,S1O
60,F4,92,3.367,S1O
60,F4,93,2.879,S1O
60,F4,94,2.391,S1O
60,F4,95,2.879,S1O
60,F4,96,4.832,S1O
60,F4,97,6.785,S1O
60,F4,98,8.738,S1O
60,F4,99,8.738,S1O
60,F4,100,6.785,S1O
60,F4,101,5.320,S1O
60,F4,102,4.832,S1O
60,F4,103,4.832,S1O
60,F4,104,5.320,S1O
60,F4,105,5.320,S1O
60,F4,106,4.344,S1O
60,F4,107,2.879,S1O
60,F4,108,2.391,S1O
60,F4,109,2.879,S1O
60,F4,110,2.879,S1O
60,F4,111,3.367,S1O
60,F4,112,2.879,S1O
60,F4,113,2.879,S1O
60,F4,114,3.855,S1O
60,F4,115,5.320,S1O
60,F4,116,6.785,S1O
60,F4,117,7.762,S1O
60,F4,118,7.762,S1O
60,F4,119,7.273,S1O
60,F4,120,6.785,S1O
60,F4,121,6.785,S1O
60,F4,122,6.297,S1O
60,F4,123,4.832,S1O
60,F4,124,2.879,S1O
60,F4,125,0.926,S1O
60,F4,126,-0.051,S1O
60,F4,127,-0.539,S1O
60,F4,128,-0.539,S1O
60,F4,129,-2.004,S1O
60,F4,130,-3.957,S1O
60,F4,131,-5.422,S1O
60,F4,132,-5.910,S1O
60,F4,133,-4.934,S1O
60,F4,134,-3.469,S1O
60,F4,135,-2.004,S1O
60,F4,136,-1.516,S1O
60,F4,137,-1.516,S1O
60,F4,138,-1.516,S1O
60,F4,139,-1.516,S1O
60,F4,140,-2.004,S1O
60,F4,141,-3.469,S1O
60,F4,142,-4.934,S1O
60,F4,143,-5.422,S1O
60,F4,144,-4.445,S1O
60,F4,145,-2.981,S1O
60,F4,146,-1.027,S1O
60,F4,147,-0.539,S1O
60,F4,148,-1.516,S1O
60,F4,149,-2.981,S1O
60,F4,150,-3.469,S1O
60,F4,151,-2.981,S1O
60,F4,152,-2.004,S1O
60,F4,153,-1.516,S1O
60,F4,154,-2.492,S1O
60,F4,155,-2.981,S1O
60,F4,156,-2.981,S1O
60,F4,157,-1.516,S1O
60,F4,158,-0.051,S1O
60,F4,159,0.437,S1O
60,F4,160,-1.027,S1O
60,F4,161,-3.469,S1O
60,F4,162,-4.934,S1O
60,F4,163,-4.445,S1O
60,F4,164,-2.004,S1O
60,F4,165,1.414,S1O
60,F4,166,3.367,S1O
60,F4,167,2.879,S1O
60,F4,168,1.902,S1O
60,F4,169,0.437,S1O
60,F4,170,0.437,S1O
60,F4,171,1.902,S1O
60,F4,172,3.367,S1O
60,F4,173,3.367,S1O
60,F4,174,2.879,S1O
60,F4,175,1.902,S1O
60,F4,176,0.437,S1O
60,F4,177,-0.051,S1O
60,F4,178,-0.539,S1O
60,F4,179,-0.539,S1O
60,F4,180,-0.051,S1O
60,F4,181,1.902,S1O
60,F4,182,3.367,S1O
60,F4,183,4.832,S1O
60,F4,184,5.320,S1O
60,F4,185,5.320,S1O
60,F4,186,4.832,S1O
60,F4,187,4.832,S1O
60,F4,188,4.832,S1O
60,F4,189,4.344,S1O
60,F4,190,3.367,S1O
60,F4,191,1.902,S1O
60,F4,192,0.437,S1O
60,F4,193,-1.027,S1O
60,F4,194,-2.004,S1O
60,F4,195,-2.492,S1O
60,F4,196,-2.492,S1O
60,F4,197,-2.004,S1O
60,F4,198,-1.027,S1O
60,F4,199,-0.051,S1O
60,F4,200,0.926,S1O
60,F4,201,1.414,S1O
60,F4,202,1.414,S1O
60,F4,203,0.926,S1O
60,F4,204,0.926,S1O
60,F4,205,0.926,S1O
60,F4,206,0.437,S1O
60,F4,207,0.437,S1O
60,F4,208,0.926,S1O
60,F4,209,2.391,S1O
60,F4,210,3.367,S1O
60,F4,211,4.832,S1O
60,F4,212,5.320,S1O
60,F4,213,5.320,S1O
60,F4,214,4.344,S1O
60,F4,215,3.367,S1O
60,F4,216,2.879,S1O
60,F4,217,2.391,S1O
60,F4,218,2.391,S1O
60,F4,219,2.879,S1O
60,F4,220,3.367,S1O
60,F4,221,3.855,S1O
60,F4,222,3.367,S1O
60,F4,223,1.902,S1O
60,F4,224,0.926,S1O
60,F4,225,-0.051,S1O
60,F4,226,0.437,S1O
60,F4,227,1.902,S1O
60,F4,228,2.879,S1O
60,F4,229,2.879,S1O
60,F4,230,2.391,S1O
60,F4,231,0.926,S1O
60,F4,232,-0.051,S1O
60,F4,233,-0.539,S1O
60,F4,234,-0.051,S1O
60,F4,235,0.437,S1O
60,F4,236,0.437,S1O
60,F4,237,0.437,S1O
60,F4,238,-0.051,S1O
60,F4,239,-0.051,S1O
60,F4,240,-0.539,S1O
60,F4,241,-0.539,S1O
60,F4,242,-0.539,S1O
60,F4,243,-0.051,S1O
60,F4,244,-0.051,S1O
60,F4,245,-0.051,S1O
60,F4,246,-0.539,S1O
60,F4,247,-1.027,S1O
60,F4,248,-1.516,S1O
60,F4,249,-2.004,S1O
60,F4,250,-2.492,S1O
60,F4,251,-2.492,S1O
60,F4,252,-2.004,S1O
60,F4,253,-1.027,S1O
60,F4,254,-0.539,S1O
60,F4,255,-0.051,S1O
60,F3,0,0.631,S1O
60,F3,1,1.119,S1O
60,F3,2,2.096,S1O
60,F3,3,4.049,S1O
60,F3,4,5.514,S1O
60,F3,5,6.490,S1O
60,F3,6,6.490,S1O
60,F3,7,6.002,S1O
60,F3,8,4.537,S1O
60,F3,9,4.049,S1O
60,F3,10,4.049,S1O
60,F3,11,4.049,S1O
60,F3,12,3.560,S1O
60,F3,13,1.607,S1O
60,F3,14,0.142,S1O
60,F3,15,-1.322,S1O
60,F3,16,-0.834,S1O
60,F3,17,0.142,S1O
60,F3,18,1.119,S1O
60,F3,19,1.607,S1O
60,F3,20,1.119,S1O
60,F3,21,0.142,S1O
60,F3,22,-0.834,S1O
60,F3,23,-0.346,S1O
60,F3,24,0.631,S1O
60,F3,25,2.096,S1O
60,F3,26,3.072,S1O
60,F3,27,3.072,S1O
60,F3,28,2.584,S1O
60,F3,29,1.607,S1O
60,F3,30,0.631,S1O
60,F3,31,0.142,S1O
60,F3,32,0.142,S1O
60,F3,33,0.142,S1O
60,F3,34,0.142,S1O
60,F3,35,-0.346,S1O
60,F3,36,-1.322,S1O
60,F3,37,-2.299,S1O
60,F3,38,-2.787,S1O
60,F3,39,-2.299,S1O
60,F3,40,-0.834,S1O
60,F3,41,1.119,S1O
60,F3,42,2.096,S1O
60,F3,43,2.584,S1O
60,F3,44,2.584,S1O
60,F3,45,2.096,S1O
60,F3,46,2.584,S1O
60,F3,47,2.584,S1O
60,F3,48,2.584,S1O
60,F3,49,2.096,S1O
60,F3,50,2.096,S1O
60,F3,51,1.607,S1O
60,F3,52,1.607,S1O
60,F3,53,2.096,S1O
60,F3,54,1.607,S1O
60,F3,55,0.142,S1O
60,F3,56,-1.322,S1O
60,F3,57,-3.764,S1O
60,F3,58,-4.740,S1O
60,F3,59,-4.740,S1O
60,F3,60,-3.764,S1O
60,F3,61,-2.787,S1O
60,F3,62,-1.811,S1O
60,F3,63,-2.787,S1O
60,F3,64,-4.252,S1O
60,F3,65,-5.229,S1O
60,F3,66,-5.717,S1O
60,F3,67,-4.252,S1O
60,F3,68,-2.787,S1O
60,F3,69,-0.834,S1O
60,F3,70,-0.346,S1O
60,F3,71,-0.346,S1O
60,F3,72,-0.834,S1O
60,F3,73,-1.322,S1O
60,F3,74,-2.299,S1O
60,F3,75,-3.276,S1O
60,F3,76,-4.740,S1O
60,F3,77,-5.717,S1O
60,F3,78,-6.205,S1O
60,F3,79,-5.717,S1O
60,F3,80,-5.717,S1O
60,F3,81,-5.229,S1O
60,F3,82,-5.717,S1O
60,F3,83,-6.205,S1O
60,F3,84,-6.205,S1O
60,F3,85,-6.694,S1O
60,F3,86,-6.205,S1O
60,F3,87,-5.717,S1O
60,F3,88,-4.740,S1O
60,F3,89,-4.252,S1O
60,F3,90,-3.276,S1O
60,F3,91,-2.787,S1O
60,F3,92,-2.787,S1O
60,F3,93,-2.299,S1O
60,F3,94,-2.299,S1O
60,F3,95,-1.322,S1O
60,F3,96,-0.834,S1O
60,F3,97,0.142,S1O
60,F3,98,1.119,S1O
60,F3,99,2.584,S1O
60,F3,100,3.560,S1O
60,F3,101,3.560,S1O
60,F3,102,2.584,S1O
60,F3,103,0.631,S1O
60,F3,104,-2.299,S1O
60,F3,105,-3.764,S1O
60,F3,106,-4.252,S1O
60,F3,107,-3.764,S1O
60,F3,108,-2.299,S1O
60,F3,109,-1.322,S1O
60,F3,110,-0.834,S1O
60,F3,111,-0.834,S1O
60,F3,112,-0.346,S1O
60,F3,113,0.142,S1O
60,F3,114,0.631,S1O
60,F3,115,0.631,S1O
60,F3,116,0.631,S1O
60,F3,117,0.631,S1O
60,F3,118,0.631,S1O
60,F3,119,1.119,S1O
60,F3,120,1.119,S1O
60,F3,121,1.119,S1O
60,F3,122,0.631,S1O
60,F3,123,-0.346,S1O
60,F3,124,-0.834,S1O
60,F3,125,-0.346,S1O
60,F3,126,-0.346,S1O
60,F3,127,-1.322,S1O
60,F3,128,-2.787,S1O
60,F3,129,-4.740,S1O
60,F3,130,-7.182,S1O
60,F3,131,-8.158,S1O
60,F3,132,-8.647,S1O
60,F3,133,-8.158,S1O
60,F3,134,-7.670,S1O
60,F3,135,-6.694,S1O
60,F3,136,-6.205,S1O
60,F3,137,-6.205,S1O
60,F3,138,-6.694,S1O
60,F3,139,-7.670,S1O
60,F3,140,-8.647,S1O
60,F3,141,-9.135,S1O
60,F3,142,-8.647,S1O
60,F3,143,-7.670,S1O
60,F3,144,-7.182,S1O
60,F3,145,-6.694,S1O
60,F3,146,-6.205,S1O
60,F3,147,-5.717,S1O
60,F3,148,-5.717,S1O
60,F3,149,-5.229,S1O
60,F3,150,-5.717,S1O
60,F3,151,-6.205,S1O
60,F3,152,-7.182,S1O
60,F3,153,-7.670,S1O
60,F3,154,-7.182,S1O
60,F3,155,-5.717,S1O
60,F3,156,-4.252,S1O
60,F3,157,-4.252,S1O
60,F3,158,-5.229,S1O
60,F3,159,-6.694,S1O
60,F3,160,-7.182,S1O
60,F3,161,-6.205,S1O
60,F3,162,-4.252,S1O
60,F3,163,-2.299,S1O
60,F3,164,-0.834,S1O
60,F3,165,-0.346,S1O
60,F3,166,-0.346,S1O
60,F3,167,-0.834,S1O
60,F3,168,-0.834,S1O
60,F3,169,-0.346,S1O
60,F3,170,0.142,S1O
60,F3,171,0.142,S1O
60,F3,172,1.119,S1O
60,F3,173,1.607,S1O
60,F3,174,2.584,S1O
60,F3,175,3.560,S1O
60,F3,176,3.072,S1O
60,F3,177,2.584,S1O
60,F3,178,1.607,S1O
60,F3,179,0.631,S1O
60,F3,180,0.631,S1O
60,F3,181,0.631,S1O
60,F3,182,1.119,S1O
60,F3,183,1.119,S1O
60,F3,184,1.119,S1O
60,F3,185,0.142,S1O
60,F3,186,-0.834,S1O
60,F3,187,-2.299,S1O
60,F3,188,-3.276,S1O
60,F3,189,-3.276,S1O
60,F3,190,-2.787,S1O
60,F3,191,-2.299,S1O
60,F3,192,-1.322,S1O
60,F3,193,-1.322,S1O
60,F3,194,-1.811,S1O
60,F3,195,-2.299,S1O
60,F3,196,-1.811,S1O
60,F3,197,-0.834,S1O
60,F3,198,0.631,S1O
60,F3,199,1.607,S1O
60,F3,200,1.607,S1O
60,F3,201,0.631,S1O
60,F3,202,-0.834,S1O
60,F3,203,-1.811,S1O
60,F3,204,-1.811,S1O
60,F3,205,-0.834,S1O
60,F3,206,0.631,S1O
60,F3,207,2.096,S1O
60,F3,208,2.096,S1O
60,F3,209,1.607,S1O
60,F3,210,-0.346,S1O
60,F3,211,-2.299,S1O
60,F3,212,-3.276,S1O
60,F3,213,-3.276,S1O
60,F3,214,-2.787,S1O
60,F3,215,-2.299,S1O
60,F3,216,-1.811,S1O
60,F3,217,-2.299,S1O
60,F3,218,-3.276,S1O
60,F3,219,-3.276,S1O
60,F3,220,-3.276,S1O
60,F3,221,-3.276,S1O
60,F3,222,-3.276,S1O
60,F3,223,-3.764,S1O
60,F3,224,-3.276,S1O
60,F3,225,-2.299,S1O
60,F3,226,-0.346,S1O
60,F3,227,0.631,S1O
60,F3,228,-0.346,S1O
60,F3,229,-3.276,S1O
60,F3,230,-6.205,S1O
60,F3,231,-7.670,S1O
60,F3,232,-7.670,S1O
60,F3,233,-5.717,S1O
60,F3,234,-4.252,S1O
60,F3,235,-3.276,S1O
60,F3,236,-3.276,S1O
60,F3,237,-3.764,S1O
60,F3,238,-3.276,S1O
60,F3,239,-2.787,S1O
60,F3,240,-2.299,S1O
60,F3,241,-2.787,S1O
60,F3,242,-3.764,S1O
60,F3,243,-5.229,S1O
60,F3,244,-5.717,S1O
60,F3,245,-4.740,S1O
60,F3,246,-3.764,S1O
60,F3,247,-2.787,S1O
60,F3,248,-2.299,S1O
60,F3,249,-2.299,S1O
60,F3,250,-3.276,S1O
60,F3,251,-3.764,S1O
60,F3,252,-3.764,S1O
60,F3,253,-4.252,S1O
60,F3,254,-4.252,S1O
60,F3,255,-4.252,S1O
60,FC6,0,-1.587,S1O
60,FC6,1,-0.122,S1O
60,FC6,2,0.854,S1O
60,FC6,3,0.854,S1O
60,FC6,4,-0.122,S1O
60,FC6,5,-1.099,S1O
60,FC6,6,-1.587,S1O
60,FC6,7,-1.587,S1O
60,FC6,8,-0.122,S1O
60,FC6,9,0.854,S1O
60,FC6,10,0.854,S1O
60,FC6,11,-0.122,S1O
60,FC6,12,-1.587,S1O
60,FC6,13,-2.075,S1O
60,FC6,14,-1.099,S1O
60,FC6,15,0.366,S1O
60,FC6,16,1.831,S1O
60,FC6,17,2.808,S1O
60,FC6,18,2.319,S1O
60,FC6,19,2.319,S1O
60,FC6,20,2.808,S1O
60,FC6,21,4.761,S1O
60,FC6,22,5.737,S1O
60,FC6,23,5.737,S1O
60,FC6,24,3.784,S1O
60,FC6,25,1.343,S1O
60,FC6,26,-0.122,S1O
60,FC6,27,0.366,S1O
60,FC6,28,1.831,S1O
60,FC6,29,2.808,S1O
60,FC6,30,3.296,S1O
60,FC6,31,3.296,S1O
60,FC6,32,3.296,S1O
60,FC6,33,4.761,S1O
60,FC6,34,6.226,S1O
60,FC6,35,7.202,S1O
60,FC6,36,6.226,S1O
60,FC6,37,4.761,S1O
60,FC6,38,2.319,S1O
60,FC6,39,-0.122,S1O
60,FC6,40,-1.587,S1O
60,FC6,41,-2.563,S1O
60,FC6,42,-2.563,S1O
60,FC6,43,-2.075,S1O
60,FC6,44,-1.587,S1O
60,FC6,45,-0.610,S1O
60,FC6,46,0.366,S1O
60,FC6,47,0.854,S1O
60,FC6,48,1.343,S1O
60,FC6,49,1.831,S1O
60,FC6,50,1.343,S1O
60,FC6,51,0.854,S1O
60,FC6,52,-0.122,S1O
60,FC6,53,-1.099,S1O
60,FC6,54,-1.099,S1O
60,FC6,55,-0.122,S1O
60,FC6,56,0.366,S1O
60,FC6,57,0.366,S1O
60,FC6,58,0.366,S1O
60,FC6,59,-0.122,S1O
60,FC6,60,-1.099,S1O
60,FC6,61,-1.587,S1O
60,FC6,62,-2.563,S1O
60,FC6,63,-3.540,S1O
60,FC6,64,-4.028,S1O
60,FC6,65,-4.028,S1O
60,FC6,66,-3.052,S1O
60,FC6,67,-2.075,S1O
60,FC6,68,-0.610,S1O
60,FC6,69,0.366,S1O
60,FC6,70,1.831,S1O
60,FC6,71,2.808,S1O
60,FC6,72,2.808,S1O
60,FC6,73,2.808,S1O
60,FC6,74,2.808,S1O
60,FC6,75,3.296,S1O
60,FC6,76,2.808,S1O
60,FC6,77,2.319,S1O
60,FC6,78,0.854,S1O
60,FC6,79,-0.610,S1O
60,FC6,80,-1.099,S1O
60,FC6,81,-0.610,S1O
60,FC6,82,-0.122,S1O
60,FC6,83,-0.122,S1O
60,FC6,84,-1.099,S1O
60,FC6,85,-2.075,S1O
60,FC6,86,-2.075,S1O
60,FC6,87,-2.075,S1O
60,FC6,88,-1.099,S1O
60,FC6,89,-0.122,S1O
60,FC6,90,1.343,S1O
60,FC6,91,2.319,S1O
60,FC6,92,3.296,S1O
60,FC6,93,3.784,S1O
60,FC6,94,3.784,S1O
60,FC6,95,3.296,S1O
60,FC6,96,2.808,S1O
60,FC6,97,3.784,S1O
60,FC6,98,5.737,S1O
60,FC6,99,6.714,S1O
60,FC6,100,6.714,S1O
60,FC6,101,5.249,S1O
60,FC6,102,3.296,S1O
60,FC6,103,2.319,S1O
60,FC6,104,1.343,S1O
60,FC6,105,1.343,S1O
60,FC6,106,0.366,S1O
60,FC6,107,-0.122,S1O
60,FC6,108,-1.099,S1O
60,FC6,109,-0.610,S1O
60,FC6,110,0.366,S1O
60,FC6,111,1.831,S1O
60,FC6,112,2.808,S1O
60,FC6,113,3.296,S1O
60,FC6,114,3.784,S1O
60,FC6,115,3.784,S1O
60,FC6,116,3.784,S1O
60,FC6,117,3.296,S1O
60,FC6,118,3.784,S1O
60,FC6,119,4.761,S1O
60,FC6,120,5.737,S1O
60,FC6,121,5.737,S1O
60,FC6,122,4.761,S1O
60,FC6,123,2.808,S1O
60,FC6,124,0.366,S1O
60,FC6,125,-0.610,S1O
60,FC6,126,-1.099,S1O
60,FC6,127,-1.099,S1O
60,FC6,128,-1.099,S1O
60,FC6,129,-2.563,S1O
60,FC6,130,-4.517,S1O
60,FC6,131,-6.470,S1O
60,FC6,132,-7.446,S1O
60,FC6,133,-7.446,S1O
60,FC6,134,-5.981,S1O
60,FC6,135,-3.540,S1O
60,FC6,136,-1.587,S1O
60,FC6,137,-0.122,S1O
60,FC6,138,0.366,S1O
60,FC6,139,-0.122,S1O
60,FC6,140,-1.099,S1O
60,FC6,141,-2.075,S1O
60,FC6,142,-2.075,S1O
60,FC6,143,-1.587,S1O
60,FC6,144,-0.610,S1O
60,FC6,145,0.366,S1O
60,FC6,146,0.366,S1O
60,FC6,147,-1.099,S1O
60,FC6,148,-2.075,S1O
60,FC6,149,-2.563,S1O
60,FC6,150,-1.099,S1O
60,FC6,151,0.854,S1O
60,FC6,152,2.319,S1O
60,FC6,153,1.831,S1O
60,FC6,154,-0.610,S1O
60,FC6,155,-3.540,S1O
60,FC6,156,-4.028,S1O
60,FC6,157,-3.052,S1O
60,FC6,158,-1.099,S1O
60,FC6,159,-0.122,S1O
60,FC6,160,-2.075,S1O
60,FC6,161,-4.517,S1O
60,FC6,162,-5.493,S1O
60,FC6,163,-3.540,S1O
60,FC6,164,0.854,S1O
60,FC6,165,4.761,S1O
60,FC6,166,5.737,S1O
60,FC6,167,4.272,S1O
60,FC6,168,1.831,S1O
60,FC6,169,0.854,S1O
60,FC6,170,2.319,S1O
60,FC6,171,5.737,S1O
60,FC6,172,7.690,S1O
60,FC6,173,6.714,S1O
60,FC6,174,4.272,S1O
60,FC6,175,1.831,S1O
60,FC6,176,0.854,S1O
60,FC6,177,0.854,S1O
60,FC6,178,1.343,S1O
60,FC6,179,1.343,S1O
60,FC6,180,0.854,S1O
60,FC6,181,-0.122,S1O
60,FC6,182,0.366,S1O
60,FC6,183,0.854,S1O
60,FC6,184,2.319,S1O
60,FC6,185,3.784,S1O
60,FC6,186,5.737,S1O
60,FC6,187,7.690,S1O
60,FC6,188,9.155,S1O
60,FC6,189,9.644,S1O
60,FC6,190,7.690,S1O
60,FC6,191,3.784,S1O
60,FC6,192,0.366,S1O
60,FC6,193,-1.587,S1O
60,FC6,194,-1.587,S1O
60,FC6,195,0.366,S1O
60,FC6,196,0.854,S1O
60,FC6,197,0.366,S1O
60,FC6,198,-1.099,S1O
60,FC6,199,-1.587,S1O
60,FC6,200,-0.122,S1O
60,FC6,201,1.343,S1O
60,FC6,202,2.808,S1O
60,FC6,203,2.319,S1O
60,FC6,204,0.366,S1O
60,FC6,205,-2.075,S1O
60,FC6,206,-3.540,S1O
60,FC6,207,-3.540,S1O
60,FC6,208,-3.052,S1O
60,FC6,209,-2.563,S1O
60,FC6,210,-2.075,S1O
60,FC6,211,-1.099,S1O
60,FC6,212,0.366,S1O
60,FC6,213,2.319,S1O
60,FC6,214,4.272,S1O
60,FC6,215,5.249,S1O
60,FC6,216,5.249,S1O
60,FC6,217,3.784,S1O
60,FC6,218,2.808,S1O
60,FC6,219,2.808,S1O
60,FC6,220,3.784,S1O
60,FC6,221,4.761,S1O
60,FC6,222,4.272,S1O
60,FC6,223,2.319,S1O
60,FC6,224,-0.122,S1O
60,FC6,225,-1.587,S1O
60,FC6,226,-0.610,S1O
60,FC6,227,1.343,S1O
60,FC6,228,3.296,S1O
60,FC6,229,3.784,S1O
60,FC6,230,2.808,S1O
60,FC6,231,1.831,S1O
60,FC6,232,1.343,S1O
60,FC6,233,2.319,S1O
60,FC6,234,3.296,S1O
60,FC6,235,2.808,S1O
60,FC6,236,0.854,S1O
60,FC6,237,-2.075,S1O
60,FC6,238,-4.517,S1O
60,FC6,239,-4.517,S1O
60,FC6,240,-3.052,S1O
60,FC6,241,-0.610,S1O
60,FC6,242,1.343,S1O
60,FC6,243,1.343,S1O
60,FC6,244,-1.099,S1O
60,FC6,245,-3.052,S1O
60,FC6,246,-4.517,S1O
60,FC6,247,-4.517,S1O
60,FC6,248,-2.563,S1O
60,FC6,249,-1.587,S1O
60,FC6,250,-1.587,S1O
60,FC6,251,-3.052,S1O
60,FC6,252,-5.005,S1O
60,FC6,253,-5.981,S1O
60,FC6,254,-5.005,S1O
60,FC6,255,-3.052,S1O
60,FC5,0,2.106,S1O
60,FC5,1,2.594,S1O
60,FC5,2,3.571,S1O
60,FC5,3,4.059,S1O
60,FC5,4,4.547,S1O
60,FC5,5,5.524,S1O
60,FC5,6,6.012,S1O
60,FC5,7,5.524,S1O
60,FC5,8,3.571,S1O
60,FC5,9,2.106,S1O
60,FC5,10,0.641,S1O
60,FC5,11,0.153,S1O
60,FC5,12,0.153,S1O
60,FC5,13,0.153,S1O
60,FC5,14,0.153,S1O
60,FC5,15,-0.824,S1O
60,FC5,16,-1.312,S1O
60,FC5,17,-2.289,S1O
60,FC5,18,-2.777,S1O
60,FC5,19,-3.265,S1O
60,FC5,20,-3.754,S1O
60,FC5,21,-4.242,S1O
60,FC5,22,-4.242,S1O
60,FC5,23,-3.265,S1O
60,FC5,24,-2.289,S1O
60,FC5,25,-0.824,S1O
60,FC5,26,-0.336,S1O
60,FC5,27,-0.336,S1O
60,FC5,28,-0.336,S1O
60,FC5,29,-0.824,S1O
60,FC5,30,-1.312,S1O
60,FC5,31,-1.801,S1O
60,FC5,32,-2.777,S1O
60,FC5,33,-2.777,S1O
60,FC5,34,-3.754,S1O
60,FC5,35,-4.730,S1O
60,FC5,36,-6.195,S1O
60,FC5,37,-6.683,S1O
60,FC5,38,-6.683,S1O
60,FC5,39,-5.707,S1O
60,FC5,40,-4.242,S1O
60,FC5,41,-2.777,S1O
60,FC5,42,-2.289,S1O
60,FC5,43,-2.289,S1O
60,FC5,44,-3.265,S1O
60,FC5,45,-3.265,S1O
60,FC5,46,-3.265,S1O
60,FC5,47,-3.265,S1O
60,FC5,48,-2.777,S1O
60,FC5,49,-2.777,S1O
60,FC5,50,-3.265,S1O
60,FC5,51,-4.242,S1O
60,FC5,52,-5.219,S1O
60,FC5,53,-7.172,S1O
60,FC5,54,-8.636,S1O
60,FC5,55,-10.101,S1O
60,FC5,56,-11.078,S1O
60,FC5,57,-11.078,S1O
60,FC5,58,-10.101,S1O
60,FC5,59,-8.636,S1O
60,FC5,60,-7.172,S1O
60,FC5,61,-6.683,S1O
60,FC5,62,-7.660,S1O
60,FC5,63,-9.125,S1O
60,FC5,64,-10.590,S1O
60,FC5,65,-10.101,S1O
60,FC5,66,-8.636,S1O
60,FC5,67,-6.195,S1O
60,FC5,68,-4.242,S1O
60,FC5,69,-2.777,S1O
60,FC5,70,-2.777,S1O
60,FC5,71,-3.265,S1O
60,FC5,72,-3.265,S1O
60,FC5,73,-3.265,S1O
60,FC5,74,-3.265,S1O
60,FC5,75,-3.265,S1O
60,FC5,76,-3.754,S1O
60,FC5,77,-3.754,S1O
60,FC5,78,-3.754,S1O
60,FC5,79,-3.754,S1O
60,FC5,80,-3.265,S1O
60,FC5,81,-3.754,S1O
60,FC5,82,-4.242,S1O
60,FC5,83,-5.219,S1O
60,FC5,84,-6.683,S1O
60,FC5,85,-7.172,S1O
60,FC5,86,-7.660,S1O
60,FC5,87,-7.172,S1O
60,FC5,88,-6.195,S1O
60,FC5,89,-5.219,S1O
60,FC5,90,-4.730,S1O
60,FC5,91,-4.730,S1O
60,FC5,92,-4.730,S1O
60,FC5,93,-4.242,S1O
60,FC5,94,-3.754,S1O
60,FC5,95,-2.289,S1O
60,FC5,96,-0.824,S1O
60,FC5,97,0.641,S1O
60,FC5,98,1.617,S1O
60,FC5,99,2.594,S1O
60,FC5,100,2.594,S1O
60,FC5,101,1.617,S1O
60,FC5,102,0.153,S1O
60,FC5,103,-2.289,S1O
60,FC5,104,-3.754,S1O
60,FC5,105,-4.242,S1O
60,FC5,106,-4.242,S1O
60,FC5,107,-3.754,S1O
60,FC5,108,-3.754,S1O
60,FC5,109,-4.730,S1O
60,FC5,110,-5.219,S1O
60,FC5,111,-5.219,S1O
60,FC5,112,-4.730,S1O
60,FC5,113,-3.754,S1O
60,FC5,114,-2.777,S1O
60,FC5,115,-2.777,S1O
60,FC5,116,-2.777,S1O
60,FC5,117,-1.801,S1O
60,FC5,118,-1.312,S1O
60,FC5,119,-0.336,S1O
60,FC5,120,-0.336,S1O
60,FC5,121,-0.336,S1O
60,FC5,122,-0.336,S1O
60,FC5,123,-0.336,S1O
60,FC5,124,0.641,S1O
60,FC5,125,0.641,S1O
60,FC5,126,0.153,S1O
60,FC5,127,-1.801,S1O
60,FC5,128,-3.754,S1O
60,FC5,129,-4.730,S1O
60,FC5,130,-5.219,S1O
60,FC5,131,-5.219,S1O
60,FC5,132,-5.707,S1O
60,FC5,133,-7.172,S1O
60,FC5,134,-8.148,S1O
60,FC5,135,-9.125,S1O
60,FC5,136,-9.125,S1O
60,FC5,137,-8.636,S1O
60,FC5,138,-8.148,S1O
60,FC5,139,-9.125,S1O
60,FC5,140,-9.613,S1O
60,FC5,141,-11.078,S1O
60,FC5,142,-11.566,S1O
60,FC5,143,-10.590,S1O
60,FC5,144,-8.636,S1O
60,FC5,145,-6.683,S1O
60,FC5,146,-5.707,S1O
60,FC5,147,-4.730,S1O
60,FC5,148,-5.219,S1O
60,FC5,149,-6.195,S1O
60,FC5,150,-7.172,S1O
60,FC5,151,-7.660,S1O
60,FC5,152,-8.148,S1O
60,FC5,153,-7.172,S1O
60,FC5,154,-6.683,S1O
60,FC5,155,-5.707,S1O
60,FC5,156,-5.707,S1O
60,FC5,157,-6.683,S1O
60,FC5,158,-8.148,S1O
60,FC5,159,-8.636,S1O
60,FC5,160,-8.148,S1O
60,FC5,161,-6.683,S1O
60,FC5,162,-5.219,S1O
60,FC5,163,-4.242,S1O
60,FC5,164,-3.754,S1O
60,FC5,165,-3.265,S1O
60,FC5,166,-2.777,S1O
60,FC5,167,-1.801,S1O
60,FC5,168,-0.824,S1O
60,FC5,169,0.153,S1O
60,FC5,170,1.129,S1O
60,FC5,171,2.594,S1O
60,FC5,172,4.059,S1O
60,FC5,173,5.524,S1O
60,FC5,174,6.989,S1O
60,FC5,175,6.989,S1O
60,FC5,176,6.012,S1O
60,FC5,177,4.547,S1O
60,FC5,178,4.547,S1O
60,FC5,179,4.059,S1O
60,FC5,180,4.059,S1O
60,FC5,181,3.082,S1O
60,FC5,182,1.129,S1O
60,FC5,183,-1.312,S1O
60,FC5,184,-2.777,S1O
60,FC5,185,-3.754,S1O
60,FC5,186,-3.754,S1O
60,FC5,187,-3.754,S1O
60,FC5,188,-3.754,S1O
60,FC5,189,-3.265,S1O
60,FC5,190,-2.289,S1O
60,FC5,191,-0.824,S1O
60,FC5,192,0.641,S1O
60,FC5,193,0.641,S1O
60,FC5,194,0.641,S1O
60,FC5,195,-0.336,S1O
60,FC5,196,-0.336,S1O
60,FC5,197,0.153,S1O
60,FC5,198,1.129,S1O
60,FC5,199,1.617,S1O
60,FC5,200,1.129,S1O
60,FC5,201,0.153,S1O
60,FC5,202,-1.801,S1O
60,FC5,203,-3.265,S1O
60,FC5,204,-3.754,S1O
60,FC5,205,-3.265,S1O
60,FC5,206,-2.289,S1O
60,FC5,207,-1.312,S1O
60,FC5,208,-1.312,S1O
60,FC5,209,-1.801,S1O
60,FC5,210,-3.265,S1O
60,FC5,211,-4.242,S1O
60,FC5,212,-4.730,S1O
60,FC5,213,-4.730,S1O
60,FC5,214,-4.242,S1O
60,FC5,215,-3.754,S1O
60,FC5,216,-2.777,S1O
60,FC5,217,-3.265,S1O
60,FC5,218,-2.777,S1O
60,FC5,219,-2.777,S1O
60,FC5,220,-2.777,S1O
60,FC5,221,-2.777,S1O
60,FC5,222,-3.265,S1O
60,FC5,223,-3.265,S1O
60,FC5,224,-2.777,S1O
60,FC5,225,-1.801,S1O
60,FC5,226,-1.801,S1O
60,FC5,227,-1.801,S1O
60,FC5,228,-2.777,S1O
60,FC5,229,-4.242,S1O
60,FC5,230,-5.707,S1O
60,FC5,231,-6.683,S1O
60,FC5,232,-7.172,S1O
60,FC5,233,-7.660,S1O
60,FC5,234,-7.172,S1O
60,FC5,235,-6.683,S1O
60,FC5,236,-6.195,S1O
60,FC5,237,-5.707,S1O
60,FC5,238,-5.219,S1O
60,FC5,239,-5.219,S1O
60,FC5,240,-5.707,S1O
60,FC5,241,-5.707,S1O
60,FC5,242,-5.707,S1O
60,FC5,243,-5.707,S1O
60,FC5,244,-4.730,S1O
60,FC5,245,-4.730,S1O
60,FC5,246,-4.242,S1O
60,FC5,247,-4.242,S1O
60,FC5,248,-4.242,S1O
60,FC5,249,-4.730,S1O
60,FC5,250,-5.219,S1O
60,FC5,251,-5.707,S1O
60,FC5,252,-6.195,S1O
60,FC5,253,-6.683,S1O
60,FC5,254,-6.195,S1O
60,FC5,255,-6.195,S1O
60,FC2,0,-0.559,S1O
60,FC2,1,0.417,S1O
60,FC2,2,1.394,S1O
60,FC2,3,1.882,S1O
60,FC2,4,1.882,S1O
60,FC2,5,1.882,S1O
60,FC2,6,1.394,S1O
60,FC2,7,1.394,S1O
60,FC2,8,1.394,S1O
60,FC2,9,1.394,S1O
60,FC2,10,1.394,S1O
60,FC2,11,1.394,S1O
60,FC2,12,1.394,S1O
60,FC2,13,1.394,S1O
60,FC2,14,1.394,S1O
60,FC2,15,1.394,S1O
60,FC2,16,1.394,S1O
60,FC2,17,1.394,S1O
60,FC2,18,2.370,S1O
60,FC2,19,2.858,S1O
60,FC2,20,3.347,S1O
60,FC2,21,3.347,S1O
60,FC2,22,3.347,S1O
60,FC2,23,2.370,S1O
60,FC2,24,1.882,S1O
60,FC2,25,1.882,S1O
60,FC2,26,2.858,S1O
60,FC2,27,3.347,S1O
60,FC2,28,3.347,S1O
60,FC2,29,2.858,S1O
60,FC2,30,2.370,S1O
60,FC2,31,1.882,S1O
60,FC2,32,1.882,S1O
60,FC2,33,1.882,S1O
60,FC2,34,2.370,S1O
60,FC2,35,2.370,S1O
60,FC2,36,2.370,S1O
60,FC2,37,2.370,S1O
60,FC2,38,2.370,S1O
60,FC2,39,1.882,S1O
60,FC2,40,1.394,S1O
60,FC2,41,1.394,S1O
60,FC2,42,1.882,S1O
60,FC2,43,2.370,S1O
60,FC2,44,2.858,S1O
60,FC2,45,3.347,S1O
60,FC2,46,3.347,S1O
60,FC2,47,3.347,S1O
60,FC2,48,3.835,S1O
60,FC2,49,4.323,S1O
60,FC2,50,4.812,S1O
60,FC2,51,4.812,S1O
60,FC2,52,4.812,S1O
60,FC2,53,4.323,S1O
60,FC2,54,3.835,S1O
60,FC2,55,3.835,S1O
60,FC2,56,4.323,S1O
60,FC2,57,4.323,S1O
60,FC2,58,3.835,S1O
60,FC2,59,2.858,S1O
60,FC2,60,2.370,S1O
60,FC2,61,2.370,S1O
60,FC2,62,2.370,S1O
60,FC2,63,2.370,S1O
60,FC2,64,2.370,S1O
60,FC2,65,1.394,S1O
60,FC2,66,0.905,S1O
60,FC2,67,0.905,S1O
60,FC2,68,1.882,S1O
60,FC2,69,2.370,S1O
60,FC2,70,2.858,S1O
60,FC2,71,2.858,S1O
60,FC2,72,2.370,S1O
60,FC2,73,1.882,S1O
60,FC2,74,1.882,S1O
60,FC2,75,1.882,S1O
60,FC2,76,0.905,S1O
60,FC2,77,-0.071,S1O
60,FC2,78,-1.048,S1O
60,FC2,79,-1.048,S1O
60,FC2,80,-1.048,S1O
60,FC2,81,-0.071,S1O
60,FC2,82,0.417,S1O
60,FC2,83,0.417,S1O
60,FC2,84,0.417,S1O
60,FC2,85,0.417,S1O
60,FC2,86,0.905,S1O
60,FC2,87,0.905,S1O
60,FC2,88,1.394,S1O
60,FC2,89,1.394,S1O
60,FC2,90,1.882,S1O
60,FC2,91,1.882,S1O
60,FC2,92,1.882,S1O
60,FC2,93,1.394,S1O
60,FC2,94,1.394,S1O
60,FC2,95,1.394,S1O
60,FC2,96,2.370,S1O
60,FC2,97,2.858,S1O
60,FC2,98,3.835,S1O
60,FC2,99,3.835,S1O
60,FC2,100,3.347,S1O
60,FC2,101,2.858,S1O
60,FC2,102,2.858,S1O
60,FC2,103,2.858,S1O
60,FC2,104,2.858,S1O
60,FC2,105,2.370,S1O
60,FC2,106,1.394,S1O
60,FC2,107,0.905,S1O
60,FC2,108,1.394,S1O
60,FC2,109,1.882,S1O
60,FC2,110,2.370,S1O
60,FC2,111,2.858,S1O
60,FC2,112,2.858,S1O
60,FC2,113,2.370,S1O
60,FC2,114,2.370,S1O
60,FC2,115,2.370,S1O
60,FC2,116,2.858,S1O
60,FC2,117,3.347,S1O
60,FC2,118,3.835,S1O
60,FC2,119,4.323,S1O
60,FC2,120,3.835,S1O
60,FC2,121,3.835,S1O
60,FC2,122,2.858,S1O
60,FC2,123,2.370,S1O
60,FC2,124,1.882,S1O
60,FC2,125,1.394,S1O
60,FC2,126,1.882,S1O
60,FC2,127,1.394,S1O
60,FC2,128,1.394,S1O
60,FC2,129,0.905,S1O
60,FC2,130,-0.559,S1O
60,FC2,131,-1.048,S1O
60,FC2,132,-1.048,S1O
60,FC2,133,-0.071,S1O
60,FC2,134,0.905,S1O
60,FC2,135,1.882,S1O
60,FC2,136,2.370,S1O
60,FC2,137,2.370,S1O
60,FC2,138,1.882,S1O
60,FC2,139,0.905,S1O
60,FC2,140,0.905,S1O
60,FC2,141,0.417,S1O
60,FC2,142,-0.071,S1O
60,FC2,143,-0.071,S1O
60,FC2,144,-0.071,S1O
60,FC2,145,-0.071,S1O
60,FC2,146,0.417,S1O
60,FC2,147,0.417,S1O
60,FC2,148,-0.559,S1O
60,FC2,149,-0.559,S1O
60,FC2,150,-0.071,S1O
60,FC2,151,0.417,S1O
60,FC2,152,0.417,S1O
60,FC2,153,0.905,S1O
60,FC2,154,0.905,S1O
60,FC2,155,0.417,S1O
60,FC2,156,0.905,S1O
60,FC2,157,1.394,S1O
60,FC2,158,1.882,S1O
60,FC2,159,1.882,S1O
60,FC2,160,0.905,S1O
60,FC2,161,-0.559,S1O
60,FC2,162,-1.536,S1O
60,FC2,163,-1.048,S1O
60,FC2,164,0.417,S1O
60,FC2,165,1.882,S1O
60,FC2,166,2.858,S1O
60,FC2,167,2.370,S1O
60,FC2,168,1.394,S1O
60,FC2,169,0.417,S1O
60,FC2,170,0.417,S1O
60,FC2,171,0.417,S1O
60,FC2,172,0.905,S1O
60,FC2,173,0.905,S1O
60,FC2,174,0.905,S1O
60,FC2,175,0.417,S1O
60,FC2,176,0.417,S1O
60,FC2,177,0.417,S1O
60,FC2,178,0.417,S1O
60,FC2,179,0.417,S1O
60,FC2,180,0.417,S1O
60,FC2,181,0.905,S1O
60,FC2,182,1.394,S1O
60,FC2,183,2.370,S1O
60,FC2,184,2.858,S1O
60,FC2,185,3.835,S1O
60,FC2,186,3.835,S1O
60,FC2,187,3.835,S1O
60,FC2,188,2.858,S1O
60,FC2,189,2.370,S1O
60,FC2,190,0.905,S1O
60,FC2,191,-0.071,S1O
60,FC2,192,-1.048,S1O
60,FC2,193,-1.536,S1O
60,FC2,194,-1.536,S1O
60,FC2,195,-1.536,S1O
60,FC2,196,-1.536,S1O
60,FC2,197,-1.048,S1O
60,FC2,198,-0.559,S1O
60,FC2,199,0.417,S1O
60,FC2,200,1.394,S1O
60,FC2,201,1.882,S1O
60,FC2,202,1.882,S1O
60,FC2,203,1.394,S1O
60,FC2,204,0.905,S1O
60,FC2,205,0.417,S1O
60,FC2,206,0.905,S1O
60,FC2,207,0.905,S1O
60,FC2,208,1.394,S1O
60,FC2,209,1.394,S1O
60,FC2,210,1.882,S1O
60,FC2,211,1.882,S1O
60,FC2,212,1.882,S1O
60,FC2,213,2.370,S1O
60,FC2,214,2.370,S1O
60,FC2,215,2.370,S1O
60,FC2,216,2.370,S1O
60,FC2,217,1.882,S1O
60,FC2,218,1.882,S1O
60,FC2,219,1.882,S1O
60,FC2,220,1.882,S1O
60,FC2,221,1.882,S1O
60,FC2,222,1.394,S1O
60,FC2,223,0.905,S1O
60,FC2,224,0.905,S1O
60,FC2,225,1.394,S1O
60,FC2,226,1.882,S1O
60,FC2,227,1.882,S1O
60,FC2,228,2.370,S1O
60,FC2,229,1.882,S1O
60,FC2,230,1.394,S1O
60,FC2,231,1.394,S1O
60,FC2,232,0.905,S1O
60,FC2,233,0.905,S1O
60,FC2,234,0.905,S1O
60,FC2,235,0.417,S1O
60,FC2,236,0.417,S1O
60,FC2,237,0.417,S1O
60,FC2,238,-0.071,S1O
60,FC2,239,0.417,S1O
60,FC2,240,0.417,S1O
60,FC2,241,-0.071,S1O
60,FC2,242,-0.071,S1O
60,FC2,243,-0.071,S1O
60,FC2,244,0.417,S1O
60,FC2,245,0.417,S1O
60,FC2,246,0.417,S1O
60,FC2,247,0.417,S1O
60,FC2,248,-0.071,S1O
60,FC2,249,-0.071,S1O
60,FC2,250,-0.559,S1O
60,FC2,251,-1.048,S1O
60,FC2,252,-1.048,S1O
60,FC2,253,-1.536,S1O
60,FC2,254,-1.048,S1O
60,FC2,255,-0.559,S1O
60,FC1,0,0.793,S1O
60,FC1,1,1.282,S1O
60,FC1,2,1.282,S1O
60,FC1,3,2.258,S1O
60,FC1,4,3.235,S1O
60,FC1,5,4.211,S1O
60,FC1,6,4.700,S1O
60,FC1,7,4.211,S1O
60,FC1,8,3.723,S1O
60,FC1,9,3.235,S1O
60,FC1,10,2.747,S1O
60,FC1,11,2.258,S1O
60,FC1,12,2.258,S1O
60,FC1,13,2.258,S1O
60,FC1,14,1.282,S1O
60,FC1,15,0.305,S1O
60,FC1,16,0.305,S1O
60,FC1,17,1.282,S1O
60,FC1,18,1.770,S1O
60,FC1,19,2.258,S1O
60,FC1,20,2.258,S1O
60,FC1,21,1.770,S1O
60,FC1,22,0.793,S1O
60,FC1,23,0.305,S1O
60,FC1,24,0.305,S1O
60,FC1,25,1.282,S1O
60,FC1,26,1.770,S1O
60,FC1,27,2.258,S1O
60,FC1,28,2.258,S1O
60,FC1,29,1.282,S1O
60,FC1,30,0.305,S1O
60,FC1,31,-0.183,S1O
60,FC1,32,-0.671,S1O
60,FC1,33,-0.671,S1O
60,FC1,34,-1.160,S1O
60,FC1,35,-1.648,S1O
60,FC1,36,-2.136,S1O
60,FC1,37,-2.625,S1O
60,FC1,38,-2.136,S1O
60,FC1,39,-1.648,S1O
60,FC1,40,-0.671,S1O
60,FC1,41,0.305,S1O
60,FC1,42,1.282,S1O
60,FC1,43,1.282,S1O
60,FC1,44,1.282,S1O
60,FC1,45,0.793,S1O
60,FC1,46,0.305,S1O
60,FC1,47,0.793,S1O
60,FC1,48,1.282,S1O
60,FC1,49,2.258,S1O
60,FC1,50,2.747,S1O
60,FC1,51,2.747,S1O
60,FC1,52,2.747,S1O
60,FC1,53,2.258,S1O
60,FC1,54,1.770,S1O
60,FC1,55,0.793,S1O
60,FC1,56,-0.183,S1O
60,FC1,57,-0.671,S1O
60,FC1,58,-0.671,S1O
60,FC1,59,-0.671,S1O
60,FC1,60,-0.183,S1O
60,FC1,61,0.305,S1O
60,FC1,62,-0.183,S1O
60,FC1,63,-0.183,S1O
60,FC1,64,-0.183,S1O
60,FC1,65,-0.183,S1O
60,FC1,66,-0.183,S1O
60,FC1,67,0.305,S1O
60,FC1,68,0.793,S1O
60,FC1,69,0.793,S1O
60,FC1,70,0.793,S1O
60,FC1,71,0.305,S1O
60,FC1,72,0.305,S1O
60,FC1,73,-0.183,S1O
60,FC1,74,-0.671,S1O
60,FC1,75,-1.160,S1O
60,FC1,76,-1.648,S1O
60,FC1,77,-2.625,S1O
60,FC1,78,-3.113,S1O
60,FC1,79,-3.113,S1O
60,FC1,80,-3.113,S1O
60,FC1,81,-3.113,S1O
60,FC1,82,-2.625,S1O
60,FC1,83,-2.136,S1O
60,FC1,84,-2.625,S1O
60,FC1,85,-2.625,S1O
60,FC1,86,-3.113,S1O
60,FC1,87,-2.625,S1O
60,FC1,88,-2.625,S1O
60,FC1,89,-2.136,S1O
60,FC1,90,-1.160,S1O
60,FC1,91,-1.160,S1O
60,FC1,92,-1.160,S1O
60,FC1,93,-1.160,S1O
60,FC1,94,-0.671,S1O
60,FC1,95,0.305,S1O
60,FC1,96,1.282,S1O
60,FC1,97,1.770,S1O
60,FC1,98,1.770,S1O
60,FC1,99,2.258,S1O
60,FC1,100,2.747,S1O
60,FC1,101,2.258,S1O
60,FC1,102,1.770,S1O
60,FC1,103,0.793,S1O
60,FC1,104,-0.671,S1O
60,FC1,105,-1.160,S1O
60,FC1,106,-1.160,S1O
60,FC1,107,-0.671,S1O
60,FC1,108,-0.183,S1O
60,FC1,109,0.305,S1O
60,FC1,110,0.305,S1O
60,FC1,111,-0.183,S1O
60,FC1,112,-0.183,S1O
60,FC1,113,-0.183,S1O
60,FC1,114,0.305,S1O
60,FC1,115,0.793,S1O
60,FC1,116,1.282,S1O
60,FC1,117,1.282,S1O
60,FC1,118,1.770,S1O
60,FC1,119,1.770,S1O
60,FC1,120,1.770,S1O
60,FC1,121,1.770,S1O
60,FC1,122,1.770,S1O
60,FC1,123,1.282,S1O
60,FC1,124,1.282,S1O
60,FC1,125,1.282,S1O
60,FC1,126,1.770,S1O
60,FC1,127,1.282,S1O
60,FC1,128,0.305,S1O
60,FC1,129,-0.671,S1O
60,FC1,130,-1.648,S1O
60,FC1,131,-2.136,S1O
60,FC1,132,-2.136,S1O
60,FC1,133,-1.648,S1O
60,FC1,134,-1.648,S1O
60,FC1,135,-1.160,S1O
60,FC1,136,-1.160,S1O
60,FC1,137,-1.648,S1O
60,FC1,138,-1.648,S1O
60,FC1,139,-1.648,S1O
60,FC1,140,-2.136,S1O
60,FC1,141,-3.113,S1O
60,FC1,142,-3.113,S1O
60,FC1,143,-3.113,S1O
60,FC1,144,-2.625,S1O
60,FC1,145,-1.160,S1O
60,FC1,146,-0.671,S1O
60,FC1,147,-0.183,S1O
60,FC1,148,-0.671,S1O
60,FC1,149,-1.160,S1O
60,FC1,150,-1.648,S1O
60,FC1,151,-2.136,S1O
60,FC1,152,-2.625,S1O
60,FC1,153,-2.625,S1O
60,FC1,154,-2.136,S1O
60,FC1,155,-1.648,S1O
60,FC1,156,-1.160,S1O
60,FC1,157,-1.160,S1O
60,FC1,158,-1.648,S1O
60,FC1,159,-2.136,S1O
60,FC1,160,-2.625,S1O
60,FC1,161,-2.136,S1O
60,FC1,162,-1.648,S1O
60,FC1,163,-1.160,S1O
60,FC1,164,-0.671,S1O
60,FC1,165,-0.183,S1O
60,FC1,166,0.305,S1O
60,FC1,167,1.282,S1O
60,FC1,168,1.282,S1O
60,FC1,169,0.793,S1O
60,FC1,170,0.305,S1O
60,FC1,171,-0.183,S1O
60,FC1,172,0.305,S1O
60,FC1,173,0.793,S1O
60,FC1,174,1.282,S1O
60,FC1,175,1.770,S1O
60,FC1,176,1.770,S1O
60,FC1,177,1.770,S1O
60,FC1,178,1.770,S1O
60,FC1,179,1.770,S1O
60,FC1,180,1.282,S1O
60,FC1,181,1.282,S1O
60,FC1,182,0.793,S1O
60,FC1,183,0.305,S1O
60,FC1,184,0.305,S1O
60,FC1,185,-0.183,S1O
60,FC1,186,-0.183,S1O
60,FC1,187,-0.671,S1O
60,FC1,188,-1.648,S1O
60,FC1,189,-1.648,S1O
60,FC1,190,-1.648,S1O
60,FC1,191,-0.671,S1O
60,FC1,192,-0.183,S1O
60,FC1,193,-0.183,S1O
60,FC1,194,-1.160,S1O
60,FC1,195,-1.648,S1O
60,FC1,196,-1.648,S1O
60,FC1,197,-1.160,S1O
60,FC1,198,-0.183,S1O
60,FC1,199,0.305,S1O
60,FC1,200,0.793,S1O
60,FC1,201,0.793,S1O
60,FC1,202,0.793,S1O
60,FC1,203,0.305,S1O
60,FC1,204,0.793,S1O
60,FC1,205,0.793,S1O
60,FC1,206,1.282,S1O
60,FC1,207,1.770,S1O
60,FC1,208,1.770,S1O
60,FC1,209,1.770,S1O
60,FC1,210,1.282,S1O
60,FC1,211,0.305,S1O
60,FC1,212,-0.183,S1O
60,FC1,213,-0.671,S1O
60,FC1,214,-0.671,S1O
60,FC1,215,-0.671,S1O
60,FC1,216,-0.671,S1O
60,FC1,217,-0.671,S1O
60,FC1,218,-0.671,S1O
60,FC1,219,-0.671,S1O
60,FC1,220,-0.671,S1O
60,FC1,221,-1.160,S1O
60,FC1,222,-1.160,S1O
60,FC1,223,-1.648,S1O
60,FC1,224,-1.160,S1O
60,FC1,225,-0.671,S1O
60,FC1,226,0.305,S1O
60,FC1,227,0.305,S1O
60,FC1,228,-0.183,S1O
60,FC1,229,-1.160,S1O
60,FC1,230,-2.136,S1O
60,FC1,231,-2.625,S1O
60,FC1,232,-2.625,S1O
60,FC1,233,-2.136,S1O
60,FC1,234,-1.648,S1O
60,FC1,235,-1.160,S1O
60,FC1,236,-1.160,S1O
60,FC1,237,-1.160,S1O
60,FC1,238,-1.160,S1O
60,FC1,239,-1.160,S1O
60,FC1,240,-1.160,S1O
60,FC1,241,-1.160,S1O
60,FC1,242,-1.160,S1O
60,FC1,243,-1.160,S1O
60,FC1,244,-1.160,S1O
60,FC1,245,-1.160,S1O
60,FC1,246,-1.648,S1O
60,FC1,247,-1.648,S1O
60,FC1,248,-1.160,S1O
60,FC1,249,-0.671,S1O
60,FC1,250,-0.671,S1O
60,FC1,251,-1.160,S1O
60,FC1,252,-1.160,S1O
60,FC1,253,-2.136,S1O
60,FC1,254,-2.136,S1O
60,FC1,255,-1.648,S1O
60,T8,0,-0.539,S1O
60,T8,1,-1.027,S1O
60,T8,2,-0.539,S1O
60,T8,3,0.437,S1O
60,T8,4,0.926,S1O
60,T8,5,-0.051,S1O
60,T8,6,-2.981,S1O
60,T8,7,-5.910,S1O
60,T8,8,-6.887,S1O
60,T8,9,-5.422,S1O
60,T8,10,-2.004,S1O
60,T8,11,1.414,S1O
60,T8,12,2.879,S1O
60,T8,13,2.391,S1O
60,T8,14,0.926,S1O
60,T8,15,0.926,S1O
60,T8,16,1.902,S1O
60,T8,17,2.879,S1O
60,T8,18,2.879,S1O
60,T8,19,1.902,S1O
60,T8,20,0.437,S1O
60,T8,21,0.437,S1O
60,T8,22,1.902,S1O
60,T8,23,4.344,S1O
60,T8,24,5.320,S1O
60,T8,25,4.832,S1O
60,T8,26,2.879,S1O
60,T8,27,1.902,S1O
60,T8,28,1.414,S1O
60,T8,29,1.902,S1O
60,T8,30,2.879,S1O
60,T8,31,3.855,S1O
60,T8,32,4.832,S1O
60,T8,33,5.809,S1O
60,T8,34,6.785,S1O
60,T8,35,6.785,S1O
60,T8,36,5.320,S1O
60,T8,37,2.391,S1O
60,T8,38,-1.027,S1O
60,T8,39,-3.469,S1O
60,T8,40,-3.957,S1O
60,T8,41,-3.469,S1O
60,T8,42,-2.492,S1O
60,T8,43,-1.516,S1O
60,T8,44,-1.516,S1O
60,T8,45,-1.516,S1O
60,T8,46,-2.004,S1O
60,T8,47,-1.516,S1O
60,T8,48,-1.027,S1O
60,T8,49,-1.027,S1O
60,T8,50,-2.004,S1O
60,T8,51,-3.469,S1O
60,T8,52,-4.934,S1O
60,T8,53,-5.910,S1O
60,T8,54,-5.422,S1O
60,T8,55,-4.445,S1O
60,T8,56,-3.469,S1O
60,T8,57,-2.492,S1O
60,T8,58,-1.516,S1O
60,T8,59,-0.051,S1O
60,T8,60,0.437,S1O
60,T8,61,-0.051,S1O
60,T8,62,-2.004,S1O
60,T8,63,-4.445,S1O
60,T8,64,-7.375,S1O
60,T8,65,-8.352,S1O
60,T8,66,-7.375,S1O
60,T8,67,-5.422,S1O
60,T8,68,-2.492,S1O
60,T8,69,-0.051,S1O
60,T8,70,1.902,S1O
60,T8,71,3.855,S1O
60,T8,72,5.320,S1O
60,T8,73,6.297,S1O
60,T8,74,6.785,S1O
60,T8,75,7.273,S1O
60,T8,76,6.785,S1O
60,T8,77,6.297,S1O
60,T8,78,4.832,S1O
60,T8,79,2.391,S1O
60,T8,80,0.437,S1O
60,T8,81,-1.027,S1O
60,T8,82,-1.516,S1O
60,T8,83,-2.492,S1O
60,T8,84,-2.981,S1O
60,T8,85,-3.469,S1O
60,T8,86,-3.957,S1O
60,T8,87,-2.981,S1O
60,T8,88,-0.051,S1O
60,T8,89,3.855,S1O
60,T8,90,6.297,S1O
60,T8,91,7.273,S1O
60,T8,92,6.297,S1O
60,T8,93,4.344,S1O
60,T8,94,2.879,S1O
60,T8,95,2.879,S1O
60,T8,96,3.367,S1O
60,T8,97,4.832,S1O
60,T8,98,5.809,S1O
60,T8,99,6.785,S1O
60,T8,100,6.785,S1O
60,T8,101,5.320,S1O
60,T8,102,3.855,S1O
60,T8,103,1.902,S1O
60,T8,104,0.926,S1O
60,T8,105,0.926,S1O
60,T8,106,0.926,S1O
60,T8,107,0.926,S1O
60,T8,108,-0.051,S1O
60,T8,109,-1.516,S1O
60,T8,110,-1.516,S1O
60,T8,111,-0.539,S1O
60,T8,112,1.902,S1O
60,T8,113,4.832,S1O
60,T8,114,7.273,S1O
60,T8,115,7.762,S1O
60,T8,116,5.809,S1O
60,T8,117,3.855,S1O
60,T8,118,1.902,S1O
60,T8,119,1.414,S1O
60,T8,120,2.391,S1O
60,T8,121,3.855,S1O
60,T8,122,5.320,S1O
60,T8,123,4.832,S1O
60,T8,124,2.879,S1O
60,T8,125,0.926,S1O
60,T8,126,-1.027,S1O
60,T8,127,-2.004,S1O
60,T8,128,-2.004,S1O
60,T8,129,-2.981,S1O
60,T8,130,-4.445,S1O
60,T8,131,-6.887,S1O
60,T8,132,-8.352,S1O
60,T8,133,-8.840,S1O
60,T8,134,-7.863,S1O
60,T8,135,-6.399,S1O
60,T8,136,-4.445,S1O
60,T8,137,-2.981,S1O
60,T8,138,-1.516,S1O
60,T8,139,-1.027,S1O
60,T8,140,-0.539,S1O
60,T8,141,-0.539,S1O
60,T8,142,-0.539,S1O
60,T8,143,-0.539,S1O
60,T8,144,-0.051,S1O
60,T8,145,-0.051,S1O
60,T8,146,0.437,S1O
60,T8,147,-0.051,S1O
60,T8,148,-0.051,S1O
60,T8,149,-0.051,S1O
60,T8,150,-0.051,S1O
60,T8,151,0.926,S1O
60,T8,152,0.437,S1O
60,T8,153,-1.027,S1O
60,T8,154,-2.492,S1O
60,T8,155,-3.469,S1O
60,T8,156,-3.469,S1O
60,T8,157,-2.004,S1O
60,T8,158,-1.027,S1O
60,T8,159,-1.027,S1O
60,T8,160,-1.516,S1O
60,T8,161,-2.004,S1O
60,T8,162,-1.027,S1O
60,T8,163,1.902,S1O
60,T8,164,4.832,S1O
60,T8,165,6.785,S1O
60,T8,166,6.785,S1O
60,T8,167,5.320,S1O
60,T8,168,3.855,S1O
60,T8,169,3.367,S1O
60,T8,170,4.344,S1O
60,T8,171,6.297,S1O
60,T8,172,7.762,S1O
60,T8,173,8.250,S1O
60,T8,174,7.273,S1O
60,T8,175,5.320,S1O
60,T8,176,2.391,S1O
60,T8,177,-0.539,S1O
60,T8,178,-3.469,S1O
60,T8,179,-4.934,S1O
60,T8,180,-4.445,S1O
60,T8,181,-2.492,S1O
60,T8,182,-0.051,S1O
60,T8,183,1.414,S1O
60,T8,184,2.391,S1O
60,T8,185,2.391,S1O
60,T8,186,2.879,S1O
60,T8,187,4.344,S1O
60,T8,188,6.785,S1O
60,T8,189,8.738,S1O
60,T8,190,8.250,S1O
60,T8,191,5.320,S1O
60,T8,192,1.902,S1O
60,T8,193,-1.027,S1O
60,T8,194,-2.004,S1O
60,T8,195,-1.027,S1O
60,T8,196,0.437,S1O
60,T8,197,0.437,S1O
60,T8,198,-0.539,S1O
60,T8,199,-2.492,S1O
60,T8,200,-4.445,S1O
60,T8,201,-5.422,S1O
60,T8,202,-5.910,S1O
60,T8,203,-5.910,S1O
60,T8,204,-5.910,S1O
60,T8,205,-6.399,S1O
60,T8,206,-7.375,S1O
60,T8,207,-7.375,S1O
60,T8,208,-7.375,S1O
60,T8,209,-7.375,S1O
60,T8,210,-6.887,S1O
60,T8,211,-5.422,S1O
60,T8,212,-3.957,S1O
60,T8,213,-2.492,S1O
60,T8,214,-0.539,S1O
60,T8,215,0.437,S1O
60,T8,216,0.437,S1O
60,T8,217,-0.539,S1O
60,T8,218,-1.027,S1O
60,T8,219,-1.516,S1O
60,T8,220,-0.539,S1O
60,T8,221,-0.051,S1O
60,T8,222,-0.051,S1O
60,T8,223,-1.027,S1O
60,T8,224,-2.492,S1O
60,T8,225,-2.981,S1O
60,T8,226,-2.981,S1O
60,T8,227,-2.492,S1O
60,T8,228,-2.492,S1O
60,T8,229,-2.981,S1O
60,T8,230,-3.469,S1O
60,T8,231,-3.469,S1O
60,T8,232,-1.516,S1O
60,T8,233,0.926,S1O
60,T8,234,3.367,S1O
60,T8,235,3.855,S1O
60,T8,236,1.902,S1O
60,T8,237,-1.516,S1O
60,T8,238,-4.934,S1O
60,T8,239,-5.910,S1O
60,T8,240,-4.445,S1O
60,T8,241,-2.004,S1O
60,T8,242,0.437,S1O
60,T8,243,0.437,S1O
60,T8,244,-1.516,S1O
60,T8,245,-4.934,S1O
60,T8,246,-7.375,S1O
60,T8,247,-7.863,S1O
60,T8,248,-6.399,S1O
60,T8,249,-3.957,S1O
60,T8,250,-2.981,S1O
60,T8,251,-3.469,S1O
60,T8,252,-4.934,S1O
60,T8,253,-5.910,S1O
60,T8,254,-5.422,S1O
60,T8,255,-3.957,S1O
60,T7,0,2.645,S1O
60,T7,1,4.110,S1O
60,T7,2,5.086,S1O
60,T7,3,5.575,S1O
60,T7,4,6.063,S1O
60,T7,5,6.551,S1O
60,T7,6,6.063,S1O
60,T7,7,5.086,S1O
60,T7,8,3.133,S1O
60,T7,9,0.203,S1O
60,T7,10,-1.750,S1O
60,T7,11,-2.726,S1O
60,T7,12,-2.238,S1O
60,T7,13,-1.750,S1O
60,T7,14,-1.261,S1O
60,T7,15,-1.261,S1O
60,T7,16,-1.750,S1O
60,T7,17,-2.726,S1O
60,T7,18,-3.703,S1O
60,T7,19,-4.679,S1O
60,T7,20,-5.656,S1O
60,T7,21,-6.144,S1O
60,T7,22,-5.656,S1O
60,T7,23,-4.191,S1O
60,T7,24,-2.726,S1O
60,T7,25,-1.261,S1O
60,T7,26,-1.261,S1O
60,T7,27,-1.750,S1O
60,T7,28,-2.238,S1O
60,T7,29,-2.238,S1O
60,T7,30,-1.750,S1O
60,T7,31,-1.750,S1O
60,T7,32,-2.238,S1O
60,T7,33,-4.191,S1O
60,T7,34,-6.144,S1O
60,T7,35,-8.097,S1O
60,T7,36,-8.586,S1O
60,T7,37,-8.586,S1O
60,T7,38,-8.097,S1O
60,T7,39,-7.609,S1O
60,T7,40,-6.632,S1O
60,T7,41,-5.656,S1O
60,T7,42,-4.679,S1O
60,T7,43,-4.679,S1O
60,T7,44,-4.191,S1O
60,T7,45,-4.679,S1O
60,T7,46,-5.168,S1O
60,T7,47,-5.656,S1O
60,T7,48,-6.144,S1O
60,T7,49,-6.632,S1O
60,T7,50,-7.121,S1O
60,T7,51,-8.097,S1O
60,T7,52,-9.074,S1O
60,T7,53,-11.027,S1O
60,T7,54,-12.980,S1O
60,T7,55,-13.957,S1O
60,T7,56,-13.957,S1O
60,T7,57,-12.980,S1O
60,T7,58,-11.515,S1O
60,T7,59,-9.562,S1O
60,T7,60,-8.586,S1O
60,T7,61,-8.586,S1O
60,T7,62,-9.562,S1O
60,T7,63,-10.539,S1O
60,T7,64,-11.515,S1O
60,T7,65,-11.027,S1O
60,T7,66,-8.586,S1O
60,T7,67,-6.144,S1O
60,T7,68,-4.191,S1O
60,T7,69,-2.238,S1O
60,T7,70,-1.750,S1O
60,T7,71,-1.750,S1O
60,T7,72,-1.750,S1O
60,T7,73,-1.750,S1O
60,T7,74,-1.750,S1O
60,T7,75,-1.750,S1O
60,T7,76,-1.750,S1O
60,T7,77,-2.238,S1O
60,T7,78,-2.238,S1O
60,T7,79,-1.750,S1O
60,T7,80,-1.261,S1O
60,T7,81,-1.261,S1O
60,T7,82,-1.261,S1O
60,T7,83,-2.238,S1O
60,T7,84,-4.191,S1O
60,T7,85,-5.656,S1O
60,T7,86,-6.632,S1O
60,T7,87,-6.144,S1O
60,T7,88,-4.679,S1O
60,T7,89,-3.703,S1O
60,T7,90,-3.215,S1O
60,T7,91,-3.215,S1O
60,T7,92,-4.191,S1O
60,T7,93,-4.679,S1O
60,T7,94,-3.703,S1O
60,T7,95,-1.750,S1O
60,T7,96,0.692,S1O
60,T7,97,2.157,S1O
60,T7,98,3.621,S1O
60,T7,99,3.621,S1O
60,T7,100,3.621,S1O
60,T7,101,2.645,S1O
60,T7,102,0.692,S1O
60,T7,103,-1.750,S1O
60,T7,104,-4.191,S1O
60,T7,105,-4.679,S1O
60,T7,106,-4.679,S1O
60,T7,107,-3.703,S1O
60,T7,108,-3.703,S1O
60,T7,109,-4.679,S1O
60,T7,110,-6.144,S1O
60,T7,111,-6.632,S1O
60,T7,112,-6.632,S1O
60,T7,113,-6.144,S1O
60,T7,114,-5.168,S1O
60,T7,115,-4.191,S1O
60,T7,116,-3.703,S1O
60,T7,117,-3.215,S1O
60,T7,118,-1.750,S1O
60,T7,119,-0.773,S1O
60,T7,120,-0.773,S1O
60,T7,121,-0.285,S1O
60,T7,122,-0.285,S1O
60,T7,123,0.203,S1O
60,T7,124,0.692,S1O
60,T7,125,0.692,S1O
60,T7,126,-0.285,S1O
60,T7,127,-2.238,S1O
60,T7,128,-4.191,S1O
60,T7,129,-4.679,S1O
60,T7,130,-4.191,S1O
60,T7,131,-3.703,S1O
60,T7,132,-4.191,S1O
60,T7,133,-6.632,S1O
60,T7,134,-9.562,S1O
60,T7,135,-12.004,S1O
60,T7,136,-12.980,S1O
60,T7,137,-11.515,S1O
60,T7,138,-9.074,S1O
60,T7,139,-8.097,S1O
60,T7,140,-9.074,S1O
60,T7,141,-10.539,S1O
60,T7,142,-12.492,S1O
60,T7,143,-11.515,S1O
60,T7,144,-9.562,S1O
60,T7,145,-6.632,S1O
60,T7,146,-4.191,S1O
60,T7,147,-3.703,S1O
60,T7,148,-4.679,S1O
60,T7,149,-6.144,S1O
60,T7,150,-7.121,S1O
60,T7,151,-8.097,S1O
60,T7,152,-8.097,S1O
60,T7,153,-7.121,S1O
60,T7,154,-6.144,S1O
60,T7,155,-5.656,S1O
60,T7,156,-6.144,S1O
60,T7,157,-7.609,S1O
60,T7,158,-8.586,S1O
60,T7,159,-9.074,S1O
60,T7,160,-8.097,S1O
60,T7,161,-6.144,S1O
60,T7,162,-4.191,S1O
60,T7,163,-3.215,S1O
60,T7,164,-3.703,S1O
60,T7,165,-4.191,S1O
60,T7,166,-3.215,S1O
60,T7,167,-1.750,S1O
60,T7,168,0.203,S1O
60,T7,169,1.668,S1O
60,T7,170,3.133,S1O
60,T7,171,4.598,S1O
60,T7,172,7.039,S1O
60,T7,173,8.993,S1O
60,T7,174,10.457,S1O
60,T7,175,9.969,S1O
60,T7,176,8.504,S1O
60,T7,177,7.039,S1O
60,T7,178,7.039,S1O
60,T7,179,8.016,S1O
60,T7,180,8.016,S1O
60,T7,181,6.551,S1O
60,T7,182,3.621,S1O
60,T7,183,0.203,S1O
60,T7,184,-2.726,S1O
60,T7,185,-4.191,S1O
60,T7,186,-4.679,S1O
60,T7,187,-5.656,S1O
60,T7,188,-6.144,S1O
60,T7,189,-5.656,S1O
60,T7,190,-3.215,S1O
60,T7,191,-0.285,S1O
60,T7,192,1.668,S1O
60,T7,193,1.668,S1O
60,T7,194,0.203,S1O
60,T7,195,-0.773,S1O
60,T7,196,-0.773,S1O
60,T7,197,0.203,S1O
60,T7,198,1.668,S1O
60,T7,199,2.157,S1O
60,T7,200,0.692,S1O
60,T7,201,-1.750,S1O
60,T7,202,-4.679,S1O
60,T7,203,-6.144,S1O
60,T7,204,-6.632,S1O
60,T7,205,-6.144,S1O
60,T7,206,-5.168,S1O
60,T7,207,-4.679,S1O
60,T7,208,-5.168,S1O
60,T7,209,-5.656,S1O
60,T7,210,-6.144,S1O
60,T7,211,-6.144,S1O
60,T7,212,-6.144,S1O
60,T7,213,-6.144,S1O
60,T7,214,-6.144,S1O
60,T7,215,-6.144,S1O
60,T7,216,-5.656,S1O
60,T7,217,-4.191,S1O
60,T7,218,-3.215,S1O
60,T7,219,-2.726,S1O
60,T7,220,-3.215,S1O
60,T7,221,-3.703,S1O
60,T7,222,-4.191,S1O
60,T7,223,-3.703,S1O
60,T7,224,-2.726,S1O
60,T7,225,-1.750,S1O
60,T7,226,-1.750,S1O
60,T7,227,-2.238,S1O
60,T7,228,-3.215,S1O
60,T7,229,-3.703,S1O
60,T7,230,-4.191,S1O
60,T7,231,-4.191,S1O
60,T7,232,-5.168,S1O
60,T7,233,-6.144,S1O
60,T7,234,-7.121,S1O
60,T7,235,-7.609,S1O
60,T7,236,-7.121,S1O
60,T7,237,-6.144,S1O
60,T7,238,-5.168,S1O
60,T7,239,-4.679,S1O
60,T7,240,-4.191,S1O
60,T7,241,-4.191,S1O
60,T7,242,-4.191,S1O
60,T7,243,-4.191,S1O
60,T7,244,-4.679,S1O
60,T7,245,-4.679,S1O
60,T7,246,-4.191,S1O
60,T7,247,-2.726,S1O
60,T7,248,-1.750,S1O
60,T7,249,-1.261,S1O
60,T7,250,-2.238,S1O
60,T7,251,-4.191,S1O
60,T7,252,-5.168,S1O
60,T7,253,-5.656,S1O
60,T7,254,-5.168,S1O
60,T7,255,-4.679,S1O
60,CZ,0,5.066,S1O
60,CZ,1,4.089,S1O
60,CZ,2,3.113,S1O
60,CZ,3,4.578,S1O
60,CZ,4,7.507,S1O
60,CZ,5,10.925,S1O
60,CZ,6,11.414,S1O
60,CZ,7,8.972,S1O
60,CZ,8,4.578,S1O
60,CZ,9,0.671,S1O
60,CZ,10,-1.282,S1O
60,CZ,11,-0.793,S1O
60,CZ,12,0.671,S1O
60,CZ,13,1.160,S1O
60,CZ,14,1.160,S1O
60,CZ,15,1.160,S1O
60,CZ,16,1.648,S1O
60,CZ,17,3.113,S1O
60,CZ,18,4.089,S1O
60,CZ,19,4.089,S1O
60,CZ,20,3.113,S1O
60,CZ,21,2.136,S1O
60,CZ,22,1.648,S1O
60,CZ,23,2.136,S1O
60,CZ,24,3.601,S1O
60,CZ,25,4.089,S1O
60,CZ,26,4.578,S1O
60,CZ,27,3.601,S1O
60,CZ,28,3.113,S1O
60,CZ,29,3.113,S1O
60,CZ,30,4.089,S1O
60,CZ,31,6.042,S1O
60,CZ,32,7.019,S1O
60,CZ,33,7.019,S1O
60,CZ,34,6.042,S1O
60,CZ,35,5.066,S1O
60,CZ,36,5.066,S1O
60,CZ,37,5.554,S1O
60,CZ,38,6.531,S1O
60,CZ,39,6.531,S1O
60,CZ,40,5.554,S1O
60,CZ,41,3.113,S1O
60,CZ,42,0.671,S1O
60,CZ,43,-0.305,S1O
60,CZ,44,0.183,S1O
60,CZ,45,0.671,S1O
60,CZ,46,1.648,S1O
60,CZ,47,1.160,S1O
60,CZ,48,0.671,S1O
60,CZ,49,-0.305,S1O
60,CZ,50,-1.282,S1O
60,CZ,51,-2.747,S1O
60,CZ,52,-4.700,S1O
60,CZ,53,-7.141,S1O
60,CZ,54,-10.071,S1O
60,CZ,55,-12.024,S1O
60,CZ,56,-12.512,S1O
60,CZ,57,-11.047,S1O
60,CZ,58,-8.606,S1O
60,CZ,59,-6.165,S1O
60,CZ,60,-5.676,S1O
60,CZ,61,-6.653,S1O
60,CZ,62,-9.094,S1O
60,CZ,63,-12.024,S1O
60,CZ,64,-13.977,S1O
60,CZ,65,-13.977,S1O
60,CZ,66,-10.559,S1O
60,CZ,67,-5.676,S1O
60,CZ,68,-0.793,S1O
60,CZ,69,2.136,S1O
60,CZ,70,2.625,S1O
60,CZ,71,0.671,S1O
60,CZ,72,-0.305,S1O
60,CZ,73,-0.305,S1O
60,CZ,74,2.136,S1O
60,CZ,75,4.089,S1O
60,CZ,76,4.089,S1O
60,CZ,77,2.136,S1O
60,CZ,78,-0.305,S1O
60,CZ,79,-1.770,S1O
60,CZ,80,-1.282,S1O
60,CZ,81,-0.305,S1O
60,CZ,82,0.183,S1O
60,CZ,83,-1.282,S1O
60,CZ,84,-2.747,S1O
60,CZ,85,-4.700,S1O
60,CZ,86,-5.188,S1O
60,CZ,87,-4.700,S1O
60,CZ,88,-3.723,S1O
60,CZ,89,-2.258,S1O
60,CZ,90,-0.793,S1O
60,CZ,91,0.671,S1O
60,CZ,92,1.648,S1O
60,CZ,93,2.136,S1O
60,CZ,94,1.648,S1O
60,CZ,95,1.648,S1O
60,CZ,96,2.136,S1O
60,CZ,97,4.089,S1O
60,CZ,98,7.996,S1O
60,CZ,99,10.925,S1O
60,CZ,100,10.925,S1O
60,CZ,101,7.996,S1O
60,CZ,102,3.113,S1O
60,CZ,103,-1.282,S1O
60,CZ,104,-2.747,S1O
60,CZ,105,-1.282,S1O
60,CZ,106,0.183,S1O
60,CZ,107,0.671,S1O
60,CZ,108,-1.282,S1O
60,CZ,109,-3.723,S1O
60,CZ,110,-5.188,S1O
60,CZ,111,-3.235,S1O
60,CZ,112,-0.305,S1O
60,CZ,113,2.136,S1O
60,CZ,114,2.625,S1O
60,CZ,115,1.160,S1O
60,CZ,116,-0.793,S1O
60,CZ,117,-0.793,S1O
60,CZ,118,0.671,S1O
60,CZ,119,2.136,S1O
60,CZ,120,3.113,S1O
60,CZ,121,3.601,S1O
60,CZ,122,3.601,S1O
60,CZ,123,4.089,S1O
60,CZ,124,4.089,S1O
60,CZ,125,3.113,S1O
60,CZ,126,0.671,S1O
60,CZ,127,-3.235,S1O
60,CZ,128,-8.118,S1O
60,CZ,129,-12.024,S1O
60,CZ,130,-14.465,S1O
60,CZ,131,-15.442,S1O
60,CZ,132,-14.465,S1O
60,CZ,133,-13.000,S1O
60,CZ,134,-11.536,S1O
60,CZ,135,-10.559,S1O
60,CZ,136,-10.071,S1O
60,CZ,137,-10.559,S1O
60,CZ,138,-11.047,S1O
60,CZ,139,-12.024,S1O
60,CZ,140,-12.512,S1O
60,CZ,141,-13.000,S1O
60,CZ,142,-12.512,S1O
60,CZ,143,-11.047,S1O
60,CZ,144,-8.606,S1O
60,CZ,145,-6.653,S1O
60,CZ,146,-6.653,S1O
60,CZ,147,-8.118,S1O
60,CZ,148,-10.559,S1O
60,CZ,149,-12.512,S1O
60,CZ,150,-12.512,S1O
60,CZ,151,-11.047,S1O
60,CZ,152,-9.583,S1O
60,CZ,153,-9.583,S1O
60,CZ,154,-10.559,S1O
60,CZ,155,-11.047,S1O
60,CZ,156,-11.536,S1O
60,CZ,157,-11.047,S1O
60,CZ,158,-10.071,S1O
60,CZ,159,-9.583,S1O
60,CZ,160,-9.094,S1O
60,CZ,161,-8.606,S1O
60,CZ,162,-7.141,S1O
60,CZ,163,-5.188,S1O
60,CZ,164,-2.258,S1O
60,CZ,165,0.183,S1O
60,CZ,166,1.648,S1O
60,CZ,167,1.648,S1O
60,CZ,168,1.160,S1O
60,CZ,169,0.183,S1O
60,CZ,170,1.160,S1O
60,CZ,171,3.601,S1O
60,CZ,172,7.507,S1O
60,CZ,173,9.949,S1O
60,CZ,174,9.460,S1O
60,CZ,175,5.554,S1O
60,CZ,176,-0.793,S1O
60,CZ,177,-6.653,S1O
60,CZ,178,-8.606,S1O
60,CZ,179,-7.141,S1O
60,CZ,180,-4.211,S1O
60,CZ,181,-1.282,S1O
60,CZ,182,-0.305,S1O
60,CZ,183,-0.793,S1O
60,CZ,184,-1.770,S1O
60,CZ,185,-2.258,S1O
60,CZ,186,-1.770,S1O
60,CZ,187,-1.282,S1O
60,CZ,188,-1.770,S1O
60,CZ,189,-2.747,S1O
60,CZ,190,-3.235,S1O
60,CZ,191,-4.211,S1O
60,CZ,192,-4.700,S1O
60,CZ,193,-5.188,S1O
60,CZ,194,-5.188,S1O
60,CZ,195,-6.165,S1O
60,CZ,196,-7.141,S1O
60,CZ,197,-8.606,S1O
60,CZ,198,-9.094,S1O
60,CZ,199,-10.071,S1O
60,CZ,200,-10.071,S1O
60,CZ,201,-9.583,S1O
60,CZ,202,-9.094,S1O
60,CZ,203,-8.118,S1O
60,CZ,204,-8.606,S1O
60,CZ,205,-8.118,S1O
60,CZ,206,-8.606,S1O
60,CZ,207,-9.094,S1O
60,CZ,208,-10.071,S1O
60,CZ,209,-12.024,S1O
60,CZ,210,-13.977,S1O
60,CZ,211,-15.442,S1O
60,CZ,212,-14.954,S1O
60,CZ,213,-13.489,S1O
60,CZ,214,-11.047,S1O
60,CZ,215,-9.094,S1O
60,CZ,216,-7.141,S1O
60,CZ,217,-6.653,S1O
60,CZ,218,-5.676,S1O
60,CZ,219,-5.188,S1O
60,CZ,220,-5.188,S1O
60,CZ,221,-5.188,S1O
60,CZ,222,-6.165,S1O
60,CZ,223,-7.629,S1O
60,CZ,224,-9.583,S1O
60,CZ,225,-10.559,S1O
60,CZ,226,-11.536,S1O
60,CZ,227,-11.536,S1O
60,CZ,228,-11.047,S1O
60,CZ,229,-10.071,S1O
60,CZ,230,-8.606,S1O
60,CZ,231,-7.141,S1O
60,CZ,232,-6.165,S1O
60,CZ,233,-5.188,S1O
60,CZ,234,-4.700,S1O
60,CZ,235,-4.700,S1O
60,CZ,236,-5.188,S1O
60,CZ,237,-6.165,S1O
60,CZ,238,-6.165,S1O
60,CZ,239,-5.676,S1O
60,CZ,240,-5.188,S1O
60,CZ,241,-4.700,S1O
60,CZ,242,-4.700,S1O
60,CZ,243,-5.676,S1O
60,CZ,244,-6.653,S1O
60,CZ,245,-6.653,S1O
60,CZ,246,-6.165,S1O
60,CZ,247,-4.700,S1O
60,CZ,248,-3.235,S1O
60,CZ,249,-1.770,S1O
60,CZ,250,-1.282,S1O
60,CZ,251,-1.282,S1O
60,CZ,252,-2.258,S1O
60,CZ,253,-3.723,S1O
60,CZ,254,-5.676,S1O
60,CZ,255,-7.629,S1O
60,C3,0,1.343,S1O
60,C3,1,1.831,S1O
60,C3,2,1.831,S1O
60,C3,3,1.343,S1O
60,C3,4,1.343,S1O
60,C3,5,1.831,S1O
60,C3,6,2.319,S1O
60,C3,7,2.319,S1O
60,C3,8,1.831,S1O
60,C3,9,0.854,S1O
60,C3,10,-0.122,S1O
60,C3,11,-0.610,S1O
60,C3,12,-1.099,S1O
60,C3,13,-0.610,S1O
60,C3,14,-0.122,S1O
60,C3,15,-0.610,S1O
60,C3,16,-0.610,S1O
60,C3,17,-1.099,S1O
60,C3,18,-2.075,S1O
60,C3,19,-2.563,S1O
60,C3,20,-3.052,S1O
60,C3,21,-3.540,S1O
60,C3,22,-3.540,S1O
60,C3,23,-3.540,S1O
60,C3,24,-2.563,S1O
60,C3,25,-2.075,S1O
60,C3,26,-1.587,S1O
60,C3,27,-1.587,S1O
60,C3,28,-1.587,S1O
60,C3,29,-2.075,S1O
60,C3,30,-2.075,S1O
60,C3,31,-2.075,S1O
60,C3,32,-2.075,S1O
60,C3,33,-2.563,S1O
60,C3,34,-3.052,S1O
60,C3,35,-4.028,S1O
60,C3,36,-5.493,S1O
60,C3,37,-5.493,S1O
60,C3,38,-4.517,S1O
60,C3,39,-3.052,S1O
60,C3,40,-2.075,S1O
60,C3,41,-1.099,S1O
60,C3,42,-1.587,S1O
60,C3,43,-2.563,S1O
60,C3,44,-3.052,S1O
60,C3,45,-3.540,S1O
60,C3,46,-3.540,S1O
60,C3,47,-3.540,S1O
60,C3,48,-3.540,S1O
60,C3,49,-3.540,S1O
60,C3,50,-4.028,S1O
60,C3,51,-4.028,S1O
60,C3,52,-4.517,S1O
60,C3,53,-5.005,S1O
60,C3,54,-5.981,S1O
60,C3,55,-6.958,S1O
60,C3,56,-7.446,S1O
60,C3,57,-7.446,S1O
60,C3,58,-6.470,S1O
60,C3,59,-5.493,S1O
60,C3,60,-5.005,S1O
60,C3,61,-5.493,S1O
60,C3,62,-5.981,S1O
60,C3,63,-5.981,S1O
60,C3,64,-6.470,S1O
60,C3,65,-5.493,S1O
60,C3,66,-4.517,S1O
60,C3,67,-3.540,S1O
60,C3,68,-2.563,S1O
60,C3,69,-3.052,S1O
60,C3,70,-3.540,S1O
60,C3,71,-4.028,S1O
60,C3,72,-4.517,S1O
60,C3,73,-5.005,S1O
60,C3,74,-5.005,S1O
60,C3,75,-4.517,S1O
60,C3,76,-4.517,S1O
60,C3,77,-3.540,S1O
60,C3,78,-3.540,S1O
60,C3,79,-3.540,S1O
60,C3,80,-3.540,S1O
60,C3,81,-3.540,S1O
60,C3,82,-3.540,S1O
60,C3,83,-3.540,S1O
60,C3,84,-4.517,S1O
60,C3,85,-5.005,S1O
60,C3,86,-5.005,S1O
60,C3,87,-5.493,S1O
60,C3,88,-5.493,S1O
60,C3,89,-5.493,S1O
60,C3,90,-5.493,S1O
60,C3,91,-5.493,S1O
60,C3,92,-5.493,S1O
60,C3,93,-5.005,S1O
60,C3,94,-4.028,S1O
60,C3,95,-2.563,S1O
60,C3,96,-1.099,S1O
60,C3,97,-0.122,S1O
60,C3,98,0.854,S1O
60,C3,99,1.343,S1O
60,C3,100,1.343,S1O
60,C3,101,0.854,S1O
60,C3,102,-0.122,S1O
60,C3,103,-1.587,S1O
60,C3,104,-2.563,S1O
60,C3,105,-2.563,S1O
60,C3,106,-2.075,S1O
60,C3,107,-2.075,S1O
60,C3,108,-2.075,S1O
60,C3,109,-3.052,S1O
60,C3,110,-4.028,S1O
60,C3,111,-4.517,S1O
60,C3,112,-4.517,S1O
60,C3,113,-4.028,S1O
60,C3,114,-3.540,S1O
60,C3,115,-3.540,S1O
60,C3,116,-3.052,S1O
60,C3,117,-3.052,S1O
60,C3,118,-2.563,S1O
60,C3,119,-3.052,S1O
60,C3,120,-3.540,S1O
60,C3,121,-3.540,S1O
60,C3,122,-2.563,S1O
60,C3,123,-1.099,S1O
60,C3,124,0.366,S1O
60,C3,125,0.854,S1O
60,C3,126,0.854,S1O
60,C3,127,-0.610,S1O
60,C3,128,-1.587,S1O
60,C3,129,-2.075,S1O
60,C3,130,-2.563,S1O
60,C3,131,-2.563,S1O
60,C3,132,-2.563,S1O
60,C3,133,-3.540,S1O
60,C3,134,-4.517,S1O
60,C3,135,-5.493,S1O
60,C3,136,-5.981,S1O
60,C3,137,-5.981,S1O
60,C3,138,-5.981,S1O
60,C3,139,-6.470,S1O
60,C3,140,-6.958,S1O
60,C3,141,-7.446,S1O
60,C3,142,-7.446,S1O
60,C3,143,-5.981,S1O
60,C3,144,-4.517,S1O
60,C3,145,-2.563,S1O
60,C3,146,-1.099,S1O
60,C3,147,-0.122,S1O
60,C3,148,0.366,S1O
60,C3,149,-0.610,S1O
60,C3,150,-1.587,S1O
60,C3,151,-3.052,S1O
60,C3,152,-3.540,S1O
60,C3,153,-3.540,S1O
60,C3,154,-3.052,S1O
60,C3,155,-3.052,S1O
60,C3,156,-3.540,S1O
60,C3,157,-5.005,S1O
60,C3,158,-5.981,S1O
60,C3,159,-5.981,S1O
60,C3,160,-5.493,S1O
60,C3,161,-4.028,S1O
60,C3,162,-2.563,S1O
60,C3,163,-2.563,S1O
60,C3,164,-3.052,S1O
60,C3,165,-3.540,S1O
60,C3,166,-3.540,S1O
60,C3,167,-2.075,S1O
60,C3,168,-0.610,S1O
60,C3,169,0.854,S1O
60,C3,170,1.831,S1O
60,C3,171,3.296,S1O
60,C3,172,3.784,S1O
60,C3,173,4.761,S1O
60,C3,174,5.249,S1O
60,C3,175,5.249,S1O
60,C3,176,4.272,S1O
60,C3,177,3.784,S1O
60,C3,178,3.784,S1O
60,C3,179,3.784,S1O
60,C3,180,3.296,S1O
60,C3,181,1.831,S1O
60,C3,182,-0.610,S1O
60,C3,183,-2.563,S1O
60,C3,184,-4.517,S1O
60,C3,185,-5.493,S1O
60,C3,186,-5.493,S1O
60,C3,187,-5.493,S1O
60,C3,188,-5.493,S1O
60,C3,189,-4.517,S1O
60,C3,190,-2.563,S1O
60,C3,191,-0.122,S1O
60,C3,192,1.343,S1O
60,C3,193,2.319,S1O
60,C3,194,2.319,S1O
60,C3,195,1.831,S1O
60,C3,196,1.831,S1O
60,C3,197,2.319,S1O
60,C3,198,2.319,S1O
60,C3,199,2.319,S1O
60,C3,200,1.343,S1O
60,C3,201,0.366,S1O
60,C3,202,-1.099,S1O
60,C3,203,-2.075,S1O
60,C3,204,-2.563,S1O
60,C3,205,-2.075,S1O
60,C3,206,-1.587,S1O
60,C3,207,-1.587,S1O
60,C3,208,-2.075,S1O
60,C3,209,-3.052,S1O
60,C3,210,-4.028,S1O
60,C3,211,-4.517,S1O
60,C3,212,-4.028,S1O
60,C3,213,-3.540,S1O
60,C3,214,-3.540,S1O
60,C3,215,-3.052,S1O
60,C3,216,-3.052,S1O
60,C3,217,-2.563,S1O
60,C3,218,-1.587,S1O
60,C3,219,-1.099,S1O
60,C3,220,-0.610,S1O
60,C3,221,-0.610,S1O
60,C3,222,-1.099,S1O
60,C3,223,-1.099,S1O
60,C3,224,-1.099,S1O
60,C3,225,-0.610,S1O
60,C3,226,-0.610,S1O
60,C3,227,-1.587,S1O
60,C3,228,-2.075,S1O
60,C3,229,-3.052,S1O
60,C3,230,-3.540,S1O
60,C3,231,-4.028,S1O
60,C3,232,-4.517,S1O
60,C3,233,-5.005,S1O
60,C3,234,-5.005,S1O
60,C3,235,-4.517,S1O
60,C3,236,-4.028,S1O
60,C3,237,-4.028,S1O
60,C3,238,-3.540,S1O
60,C3,239,-3.540,S1O
60,C3,240,-3.540,S1O
60,C3,241,-3.052,S1O
60,C3,242,-2.563,S1O
60,C3,243,-1.587,S1O
60,C3,244,-2.075,S1O
60,C3,245,-2.563,S1O
60,C3,246,-3.052,S1O
60,C3,247,-3.052,S1O
60,C3,248,-3.052,S1O
60,C3,249,-2.563,S1O
60,C3,250,-2.563,S1O
60,C3,251,-3.052,S1O
60,C3,252,-3.540,S1O
60,C3,253,-3.540,S1O
60,C3,254,-3.540,S1O
60,C3,255,-3.540,S1O
60,C4,0,-2.665,S1O
60,C4,1,-1.689,S1O
60,C4,2,-1.200,S1O
60,C4,3,-1.200,S1O
60,C4,4,-1.200,S1O
60,C4,5,-2.177,S1O
60,C4,6,-1.689,S1O
60,C4,7,-1.689,S1O
60,C4,8,-1.689,S1O
60,C4,9,-2.177,S1O
60,C4,10,-2.665,S1O
60,C4,11,-3.153,S1O
60,C4,12,-2.177,S1O
60,C4,13,-0.712,S1O
60,C4,14,1.241,S1O
60,C4,15,2.218,S1O
60,C4,16,2.218,S1O
60,C4,17,0.753,S1O
60,C4,18,-0.224,S1O
60,C4,19,-0.224,S1O
60,C4,20,0.753,S1O
60,C4,21,1.729,S1O
60,C4,22,2.218,S1O
60,C4,23,2.218,S1O
60,C4,24,1.729,S1O
60,C4,25,0.753,S1O
60,C4,26,0.753,S1O
60,C4,27,0.753,S1O
60,C4,28,0.753,S1O
60,C4,29,0.753,S1O
60,C4,30,2.218,S1O
60,C4,31,3.194,S1O
60,C4,32,4.171,S1O
60,C4,33,4.659,S1O
60,C4,34,3.682,S1O
60,C4,35,2.218,S1O
60,C4,36,2.218,S1O
60,C4,37,2.218,S1O
60,C4,38,3.194,S1O
60,C4,39,2.706,S1O
60,C4,40,0.753,S1O
60,C4,41,-1.689,S1O
60,C4,42,-2.665,S1O
60,C4,43,-2.665,S1O
60,C4,44,-1.200,S1O
60,C4,45,-0.224,S1O
60,C4,46,0.264,S1O
60,C4,47,0.264,S1O
60,C4,48,0.264,S1O
60,C4,49,0.264,S1O
60,C4,50,0.264,S1O
60,C4,51,0.264,S1O
60,C4,52,-0.712,S1O
60,C4,53,-1.200,S1O
60,C4,54,-0.712,S1O
60,C4,55,0.753,S1O
60,C4,56,2.706,S1O
60,C4,57,3.682,S1O
60,C4,58,2.218,S1O
60,C4,59,-0.712,S1O
60,C4,60,-2.665,S1O
60,C4,61,-3.642,S1O
60,C4,62,-2.665,S1O
60,C4,63,-1.200,S1O
60,C4,64,-0.224,S1O
60,C4,65,-0.712,S1O
60,C4,66,-2.177,S1O
60,C4,67,-2.665,S1O
60,C4,68,-2.665,S1O
60,C4,69,-0.712,S1O
60,C4,70,1.241,S1O
60,C4,71,2.218,S1O
60,C4,72,2.218,S1O
60,C4,73,2.218,S1O
60,C4,74,2.218,S1O
60,C4,75,2.218,S1O
60,C4,76,1.729,S1O
60,C4,77,0.753,S1O
60,C4,78,-0.224,S1O
60,C4,79,-0.224,S1O
60,C4,80,0.264,S1O
60,C4,81,1.241,S1O
60,C4,82,1.241,S1O
60,C4,83,0.753,S1O
60,C4,84,-0.224,S1O
60,C4,85,-0.224,S1O
60,C4,86,-0.224,S1O
60,C4,87,0.264,S1O
60,C4,88,0.264,S1O
60,C4,89,0.264,S1O
60,C4,90,0.264,S1O
60,C4,91,0.753,S1O
60,C4,92,1.241,S1O
60,C4,93,1.241,S1O
60,C4,94,0.753,S1O
60,C4,95,-0.224,S1O
60,C4,96,-0.224,S1O
60,C4,97,0.264,S1O
60,C4,98,1.729,S1O
60,C4,99,2.706,S1O
60,C4,100,3.194,S1O
60,C4,101,2.706,S1O
60,C4,102,2.706,S1O
60,C4,103,2.218,S1O
60,C4,104,1.729,S1O
60,C4,105,0.753,S1O
60,C4,106,-0.224,S1O
60,C4,107,-0.712,S1O
60,C4,108,-0.712,S1O
60,C4,109,0.753,S1O
60,C4,110,2.218,S1O
60,C4,111,3.194,S1O
60,C4,112,3.194,S1O
60,C4,113,2.706,S1O
60,C4,114,1.729,S1O
60,C4,115,1.241,S1O
60,C4,116,0.753,S1O
60,C4,117,1.729,S1O
60,C4,118,1.729,S1O
60,C4,119,2.706,S1O
60,C4,120,2.706,S1O
60,C4,121,2.218,S1O
60,C4,122,1.729,S1O
60,C4,123,0.753,S1O
60,C4,124,-0.224,S1O
60,C4,125,-0.712,S1O
60,C4,126,-1.200,S1O
60,C4,127,-1.689,S1O
60,C4,128,-1.689,S1O
60,C4,129,-1.200,S1O
60,C4,130,-1.200,S1O
60,C4,131,-1.689,S1O
60,C4,132,-1.689,S1O
60,C4,133,-1.200,S1O
60,C4,134,-0.712,S1O
60,C4,135,-0.224,S1O
60,C4,136,0.753,S1O
60,C4,137,1.241,S1O
60,C4,138,1.241,S1O
60,C4,139,1.241,S1O
60,C4,140,1.241,S1O
60,C4,141,0.753,S1O
60,C4,142,0.753,S1O
60,C4,143,1.241,S1O
60,C4,144,1.729,S1O
60,C4,145,2.218,S1O
60,C4,146,2.218,S1O
60,C4,147,2.218,S1O
60,C4,148,0.753,S1O
60,C4,149,0.264,S1O
60,C4,150,-0.224,S1O
60,C4,151,0.753,S1O
60,C4,152,2.218,S1O
60,C4,153,2.706,S1O
60,C4,154,2.218,S1O
60,C4,155,0.753,S1O
60,C4,156,0.264,S1O
60,C4,157,0.753,S1O
60,C4,158,1.729,S1O
60,C4,159,2.706,S1O
60,C4,160,2.218,S1O
60,C4,161,0.753,S1O
60,C4,162,-0.224,S1O
60,C4,163,0.264,S1O
60,C4,164,2.218,S1O
60,C4,165,3.682,S1O
60,C4,166,3.682,S1O
60,C4,167,2.706,S1O
60,C4,168,1.241,S1O
60,C4,169,0.753,S1O
60,C4,170,2.218,S1O
60,C4,171,3.194,S1O
60,C4,172,3.682,S1O
60,C4,173,2.706,S1O
60,C4,174,1.241,S1O
60,C4,175,0.264,S1O
60,C4,176,0.264,S1O
60,C4,177,0.753,S1O
60,C4,178,0.753,S1O
60,C4,179,0.753,S1O
60,C4,180,0.264,S1O
60,C4,181,-0.224,S1O
60,C4,182,0.753,S1O
60,C4,183,2.218,S1O
60,C4,184,4.171,S1O
60,C4,185,5.147,S1O
60,C4,186,6.124,S1O
60,C4,187,6.124,S1O
60,C4,188,5.147,S1O
60,C4,189,3.682,S1O
60,C4,190,1.729,S1O
60,C4,191,0.264,S1O
60,C4,192,-0.224,S1O
60,C4,193,-0.224,S1O
60,C4,194,-0.224,S1O
60,C4,195,-0.224,S1O
60,C4,196,-0.712,S1O
60,C4,197,-0.712,S1O
60,C4,198,0.264,S1O
60,C4,199,0.753,S1O
60,C4,200,0.753,S1O
60,C4,201,0.753,S1O
60,C4,202,-0.712,S1O
60,C4,203,-1.689,S1O
60,C4,204,-2.177,S1O
60,C4,205,-2.177,S1O
60,C4,206,-1.689,S1O
60,C4,207,-1.689,S1O
60,C4,208,-1.689,S1O
60,C4,209,-1.200,S1O
60,C4,210,-0.712,S1O
60,C4,211,0.753,S1O
60,C4,212,2.218,S1O
60,C4,213,3.194,S1O
60,C4,214,3.194,S1O
60,C4,215,1.729,S1O
60,C4,216,0.753,S1O
60,C4,217,0.264,S1O
60,C4,218,0.753,S1O
60,C4,219,0.753,S1O
60,C4,220,0.753,S1O
60,C4,221,1.241,S1O
60,C4,222,1.241,S1O
60,C4,223,1.729,S1O
60,C4,224,2.218,S1O
60,C4,225,2.218,S1O
60,C4,226,1.729,S1O
60,C4,227,1.241,S1O
60,C4,228,1.729,S1O
60,C4,229,2.218,S1O
60,C4,230,2.706,S1O
60,C4,231,3.194,S1O
60,C4,232,2.706,S1O
60,C4,233,1.729,S1O
60,C4,234,0.753,S1O
60,C4,235,0.753,S1O
60,C4,236,0.753,S1O
60,C4,237,0.264,S1O
60,C4,238,0.264,S1O
60,C4,239,0.264,S1O
60,C4,240,-0.224,S1O
60,C4,241,-1.200,S1O
60,C4,242,-1.689,S1O
60,C4,243,-2.177,S1O
60,C4,244,-2.177,S1O
60,C4,245,-1.689,S1O
60,C4,246,-1.689,S1O
60,C4,247,-1.689,S1O
60,C4,248,-2.177,S1O
60,C4,249,-2.665,S1O
60,C4,250,-3.153,S1O
60,C4,251,-2.665,S1O
60,C4,252,-2.177,S1O
60,C4,253,-1.200,S1O
60,C4,254,-0.712,S1O
60,C4,255,-0.712,S1O
60,CP5,0,1.709,S1O
60,CP5,1,3.174,S1O
60,CP5,2,3.174,S1O
60,CP5,3,2.686,S1O
60,CP5,4,2.197,S1O
60,CP5,5,1.709,S1O
60,CP5,6,1.709,S1O
60,CP5,7,0.732,S1O
60,CP5,8,-0.244,S1O
60,CP5,9,-2.197,S1O
60,CP5,10,-3.662,S1O
60,CP5,11,-4.639,S1O
60,CP5,12,-4.150,S1O
60,CP5,13,-3.174,S1O
60,CP5,14,-1.709,S1O
60,CP5,15,-1.221,S1O
60,CP5,16,-1.221,S1O
60,CP5,17,-1.709,S1O
60,CP5,18,-2.686,S1O
60,CP5,19,-3.662,S1O
60,CP5,20,-4.150,S1O
60,CP5,21,-4.639,S1O
60,CP5,22,-5.127,S1O
60,CP5,23,-5.127,S1O
60,CP5,24,-4.639,S1O
60,CP5,25,-4.150,S1O
60,CP5,26,-4.150,S1O
60,CP5,27,-4.150,S1O
60,CP5,28,-3.662,S1O
60,CP5,29,-3.174,S1O
60,CP5,30,-2.686,S1O
60,CP5,31,-1.709,S1O
60,CP5,32,-1.221,S1O
60,CP5,33,-2.197,S1O
60,CP5,34,-3.174,S1O
60,CP5,35,-5.127,S1O
60,CP5,36,-6.104,S1O
60,CP5,37,-6.592,S1O
60,CP5,38,-5.615,S1O
60,CP5,39,-4.639,S1O
60,CP5,40,-3.662,S1O
60,CP5,41,-4.150,S1O
60,CP5,42,-4.639,S1O
60,CP5,43,-5.127,S1O
60,CP5,44,-5.127,S1O
60,CP5,45,-4.639,S1O
60,CP5,46,-4.150,S1O
60,CP5,47,-4.639,S1O
60,CP5,48,-5.127,S1O
60,CP5,49,-6.104,S1O
60,CP5,50,-6.592,S1O
60,CP5,51,-6.592,S1O
60,CP5,52,-6.592,S1O
60,CP5,53,-7.568,S1O
60,CP5,54,-8.545,S1O
60,CP5,55,-9.521,S1O
60,CP5,56,-10.498,S1O
60,CP5,57,-9.521,S1O
60,CP5,58,-8.057,S1O
60,CP5,59,-6.592,S1O
60,CP5,60,-6.104,S1O
60,CP5,61,-6.592,S1O
60,CP5,62,-8.057,S1O
60,CP5,63,-8.545,S1O
60,CP5,64,-8.545,S1O
60,CP5,65,-7.568,S1O
60,CP5,66,-6.104,S1O
60,CP5,67,-4.639,S1O
60,CP5,68,-3.174,S1O
60,CP5,69,-2.686,S1O
60,CP5,70,-3.174,S1O
60,CP5,71,-3.662,S1O
60,CP5,72,-4.639,S1O
60,CP5,73,-5.127,S1O
60,CP5,74,-5.127,S1O
60,CP5,75,-5.127,S1O
60,CP5,76,-4.639,S1O
60,CP5,77,-3.662,S1O
60,CP5,78,-3.174,S1O
60,CP5,79,-3.174,S1O
60,CP5,80,-3.174,S1O
60,CP5,81,-2.686,S1O
60,CP5,82,-3.174,S1O
60,CP5,83,-3.662,S1O
60,CP5,84,-5.127,S1O
60,CP5,85,-6.104,S1O
60,CP5,86,-6.104,S1O
60,CP5,87,-6.104,S1O
60,CP5,88,-5.615,S1O
60,CP5,89,-5.127,S1O
60,CP5,90,-5.127,S1O
60,CP5,91,-5.127,S1O
60,CP5,92,-5.127,S1O
60,CP5,93,-4.639,S1O
60,CP5,94,-3.174,S1O
60,CP5,95,-2.686,S1O
60,CP5,96,-1.709,S1O
60,CP5,97,-0.732,S1O
60,CP5,98,0.732,S1O
60,CP5,99,1.709,S1O
60,CP5,100,2.197,S1O
60,CP5,101,1.709,S1O
60,CP5,102,0.244,S1O
60,CP5,103,-1.709,S1O
60,CP5,104,-3.174,S1O
60,CP5,105,-3.174,S1O
60,CP5,106,-3.174,S1O
60,CP5,107,-3.174,S1O
60,CP5,108,-3.662,S1O
60,CP5,109,-5.127,S1O
60,CP5,110,-6.592,S1O
60,CP5,111,-7.080,S1O
60,CP5,112,-7.080,S1O
60,CP5,113,-6.104,S1O
60,CP5,114,-5.615,S1O
60,CP5,115,-5.615,S1O
60,CP5,116,-5.127,S1O
60,CP5,117,-5.127,S1O
60,CP5,118,-5.127,S1O
60,CP5,119,-5.127,S1O
60,CP5,120,-5.615,S1O
60,CP5,121,-5.615,S1O
60,CP5,122,-4.639,S1O
60,CP5,123,-3.174,S1O
60,CP5,124,-2.197,S1O
60,CP5,125,-2.197,S1O
60,CP5,126,-3.174,S1O
60,CP5,127,-4.639,S1O
60,CP5,128,-5.127,S1O
60,CP5,129,-5.127,S1O
60,CP5,130,-4.639,S1O
60,CP5,131,-4.150,S1O
60,CP5,132,-4.150,S1O
60,CP5,133,-5.615,S1O
60,CP5,134,-7.568,S1O
60,CP5,135,-9.521,S1O
60,CP5,136,-10.010,S1O
60,CP5,137,-10.010,S1O
60,CP5,138,-9.033,S1O
60,CP5,139,-8.545,S1O
60,CP5,140,-8.545,S1O
60,CP5,141,-9.033,S1O
60,CP5,142,-9.521,S1O
60,CP5,143,-9.521,S1O
60,CP5,144,-8.057,S1O
60,CP5,145,-6.104,S1O
60,CP5,146,-3.662,S1O
60,CP5,147,-2.197,S1O
60,CP5,148,-1.709,S1O
60,CP5,149,-2.197,S1O
60,CP5,150,-3.662,S1O
60,CP5,151,-4.639,S1O
60,CP5,152,-5.127,S1O
60,CP5,153,-4.639,S1O
60,CP5,154,-4.150,S1O
60,CP5,155,-4.150,S1O
60,CP5,156,-5.615,S1O
60,CP5,157,-7.080,S1O
60,CP5,158,-8.057,S1O
60,CP5,159,-7.568,S1O
60,CP5,160,-5.615,S1O
60,CP5,161,-3.174,S1O
60,CP5,162,-2.197,S1O
60,CP5,163,-2.686,S1O
60,CP5,164,-3.662,S1O
60,CP5,165,-4.150,S1O
60,CP5,166,-3.662,S1O
60,CP5,167,-2.686,S1O
60,CP5,168,-1.221,S1O
60,CP5,169,0.732,S1O
60,CP5,170,2.197,S1O
60,CP5,171,4.150,S1O
60,CP5,172,6.104,S1O
60,CP5,173,7.080,S1O
60,CP5,174,7.568,S1O
60,CP5,175,7.080,S1O
60,CP5,176,6.104,S1O
60,CP5,177,5.615,S1O
60,CP5,178,6.104,S1O
60,CP5,179,6.104,S1O
60,CP5,180,5.127,S1O
60,CP5,181,3.174,S1O
60,CP5,182,0.244,S1O
60,CP5,183,-2.197,S1O
60,CP5,184,-4.150,S1O
60,CP5,185,-5.127,S1O
60,CP5,186,-5.615,S1O
60,CP5,187,-6.104,S1O
60,CP5,188,-6.104,S1O
60,CP5,189,-5.127,S1O
60,CP5,190,-2.686,S1O
60,CP5,191,-0.732,S1O
60,CP5,192,1.221,S1O
60,CP5,193,1.709,S1O
60,CP5,194,1.221,S1O
60,CP5,195,0.244,S1O
60,CP5,196,0.244,S1O
60,CP5,197,0.244,S1O
60,CP5,198,0.244,S1O
60,CP5,199,-0.244,S1O
60,CP5,200,-1.221,S1O
60,CP5,201,-3.662,S1O
60,CP5,202,-5.615,S1O
60,CP5,203,-7.080,S1O
60,CP5,204,-7.568,S1O
60,CP5,205,-7.080,S1O
60,CP5,206,-6.104,S1O
60,CP5,207,-6.104,S1O
60,CP5,208,-6.104,S1O
60,CP5,209,-7.080,S1O
60,CP5,210,-7.568,S1O
60,CP5,211,-8.057,S1O
60,CP5,212,-7.080,S1O
60,CP5,213,-6.592,S1O
60,CP5,214,-6.104,S1O
60,CP5,215,-6.104,S1O
60,CP5,216,-6.104,S1O
60,CP5,217,-5.615,S1O
60,CP5,218,-4.150,S1O
60,CP5,219,-3.174,S1O
60,CP5,220,-2.686,S1O
60,CP5,221,-2.686,S1O
60,CP5,222,-3.174,S1O
60,CP5,223,-3.662,S1O
60,CP5,224,-3.662,S1O
60,CP5,225,-3.662,S1O
60,CP5,226,-3.662,S1O
60,CP5,227,-4.150,S1O
60,CP5,228,-4.150,S1O
60,CP5,229,-4.639,S1O
60,CP5,230,-4.639,S1O
60,CP5,231,-4.639,S1O
60,CP5,232,-5.127,S1O
60,CP5,233,-5.615,S1O
60,CP5,234,-6.104,S1O
60,CP5,235,-6.104,S1O
60,CP5,236,-5.615,S1O
60,CP5,237,-5.127,S1O
60,CP5,238,-4.639,S1O
60,CP5,239,-4.150,S1O
60,CP5,240,-3.662,S1O
60,CP5,241,-3.174,S1O
60,CP5,242,-2.197,S1O
60,CP5,243,-1.221,S1O
60,CP5,244,-1.221,S1O
60,CP5,245,-1.709,S1O
60,CP5,246,-2.197,S1O
60,CP5,247,-2.686,S1O
60,CP5,248,-2.686,S1O
60,CP5,249,-2.686,S1O
60,CP5,250,-2.686,S1O
60,CP5,251,-3.174,S1O
60,CP5,252,-4.150,S1O
60,CP5,253,-4.150,S1O
60,CP5,254,-4.150,S1O
60,CP5,255,-4.150,S1O
60,CP6,0,-4.506,S1O
60,CP6,1,-3.042,S1O
60,CP6,2,-1.577,S1O
60,CP6,3,-0.600,S1O
60,CP6,4,-1.577,S1O
60,CP6,5,-4.018,S1O
60,CP6,6,-6.460,S1O
60,CP6,7,-7.924,S1O
60,CP6,8,-7.436,S1O
60,CP6,9,-5.483,S1O
60,CP6,10,-3.530,S1O
60,CP6,11,-2.065,S1O
60,CP6,12,-1.088,S1O
60,CP6,13,0.865,S1O
60,CP6,14,2.818,S1O
60,CP6,15,4.771,S1O
60,CP6,16,5.747,S1O
60,CP6,17,4.771,S1O
60,CP6,18,2.330,S1O
60,CP6,19,-0.112,S1O
60,CP6,20,-1.088,S1O
60,CP6,21,0.376,S1O
60,CP6,22,3.306,S1O
60,CP6,23,5.259,S1O
60,CP6,24,4.771,S1O
60,CP6,25,3.306,S1O
60,CP6,26,1.353,S1O
60,CP6,27,-0.112,S1O
60,CP6,28,-0.112,S1O
60,CP6,29,1.353,S1O
60,CP6,30,3.306,S1O
60,CP6,31,4.771,S1O
60,CP6,32,5.747,S1O
60,CP6,33,6.236,S1O
60,CP6,34,5.747,S1O
60,CP6,35,5.259,S1O
60,CP6,36,4.771,S1O
60,CP6,37,3.306,S1O
60,CP6,38,1.353,S1O
60,CP6,39,-1.577,S1O
60,CP6,40,-3.530,S1O
60,CP6,41,-4.995,S1O
60,CP6,42,-4.995,S1O
60,CP6,43,-4.018,S1O
60,CP6,44,-2.553,S1O
60,CP6,45,-1.577,S1O
60,CP6,46,-1.577,S1O
60,CP6,47,-1.577,S1O
60,CP6,48,-1.088,S1O
60,CP6,49,-1.088,S1O
60,CP6,50,-1.088,S1O
60,CP6,51,-2.553,S1O
60,CP6,52,-3.530,S1O
60,CP6,53,-4.506,S1O
60,CP6,54,-3.530,S1O
60,CP6,55,-1.577,S1O
60,CP6,56,0.865,S1O
60,CP6,57,1.841,S1O
60,CP6,58,0.865,S1O
60,CP6,59,-1.088,S1O
60,CP6,60,-4.018,S1O
60,CP6,61,-5.971,S1O
60,CP6,62,-5.971,S1O
60,CP6,63,-4.506,S1O
60,CP6,64,-3.042,S1O
60,CP6,65,-2.065,S1O
60,CP6,66,-2.553,S1O
60,CP6,67,-3.530,S1O
60,CP6,68,-3.530,S1O
60,CP6,69,-1.577,S1O
60,CP6,70,0.865,S1O
60,CP6,71,3.794,S1O
60,CP6,72,5.747,S1O
60,CP6,73,6.236,S1O
60,CP6,74,5.747,S1O
60,CP6,75,4.771,S1O
60,CP6,76,3.794,S1O
60,CP6,77,3.306,S1O
60,CP6,78,2.818,S1O
60,CP6,79,2.818,S1O
60,CP6,80,2.330,S1O
60,CP6,81,1.841,S1O
60,CP6,82,0.376,S1O
60,CP6,83,-1.577,S1O
60,CP6,84,-3.530,S1O
60,CP6,85,-4.506,S1O
60,CP6,86,-4.018,S1O
60,CP6,87,-1.088,S1O
60,CP6,88,1.841,S1O
60,CP6,89,3.794,S1O
60,CP6,90,4.283,S1O
60,CP6,91,3.306,S1O
60,CP6,92,2.330,S1O
60,CP6,93,1.841,S1O
60,CP6,94,1.841,S1O
60,CP6,95,2.330,S1O
60,CP6,96,3.306,S1O
60,CP6,97,3.794,S1O
60,CP6,98,4.771,S1O
60,CP6,99,5.747,S1O
60,CP6,100,6.236,S1O
60,CP6,101,6.236,S1O
60,CP6,102,4.771,S1O
60,CP6,103,2.818,S1O
60,CP6,104,-0.112,S1O
60,CP6,105,-2.065,S1O
60,CP6,106,-2.553,S1O
60,CP6,107,-1.088,S1O
60,CP6,108,0.376,S1O
60,CP6,109,1.353,S1O
60,CP6,110,1.353,S1O
60,CP6,111,1.353,S1O
60,CP6,112,1.353,S1O
60,CP6,113,2.818,S1O
60,CP6,114,4.283,S1O
60,CP6,115,4.771,S1O
60,CP6,116,3.794,S1O
60,CP6,117,1.841,S1O
60,CP6,118,0.376,S1O
60,CP6,119,0.865,S1O
60,CP6,120,2.330,S1O
60,CP6,121,3.794,S1O
60,CP6,122,4.283,S1O
60,CP6,123,3.794,S1O
60,CP6,124,2.330,S1O
60,CP6,125,-0.112,S1O
60,CP6,126,-2.065,S1O
60,CP6,127,-4.018,S1O
60,CP6,128,-4.995,S1O
60,CP6,129,-5.483,S1O
60,CP6,130,-5.483,S1O
60,CP6,131,-4.506,S1O
60,CP6,132,-4.018,S1O
60,CP6,133,-4.506,S1O
60,CP6,134,-4.995,S1O
60,CP6,135,-4.995,S1O
60,CP6,136,-4.506,S1O
60,CP6,137,-3.530,S1O
60,CP6,138,-1.577,S1O
60,CP6,139,-0.600,S1O
60,CP6,140,-0.112,S1O
60,CP6,141,0.376,S1O
60,CP6,142,0.865,S1O
60,CP6,143,1.841,S1O
60,CP6,144,2.818,S1O
60,CP6,145,3.794,S1O
60,CP6,146,3.794,S1O
60,CP6,147,3.306,S1O
60,CP6,148,2.330,S1O
60,CP6,149,1.841,S1O
60,CP6,150,1.353,S1O
60,CP6,151,1.353,S1O
60,CP6,152,0.865,S1O
60,CP6,153,0.376,S1O
60,CP6,154,-0.600,S1O
60,CP6,155,-0.600,S1O
60,CP6,156,-1.088,S1O
60,CP6,157,-1.088,S1O
60,CP6,158,-1.088,S1O
60,CP6,159,-1.088,S1O
60,CP6,160,-0.600,S1O
60,CP6,161,0.376,S1O
60,CP6,162,2.330,S1O
60,CP6,163,3.794,S1O
60,CP6,164,5.259,S1O
60,CP6,165,5.747,S1O
60,CP6,166,4.771,S1O
60,CP6,167,4.283,S1O
60,CP6,168,3.794,S1O
60,CP6,169,4.283,S1O
60,CP6,170,5.259,S1O
60,CP6,171,6.236,S1O
60,CP6,172,6.236,S1O
60,CP6,173,5.747,S1O
60,CP6,174,4.283,S1O
60,CP6,175,2.818,S1O
60,CP6,176,1.353,S1O
60,CP6,177,0.376,S1O
60,CP6,178,-0.112,S1O
60,CP6,179,-0.600,S1O
60,CP6,180,-0.112,S1O
60,CP6,181,0.376,S1O
60,CP6,182,1.353,S1O
60,CP6,183,2.818,S1O
60,CP6,184,2.818,S1O
60,CP6,185,2.330,S1O
60,CP6,186,2.330,S1O
60,CP6,187,2.330,S1O
60,CP6,188,3.306,S1O
60,CP6,189,3.794,S1O
60,CP6,190,3.306,S1O
60,CP6,191,2.330,S1O
60,CP6,192,0.376,S1O
60,CP6,193,-1.088,S1O
60,CP6,194,-1.088,S1O
60,CP6,195,-0.112,S1O
60,CP6,196,0.376,S1O
60,CP6,197,0.376,S1O
60,CP6,198,-0.600,S1O
60,CP6,199,-1.577,S1O
60,CP6,200,-2.553,S1O
60,CP6,201,-3.530,S1O
60,CP6,202,-4.506,S1O
60,CP6,203,-5.483,S1O
60,CP6,204,-6.460,S1O
60,CP6,205,-6.948,S1O
60,CP6,206,-7.436,S1O
60,CP6,207,-7.436,S1O
60,CP6,208,-6.460,S1O
60,CP6,209,-5.483,S1O
60,CP6,210,-4.506,S1O
60,CP6,211,-3.530,S1O
60,CP6,212,-2.553,S1O
60,CP6,213,-1.088,S1O
60,CP6,214,-0.112,S1O
60,CP6,215,0.376,S1O
60,CP6,216,0.376,S1O
60,CP6,217,-0.600,S1O
60,CP6,218,-1.577,S1O
60,CP6,219,-2.553,S1O
60,CP6,220,-1.577,S1O
60,CP6,221,-0.112,S1O
60,CP6,222,1.841,S1O
60,CP6,223,2.818,S1O
60,CP6,224,2.330,S1O
60,CP6,225,-0.112,S1O
60,CP6,226,-2.065,S1O
60,CP6,227,-3.530,S1O
60,CP6,228,-2.553,S1O
60,CP6,229,-0.600,S1O
60,CP6,230,1.841,S1O
60,CP6,231,3.306,S1O
60,CP6,232,2.818,S1O
60,CP6,233,2.330,S1O
60,CP6,234,0.865,S1O
60,CP6,235,0.376,S1O
60,CP6,236,-0.600,S1O
60,CP6,237,-1.577,S1O
60,CP6,238,-2.553,S1O
60,CP6,239,-2.553,S1O
60,CP6,240,-3.042,S1O
60,CP6,241,-2.553,S1O
60,CP6,242,-1.577,S1O
60,CP6,243,-1.577,S1O
60,CP6,244,-1.577,S1O
60,CP6,245,-2.553,S1O
60,CP6,246,-3.530,S1O
60,CP6,247,-4.506,S1O
60,CP6,248,-5.483,S1O
60,CP6,249,-6.460,S1O
60,CP6,250,-6.948,S1O
60,CP6,251,-5.971,S1O
60,CP6,252,-3.530,S1O
60,CP6,253,-1.088,S1O
60,CP6,254,0.376,S1O
60,CP6,255,0.376,S1O
60,CP1,0,0.214,S1O
60,CP1,1,0.214,S1O
60,CP1,2,-0.275,S1O
60,CP1,3,-0.763,S1O
60,CP1,4,-1.251,S1O
60,CP1,5,-1.740,S1O
60,CP1,6,-1.740,S1O
60,CP1,7,-1.740,S1O
60,CP1,8,-1.740,S1O
60,CP1,9,-1.740,S1O
60,CP1,10,-2.228,S1O
60,CP1,11,-1.740,S1O
60,CP1,12,-1.740,S1O
60,CP1,13,-0.763,S1O
60,CP1,14,-0.275,S1O
60,CP1,15,0.214,S1O
60,CP1,16,0.214,S1O
60,CP1,17,-0.275,S1O
60,CP1,18,-0.763,S1O
60,CP1,19,-1.251,S1O
60,CP1,20,-1.740,S1O
60,CP1,21,-2.716,S1O
60,CP1,22,-2.716,S1O
60,CP1,23,-2.716,S1O
60,CP1,24,-2.228,S1O
60,CP1,25,-2.716,S1O
60,CP1,26,-3.204,S1O
60,CP1,27,-3.204,S1O
60,CP1,28,-3.693,S1O
60,CP1,29,-3.204,S1O
60,CP1,30,-2.716,S1O
60,CP1,31,-1.251,S1O
60,CP1,32,-0.763,S1O
60,CP1,33,-0.763,S1O
60,CP1,34,-0.763,S1O
60,CP1,35,-1.251,S1O
60,CP1,36,-1.740,S1O
60,CP1,37,-1.740,S1O
60,CP1,38,-1.251,S1O
60,CP1,39,-0.275,S1O
60,CP1,40,0.214,S1O
60,CP1,41,-0.275,S1O
60,CP1,42,-0.763,S1O
60,CP1,43,-1.740,S1O
60,CP1,44,-2.716,S1O
60,CP1,45,-2.716,S1O
60,CP1,46,-3.204,S1O
60,CP1,47,-3.204,S1O
60,CP1,48,-3.693,S1O
60,CP1,49,-4.669,S1O
60,CP1,50,-5.157,S1O
60,CP1,51,-5.157,S1O
60,CP1,52,-5.157,S1O
60,CP1,53,-5.157,S1O
60,CP1,54,-5.157,S1O
60,CP1,55,-5.157,S1O
60,CP1,56,-5.157,S1O
60,CP1,57,-5.157,S1O
60,CP1,58,-4.669,S1O
60,CP1,59,-3.693,S1O
60,CP1,60,-3.693,S1O
60,CP1,61,-3.693,S1O
60,CP1,62,-4.181,S1O
60,CP1,63,-4.181,S1O
60,CP1,64,-4.181,S1O
60,CP1,65,-3.204,S1O
60,CP1,66,-2.716,S1O
60,CP1,67,-2.228,S1O
60,CP1,68,-2.228,S1O
60,CP1,69,-2.716,S1O
60,CP1,70,-3.204,S1O
60,CP1,71,-4.181,S1O
60,CP1,72,-4.669,S1O
60,CP1,73,-4.669,S1O
60,CP1,74,-4.669,S1O
60,CP1,75,-4.181,S1O
60,CP1,76,-3.204,S1O
60,CP1,77,-2.716,S1O
60,CP1,78,-1.740,S1O
60,CP1,79,-1.251,S1O
60,CP1,80,-1.251,S1O
60,CP1,81,-1.251,S1O
60,CP1,82,-1.251,S1O
60,CP1,83,-1.251,S1O
60,CP1,84,-1.251,S1O
60,CP1,85,-1.740,S1O
60,CP1,86,-1.740,S1O
60,CP1,87,-2.228,S1O
60,CP1,88,-2.228,S1O
60,CP1,89,-2.716,S1O
60,CP1,90,-3.204,S1O
60,CP1,91,-3.204,S1O
60,CP1,92,-3.204,S1O
60,CP1,93,-2.716,S1O
60,CP1,94,-1.740,S1O
60,CP1,95,-1.251,S1O
60,CP1,96,-1.251,S1O
60,CP1,97,-1.251,S1O
60,CP1,98,-0.763,S1O
60,CP1,99,0.214,S1O
60,CP1,100,0.702,S1O
60,CP1,101,0.702,S1O
60,CP1,102,0.214,S1O
60,CP1,103,-0.275,S1O
60,CP1,104,-0.763,S1O
60,CP1,105,-0.763,S1O
60,CP1,106,-0.275,S1O
60,CP1,107,-0.275,S1O
60,CP1,108,-0.763,S1O
60,CP1,109,-1.251,S1O
60,CP1,110,-1.740,S1O
60,CP1,111,-2.716,S1O
60,CP1,112,-2.716,S1O
60,CP1,113,-2.716,S1O
60,CP1,114,-2.716,S1O
60,CP1,115,-2.716,S1O
60,CP1,116,-2.716,S1O
60,CP1,117,-2.716,S1O
60,CP1,118,-2.716,S1O
60,CP1,119,-2.716,S1O
60,CP1,120,-3.204,S1O
60,CP1,121,-2.716,S1O
60,CP1,122,-2.716,S1O
60,CP1,123,-1.251,S1O
60,CP1,124,-0.763,S1O
60,CP1,125,-0.763,S1O
60,CP1,126,-0.763,S1O
60,CP1,127,-1.740,S1O
60,CP1,128,-1.740,S1O
60,CP1,129,-1.740,S1O
60,CP1,130,-1.251,S1O
60,CP1,131,-1.251,S1O
60,CP1,132,-1.740,S1O
60,CP1,133,-2.716,S1O
60,CP1,134,-3.693,S1O
60,CP1,135,-4.181,S1O
60,CP1,136,-4.181,S1O
60,CP1,137,-4.181,S1O
60,CP1,138,-3.693,S1O
60,CP1,139,-3.693,S1O
60,CP1,140,-3.693,S1O
60,CP1,141,-3.693,S1O
60,CP1,142,-3.204,S1O
60,CP1,143,-3.204,S1O
60,CP1,144,-2.716,S1O
60,CP1,145,-1.251,S1O
60,CP1,146,-0.275,S1O
60,CP1,147,0.702,S1O
60,CP1,148,1.190,S1O
60,CP1,149,1.190,S1O
60,CP1,150,0.214,S1O
60,CP1,151,-0.763,S1O
60,CP1,152,-1.740,S1O
60,CP1,153,-1.740,S1O
60,CP1,154,-1.740,S1O
60,CP1,155,-2.228,S1O
60,CP1,156,-2.716,S1O
60,CP1,157,-3.204,S1O
60,CP1,158,-3.693,S1O
60,CP1,159,-3.204,S1O
60,CP1,160,-2.228,S1O
60,CP1,161,-0.763,S1O
60,CP1,162,-0.275,S1O
60,CP1,163,-0.275,S1O
60,CP1,164,-0.763,S1O
60,CP1,165,-1.740,S1O
60,CP1,166,-1.740,S1O
60,CP1,167,-1.251,S1O
60,CP1,168,-0.275,S1O
60,CP1,169,0.702,S1O
60,CP1,170,1.678,S1O
60,CP1,171,2.167,S1O
60,CP1,172,3.143,S1O
60,CP1,173,3.143,S1O
60,CP1,174,3.143,S1O
60,CP1,175,3.143,S1O
60,CP1,176,2.655,S1O
60,CP1,177,2.655,S1O
60,CP1,178,2.655,S1O
60,CP1,179,2.655,S1O
60,CP1,180,2.167,S1O
60,CP1,181,1.190,S1O
60,CP1,182,-0.275,S1O
60,CP1,183,-1.740,S1O
60,CP1,184,-2.716,S1O
60,CP1,185,-3.204,S1O
60,CP1,186,-3.693,S1O
60,CP1,187,-3.204,S1O
60,CP1,188,-2.716,S1O
60,CP1,189,-1.740,S1O
60,CP1,190,-0.763,S1O
60,CP1,191,0.702,S1O
60,CP1,192,1.190,S1O
60,CP1,193,1.678,S1O
60,CP1,194,1.678,S1O
60,CP1,195,1.678,S1O
60,CP1,196,1.678,S1O
60,CP1,197,1.678,S1O
60,CP1,198,1.190,S1O
60,CP1,199,0.214,S1O
60,CP1,200,-1.251,S1O
60,CP1,201,-2.228,S1O
60,CP1,202,-3.204,S1O
60,CP1,203,-3.693,S1O
60,CP1,204,-3.693,S1O
60,CP1,205,-3.204,S1O
60,CP1,206,-3.204,S1O
60,CP1,207,-3.204,S1O
60,CP1,208,-3.693,S1O
60,CP1,209,-4.181,S1O
60,CP1,210,-4.181,S1O
60,CP1,211,-4.181,S1O
60,CP1,212,-4.181,S1O
60,CP1,213,-3.693,S1O
60,CP1,214,-3.693,S1O
60,CP1,215,-3.693,S1O
60,CP1,216,-3.693,S1O
60,CP1,217,-3.204,S1O
60,CP1,218,-2.228,S1O
60,CP1,219,-1.251,S1O
60,CP1,220,-0.763,S1O
60,CP1,221,-0.275,S1O
60,CP1,222,-0.275,S1O
60,CP1,223,-0.275,S1O
60,CP1,224,-0.763,S1O
60,CP1,225,-1.251,S1O
60,CP1,226,-1.251,S1O
60,CP1,227,-2.228,S1O
60,CP1,228,-2.228,S1O
60,CP1,229,-2.716,S1O
60,CP1,230,-2.228,S1O
60,CP1,231,-2.716,S1O
60,CP1,232,-2.716,S1O
60,CP1,233,-3.693,S1O
60,CP1,234,-3.693,S1O
60,CP1,235,-3.693,S1O
60,CP1,236,-3.693,S1O
60,CP1,237,-3.693,S1O
60,CP1,238,-3.204,S1O
60,CP1,239,-3.204,S1O
60,CP1,240,-3.204,S1O
60,CP1,241,-2.716,S1O
60,CP1,242,-1.740,S1O
60,CP1,243,-1.740,S1O
60,CP1,244,-1.740,S1O
60,CP1,245,-1.740,S1O
60,CP1,246,-2.716,S1O
60,CP1,247,-2.716,S1O
60,CP1,248,-2.716,S1O
60,CP1,249,-2.716,S1O
60,CP1,250,-2.716,S1O
60,CP1,251,-2.716,S1O
60,CP1,252,-2.228,S1O
60,CP1,253,-2.716,S1O
60,CP1,254,-2.716,S1O
60,CP1,255,-3.204,S1O
60,CP2,0,-1.648,S1O
60,CP2,1,-1.160,S1O
60,CP2,2,-1.648,S1O
60,CP2,3,-1.648,S1O
60,CP2,4,-2.625,S1O
60,CP2,5,-3.601,S1O
60,CP2,6,-4.578,S1O
60,CP2,7,-5.066,S1O
60,CP2,8,-4.578,S1O
60,CP2,9,-3.113,S1O
60,CP2,10,-2.136,S1O
60,CP2,11,-0.671,S1O
60,CP2,12,0.305,S1O
60,CP2,13,1.282,S1O
60,CP2,14,1.282,S1O
60,CP2,15,2.258,S1O
60,CP2,16,2.258,S1O
60,CP2,17,2.258,S1O
60,CP2,18,1.770,S1O
60,CP2,19,0.793,S1O
60,CP2,20,0.305,S1O
60,CP2,21,-0.183,S1O
60,CP2,22,0.305,S1O
60,CP2,23,0.793,S1O
60,CP2,24,0.793,S1O
60,CP2,25,0.305,S1O
60,CP2,26,-1.160,S1O
60,CP2,27,-1.648,S1O
60,CP2,28,-2.136,S1O
60,CP2,29,-1.160,S1O
60,CP2,30,0.793,S1O
60,CP2,31,2.258,S1O
60,CP2,32,3.235,S1O
60,CP2,33,3.723,S1O
60,CP2,34,3.235,S1O
60,CP2,35,2.258,S1O
60,CP2,36,2.258,S1O
60,CP2,37,3.235,S1O
60,CP2,38,3.235,S1O
60,CP2,39,3.235,S1O
60,CP2,40,1.770,S1O
60,CP2,41,0.793,S1O
60,CP2,42,-0.671,S1O
60,CP2,43,-1.160,S1O
60,CP2,44,-1.160,S1O
60,CP2,45,-1.160,S1O
60,CP2,46,-1.160,S1O
60,CP2,47,-1.160,S1O
60,CP2,48,-1.160,S1O
60,CP2,49,-1.648,S1O
60,CP2,50,-2.136,S1O
60,CP2,51,-3.113,S1O
60,CP2,52,-3.113,S1O
60,CP2,53,-3.113,S1O
60,CP2,54,-2.136,S1O
60,CP2,55,-1.160,S1O
60,CP2,56,-0.183,S1O
60,CP2,57,-0.183,S1O
60,CP2,58,-0.183,S1O
60,CP2,59,-0.671,S1O
60,CP2,60,-1.160,S1O
60,CP2,61,-1.160,S1O
60,CP2,62,-1.160,S1O
60,CP2,63,-0.671,S1O
60,CP2,64,-0.671,S1O
60,CP2,65,-1.160,S1O
60,CP2,66,-1.648,S1O
60,CP2,67,-2.136,S1O
60,CP2,68,-2.136,S1O
60,CP2,69,-1.160,S1O
60,CP2,70,-0.671,S1O
60,CP2,71,-0.671,S1O
60,CP2,72,-0.671,S1O
60,CP2,73,-0.671,S1O
60,CP2,74,-0.671,S1O
60,CP2,75,0.305,S1O
60,CP2,76,0.793,S1O
60,CP2,77,1.282,S1O
60,CP2,78,1.770,S1O
60,CP2,79,1.770,S1O
60,CP2,80,1.282,S1O
60,CP2,81,1.282,S1O
60,CP2,82,0.793,S1O
60,CP2,83,-0.183,S1O
60,CP2,84,-0.671,S1O
60,CP2,85,-0.671,S1O
60,CP2,86,-0.183,S1O
60,CP2,87,0.793,S1O
60,CP2,88,1.282,S1O
60,CP2,89,0.793,S1O
60,CP2,90,0.305,S1O
60,CP2,91,-0.183,S1O
60,CP2,92,-0.183,S1O
60,CP2,93,-0.183,S1O
60,CP2,94,-0.183,S1O
60,CP2,95,-0.183,S1O
60,CP2,96,-0.671,S1O
60,CP2,97,-1.160,S1O
60,CP2,98,-0.671,S1O
60,CP2,99,0.305,S1O
60,CP2,100,1.282,S1O
60,CP2,101,1.770,S1O
60,CP2,102,2.258,S1O
60,CP2,103,1.770,S1O
60,CP2,104,0.793,S1O
60,CP2,105,0.305,S1O
60,CP2,106,0.305,S1O
60,CP2,107,0.793,S1O
60,CP2,108,0.793,S1O
60,CP2,109,0.793,S1O
60,CP2,110,0.793,S1O
60,CP2,111,0.793,S1O
60,CP2,112,0.793,S1O
60,CP2,113,0.793,S1O
60,CP2,114,0.793,S1O
60,CP2,115,0.305,S1O
60,CP2,116,-0.183,S1O
60,CP2,117,-0.671,S1O
60,CP2,118,-0.671,S1O
60,CP2,119,-0.671,S1O
60,CP2,120,-0.671,S1O
60,CP2,121,-0.671,S1O
60,CP2,122,-1.160,S1O
60,CP2,123,-1.160,S1O
60,CP2,124,-1.160,S1O
60,CP2,125,-1.648,S1O
60,CP2,126,-1.648,S1O
60,CP2,127,-2.136,S1O
60,CP2,128,-2.136,S1O
60,CP2,129,-2.136,S1O
60,CP2,130,-1.648,S1O
60,CP2,131,-1.160,S1O
60,CP2,132,-1.160,S1O
60,CP2,133,-1.160,S1O
60,CP2,134,-1.160,S1O
60,CP2,135,-1.648,S1O
60,CP2,136,-1.648,S1O
60,CP2,137,-1.648,S1O
60,CP2,138,-1.160,S1O
60,CP2,139,-0.671,S1O
60,CP2,140,-0.183,S1O
60,CP2,141,0.305,S1O
60,CP2,142,0.305,S1O
60,CP2,143,0.793,S1O
60,CP2,144,0.305,S1O
60,CP2,145,0.305,S1O
60,CP2,146,0.305,S1O
60,CP2,147,-0.183,S1O
60,CP2,148,-0.183,S1O
60,CP2,149,0.305,S1O
60,CP2,150,0.305,S1O
60,CP2,151,0.793,S1O
60,CP2,152,1.282,S1O
60,CP2,153,1.282,S1O
60,CP2,154,1.282,S1O
60,CP2,155,0.793,S1O
60,CP2,156,0.305,S1O
60,CP2,157,-0.183,S1O
60,CP2,158,-0.183,S1O
60,CP2,159,0.305,S1O
60,CP2,160,0.793,S1O
60,CP2,161,0.793,S1O
60,CP2,162,0.793,S1O
60,CP2,163,1.282,S1O
60,CP2,164,0.793,S1O
60,CP2,165,0.793,S1O
60,CP2,166,0.305,S1O
60,CP2,167,-0.183,S1O
60,CP2,168,0.305,S1O
60,CP2,169,0.793,S1O
60,CP2,170,1.282,S1O
60,CP2,171,1.770,S1O
60,CP2,172,1.770,S1O
60,CP2,173,0.793,S1O
60,CP2,174,0.305,S1O
60,CP2,175,0.305,S1O
60,CP2,176,0.305,S1O
60,CP2,177,0.793,S1O
60,CP2,178,0.305,S1O
60,CP2,179,-0.183,S1O
60,CP2,180,-0.671,S1O
60,CP2,181,-0.671,S1O
60,CP2,182,-0.183,S1O
60,CP2,183,0.305,S1O
60,CP2,184,0.793,S1O
60,CP2,185,0.793,S1O
60,CP2,186,0.793,S1O
60,CP2,187,0.793,S1O
60,CP2,188,0.793,S1O
60,CP2,189,0.793,S1O
60,CP2,190,0.305,S1O
60,CP2,191,-0.183,S1O
60,CP2,192,-0.671,S1O
60,CP2,193,-0.671,S1O
60,CP2,194,-0.671,S1O
60,CP2,195,-0.671,S1O
60,CP2,196,-0.671,S1O
60,CP2,197,-1.160,S1O
60,CP2,198,-1.160,S1O
60,CP2,199,-1.648,S1O
60,CP2,200,-2.136,S1O
60,CP2,201,-3.113,S1O
60,CP2,202,-3.601,S1O
60,CP2,203,-4.578,S1O
60,CP2,204,-4.089,S1O
60,CP2,205,-3.601,S1O
60,CP2,206,-2.625,S1O
60,CP2,207,-2.136,S1O
60,CP2,208,-2.625,S1O
60,CP2,209,-3.113,S1O
60,CP2,210,-3.601,S1O
60,CP2,211,-3.113,S1O
60,CP2,212,-2.136,S1O
60,CP2,213,-1.160,S1O
60,CP2,214,-1.160,S1O
60,CP2,215,-1.648,S1O
60,CP2,216,-2.136,S1O
60,CP2,217,-2.625,S1O
60,CP2,218,-2.625,S1O
60,CP2,219,-2.136,S1O
60,CP2,220,-1.648,S1O
60,CP2,221,-1.160,S1O
60,CP2,222,-0.183,S1O
60,CP2,223,-0.183,S1O
60,CP2,224,-0.183,S1O
60,CP2,225,-0.671,S1O
60,CP2,226,-1.648,S1O
60,CP2,227,-2.136,S1O
60,CP2,228,-2.136,S1O
60,CP2,229,-1.160,S1O
60,CP2,230,0.305,S1O
60,CP2,231,0.793,S1O
60,CP2,232,0.305,S1O
60,CP2,233,-0.671,S1O
60,CP2,234,-1.160,S1O
60,CP2,235,-1.648,S1O
60,CP2,236,-1.648,S1O
60,CP2,237,-1.648,S1O
60,CP2,238,-2.136,S1O
60,CP2,239,-2.625,S1O
60,CP2,240,-3.113,S1O
60,CP2,241,-3.113,S1O
60,CP2,242,-3.113,S1O
60,CP2,243,-3.113,S1O
60,CP2,244,-3.113,S1O
60,CP2,245,-3.113,S1O
60,CP2,246,-3.113,S1O
60,CP2,247,-3.601,S1O
60,CP2,248,-4.089,S1O
60,CP2,249,-4.089,S1O
60,CP2,250,-3.601,S1O
60,CP2,251,-2.625,S1O
60,CP2,252,-1.648,S1O
60,CP2,253,-1.160,S1O
60,CP2,254,-0.671,S1O
60,CP2,255,-1.160,S1O
60,P3,0,1.912,S1O
60,P3,1,2.401,S1O
60,P3,2,2.401,S1O
60,P3,3,1.424,S1O
60,P3,4,-0.041,S1O
60,P3,5,-1.994,S1O
60,P3,6,-2.970,S1O
60,P3,7,-3.947,S1O
60,P3,8,-3.947,S1O
60,P3,9,-4.435,S1O
60,P3,10,-4.924,S1O
60,P3,11,-4.435,S1O
60,P3,12,-3.459,S1O
60,P3,13,-1.994,S1O
60,P3,14,0.448,S1O
60,P3,15,2.401,S1O
60,P3,16,3.377,S1O
60,P3,17,2.889,S1O
60,P3,18,1.424,S1O
60,P3,19,-0.529,S1O
60,P3,20,-1.994,S1O
60,P3,21,-2.482,S1O
60,P3,22,-2.970,S1O
60,P3,23,-2.970,S1O
60,P3,24,-3.459,S1O
60,P3,25,-4.435,S1O
60,P3,26,-5.412,S1O
60,P3,27,-6.388,S1O
60,P3,28,-5.900,S1O
60,P3,29,-4.924,S1O
60,P3,30,-2.970,S1O
60,P3,31,-1.017,S1O
60,P3,32,-0.041,S1O
60,P3,33,-0.041,S1O
60,P3,34,-0.529,S1O
60,P3,35,-1.506,S1O
60,P3,36,-2.482,S1O
60,P3,37,-2.482,S1O
60,P3,38,-1.506,S1O
60,P3,39,-1.017,S1O
60,P3,40,-0.529,S1O
60,P3,41,-1.506,S1O
60,P3,42,-2.482,S1O
60,P3,43,-3.947,S1O
60,P3,44,-4.435,S1O
60,P3,45,-4.435,S1O
60,P3,46,-4.924,S1O
60,P3,47,-5.412,S1O
60,P3,48,-6.388,S1O
60,P3,49,-7.365,S1O
60,P3,50,-8.341,S1O
60,P3,51,-8.830,S1O
60,P3,52,-8.341,S1O
60,P3,53,-8.341,S1O
60,P3,54,-7.853,S1O
60,P3,55,-8.341,S1O
60,P3,56,-8.341,S1O
60,P3,57,-7.853,S1O
60,P3,58,-6.877,S1O
60,P3,59,-5.900,S1O
60,P3,60,-5.900,S1O
60,P3,61,-6.388,S1O
60,P3,62,-7.365,S1O
60,P3,63,-7.853,S1O
60,P3,64,-7.853,S1O
60,P3,65,-6.877,S1O
60,P3,66,-5.900,S1O
60,P3,67,-4.924,S1O
60,P3,68,-3.947,S1O
60,P3,69,-3.947,S1O
60,P3,70,-4.435,S1O
60,P3,71,-4.924,S1O
60,P3,72,-5.412,S1O
60,P3,73,-5.900,S1O
60,P3,74,-5.900,S1O
60,P3,75,-5.412,S1O
60,P3,76,-4.924,S1O
60,P3,77,-3.947,S1O
60,P3,78,-3.459,S1O
60,P3,79,-2.482,S1O
60,P3,80,-1.994,S1O
60,P3,81,-1.506,S1O
60,P3,82,-1.506,S1O
60,P3,83,-1.994,S1O
60,P3,84,-2.970,S1O
60,P3,85,-3.459,S1O
60,P3,86,-3.947,S1O
60,P3,87,-3.459,S1O
60,P3,88,-3.459,S1O
60,P3,89,-3.459,S1O
60,P3,90,-3.947,S1O
60,P3,91,-4.435,S1O
60,P3,92,-4.924,S1O
60,P3,93,-4.435,S1O
60,P3,94,-2.970,S1O
60,P3,95,-2.482,S1O
60,P3,96,-1.506,S1O
60,P3,97,-1.017,S1O
60,P3,98,-0.529,S1O
60,P3,99,0.448,S1O
60,P3,100,0.936,S1O
60,P3,101,0.936,S1O
60,P3,102,0.448,S1O
60,P3,103,-1.017,S1O
60,P3,104,-1.994,S1O
60,P3,105,-1.994,S1O
60,P3,106,-1.994,S1O
60,P3,107,-1.994,S1O
60,P3,108,-1.994,S1O
60,P3,109,-2.970,S1O
60,P3,110,-4.435,S1O
60,P3,111,-5.412,S1O
60,P3,112,-5.412,S1O
60,P3,113,-4.924,S1O
60,P3,114,-4.924,S1O
60,P3,115,-4.924,S1O
60,P3,116,-4.924,S1O
60,P3,117,-4.435,S1O
60,P3,118,-4.435,S1O
60,P3,119,-4.924,S1O
60,P3,120,-4.924,S1O
60,P3,121,-4.924,S1O
60,P3,122,-4.435,S1O
60,P3,123,-3.947,S1O
60,P3,124,-3.459,S1O
60,P3,125,-3.947,S1O
60,P3,126,-4.924,S1O
60,P3,127,-5.900,S1O
60,P3,128,-5.900,S1O
60,P3,129,-5.412,S1O
60,P3,130,-4.435,S1O
60,P3,131,-4.435,S1O
60,P3,132,-5.412,S1O
60,P3,133,-6.877,S1O
60,P3,134,-8.830,S1O
60,P3,135,-9.318,S1O
60,P3,136,-9.318,S1O
60,P3,137,-8.830,S1O
60,P3,138,-7.853,S1O
60,P3,139,-6.877,S1O
60,P3,140,-6.388,S1O
60,P3,141,-5.900,S1O
60,P3,142,-5.900,S1O
60,P3,143,-5.900,S1O
60,P3,144,-4.924,S1O
60,P3,145,-3.947,S1O
60,P3,146,-2.482,S1O
60,P3,147,-0.529,S1O
60,P3,148,-0.041,S1O
60,P3,149,-1.017,S1O
60,P3,150,-2.970,S1O
60,P3,151,-4.924,S1O
60,P3,152,-6.388,S1O
60,P3,153,-6.877,S1O
60,P3,154,-6.388,S1O
60,P3,155,-6.388,S1O
60,P3,156,-6.877,S1O
60,P3,157,-7.365,S1O
60,P3,158,-7.853,S1O
60,P3,159,-6.877,S1O
60,P3,160,-5.412,S1O
60,P3,161,-3.459,S1O
60,P3,162,-2.482,S1O
60,P3,163,-1.506,S1O
60,P3,164,-2.482,S1O
60,P3,165,-2.970,S1O
60,P3,166,-3.459,S1O
60,P3,167,-2.970,S1O
60,P3,168,-1.506,S1O
60,P3,169,-0.041,S1O
60,P3,170,1.424,S1O
60,P3,171,2.889,S1O
60,P3,172,3.377,S1O
60,P3,173,3.377,S1O
60,P3,174,3.377,S1O
60,P3,175,2.889,S1O
60,P3,176,2.889,S1O
60,P3,177,2.889,S1O
60,P3,178,2.889,S1O
60,P3,179,2.889,S1O
60,P3,180,2.401,S1O
60,P3,181,0.936,S1O
60,P3,182,-0.529,S1O
60,P3,183,-2.482,S1O
60,P3,184,-4.435,S1O
60,P3,185,-5.412,S1O
60,P3,186,-5.900,S1O
60,P3,187,-5.412,S1O
60,P3,188,-4.435,S1O
60,P3,189,-3.459,S1O
60,P3,190,-2.482,S1O
60,P3,191,-1.506,S1O
60,P3,192,-1.017,S1O
60,P3,193,-1.017,S1O
60,P3,194,-0.529,S1O
60,P3,195,-0.529,S1O
60,P3,196,-0.041,S1O
60,P3,197,-0.041,S1O
60,P3,198,-1.017,S1O
60,P3,199,-2.482,S1O
60,P3,200,-4.435,S1O
60,P3,201,-6.388,S1O
60,P3,202,-8.830,S1O
60,P3,203,-10.295,S1O
60,P3,204,-10.295,S1O
60,P3,205,-9.318,S1O
60,P3,206,-8.830,S1O
60,P3,207,-8.341,S1O
60,P3,208,-9.318,S1O
60,P3,209,-10.295,S1O
60,P3,210,-10.295,S1O
60,P3,211,-10.295,S1O
60,P3,212,-9.318,S1O
60,P3,213,-8.830,S1O
60,P3,214,-8.830,S1O
60,P3,215,-8.830,S1O
60,P3,216,-8.341,S1O
60,P3,217,-7.853,S1O
60,P3,218,-6.388,S1O
60,P3,219,-5.412,S1O
60,P3,220,-3.947,S1O
60,P3,221,-3.947,S1O
60,P3,222,-3.947,S1O
60,P3,223,-3.947,S1O
60,P3,224,-3.947,S1O
60,P3,225,-4.435,S1O
60,P3,226,-4.924,S1O
60,P3,227,-5.412,S1O
60,P3,228,-5.412,S1O
60,P3,229,-4.435,S1O
60,P3,230,-3.947,S1O
60,P3,231,-3.947,S1O
60,P3,232,-4.435,S1O
60,P3,233,-5.900,S1O
60,P3,234,-6.877,S1O
60,P3,235,-7.365,S1O
60,P3,236,-6.877,S1O
60,P3,237,-6.388,S1O
60,P3,238,-6.388,S1O
60,P3,239,-6.388,S1O
60,P3,240,-5.900,S1O
60,P3,241,-4.924,S1O
60,P3,242,-3.947,S1O
60,P3,243,-2.970,S1O
60,P3,244,-2.970,S1O
60,P3,245,-3.947,S1O
60,P3,246,-4.924,S1O
60,P3,247,-5.900,S1O
60,P3,248,-5.900,S1O
60,P3,249,-5.412,S1O
60,P3,250,-4.924,S1O
60,P3,251,-4.435,S1O
60,P3,252,-3.947,S1O
60,P3,253,-3.947,S1O
60,P3,254,-3.947,S1O
60,P3,255,-4.924,S1O
60,P4,0,-3.103,S1O
60,P4,1,-3.103,S1O
60,P4,2,-2.614,S1O
60,P4,3,-3.591,S1O
60,P4,4,-5.056,S1O
60,P4,5,-7.497,S1O
60,P4,6,-9.939,S1O
60,P4,7,-11.403,S1O
60,P4,8,-10.427,S1O
60,P4,9,-7.985,S1O
60,P4,10,-5.056,S1O
60,P4,11,-2.126,S1O
60,P4,12,-0.661,S1O
60,P4,13,0.804,S1O
60,P4,14,1.780,S1O
60,P4,15,3.733,S1O
60,P4,16,5.198,S1O
60,P4,17,5.198,S1O
60,P4,18,4.222,S1O
60,P4,19,1.780,S1O
60,P4,20,0.315,S1O
60,P4,21,-0.173,S1O
60,P4,22,0.804,S1O
60,P4,23,1.292,S1O
60,P4,24,1.292,S1O
60,P4,25,-0.661,S1O
60,P4,26,-2.614,S1O
60,P4,27,-4.079,S1O
60,P4,28,-4.079,S1O
60,P4,29,-2.126,S1O
60,P4,30,-0.173,S1O
60,P4,31,1.780,S1O
60,P4,32,2.757,S1O
60,P4,33,2.757,S1O
60,P4,34,2.268,S1O
60,P4,35,1.780,S1O
60,P4,36,1.292,S1O
60,P4,37,0.315,S1O
60,P4,38,-0.661,S1O
60,P4,39,-2.126,S1O
60,P4,40,-3.591,S1O
60,P4,41,-4.567,S1O
60,P4,42,-5.056,S1O
60,P4,43,-5.056,S1O
60,P4,44,-4.567,S1O
60,P4,45,-4.567,S1O
60,P4,46,-4.079,S1O
60,P4,47,-4.079,S1O
60,P4,48,-4.079,S1O
60,P4,49,-4.567,S1O
60,P4,50,-5.544,S1O
60,P4,51,-7.009,S1O
60,P4,52,-7.497,S1O
60,P4,53,-7.497,S1O
60,P4,54,-6.521,S1O
60,P4,55,-5.056,S1O
60,P4,56,-4.079,S1O
60,P4,57,-3.103,S1O
60,P4,58,-3.591,S1O
60,P4,59,-4.567,S1O
60,P4,60,-5.544,S1O
60,P4,61,-6.521,S1O
60,P4,62,-6.521,S1O
60,P4,63,-6.032,S1O
60,P4,64,-5.056,S1O
60,P4,65,-4.567,S1O
60,P4,66,-4.567,S1O
60,P4,67,-5.544,S1O
60,P4,68,-6.032,S1O
60,P4,69,-5.056,S1O
60,P4,70,-3.591,S1O
60,P4,71,-1.638,S1O
60,P4,72,-0.661,S1O
60,P4,73,-0.173,S1O
60,P4,74,-0.173,S1O
60,P4,75,-0.173,S1O
60,P4,76,-0.661,S1O
60,P4,77,-0.173,S1O
60,P4,78,-0.173,S1O
60,P4,79,-0.173,S1O
60,P4,80,-0.661,S1O
60,P4,81,-2.126,S1O
60,P4,82,-3.103,S1O
60,P4,83,-4.567,S1O
60,P4,84,-5.056,S1O
60,P4,85,-5.056,S1O
60,P4,86,-4.079,S1O
60,P4,87,-2.614,S1O
60,P4,88,-0.661,S1O
60,P4,89,0.315,S1O
60,P4,90,0.315,S1O
60,P4,91,-0.661,S1O
60,P4,92,-1.638,S1O
60,P4,93,-2.614,S1O
60,P4,94,-2.614,S1O
60,P4,95,-2.614,S1O
60,P4,96,-2.126,S1O
60,P4,97,-1.638,S1O
60,P4,98,-0.661,S1O
60,P4,99,0.315,S1O
60,P4,100,0.315,S1O
60,P4,101,0.315,S1O
60,P4,102,-0.173,S1O
60,P4,103,-0.661,S1O
60,P4,104,-2.126,S1O
60,P4,105,-3.103,S1O
60,P4,106,-3.103,S1O
60,P4,107,-2.614,S1O
60,P4,108,-2.614,S1O
60,P4,109,-2.614,S1O
60,P4,110,-2.614,S1O
60,P4,111,-2.614,S1O
60,P4,112,-2.126,S1O
60,P4,113,-1.149,S1O
60,P4,114,-0.661,S1O
60,P4,115,-0.173,S1O
60,P4,116,-1.149,S1O
60,P4,117,-2.126,S1O
60,P4,118,-3.103,S1O
60,P4,119,-3.103,S1O
60,P4,120,-3.103,S1O
60,P4,121,-2.126,S1O
60,P4,122,-1.149,S1O
60,P4,123,-1.638,S1O
60,P4,124,-2.614,S1O
60,P4,125,-4.079,S1O
60,P4,126,-6.032,S1O
60,P4,127,-7.009,S1O
60,P4,128,-7.497,S1O
60,P4,129,-7.009,S1O
60,P4,130,-6.032,S1O
60,P4,131,-5.544,S1O
60,P4,132,-6.032,S1O
60,P4,133,-6.521,S1O
60,P4,134,-7.985,S1O
60,P4,135,-8.474,S1O
60,P4,136,-7.985,S1O
60,P4,137,-7.009,S1O
60,P4,138,-6.032,S1O
60,P4,139,-4.567,S1O
60,P4,140,-3.103,S1O
60,P4,141,-2.614,S1O
60,P4,142,-1.638,S1O
60,P4,143,-0.661,S1O
60,P4,144,-0.173,S1O
60,P4,145,0.315,S1O
60,P4,146,0.804,S1O
60,P4,147,0.804,S1O
60,P4,148,0.315,S1O
60,P4,149,-0.173,S1O
60,P4,150,-0.661,S1O
60,P4,151,-1.638,S1O
60,P4,152,-2.126,S1O
60,P4,153,-2.614,S1O
60,P4,154,-3.103,S1O
60,P4,155,-3.591,S1O
60,P4,156,-3.591,S1O
60,P4,157,-3.103,S1O
60,P4,158,-3.103,S1O
60,P4,159,-2.614,S1O
60,P4,160,-2.126,S1O
60,P4,161,-1.638,S1O
60,P4,162,-0.661,S1O
60,P4,163,0.804,S1O
60,P4,164,1.780,S1O
60,P4,165,2.268,S1O
60,P4,166,1.292,S1O
60,P4,167,0.804,S1O
60,P4,168,0.804,S1O
60,P4,169,1.292,S1O
60,P4,170,2.757,S1O
60,P4,171,3.733,S1O
60,P4,172,3.733,S1O
60,P4,173,2.757,S1O
60,P4,174,1.780,S1O
60,P4,175,0.804,S1O
60,P4,176,0.315,S1O
60,P4,177,-0.661,S1O
60,P4,178,-1.149,S1O
60,P4,179,-1.638,S1O
60,P4,180,-2.126,S1O
60,P4,181,-1.638,S1O
60,P4,182,-1.149,S1O
60,P4,183,-0.661,S1O
60,P4,184,-0.173,S1O
60,P4,185,-0.661,S1O
60,P4,186,-0.173,S1O
60,P4,187,-0.173,S1O
60,P4,188,0.315,S1O
60,P4,189,0.804,S1O
60,P4,190,0.315,S1O
60,P4,191,-0.661,S1O
60,P4,192,-1.638,S1O
60,P4,193,-1.638,S1O
60,P4,194,-1.638,S1O
60,P4,195,-1.149,S1O
60,P4,196,-0.661,S1O
60,P4,197,-1.149,S1O
60,P4,198,-2.126,S1O
60,P4,199,-3.591,S1O
60,P4,200,-5.544,S1O
60,P4,201,-7.009,S1O
60,P4,202,-8.474,S1O
60,P4,203,-8.474,S1O
60,P4,204,-8.474,S1O
60,P4,205,-7.985,S1O
60,P4,206,-7.497,S1O
60,P4,207,-7.497,S1O
60,P4,208,-7.497,S1O
60,P4,209,-7.497,S1O
60,P4,210,-7.009,S1O
60,P4,211,-6.032,S1O
60,P4,212,-4.567,S1O
60,P4,213,-3.103,S1O
60,P4,214,-2.614,S1O
60,P4,215,-2.126,S1O
60,P4,216,-2.126,S1O
60,P4,217,-2.614,S1O
60,P4,218,-2.614,S1O
60,P4,219,-2.614,S1O
60,P4,220,-2.126,S1O
60,P4,221,-1.638,S1O
60,P4,222,-0.661,S1O
60,P4,223,-0.173,S1O
60,P4,224,-0.661,S1O
60,P4,225,-1.638,S1O
60,P4,226,-3.103,S1O
60,P4,227,-3.591,S1O
60,P4,228,-3.103,S1O
60,P4,229,-1.638,S1O
60,P4,230,-0.173,S1O
60,P4,231,0.804,S1O
60,P4,232,0.315,S1O
60,P4,233,-0.173,S1O
60,P4,234,-0.661,S1O
60,P4,235,-1.149,S1O
60,P4,236,-2.126,S1O
60,P4,237,-3.103,S1O
60,P4,238,-4.079,S1O
60,P4,239,-4.567,S1O
60,P4,240,-4.567,S1O
60,P4,241,-3.591,S1O
60,P4,242,-3.103,S1O
60,P4,243,-2.614,S1O
60,P4,244,-3.591,S1O
60,P4,245,-4.079,S1O
60,P4,246,-5.544,S1O
60,P4,247,-6.032,S1O
60,P4,248,-6.032,S1O
60,P4,249,-5.544,S1O
60,P4,250,-4.567,S1O
60,P4,251,-3.591,S1O
60,P4,252,-2.126,S1O
60,P4,253,-1.149,S1O
60,P4,254,-0.661,S1O
60,P4,255,-0.661,S1O
60,PZ,0,-0.916,S1O
60,PZ,1,-0.916,S1O
60,PZ,2,-1.404,S1O
60,PZ,3,-2.869,S1O
60,PZ,4,-4.333,S1O
60,PZ,5,-5.798,S1O
60,PZ,6,-7.263,S1O
60,PZ,7,-7.751,S1O
60,PZ,8,-7.263,S1O
60,PZ,9,-5.798,S1O
60,PZ,10,-4.333,S1O
60,PZ,11,-2.869,S1O
60,PZ,12,-1.404,S1O
60,PZ,13,0.061,S1O
60,PZ,14,1.526,S1O
60,PZ,15,2.502,S1O
60,PZ,16,3.479,S1O
60,PZ,17,2.991,S1O
60,PZ,18,1.526,S1O
60,PZ,19,0.061,S1O
60,PZ,20,-1.404,S1O
60,PZ,21,-2.380,S1O
60,PZ,22,-2.380,S1O
60,PZ,23,-2.869,S1O
60,PZ,24,-3.357,S1O
60,PZ,25,-4.333,S1O
60,PZ,26,-5.798,S1O
60,PZ,27,-6.775,S1O
60,PZ,28,-6.287,S1O
60,PZ,29,-4.822,S1O
60,PZ,30,-2.869,S1O
60,PZ,31,-0.916,S1O
60,PZ,32,0.061,S1O
60,PZ,33,0.549,S1O
60,PZ,34,0.549,S1O
60,PZ,35,0.061,S1O
60,PZ,36,0.061,S1O
60,PZ,37,0.061,S1O
60,PZ,38,0.549,S1O
60,PZ,39,0.549,S1O
60,PZ,40,0.061,S1O
60,PZ,41,-0.916,S1O
60,PZ,42,-1.892,S1O
60,PZ,43,-3.357,S1O
60,PZ,44,-3.845,S1O
60,PZ,45,-4.333,S1O
60,PZ,46,-4.822,S1O
60,PZ,47,-5.310,S1O
60,PZ,48,-5.798,S1O
60,PZ,49,-7.263,S1O
60,PZ,50,-8.728,S1O
60,PZ,51,-9.705,S1O
60,PZ,52,-9.705,S1O
60,PZ,53,-9.216,S1O
60,PZ,54,-8.240,S1O
60,PZ,55,-7.751,S1O
60,PZ,56,-7.263,S1O
60,PZ,57,-6.775,S1O
60,PZ,58,-6.287,S1O
60,PZ,59,-5.798,S1O
60,PZ,60,-5.798,S1O
60,PZ,61,-5.798,S1O
60,PZ,62,-5.798,S1O
60,PZ,63,-5.798,S1O
60,PZ,64,-5.798,S1O
60,PZ,65,-5.798,S1O
60,PZ,66,-5.798,S1O
60,PZ,67,-5.798,S1O
60,PZ,68,-6.287,S1O
60,PZ,69,-6.287,S1O
60,PZ,70,-6.775,S1O
60,PZ,71,-6.775,S1O
60,PZ,72,-7.263,S1O
60,PZ,73,-7.751,S1O
60,PZ,74,-7.751,S1O
60,PZ,75,-6.775,S1O
60,PZ,76,-5.310,S1O
60,PZ,77,-3.845,S1O
60,PZ,78,-2.380,S1O
60,PZ,79,-2.380,S1O
60,PZ,80,-1.892,S1O
60,PZ,81,-1.892,S1O
60,PZ,82,-2.380,S1O
60,PZ,83,-2.380,S1O
60,PZ,84,-2.869,S1O
60,PZ,85,-2.869,S1O
60,PZ,86,-2.869,S1O
60,PZ,87,-2.869,S1O
60,PZ,88,-2.380,S1O
60,PZ,89,-2.380,S1O
60,PZ,90,-2.869,S1O
60,PZ,91,-3.845,S1O
60,PZ,92,-4.333,S1O
60,PZ,93,-4.333,S1O
60,PZ,94,-3.845,S1O
60,PZ,95,-3.357,S1O
60,PZ,96,-2.869,S1O
60,PZ,97,-2.869,S1O
60,PZ,98,-2.869,S1O
60,PZ,99,-2.380,S1O
60,PZ,100,-1.892,S1O
60,PZ,101,-1.404,S1O
60,PZ,102,-1.404,S1O
60,PZ,103,-2.380,S1O
60,PZ,104,-2.869,S1O
60,PZ,105,-2.869,S1O
60,PZ,106,-2.380,S1O
60,PZ,107,-2.380,S1O
60,PZ,108,-1.892,S1O
60,PZ,109,-2.869,S1O
60,PZ,110,-3.845,S1O
60,PZ,111,-4.333,S1O
60,PZ,112,-4.822,S1O
60,PZ,113,-4.333,S1O
60,PZ,114,-3.845,S1O
60,PZ,115,-3.845,S1O
60,PZ,116,-4.333,S1O
60,PZ,117,-4.822,S1O
60,PZ,118,-5.798,S1O
60,PZ,119,-5.798,S1O
60,PZ,120,-5.798,S1O
60,PZ,121,-5.310,S1O
60,PZ,122,-4.822,S1O
60,PZ,123,-4.333,S1O
60,PZ,124,-4.333,S1O
60,PZ,125,-4.822,S1O
60,PZ,126,-5.310,S1O
60,PZ,127,-5.798,S1O
60,PZ,128,-5.310,S1O
60,PZ,129,-4.822,S1O
60,PZ,130,-4.333,S1O
60,PZ,131,-4.333,S1O
60,PZ,132,-4.822,S1O
60,PZ,133,-5.798,S1O
60,PZ,134,-6.775,S1O
60,PZ,135,-7.751,S1O
60,PZ,136,-7.751,S1O
60,PZ,137,-7.751,S1O
60,PZ,138,-6.775,S1O
60,PZ,139,-6.287,S1O
60,PZ,140,-5.798,S1O
60,PZ,141,-4.822,S1O
60,PZ,142,-4.333,S1O
60,PZ,143,-3.845,S1O
60,PZ,144,-3.357,S1O
60,PZ,145,-2.380,S1O
60,PZ,146,-1.892,S1O
60,PZ,147,-1.404,S1O
60,PZ,148,-0.916,S1O
60,PZ,149,-1.404,S1O
60,PZ,150,-2.380,S1O
60,PZ,151,-3.357,S1O
60,PZ,152,-3.845,S1O
60,PZ,153,-4.822,S1O
60,PZ,154,-4.822,S1O
60,PZ,155,-4.822,S1O
60,PZ,156,-5.310,S1O
60,PZ,157,-5.798,S1O
60,PZ,158,-5.798,S1O
60,PZ,159,-5.310,S1O
60,PZ,160,-4.333,S1O
60,PZ,161,-2.869,S1O
60,PZ,162,-1.404,S1O
60,PZ,163,-0.916,S1O
60,PZ,164,-1.404,S1O
60,PZ,165,-2.380,S1O
60,PZ,166,-2.869,S1O
60,PZ,167,-2.869,S1O
60,PZ,168,-2.380,S1O
60,PZ,169,-1.404,S1O
60,PZ,170,0.061,S1O
60,PZ,171,0.549,S1O
60,PZ,172,0.549,S1O
60,PZ,173,0.061,S1O
60,PZ,174,-0.427,S1O
60,PZ,175,-0.427,S1O
60,PZ,176,-0.916,S1O
60,PZ,177,-0.427,S1O
60,PZ,178,-0.427,S1O
60,PZ,179,-0.427,S1O
60,PZ,180,-0.916,S1O
60,PZ,181,-1.404,S1O
60,PZ,182,-2.380,S1O
60,PZ,183,-2.869,S1O
60,PZ,184,-3.845,S1O
60,PZ,185,-3.845,S1O
60,PZ,186,-3.845,S1O
60,PZ,187,-3.845,S1O
60,PZ,188,-2.869,S1O
60,PZ,189,-2.380,S1O
60,PZ,190,-2.380,S1O
60,PZ,191,-2.380,S1O
60,PZ,192,-2.869,S1O
60,PZ,193,-2.869,S1O
60,PZ,194,-2.869,S1O
60,PZ,195,-2.380,S1O
60,PZ,196,-1.892,S1O
60,PZ,197,-1.892,S1O
60,PZ,198,-3.357,S1O
60,PZ,199,-4.822,S1O
60,PZ,200,-7.263,S1O
60,PZ,201,-9.216,S1O
60,PZ,202,-10.681,S1O
60,PZ,203,-10.681,S1O
60,PZ,204,-10.193,S1O
60,PZ,205,-9.705,S1O
60,PZ,206,-9.216,S1O
60,PZ,207,-9.705,S1O
60,PZ,208,-10.193,S1O
60,PZ,209,-10.681,S1O
60,PZ,210,-10.681,S1O
60,PZ,211,-10.193,S1O
60,PZ,212,-9.705,S1O
60,PZ,213,-9.216,S1O
60,PZ,214,-8.728,S1O
60,PZ,215,-8.728,S1O
60,PZ,216,-8.728,S1O
60,PZ,217,-7.751,S1O
60,PZ,218,-6.775,S1O
60,PZ,219,-5.798,S1O
60,PZ,220,-5.798,S1O
60,PZ,221,-5.310,S1O
60,PZ,222,-4.822,S1O
60,PZ,223,-4.822,S1O
60,PZ,224,-5.310,S1O
60,PZ,225,-5.798,S1O
60,PZ,226,-6.775,S1O
60,PZ,227,-7.263,S1O
60,PZ,228,-6.775,S1O
60,PZ,229,-5.798,S1O
60,PZ,230,-4.822,S1O
60,PZ,231,-4.333,S1O
60,PZ,232,-4.333,S1O
60,PZ,233,-5.310,S1O
60,PZ,234,-6.287,S1O
60,PZ,235,-6.775,S1O
60,PZ,236,-7.263,S1O
60,PZ,237,-7.751,S1O
60,PZ,238,-7.751,S1O
60,PZ,239,-8.240,S1O
60,PZ,240,-7.751,S1O
60,PZ,241,-7.263,S1O
60,PZ,242,-6.287,S1O
60,PZ,243,-5.310,S1O
60,PZ,244,-5.310,S1O
60,PZ,245,-6.287,S1O
60,PZ,246,-6.775,S1O
60,PZ,247,-7.263,S1O
60,PZ,248,-7.263,S1O
60,PZ,249,-6.775,S1O
60,PZ,250,-5.798,S1O
60,PZ,251,-5.310,S1O
60,PZ,252,-3.845,S1O
60,PZ,253,-3.845,S1O
60,PZ,254,-3.845,S1O
60,PZ,255,-4.822,S1O
60,P8,0,-1.007,S1O
60,P8,1,-1.007,S1O
60,P8,2,-0.519,S1O
60,P8,3,-1.495,S1O
60,P8,4,-3.937,S1O
60,P8,5,-6.866,S1O
60,P8,6,-10.773,S1O
60,P8,7,-13.702,S1O
60,P8,8,-14.191,S1O
60,P8,9,-11.749,S1O
60,P8,10,-7.843,S1O
60,P8,11,-2.960,S1O
60,P8,12,0.458,S1O
60,P8,13,2.899,S1O
60,P8,14,4.364,S1O
60,P8,15,6.317,S1O
60,P8,16,8.270,S1O
60,P8,17,9.735,S1O
60,P8,18,8.759,S1O
60,P8,19,6.805,S1O
60,P8,20,4.364,S1O
60,P8,21,3.387,S1O
60,P8,22,4.364,S1O
60,P8,23,6.317,S1O
60,P8,24,6.805,S1O
60,P8,25,5.341,S1O
60,P8,26,2.411,S1O
60,P8,27,-0.519,S1O
60,P8,28,-0.519,S1O
60,P8,29,1.434,S1O
60,P8,30,4.852,S1O
60,P8,31,7.294,S1O
60,P8,32,8.270,S1O
60,P8,33,7.294,S1O
60,P8,34,5.829,S1O
60,P8,35,4.364,S1O
60,P8,36,2.899,S1O
60,P8,37,0.458,S1O
60,P8,38,-2.960,S1O
60,P8,39,-5.890,S1O
60,P8,40,-7.843,S1O
60,P8,41,-7.843,S1O
60,P8,42,-6.378,S1O
60,P8,43,-4.913,S1O
60,P8,44,-3.937,S1O
60,P8,45,-3.448,S1O
60,P8,46,-2.960,S1O
60,P8,47,-1.984,S1O
60,P8,48,-1.007,S1O
60,P8,49,-0.031,S1O
60,P8,50,-1.007,S1O
60,P8,51,-2.472,S1O
60,P8,52,-4.425,S1O
60,P8,53,-5.890,S1O
60,P8,54,-5.402,S1O
60,P8,55,-4.425,S1O
60,P8,56,-3.937,S1O
60,P8,57,-2.960,S1O
60,P8,58,-3.448,S1O
60,P8,59,-3.937,S1O
60,P8,60,-4.913,S1O
60,P8,61,-5.402,S1O
60,P8,62,-4.913,S1O
60,P8,63,-4.425,S1O
60,P8,64,-3.937,S1O
60,P8,65,-2.960,S1O
60,P8,66,-2.960,S1O
60,P8,67,-2.472,S1O
60,P8,68,-1.495,S1O
60,P8,69,0.946,S1O
60,P8,70,3.876,S1O
60,P8,71,7.294,S1O
60,P8,72,9.735,S1O
60,P8,73,10.712,S1O
60,P8,74,9.735,S1O
60,P8,75,8.270,S1O
60,P8,76,6.805,S1O
60,P8,77,6.805,S1O
60,P8,78,6.317,S1O
60,P8,79,5.341,S1O
60,P8,80,3.387,S1O
60,P8,81,0.946,S1O
60,P8,82,-1.007,S1O
60,P8,83,-2.472,S1O
60,P8,84,-2.960,S1O
60,P8,85,-2.472,S1O
60,P8,86,-1.495,S1O
60,P8,87,0.458,S1O
60,P8,88,2.899,S1O
60,P8,89,5.341,S1O
60,P8,90,7.294,S1O
60,P8,91,7.782,S1O
60,P8,92,6.805,S1O
60,P8,93,4.852,S1O
60,P8,94,3.387,S1O
60,P8,95,3.387,S1O
60,P8,96,4.852,S1O
60,P8,97,6.805,S1O
60,P8,98,9.247,S1O
60,P8,99,10.223,S1O
60,P8,100,9.247,S1O
60,P8,101,7.294,S1O
60,P8,102,4.364,S1O
60,P8,103,2.411,S1O
60,P8,104,0.458,S1O
60,P8,105,-0.519,S1O
60,P8,106,-1.007,S1O
60,P8,107,-0.519,S1O
60,P8,108,-0.031,S1O
60,P8,109,0.458,S1O
60,P8,110,0.458,S1O
60,P8,111,0.458,S1O
60,P8,112,0.946,S1O
60,P8,113,2.411,S1O
60,P8,114,3.876,S1O
60,P8,115,4.364,S1O
60,P8,116,3.387,S1O
60,P8,117,1.923,S1O
60,P8,118,-0.519,S1O
60,P8,119,-1.495,S1O
60,P8,120,-0.519,S1O
60,P8,121,1.434,S1O
60,P8,122,3.387,S1O
60,P8,123,4.364,S1O
60,P8,124,2.899,S1O
60,P8,125,0.946,S1O
60,P8,126,-1.984,S1O
60,P8,127,-4.425,S1O
60,P8,128,-5.402,S1O
60,P8,129,-5.402,S1O
60,P8,130,-5.402,S1O
60,P8,131,-5.890,S1O
60,P8,132,-6.866,S1O
60,P8,133,-7.843,S1O
60,P8,134,-9.308,S1O
60,P8,135,-9.308,S1O
60,P8,136,-8.331,S1O
60,P8,137,-6.866,S1O
60,P8,138,-4.425,S1O
60,P8,139,-2.472,S1O
60,P8,140,-1.007,S1O
60,P8,141,0.946,S1O
60,P8,142,1.923,S1O
60,P8,143,3.387,S1O
60,P8,144,4.364,S1O
60,P8,145,5.341,S1O
60,P8,146,5.341,S1O
60,P8,147,5.341,S1O
60,P8,148,4.852,S1O
60,P8,149,3.387,S1O
60,P8,150,2.411,S1O
60,P8,151,0.946,S1O
60,P8,152,-0.519,S1O
60,P8,153,-1.495,S1O
60,P8,154,-2.472,S1O
60,P8,155,-2.960,S1O
60,P8,156,-2.472,S1O
60,P8,157,-1.984,S1O
60,P8,158,-1.495,S1O
60,P8,159,-1.495,S1O
60,P8,160,-1.495,S1O
60,P8,161,-1.007,S1O
60,P8,162,0.458,S1O
60,P8,163,2.411,S1O
60,P8,164,4.852,S1O
60,P8,165,5.829,S1O
60,P8,166,5.829,S1O
60,P8,167,4.852,S1O
60,P8,168,3.876,S1O
60,P8,169,3.876,S1O
60,P8,170,5.341,S1O
60,P8,171,7.294,S1O
60,P8,172,8.270,S1O
60,P8,173,7.294,S1O
60,P8,174,5.341,S1O
60,P8,175,3.387,S1O
60,P8,176,0.946,S1O
60,P8,177,-0.519,S1O
60,P8,178,-1.984,S1O
60,P8,179,-2.960,S1O
60,P8,180,-2.960,S1O
60,P8,181,-2.960,S1O
60,P8,182,-1.495,S1O
60,P8,183,-0.519,S1O
60,P8,184,0.458,S1O
60,P8,185,0.946,S1O
60,P8,186,0.946,S1O
60,P8,187,0.946,S1O
60,P8,188,0.946,S1O
60,P8,189,0.946,S1O
60,P8,190,0.458,S1O
60,P8,191,-0.519,S1O
60,P8,192,-1.495,S1O
60,P8,193,-2.472,S1O
60,P8,194,-2.472,S1O
60,P8,195,-2.472,S1O
60,P8,196,-1.984,S1O
60,P8,197,-2.472,S1O
60,P8,198,-3.448,S1O
60,P8,199,-5.402,S1O
60,P8,200,-7.843,S1O
60,P8,201,-10.284,S1O
60,P8,202,-11.749,S1O
60,P8,203,-12.726,S1O
60,P8,204,-12.726,S1O
60,P8,205,-11.749,S1O
60,P8,206,-11.261,S1O
60,P8,207,-11.749,S1O
60,P8,208,-12.726,S1O
60,P8,209,-13.214,S1O
60,P8,210,-12.238,S1O
60,P8,211,-10.773,S1O
60,P8,212,-8.331,S1O
60,P8,213,-6.378,S1O
60,P8,214,-4.425,S1O
60,P8,215,-3.448,S1O
60,P8,216,-3.937,S1O
60,P8,217,-3.937,S1O
60,P8,218,-4.913,S1O
60,P8,219,-5.402,S1O
60,P8,220,-5.402,S1O
60,P8,221,-4.425,S1O
60,P8,222,-3.448,S1O
60,P8,223,-2.960,S1O
60,P8,224,-2.960,S1O
60,P8,225,-3.937,S1O
60,P8,226,-5.890,S1O
60,P8,227,-6.378,S1O
60,P8,228,-6.378,S1O
60,P8,229,-5.402,S1O
60,P8,230,-3.448,S1O
60,P8,231,-1.984,S1O
60,P8,232,-1.007,S1O
60,P8,233,-0.519,S1O
60,P8,234,-1.007,S1O
60,P8,235,-2.472,S1O
60,P8,236,-3.937,S1O
60,P8,237,-5.890,S1O
60,P8,238,-7.843,S1O
60,P8,239,-8.331,S1O
60,P8,240,-8.331,S1O
60,P8,241,-6.378,S1O
60,P8,242,-4.913,S1O
60,P8,243,-3.937,S1O
60,P8,244,-3.937,S1O
60,P8,245,-4.913,S1O
60,P8,246,-6.866,S1O
60,P8,247,-8.331,S1O
60,P8,248,-9.308,S1O
60,P8,249,-9.308,S1O
60,P8,250,-8.820,S1O
60,P8,251,-7.355,S1O
60,P8,252,-4.913,S1O
60,P8,253,-2.960,S1O
60,P8,254,-1.495,S1O
60,P8,255,-1.984,S1O
60,P7,0,4.578,S1O
60,P7,1,6.042,S1O
60,P7,2,7.019,S1O
60,P7,3,6.531,S1O
60,P7,4,5.066,S1O
60,P7,5,3.113,S1O
60,P7,6,0.671,S1O
60,P7,7,-0.793,S1O
60,P7,8,-2.747,S1O
60,P7,9,-5.188,S1O
60,P7,10,-7.141,S1O
60,P7,11,-8.606,S1O
60,P7,12,-8.118,S1O
60,P7,13,-5.676,S1O
60,P7,14,-2.258,S1O
60,P7,15,1.160,S1O
60,P7,16,2.625,S1O
60,P7,17,2.136,S1O
60,P7,18,0.671,S1O
60,P7,19,-0.793,S1O
60,P7,20,-1.770,S1O
60,P7,21,-1.770,S1O
60,P7,22,-1.770,S1O
60,P7,23,-2.258,S1O
60,P7,24,-2.747,S1O
60,P7,25,-3.723,S1O
60,P7,26,-3.723,S1O
60,P7,27,-4.211,S1O
60,P7,28,-3.723,S1O
60,P7,29,-2.747,S1O
60,P7,30,-1.770,S1O
60,P7,31,-0.305,S1O
60,P7,32,0.671,S1O
60,P7,33,1.648,S1O
60,P7,34,0.671,S1O
60,P7,35,-1.770,S1O
60,P7,36,-4.700,S1O
60,P7,37,-7.141,S1O
60,P7,38,-7.629,S1O
60,P7,39,-6.653,S1O
60,P7,40,-5.188,S1O
60,P7,41,-4.700,S1O
60,P7,42,-4.700,S1O
60,P7,43,-5.676,S1O
60,P7,44,-5.676,S1O
60,P7,45,-4.700,S1O
60,P7,46,-3.235,S1O
60,P7,47,-3.235,S1O
60,P7,48,-4.211,S1O
60,P7,49,-6.165,S1O
60,P7,50,-7.629,S1O
60,P7,51,-8.118,S1O
60,P7,52,-8.118,S1O
60,P7,53,-7.629,S1O
60,P7,54,-8.118,S1O
60,P7,55,-9.094,S1O
60,P7,56,-9.583,S1O
60,P7,57,-9.094,S1O
60,P7,58,-7.629,S1O
60,P7,59,-5.676,S1O
60,P7,60,-5.676,S1O
60,P7,61,-6.165,S1O
60,P7,62,-8.118,S1O
60,P7,63,-9.583,S1O
60,P7,64,-9.094,S1O
60,P7,65,-7.629,S1O
60,P7,66,-5.188,S1O
60,P7,67,-2.747,S1O
60,P7,68,-1.282,S1O
60,P7,69,-0.793,S1O
60,P7,70,-1.282,S1O
60,P7,71,-1.282,S1O
60,P7,72,-0.793,S1O
60,P7,73,-0.793,S1O
60,P7,74,-0.793,S1O
60,P7,75,-1.282,S1O
60,P7,76,-1.282,S1O
60,P7,77,-1.770,S1O
60,P7,78,-1.282,S1O
60,P7,79,-0.793,S1O
60,P7,80,0.183,S1O
60,P7,81,1.160,S1O
60,P7,82,1.160,S1O
60,P7,83,0.183,S1O
60,P7,84,-1.770,S1O
60,P7,85,-3.235,S1O
60,P7,86,-3.723,S1O
60,P7,87,-2.747,S1O
60,P7,88,-1.282,S1O
60,P7,89,-0.793,S1O
60,P7,90,-0.793,S1O
60,P7,91,-0.793,S1O
60,P7,92,-0.793,S1O
60,P7,93,0.183,S1O
60,P7,94,1.160,S1O
60,P7,95,2.625,S1O
60,P7,96,3.113,S1O
60,P7,97,3.601,S1O
60,P7,98,5.066,S1O
60,P7,99,7.019,S1O
60,P7,100,8.972,S1O
60,P7,101,8.972,S1O
60,P7,102,7.019,S1O
60,P7,103,3.601,S1O
60,P7,104,0.183,S1O
60,P7,105,-1.282,S1O
60,P7,106,-1.770,S1O
60,P7,107,-0.793,S1O
60,P7,108,-0.793,S1O
60,P7,109,-1.770,S1O
60,P7,110,-3.235,S1O
60,P7,111,-4.700,S1O
60,P7,112,-5.188,S1O
60,P7,113,-4.211,S1O
60,P7,114,-2.747,S1O
60,P7,115,-1.770,S1O
60,P7,116,-1.282,S1O
60,P7,117,-0.793,S1O
60,P7,118,-0.793,S1O
60,P7,119,-1.282,S1O
60,P7,120,-1.282,S1O
60,P7,121,-1.282,S1O
60,P7,122,-0.793,S1O
60,P7,123,-0.305,S1O
60,P7,124,-0.305,S1O
60,P7,125,-1.282,S1O
60,P7,126,-2.747,S1O
60,P7,127,-4.700,S1O
60,P7,128,-5.676,S1O
60,P7,129,-4.700,S1O
60,P7,130,-3.235,S1O
60,P7,131,-2.258,S1O
60,P7,132,-3.235,S1O
60,P7,133,-5.676,S1O
60,P7,134,-8.118,S1O
60,P7,135,-9.583,S1O
60,P7,136,-10.071,S1O
60,P7,137,-8.606,S1O
60,P7,138,-6.653,S1O
60,P7,139,-5.188,S1O
60,P7,140,-4.700,S1O
60,P7,141,-5.188,S1O
60,P7,142,-5.676,S1O
60,P7,143,-5.676,S1O
60,P7,144,-4.700,S1O
60,P7,145,-2.747,S1O
60,P7,146,-0.793,S1O
60,P7,147,0.671,S1O
60,P7,148,0.671,S1O
60,P7,149,-0.793,S1O
60,P7,150,-3.235,S1O
60,P7,151,-4.700,S1O
60,P7,152,-5.676,S1O
60,P7,153,-5.188,S1O
60,P7,154,-4.700,S1O
60,P7,155,-5.188,S1O
60,P7,156,-6.165,S1O
60,P7,157,-7.629,S1O
60,P7,158,-8.118,S1O
60,P7,159,-7.141,S1O
60,P7,160,-4.700,S1O
60,P7,161,-1.770,S1O
60,P7,162,-0.305,S1O
60,P7,163,0.183,S1O
60,P7,164,-0.793,S1O
60,P7,165,-1.770,S1O
60,P7,166,-2.258,S1O
60,P7,167,-1.282,S1O
60,P7,168,0.183,S1O
60,P7,169,2.625,S1O
60,P7,170,5.554,S1O
60,P7,171,7.507,S1O
60,P7,172,8.972,S1O
60,P7,173,9.460,S1O
60,P7,174,8.484,S1O
60,P7,175,7.507,S1O
60,P7,176,7.019,S1O
60,P7,177,7.019,S1O
60,P7,178,7.996,S1O
60,P7,179,9.460,S1O
60,P7,180,8.972,S1O
60,P7,181,7.019,S1O
60,P7,182,3.601,S1O
60,P7,183,-0.305,S1O
60,P7,184,-3.235,S1O
60,P7,185,-5.188,S1O
60,P7,186,-5.676,S1O
60,P7,187,-5.188,S1O
60,P7,188,-4.211,S1O
60,P7,189,-2.747,S1O
60,P7,190,-1.770,S1O
60,P7,191,-0.305,S1O
60,P7,192,0.183,S1O
60,P7,193,-0.305,S1O
60,P7,194,-0.305,S1O
60,P7,195,-0.305,S1O
60,P7,196,-0.793,S1O
60,P7,197,-0.305,S1O
60,P7,198,-0.793,S1O
60,P7,199,-1.282,S1O
60,P7,200,-3.235,S1O
60,P7,201,-6.165,S1O
60,P7,202,-9.094,S1O
60,P7,203,-11.536,S1O
60,P7,204,-12.512,S1O
60,P7,205,-12.024,S1O
60,P7,206,-10.559,S1O
60,P7,207,-9.583,S1O
60,P7,208,-9.583,S1O
60,P7,209,-10.559,S1O
60,P7,210,-11.536,S1O
60,P7,211,-11.536,S1O
60,P7,212,-10.071,S1O
60,P7,213,-9.094,S1O
60,P7,214,-8.118,S1O
60,P7,215,-8.118,S1O
60,P7,216,-8.118,S1O
60,P7,217,-7.629,S1O
60,P7,218,-7.141,S1O
60,P7,219,-5.676,S1O
60,P7,220,-4.700,S1O
60,P7,221,-4.700,S1O
60,P7,222,-5.188,S1O
60,P7,223,-6.165,S1O
60,P7,224,-6.165,S1O
60,P7,225,-6.165,S1O
60,P7,226,-6.165,S1O
60,P7,227,-5.676,S1O
60,P7,228,-5.188,S1O
60,P7,229,-4.700,S1O
60,P7,230,-3.723,S1O
60,P7,231,-4.700,S1O
60,P7,232,-5.676,S1O
60,P7,233,-7.141,S1O
60,P7,234,-8.118,S1O
60,P7,235,-8.118,S1O
60,P7,236,-7.629,S1O
60,P7,237,-6.653,S1O
60,P7,238,-6.165,S1O
60,P7,239,-5.676,S1O
60,P7,240,-5.676,S1O
60,P7,241,-5.188,S1O
60,P7,242,-4.211,S1O
60,P7,243,-3.723,S1O
60,P7,244,-3.235,S1O
60,P7,245,-3.723,S1O
60,P7,246,-4.700,S1O
60,P7,247,-5.188,S1O
60,P7,248,-4.700,S1O
60,P7,249,-4.700,S1O
60,P7,250,-4.700,S1O
60,P7,251,-4.700,S1O
60,P7,252,-3.723,S1O
60,P7,253,-3.723,S1O
60,P7,254,-3.235,S1O
60,P7,255,-3.235,S1O
60,PO2,0,1.506,S1O
60,PO2,1,1.506,S1O
60,PO2,2,1.017,S1O
60,PO2,3,0.041,S1O
60,PO2,4,-2.889,S1O
60,PO2,5,-6.795,S1O
60,PO2,6,-10.213,S1O
60,PO2,7,-12.166,S1O
60,PO2,8,-11.678,S1O
60,PO2,9,-8.260,S1O
60,PO2,10,-3.866,S1O
60,PO2,11,0.529,S1O
60,PO2,12,2.970,S1O
60,PO2,13,4.924,S1O
60,PO2,14,6.388,S1O
60,PO2,15,8.830,S1O
60,PO2,16,10.783,S1O
60,PO2,17,11.271,S1O
60,PO2,18,9.806,S1O
60,PO2,19,6.877,S1O
60,PO2,20,4.435,S1O
60,PO2,21,3.459,S1O
60,PO2,22,4.435,S1O
60,PO2,23,5.412,S1O
60,PO2,24,5.412,S1O
60,PO2,25,3.947,S1O
60,PO2,26,1.017,S1O
60,PO2,27,-1.424,S1O
60,PO2,28,-1.424,S1O
60,PO2,29,0.529,S1O
60,PO2,30,3.459,S1O
60,PO2,31,5.412,S1O
60,PO2,32,6.388,S1O
60,PO2,33,5.900,S1O
60,PO2,34,4.924,S1O
60,PO2,35,3.947,S1O
60,PO2,36,3.459,S1O
60,PO2,37,2.970,S1O
60,PO2,38,1.994,S1O
60,PO2,39,1.017,S1O
60,PO2,40,-0.936,S1O
60,PO2,41,-1.424,S1O
60,PO2,42,-1.912,S1O
60,PO2,43,-1.912,S1O
60,PO2,44,-1.424,S1O
60,PO2,45,-1.424,S1O
60,PO2,46,-1.912,S1O
60,PO2,47,-1.912,S1O
60,PO2,48,-2.401,S1O
60,PO2,49,-3.377,S1O
60,PO2,50,-4.354,S1O
60,PO2,51,-5.819,S1O
60,PO2,52,-6.307,S1O
60,PO2,53,-5.819,S1O
60,PO2,54,-4.842,S1O
60,PO2,55,-3.866,S1O
60,PO2,56,-2.889,S1O
60,PO2,57,-2.401,S1O
60,PO2,58,-1.912,S1O
60,PO2,59,-2.401,S1O
60,PO2,60,-2.401,S1O
60,PO2,61,-2.889,S1O
60,PO2,62,-2.401,S1O
60,PO2,63,-1.912,S1O
60,PO2,64,-1.424,S1O
60,PO2,65,-0.936,S1O
60,PO2,66,-0.936,S1O
60,PO2,67,-1.912,S1O
60,PO2,68,-2.401,S1O
60,PO2,69,-1.912,S1O
60,PO2,70,-0.448,S1O
60,PO2,71,1.017,S1O
60,PO2,72,1.994,S1O
60,PO2,73,1.994,S1O
60,PO2,74,1.506,S1O
60,PO2,75,1.506,S1O
60,PO2,76,2.482,S1O
60,PO2,77,3.459,S1O
60,PO2,78,3.947,S1O
60,PO2,79,3.459,S1O
60,PO2,80,2.482,S1O
60,PO2,81,1.506,S1O
60,PO2,82,0.529,S1O
60,PO2,83,-0.448,S1O
60,PO2,84,-0.936,S1O
60,PO2,85,-0.936,S1O
60,PO2,86,-0.448,S1O
60,PO2,87,1.506,S1O
60,PO2,88,2.482,S1O
60,PO2,89,3.947,S1O
60,PO2,90,3.947,S1O
60,PO2,91,2.970,S1O
60,PO2,92,1.017,S1O
60,PO2,93,0.041,S1O
60,PO2,94,-0.448,S1O
60,PO2,95,0.041,S1O
60,PO2,96,0.529,S1O
60,PO2,97,1.506,S1O
60,PO2,98,1.994,S1O
60,PO2,99,2.970,S1O
60,PO2,100,3.459,S1O
60,PO2,101,2.970,S1O
60,PO2,102,1.994,S1O
60,PO2,103,1.017,S1O
60,PO2,104,-0.448,S1O
60,PO2,105,-0.936,S1O
60,PO2,106,-0.448,S1O
60,PO2,107,0.529,S1O
60,PO2,108,0.529,S1O
60,PO2,109,0.529,S1O
60,PO2,110,0.041,S1O
60,PO2,111,-0.448,S1O
60,PO2,112,-0.448,S1O
60,PO2,113,0.041,S1O
60,PO2,114,0.529,S1O
60,PO2,115,0.529,S1O
60,PO2,116,0.041,S1O
60,PO2,117,-1.424,S1O
60,PO2,118,-2.401,S1O
60,PO2,119,-3.866,S1O
60,PO2,120,-3.866,S1O
60,PO2,121,-3.866,S1O
60,PO2,122,-2.889,S1O
60,PO2,123,-3.377,S1O
60,PO2,124,-3.866,S1O
60,PO2,125,-5.330,S1O
60,PO2,126,-5.819,S1O
60,PO2,127,-6.307,S1O
60,PO2,128,-5.330,S1O
60,PO2,129,-4.354,S1O
60,PO2,130,-3.377,S1O
60,PO2,131,-3.866,S1O
60,PO2,132,-4.842,S1O
60,PO2,133,-6.307,S1O
60,PO2,134,-8.260,S1O
60,PO2,135,-9.237,S1O
60,PO2,136,-9.725,S1O
60,PO2,137,-8.748,S1O
60,PO2,138,-7.284,S1O
60,PO2,139,-5.819,S1O
60,PO2,140,-3.866,S1O
60,PO2,141,-1.912,S1O
60,PO2,142,-0.936,S1O
60,PO2,143,0.041,S1O
60,PO2,144,0.529,S1O
60,PO2,145,0.529,S1O
60,PO2,146,1.017,S1O
60,PO2,147,1.506,S1O
60,PO2,148,1.506,S1O
60,PO2,149,0.529,S1O
60,PO2,150,-1.424,S1O
60,PO2,151,-3.377,S1O
60,PO2,152,-4.842,S1O
60,PO2,153,-5.819,S1O
60,PO2,154,-5.819,S1O
60,PO2,155,-5.819,S1O
60,PO2,156,-5.819,S1O
60,PO2,157,-5.330,S1O
60,PO2,158,-5.330,S1O
60,PO2,159,-5.330,S1O
60,PO2,160,-4.354,S1O
60,PO2,161,-3.377,S1O
60,PO2,162,-1.912,S1O
60,PO2,163,-0.936,S1O
60,PO2,164,0.041,S1O
60,PO2,165,0.041,S1O
60,PO2,166,-0.448,S1O
60,PO2,167,-0.936,S1O
60,PO2,168,-0.448,S1O
60,PO2,169,1.017,S1O
60,PO2,170,1.994,S1O
60,PO2,171,2.482,S1O
60,PO2,172,1.994,S1O
60,PO2,173,0.529,S1O
60,PO2,174,-0.936,S1O
60,PO2,175,-1.912,S1O
60,PO2,176,-1.912,S1O
60,PO2,177,-1.912,S1O
60,PO2,178,-1.912,S1O
60,PO2,179,-2.401,S1O
60,PO2,180,-2.401,S1O
60,PO2,181,-2.889,S1O
60,PO2,182,-2.889,S1O
60,PO2,183,-2.889,S1O
60,PO2,184,-3.377,S1O
60,PO2,185,-3.377,S1O
60,PO2,186,-3.377,S1O
60,PO2,187,-3.377,S1O
60,PO2,188,-2.889,S1O
60,PO2,189,-3.377,S1O
60,PO2,190,-3.866,S1O
60,PO2,191,-4.842,S1O
60,PO2,192,-5.819,S1O
60,PO2,193,-5.819,S1O
60,PO2,194,-5.330,S1O
60,PO2,195,-4.354,S1O
60,PO2,196,-3.377,S1O
60,PO2,197,-4.354,S1O
60,PO2,198,-6.307,S1O
60,PO2,199,-9.725,S1O
60,PO2,200,-12.655,S1O
60,PO2,201,-15.584,S1O
60,PO2,202,-16.561,S1O
60,PO2,203,-16.561,S1O
60,PO2,204,-15.584,S1O
60,PO2,205,-14.608,S1O
60,PO2,206,-14.119,S1O
60,PO2,207,-14.119,S1O
60,PO2,208,-15.096,S1O
60,PO2,209,-15.584,S1O
60,PO2,210,-15.584,S1O
60,PO2,211,-14.608,S1O
60,PO2,212,-13.143,S1O
60,PO2,213,-11.678,S1O
60,PO2,214,-10.701,S1O
60,PO2,215,-9.725,S1O
60,PO2,216,-8.748,S1O
60,PO2,217,-8.260,S1O
60,PO2,218,-7.772,S1O
60,PO2,219,-7.284,S1O
60,PO2,220,-7.284,S1O
60,PO2,221,-6.795,S1O
60,PO2,222,-6.795,S1O
60,PO2,223,-6.795,S1O
60,PO2,224,-7.284,S1O
60,PO2,225,-8.260,S1O
60,PO2,226,-9.237,S1O
60,PO2,227,-9.237,S1O
60,PO2,228,-8.260,S1O
60,PO2,229,-6.307,S1O
60,PO2,230,-4.842,S1O
60,PO2,231,-4.354,S1O
60,PO2,232,-4.354,S1O
60,PO2,233,-4.842,S1O
60,PO2,234,-5.819,S1O
60,PO2,235,-6.795,S1O
60,PO2,236,-7.772,S1O
60,PO2,237,-9.237,S1O
60,PO2,238,-10.213,S1O
60,PO2,239,-10.213,S1O
60,PO2,240,-8.748,S1O
60,PO2,241,-7.284,S1O
60,PO2,242,-5.330,S1O
60,PO2,243,-4.842,S1O
60,PO2,244,-5.330,S1O
60,PO2,245,-6.795,S1O
60,PO2,246,-8.748,S1O
60,PO2,247,-9.237,S1O
60,PO2,248,-9.725,S1O
60,PO2,249,-8.748,S1O
60,PO2,250,-7.772,S1O
60,PO2,251,-6.307,S1O
60,PO2,252,-4.354,S1O
60,PO2,253,-2.889,S1O
60,PO2,254,-2.401,S1O
60,PO2,255,-3.377,S1O
60,PO1,0,3.774,S1O
60,PO1,1,4.751,S1O
60,PO1,2,4.751,S1O
60,PO1,3,3.286,S1O
60,PO1,4,0.844,S1O
60,PO1,5,-2.085,S1O
60,PO1,6,-4.038,S1O
60,PO1,7,-5.503,S1O
60,PO1,8,-5.503,S1O
60,PO1,9,-5.015,S1O
60,PO1,10,-4.038,S1O
60,PO1,11,-3.062,S1O
60,PO1,12,-1.597,S1O
60,PO1,13,1.333,S1O
60,PO1,14,3.774,S1O
60,PO1,15,6.215,S1O
60,PO1,16,7.192,S1O
60,PO1,17,7.192,S1O
60,PO1,18,5.239,S1O
60,PO1,19,3.286,S1O
60,PO1,20,1.821,S1O
60,PO1,21,0.844,S1O
60,PO1,22,0.356,S1O
60,PO1,23,-0.132,S1O
60,PO1,24,-1.109,S1O
60,PO1,25,-2.574,S1O
60,PO1,26,-4.527,S1O
60,PO1,27,-5.992,S1O
60,PO1,28,-5.015,S1O
60,PO1,29,-3.062,S1O
60,PO1,30,0.356,S1O
60,PO1,31,2.797,S1O
60,PO1,32,4.262,S1O
60,PO1,33,4.751,S1O
60,PO1,34,4.262,S1O
60,PO1,35,2.797,S1O
60,PO1,36,2.309,S1O
60,PO1,37,2.309,S1O
60,PO1,38,2.797,S1O
60,PO1,39,3.286,S1O
60,PO1,40,3.286,S1O
60,PO1,41,2.797,S1O
60,PO1,42,1.333,S1O
60,PO1,43,-0.132,S1O
60,PO1,44,-1.109,S1O
60,PO1,45,-2.085,S1O
60,PO1,46,-2.085,S1O
60,PO1,47,-3.062,S1O
60,PO1,48,-4.038,S1O
60,PO1,49,-5.503,S1O
60,PO1,50,-6.968,S1O
60,PO1,51,-7.456,S1O
60,PO1,52,-7.456,S1O
60,PO1,53,-6.968,S1O
60,PO1,54,-6.480,S1O
60,PO1,55,-6.480,S1O
60,PO1,56,-6.480,S1O
60,PO1,57,-5.992,S1O
60,PO1,58,-5.015,S1O
60,PO1,59,-4.038,S1O
60,PO1,60,-4.038,S1O
60,PO1,61,-4.038,S1O
60,PO1,62,-5.015,S1O
60,PO1,63,-5.992,S1O
60,PO1,64,-5.503,S1O
60,PO1,65,-4.527,S1O
60,PO1,66,-3.550,S1O
60,PO1,67,-2.574,S1O
60,PO1,68,-2.085,S1O
60,PO1,69,-2.085,S1O
60,PO1,70,-2.574,S1O
60,PO1,71,-3.062,S1O
60,PO1,72,-4.038,S1O
60,PO1,73,-4.038,S1O
60,PO1,74,-4.038,S1O
60,PO1,75,-4.038,S1O
60,PO1,76,-3.062,S1O
60,PO1,77,-1.597,S1O
60,PO1,78,-0.621,S1O
60,PO1,79,-0.621,S1O
60,PO1,80,-0.132,S1O
60,PO1,81,0.356,S1O
60,PO1,82,0.844,S1O
60,PO1,83,0.356,S1O
60,PO1,84,-0.132,S1O
60,PO1,85,-1.109,S1O
60,PO1,86,-1.597,S1O
60,PO1,87,-1.109,S1O
60,PO1,88,-0.132,S1O
60,PO1,89,0.844,S1O
60,PO1,90,0.844,S1O
60,PO1,91,-0.132,S1O
60,PO1,92,-0.621,S1O
60,PO1,93,-0.621,S1O
60,PO1,94,0.844,S1O
60,PO1,95,1.821,S1O
60,PO1,96,2.309,S1O
60,PO1,97,2.797,S1O
60,PO1,98,3.286,S1O
60,PO1,99,3.774,S1O
60,PO1,100,4.751,S1O
60,PO1,101,5.239,S1O
60,PO1,102,4.262,S1O
60,PO1,103,2.797,S1O
60,PO1,104,0.844,S1O
60,PO1,105,0.356,S1O
60,PO1,106,0.356,S1O
60,PO1,107,1.333,S1O
60,PO1,108,1.333,S1O
60,PO1,109,0.356,S1O
60,PO1,110,-1.597,S1O
60,PO1,111,-3.062,S1O
60,PO1,112,-3.550,S1O
60,PO1,113,-2.574,S1O
60,PO1,114,-1.597,S1O
60,PO1,115,-0.621,S1O
60,PO1,116,-0.621,S1O
60,PO1,117,-1.597,S1O
60,PO1,118,-2.574,S1O
60,PO1,119,-3.550,S1O
60,PO1,120,-4.038,S1O
60,PO1,121,-3.550,S1O
60,PO1,122,-2.574,S1O
60,PO1,123,-2.085,S1O
60,PO1,124,-2.085,S1O
60,PO1,125,-3.550,S1O
60,PO1,126,-5.503,S1O
60,PO1,127,-6.480,S1O
60,PO1,128,-5.992,S1O
60,PO1,129,-4.527,S1O
60,PO1,130,-3.550,S1O
60,PO1,131,-3.550,S1O
60,PO1,132,-5.015,S1O
60,PO1,133,-6.480,S1O
60,PO1,134,-7.945,S1O
60,PO1,135,-8.433,S1O
60,PO1,136,-8.433,S1O
60,PO1,137,-7.945,S1O
60,PO1,138,-7.456,S1O
60,PO1,139,-6.480,S1O
60,PO1,140,-5.503,S1O
60,PO1,141,-4.527,S1O
60,PO1,142,-3.062,S1O
60,PO1,143,-2.574,S1O
60,PO1,144,-2.085,S1O
60,PO1,145,-1.109,S1O
60,PO1,146,0.356,S1O
60,PO1,147,1.333,S1O
60,PO1,148,1.821,S1O
60,PO1,149,1.333,S1O
60,PO1,150,-1.109,S1O
60,PO1,151,-3.550,S1O
60,PO1,152,-5.503,S1O
60,PO1,153,-5.992,S1O
60,PO1,154,-5.992,S1O
60,PO1,155,-5.992,S1O
60,PO1,156,-6.480,S1O
60,PO1,157,-6.968,S1O
60,PO1,158,-6.968,S1O
60,PO1,159,-6.480,S1O
60,PO1,160,-4.527,S1O
60,PO1,161,-2.574,S1O
60,PO1,162,-0.621,S1O
60,PO1,163,0.356,S1O
60,PO1,164,-0.132,S1O
60,PO1,165,-1.109,S1O
60,PO1,166,-2.085,S1O
60,PO1,167,-2.085,S1O
60,PO1,168,-1.109,S1O
60,PO1,169,0.356,S1O
60,PO1,170,1.821,S1O
60,PO1,171,2.797,S1O
60,PO1,172,2.797,S1O
60,PO1,173,2.797,S1O
60,PO1,174,2.797,S1O
60,PO1,175,2.797,S1O
60,PO1,176,3.286,S1O
60,PO1,177,3.286,S1O
60,PO1,178,3.286,S1O
60,PO1,179,3.286,S1O
60,PO1,180,2.797,S1O
60,PO1,181,1.821,S1O
60,PO1,182,0.356,S1O
60,PO1,183,-1.597,S1O
60,PO1,184,-3.062,S1O
60,PO1,185,-4.038,S1O
60,PO1,186,-4.527,S1O
60,PO1,187,-4.038,S1O
60,PO1,188,-3.550,S1O
60,PO1,189,-2.574,S1O
60,PO1,190,-2.574,S1O
60,PO1,191,-2.574,S1O
60,PO1,192,-3.062,S1O
60,PO1,193,-3.062,S1O
60,PO1,194,-2.574,S1O
60,PO1,195,-1.597,S1O
60,PO1,196,-1.109,S1O
60,PO1,197,-1.109,S1O
60,PO1,198,-2.574,S1O
60,PO1,199,-4.527,S1O
60,PO1,200,-7.945,S1O
60,PO1,201,-10.874,S1O
60,PO1,202,-12.828,S1O
60,PO1,203,-13.316,S1O
60,PO1,204,-13.804,S1O
60,PO1,205,-12.828,S1O
60,PO1,206,-12.339,S1O
60,PO1,207,-12.828,S1O
60,PO1,208,-13.804,S1O
60,PO1,209,-14.781,S1O
60,PO1,210,-15.269,S1O
60,PO1,211,-14.781,S1O
60,PO1,212,-13.316,S1O
60,PO1,213,-12.339,S1O
60,PO1,214,-11.851,S1O
60,PO1,215,-11.363,S1O
60,PO1,216,-10.874,S1O
60,PO1,217,-10.386,S1O
60,PO1,218,-8.921,S1O
60,PO1,219,-7.456,S1O
60,PO1,220,-6.480,S1O
60,PO1,221,-5.992,S1O
60,PO1,222,-5.992,S1O
60,PO1,223,-6.480,S1O
60,PO1,224,-6.968,S1O
60,PO1,225,-7.945,S1O
60,PO1,226,-8.921,S1O
60,PO1,227,-9.410,S1O
60,PO1,228,-8.921,S1O
60,PO1,229,-7.456,S1O
60,PO1,230,-5.992,S1O
60,PO1,231,-5.503,S1O
60,PO1,232,-5.503,S1O
60,PO1,233,-6.480,S1O
60,PO1,234,-7.945,S1O
60,PO1,235,-8.433,S1O
60,PO1,236,-8.921,S1O
60,PO1,237,-9.410,S1O
60,PO1,238,-8.921,S1O
60,PO1,239,-8.921,S1O
60,PO1,240,-7.945,S1O
60,PO1,241,-6.480,S1O
60,PO1,242,-5.015,S1O
60,PO1,243,-3.550,S1O
60,PO1,244,-3.550,S1O
60,PO1,245,-4.527,S1O
60,PO1,246,-5.992,S1O
60,PO1,247,-6.968,S1O
60,PO1,248,-7.456,S1O
60,PO1,249,-6.480,S1O
60,PO1,250,-5.503,S1O
60,PO1,251,-4.038,S1O
60,PO1,252,-3.062,S1O
60,PO1,253,-2.574,S1O
60,PO1,254,-2.574,S1O
60,PO1,255,-3.550,S1O
60,O2,0,2.736,S1O
60,O2,1,3.225,S1O
60,O2,2,2.736,S1O
60,O2,3,0.783,S1O
60,O2,4,-2.635,S1O
60,O2,5,-7.029,S1O
60,O2,6,-10.935,S1O
60,O2,7,-12.889,S1O
60,O2,8,-12.400,S1O
60,O2,9,-9.959,S1O
60,O2,10,-6.541,S1O
60,O2,11,-3.611,S1O
60,O2,12,-0.682,S1O
60,O2,13,1.760,S1O
60,O2,14,4.690,S1O
60,O2,15,7.619,S1O
60,O2,16,10.061,S1O
60,O2,17,10.549,S1O
60,O2,18,8.596,S1O
60,O2,19,5.178,S1O
60,O2,20,2.248,S1O
60,O2,21,1.272,S1O
60,O2,22,2.248,S1O
60,O2,23,3.713,S1O
60,O2,24,3.713,S1O
60,O2,25,0.783,S1O
60,O2,26,-3.123,S1O
60,O2,27,-6.053,S1O
60,O2,28,-5.564,S1O
60,O2,29,-2.635,S1O
60,O2,30,0.783,S1O
60,O2,31,3.713,S1O
60,O2,32,4.690,S1O
60,O2,33,3.225,S1O
60,O2,34,1.272,S1O
60,O2,35,-0.193,S1O
60,O2,36,-1.170,S1O
60,O2,37,-2.146,S1O
60,O2,38,-2.635,S1O
60,O2,39,-4.100,S1O
60,O2,40,-4.588,S1O
60,O2,41,-4.588,S1O
60,O2,42,-4.100,S1O
60,O2,43,-4.100,S1O
60,O2,44,-5.076,S1O
60,O2,45,-6.053,S1O
60,O2,46,-6.541,S1O
60,O2,47,-6.053,S1O
60,O2,48,-5.076,S1O
60,O2,49,-5.076,S1O
60,O2,50,-6.053,S1O
60,O2,51,-8.006,S1O
60,O2,52,-8.982,S1O
60,O2,53,-9.471,S1O
60,O2,54,-8.982,S1O
60,O2,55,-8.006,S1O
60,O2,56,-7.517,S1O
60,O2,57,-8.006,S1O
60,O2,58,-8.494,S1O
60,O2,59,-9.471,S1O
60,O2,60,-8.982,S1O
60,O2,61,-8.494,S1O
60,O2,62,-8.494,S1O
60,O2,63,-7.517,S1O
60,O2,64,-7.029,S1O
60,O2,65,-7.029,S1O
60,O2,66,-6.541,S1O
60,O2,67,-6.541,S1O
60,O2,68,-5.564,S1O
60,O2,69,-4.100,S1O
60,O2,70,-2.635,S1O
60,O2,71,-1.170,S1O
60,O2,72,-0.682,S1O
60,O2,73,0.295,S1O
60,O2,74,0.783,S1O
60,O2,75,1.760,S1O
60,O2,76,2.248,S1O
60,O2,77,2.736,S1O
60,O2,78,2.248,S1O
60,O2,79,0.783,S1O
60,O2,80,-0.682,S1O
60,O2,81,-2.146,S1O
60,O2,82,-2.635,S1O
60,O2,83,-3.611,S1O
60,O2,84,-4.588,S1O
60,O2,85,-5.076,S1O
60,O2,86,-4.588,S1O
60,O2,87,-3.123,S1O
60,O2,88,-0.682,S1O
60,O2,89,1.760,S1O
60,O2,90,3.225,S1O
60,O2,91,2.736,S1O
60,O2,92,1.760,S1O
60,O2,93,0.783,S1O
60,O2,94,1.272,S1O
60,O2,95,2.248,S1O
60,O2,96,3.713,S1O
60,O2,97,5.178,S1O
60,O2,98,6.154,S1O
60,O2,99,6.643,S1O
60,O2,100,6.643,S1O
60,O2,101,5.666,S1O
60,O2,102,4.201,S1O
60,O2,103,1.760,S1O
60,O2,104,-0.682,S1O
60,O2,105,-2.635,S1O
60,O2,106,-3.123,S1O
60,O2,107,-3.123,S1O
60,O2,108,-3.123,S1O
60,O2,109,-3.123,S1O
60,O2,110,-4.100,S1O
60,O2,111,-4.100,S1O
60,O2,112,-3.611,S1O
60,O2,113,-1.658,S1O
60,O2,114,-0.193,S1O
60,O2,115,0.295,S1O
60,O2,116,-0.193,S1O
60,O2,117,-2.146,S1O
60,O2,118,-3.611,S1O
60,O2,119,-4.588,S1O
60,O2,120,-4.100,S1O
60,O2,121,-3.123,S1O
60,O2,122,-2.146,S1O
60,O2,123,-2.146,S1O
60,O2,124,-2.635,S1O
60,O2,125,-4.588,S1O
60,O2,126,-6.541,S1O
60,O2,127,-7.517,S1O
60,O2,128,-7.517,S1O
60,O2,129,-6.541,S1O
60,O2,130,-6.053,S1O
60,O2,131,-6.053,S1O
60,O2,132,-7.029,S1O
60,O2,133,-8.982,S1O
60,O2,134,-10.935,S1O
60,O2,135,-11.912,S1O
60,O2,136,-11.912,S1O
60,O2,137,-10.447,S1O
60,O2,138,-8.494,S1O
60,O2,139,-6.541,S1O
60,O2,140,-4.588,S1O
60,O2,141,-3.123,S1O
60,O2,142,-2.146,S1O
60,O2,143,-1.170,S1O
60,O2,144,-0.193,S1O
60,O2,145,1.272,S1O
60,O2,146,2.248,S1O
60,O2,147,3.225,S1O
60,O2,148,3.225,S1O
60,O2,149,2.248,S1O
60,O2,150,0.295,S1O
60,O2,151,-2.146,S1O
60,O2,152,-4.100,S1O
60,O2,153,-6.053,S1O
60,O2,154,-7.029,S1O
60,O2,155,-7.029,S1O
60,O2,156,-6.541,S1O
60,O2,157,-6.541,S1O
60,O2,158,-6.053,S1O
60,O2,159,-5.564,S1O
60,O2,160,-5.076,S1O
60,O2,161,-4.100,S1O
60,O2,162,-2.146,S1O
60,O2,163,-0.682,S1O
60,O2,164,0.783,S1O
60,O2,165,0.783,S1O
60,O2,166,-0.193,S1O
60,O2,167,-0.682,S1O
60,O2,168,-0.193,S1O
60,O2,169,0.783,S1O
60,O2,170,2.248,S1O
60,O2,171,3.225,S1O
60,O2,172,3.713,S1O
60,O2,173,3.225,S1O
60,O2,174,2.736,S1O
60,O2,175,2.248,S1O
60,O2,176,1.760,S1O
60,O2,177,1.272,S1O
60,O2,178,0.783,S1O
60,O2,179,0.295,S1O
60,O2,180,0.295,S1O
60,O2,181,-0.193,S1O
60,O2,182,-0.682,S1O
60,O2,183,-1.170,S1O
60,O2,184,-2.635,S1O
60,O2,185,-3.611,S1O
60,O2,186,-4.100,S1O
60,O2,187,-4.100,S1O
60,O2,188,-4.100,S1O
60,O2,189,-4.100,S1O
60,O2,190,-4.588,S1O
60,O2,191,-5.564,S1O
60,O2,192,-6.541,S1O
60,O2,193,-6.541,S1O
60,O2,194,-6.541,S1O
60,O2,195,-5.564,S1O
60,O2,196,-4.588,S1O
60,O2,197,-5.076,S1O
60,O2,198,-6.541,S1O
60,O2,199,-9.959,S1O
60,O2,200,-13.377,S1O
60,O2,201,-16.307,S1O
60,O2,202,-17.771,S1O
60,O2,203,-17.771,S1O
60,O2,204,-16.795,S1O
60,O2,205,-15.818,S1O
60,O2,206,-15.818,S1O
60,O2,207,-16.795,S1O
60,O2,208,-17.771,S1O
60,O2,209,-18.260,S1O
60,O2,210,-17.771,S1O
60,O2,211,-16.307,S1O
60,O2,212,-14.353,S1O
60,O2,213,-12.889,S1O
60,O2,214,-11.424,S1O
60,O2,215,-10.935,S1O
60,O2,216,-10.935,S1O
60,O2,217,-10.447,S1O
60,O2,218,-9.471,S1O
60,O2,219,-8.494,S1O
60,O2,220,-7.517,S1O
60,O2,221,-7.029,S1O
60,O2,222,-7.029,S1O
60,O2,223,-8.006,S1O
60,O2,224,-8.982,S1O
60,O2,225,-10.447,S1O
60,O2,226,-11.912,S1O
60,O2,227,-11.912,S1O
60,O2,228,-10.447,S1O
60,O2,229,-8.494,S1O
60,O2,230,-6.541,S1O
60,O2,231,-5.076,S1O
60,O2,232,-4.588,S1O
60,O2,233,-4.588,S1O
60,O2,234,-5.076,S1O
60,O2,235,-5.564,S1O
60,O2,236,-6.541,S1O
60,O2,237,-8.982,S1O
60,O2,238,-10.935,S1O
60,O2,239,-11.912,S1O
60,O2,240,-11.424,S1O
60,O2,241,-9.471,S1O
60,O2,242,-6.541,S1O
60,O2,243,-4.588,S1O
60,O2,244,-4.100,S1O
60,O2,245,-5.564,S1O
60,O2,246,-7.517,S1O
60,O2,247,-8.982,S1O
60,O2,248,-9.471,S1O
60,O2,249,-8.006,S1O
60,O2,250,-6.053,S1O
60,O2,251,-4.100,S1O
60,O2,252,-2.635,S1O
60,O2,253,-1.658,S1O
60,O2,254,-1.658,S1O
60,O2,255,-2.635,S1O
60,O1,0,5.442,S1O
60,O1,1,7.395,S1O
60,O1,2,7.395,S1O
60,O1,3,4.954,S1O
60,O1,4,1.048,S1O
60,O1,5,-3.835,S1O
60,O1,6,-6.276,S1O
60,O1,7,-7.253,S1O
60,O1,8,-6.765,S1O
60,O1,9,-6.765,S1O
60,O1,10,-6.765,S1O
60,O1,11,-6.276,S1O
60,O1,12,-4.812,S1O
60,O1,13,-1.882,S1O
60,O1,14,2.024,S1O
60,O1,15,5.442,S1O
60,O1,16,6.907,S1O
60,O1,17,6.419,S1O
60,O1,18,4.466,S1O
60,O1,19,2.513,S1O
60,O1,20,1.048,S1O
60,O1,21,0.559,S1O
60,O1,22,0.559,S1O
60,O1,23,0.559,S1O
60,O1,24,-0.905,S1O
60,O1,25,-3.347,S1O
60,O1,26,-5.788,S1O
60,O1,27,-8.230,S1O
60,O1,28,-7.741,S1O
60,O1,29,-5.300,S1O
60,O1,30,-1.394,S1O
60,O1,31,2.513,S1O
60,O1,32,3.977,S1O
60,O1,33,3.977,S1O
60,O1,34,2.513,S1O
60,O1,35,0.559,S1O
60,O1,36,-0.417,S1O
60,O1,37,-0.417,S1O
60,O1,38,-0.417,S1O
60,O1,39,-0.417,S1O
60,O1,40,0.071,S1O
60,O1,41,-0.417,S1O
60,O1,42,-0.905,S1O
60,O1,43,-2.370,S1O
60,O1,44,-4.323,S1O
60,O1,45,-5.300,S1O
60,O1,46,-6.276,S1O
60,O1,47,-6.276,S1O
60,O1,48,-6.765,S1O
60,O1,49,-7.253,S1O
60,O1,50,-8.230,S1O
60,O1,51,-9.206,S1O
60,O1,52,-9.694,S1O
60,O1,53,-9.206,S1O
60,O1,54,-9.206,S1O
60,O1,55,-9.206,S1O
60,O1,56,-9.694,S1O
60,O1,57,-10.183,S1O
60,O1,58,-9.694,S1O
60,O1,59,-8.718,S1O
60,O1,60,-8.230,S1O
60,O1,61,-8.230,S1O
60,O1,62,-9.694,S1O
60,O1,63,-10.671,S1O
60,O1,64,-10.671,S1O
60,O1,65,-9.206,S1O
60,O1,66,-6.765,S1O
60,O1,67,-4.323,S1O
60,O1,68,-3.347,S1O
60,O1,69,-3.347,S1O
60,O1,70,-4.323,S1O
60,O1,71,-4.812,S1O
60,O1,72,-4.323,S1O
60,O1,73,-3.347,S1O
60,O1,74,-2.370,S1O
60,O1,75,-0.905,S1O
60,O1,76,-0.417,S1O
60,O1,77,-0.417,S1O
60,O1,78,-0.905,S1O
60,O1,79,-0.905,S1O
60,O1,80,0.071,S1O
60,O1,81,1.048,S1O
60,O1,82,1.536,S1O
60,O1,83,0.559,S1O
60,O1,84,-1.394,S1O
60,O1,85,-4.323,S1O
60,O1,86,-5.300,S1O
60,O1,87,-4.323,S1O
60,O1,88,-1.394,S1O
60,O1,89,0.559,S1O
60,O1,90,2.024,S1O
60,O1,91,1.536,S1O
60,O1,92,1.048,S1O
60,O1,93,1.536,S1O
60,O1,94,2.513,S1O
60,O1,95,3.977,S1O
60,O1,96,4.954,S1O
60,O1,97,5.442,S1O
60,O1,98,6.419,S1O
60,O1,99,7.395,S1O
60,O1,100,8.372,S1O
60,O1,101,8.372,S1O
60,O1,102,6.907,S1O
60,O1,103,3.977,S1O
60,O1,104,1.536,S1O
60,O1,105,0.559,S1O
60,O1,106,1.048,S1O
60,O1,107,2.024,S1O
60,O1,108,1.536,S1O
60,O1,109,0.071,S1O
60,O1,110,-2.370,S1O
60,O1,111,-4.323,S1O
60,O1,112,-4.323,S1O
60,O1,113,-2.370,S1O
60,O1,114,0.559,S1O
60,O1,115,2.513,S1O
60,O1,116,3.001,S1O
60,O1,117,1.536,S1O
60,O1,118,-0.905,S1O
60,O1,119,-2.858,S1O
60,O1,120,-3.347,S1O
60,O1,121,-1.882,S1O
60,O1,122,0.559,S1O
60,O1,123,1.048,S1O
60,O1,124,0.559,S1O
60,O1,125,-1.882,S1O
60,O1,126,-4.812,S1O
60,O1,127,-6.765,S1O
60,O1,128,-6.276,S1O
60,O1,129,-4.812,S1O
60,O1,130,-3.835,S1O
60,O1,131,-4.323,S1O
60,O1,132,-5.300,S1O
60,O1,133,-6.276,S1O
60,O1,134,-6.765,S1O
60,O1,135,-6.276,S1O
60,O1,136,-6.276,S1O
60,O1,137,-7.253,S1O
60,O1,138,-8.230,S1O
60,O1,139,-8.230,S1O
60,O1,140,-6.276,S1O
60,O1,141,-3.835,S1O
60,O1,142,-1.394,S1O
60,O1,143,-0.417,S1O
60,O1,144,0.071,S1O
60,O1,145,0.071,S1O
60,O1,146,1.536,S1O
60,O1,147,3.489,S1O
60,O1,148,4.466,S1O
60,O1,149,3.489,S1O
60,O1,150,0.559,S1O
60,O1,151,-2.858,S1O
60,O1,152,-5.300,S1O
60,O1,153,-6.276,S1O
60,O1,154,-5.788,S1O
60,O1,155,-5.300,S1O
60,O1,156,-5.788,S1O
60,O1,157,-6.276,S1O
60,O1,158,-6.276,S1O
60,O1,159,-4.812,S1O
60,O1,160,-2.858,S1O
60,O1,161,0.071,S1O
60,O1,162,1.536,S1O
60,O1,163,2.024,S1O
60,O1,164,1.536,S1O
60,O1,165,0.071,S1O
60,O1,166,-0.905,S1O
60,O1,167,-1.394,S1O
60,O1,168,-0.417,S1O
60,O1,169,1.536,S1O
60,O1,170,3.977,S1O
60,O1,171,5.442,S1O
60,O1,172,5.931,S1O
60,O1,173,5.931,S1O
60,O1,174,6.419,S1O
60,O1,175,6.907,S1O
60,O1,176,8.372,S1O
60,O1,177,9.349,S1O
60,O1,178,9.837,S1O
60,O1,179,9.837,S1O
60,O1,180,8.860,S1O
60,O1,181,7.395,S1O
60,O1,182,5.442,S1O
60,O1,183,3.001,S1O
60,O1,184,0.559,S1O
60,O1,185,-0.905,S1O
60,O1,186,-1.882,S1O
60,O1,187,-1.882,S1O
60,O1,188,-1.394,S1O
60,O1,189,-1.394,S1O
60,O1,190,-1.394,S1O
60,O1,191,-1.394,S1O
60,O1,192,-1.882,S1O
60,O1,193,-2.370,S1O
60,O1,194,-2.858,S1O
60,O1,195,-2.858,S1O
60,O1,196,-2.858,S1O
60,O1,197,-2.858,S1O
60,O1,198,-3.347,S1O
60,O1,199,-4.812,S1O
60,O1,200,-7.253,S1O
60,O1,201,-10.183,S1O
60,O1,202,-13.112,S1O
60,O1,203,-14.089,S1O
60,O1,204,-13.601,S1O
60,O1,205,-12.624,S1O
60,O1,206,-11.648,S1O
60,O1,207,-12.136,S1O
60,O1,208,-14.089,S1O
60,O1,209,-15.554,S1O
60,O1,210,-15.554,S1O
60,O1,211,-15.066,S1O
60,O1,212,-13.601,S1O
60,O1,213,-12.136,S1O
60,O1,214,-10.671,S1O
60,O1,215,-10.183,S1O
60,O1,216,-8.718,S1O
60,O1,217,-7.741,S1O
60,O1,218,-6.276,S1O
60,O1,219,-5.788,S1O
60,O1,220,-5.300,S1O
60,O1,221,-5.788,S1O
60,O1,222,-6.276,S1O
60,O1,223,-6.765,S1O
60,O1,224,-7.741,S1O
60,O1,225,-8.718,S1O
60,O1,226,-9.694,S1O
60,O1,227,-10.183,S1O
60,O1,228,-9.694,S1O
60,O1,229,-7.741,S1O
60,O1,230,-4.812,S1O
60,O1,231,-2.858,S1O
60,O1,232,-2.370,S1O
60,O1,233,-3.835,S1O
60,O1,234,-5.300,S1O
60,O1,235,-6.765,S1O
60,O1,236,-7.253,S1O
60,O1,237,-7.741,S1O
60,O1,238,-7.741,S1O
60,O1,239,-8.230,S1O
60,O1,240,-7.741,S1O
60,O1,241,-6.276,S1O
60,O1,242,-4.323,S1O
60,O1,243,-1.882,S1O
60,O1,244,-0.905,S1O
60,O1,245,-1.394,S1O
60,O1,246,-3.347,S1O
60,O1,247,-5.300,S1O
60,O1,248,-6.276,S1O
60,O1,249,-6.276,S1O
60,O1,250,-4.812,S1O
60,O1,251,-2.858,S1O
60,O1,252,-0.905,S1O
60,O1,253,0.071,S1O
60,O1,254,0.071,S1O
60,O1,255,-1.394,S1O
60,X,0,-4.252,S1O
60,X,1,-3.764,S1O
60,X,2,-1.322,S1O
60,X,3,4.537,S1O
60,X,4,9.908,S1O
60,X,5,13.326,S1O
60,X,6,13.326,S1O
60,X,7,9.420,S1O
60,X,8,4.049,S1O
60,X,9,-0.346,S1O
60,X,10,-2.299,S1O
60,X,11,-1.322,S1O
60,X,12,1.119,S1O
60,X,13,2.584,S1O
60,X,14,3.072,S1O
60,X,15,2.584,S1O
60,X,16,2.584,S1O
60,X,17,4.049,S1O
60,X,18,5.514,S1O
60,X,19,6.002,S1O
60,X,20,5.514,S1O
60,X,21,4.537,S1O
60,X,22,3.560,S1O
60,X,23,2.584,S1O
60,X,24,2.584,S1O
60,X,25,2.584,S1O
60,X,26,3.560,S1O
60,X,27,5.025,S1O
60,X,28,7.467,S1O
60,X,29,9.420,S1O
60,X,30,10.885,S1O
60,X,31,11.373,S1O
60,X,32,11.373,S1O
60,X,33,11.373,S1O
60,X,34,10.885,S1O
60,X,35,9.420,S1O
60,X,36,6.978,S1O
60,X,37,5.514,S1O
60,X,38,5.514,S1O
60,X,39,6.978,S1O
60,X,40,8.931,S1O
60,X,41,9.420,S1O
60,X,42,7.955,S1O
60,X,43,6.002,S1O
60,X,44,5.514,S1O
60,X,45,7.467,S1O
60,X,46,10.885,S1O
60,X,47,12.838,S1O
60,X,48,11.373,S1O
60,X,49,8.443,S1O
60,X,50,5.514,S1O
60,X,51,4.537,S1O
60,X,52,4.537,S1O
60,X,53,4.049,S1O
60,X,54,1.119,S1O
60,X,55,-2.787,S1O
60,X,56,-5.229,S1O
60,X,57,-3.764,S1O
60,X,58,0.142,S1O
60,X,59,4.537,S1O
60,X,60,5.514,S1O
60,X,61,3.072,S1O
60,X,62,-1.322,S1O
60,X,63,-5.229,S1O
60,X,64,-7.182,S1O
60,X,65,-5.717,S1O
60,X,66,-1.811,S1O
60,X,67,2.584,S1O
60,X,68,6.978,S1O
60,X,69,9.908,S1O
60,X,70,10.396,S1O
60,X,71,8.443,S1O
60,X,72,5.514,S1O
60,X,73,3.560,S1O
60,X,74,3.072,S1O
60,X,75,3.560,S1O
60,X,76,3.560,S1O
60,X,77,2.584,S1O
60,X,78,1.607,S1O
60,X,79,1.119,S1O
60,X,80,1.119,S1O
60,X,81,1.119,S1O
60,X,82,0.631,S1O
60,X,83,-0.834,S1O
60,X,84,-1.811,S1O
60,X,85,-1.811,S1O
60,X,86,-0.346,S1O
60,X,87,1.119,S1O
60,X,88,2.584,S1O
60,X,89,4.049,S1O
60,X,90,4.537,S1O
60,X,91,4.537,S1O
60,X,92,4.049,S1O
60,X,93,2.584,S1O
60,X,94,0.631,S1O
60,X,95,0.142,S1O
60,X,96,1.119,S1O
60,X,97,5.025,S1O
60,X,98,10.885,S1O
60,X,99,15.767,S1O
60,X,100,17.721,S1O
60,X,101,15.767,S1O
60,X,102,11.373,S1O
60,X,103,6.002,S1O
60,X,104,3.072,S1O
60,X,105,2.584,S1O
60,X,106,3.072,S1O
60,X,107,2.584,S1O
60,X,108,0.631,S1O
60,X,109,-0.346,S1O
60,X,110,2.096,S1O
60,X,111,6.978,S1O
60,X,112,11.373,S1O
60,X,113,12.838,S1O
60,X,114,9.908,S1O
60,X,115,5.514,S1O
60,X,116,2.584,S1O
60,X,117,3.072,S1O
60,X,118,5.025,S1O
60,X,119,6.490,S1O
60,X,120,6.490,S1O
60,X,121,6.490,S1O
60,X,122,6.978,S1O
60,X,123,9.420,S1O
60,X,124,10.885,S1O
60,X,125,9.420,S1O
60,X,126,5.025,S1O
60,X,127,-1.322,S1O
60,X,128,-6.694,S1O
60,X,129,-10.600,S1O
60,X,130,-11.576,S1O
60,X,131,-10.600,S1O
60,X,132,-8.647,S1O
60,X,133,-6.694,S1O
60,X,134,-5.717,S1O
60,X,135,-4.740,S1O
60,X,136,-4.740,S1O
60,X,137,-5.229,S1O
60,X,138,-5.717,S1O
60,X,139,-7.182,S1O
60,X,140,-8.158,S1O
60,X,141,-8.647,S1O
60,X,142,-9.135,S1O
60,X,143,-9.135,S1O
60,X,144,-9.135,S1O
60,X,145,-8.158,S1O
60,X,146,-6.694,S1O
60,X,147,-5.229,S1O
60,X,148,-3.276,S1O
60,X,149,-2.787,S1O
60,X,150,-3.276,S1O
60,X,151,-5.229,S1O
60,X,152,-6.694,S1O
60,X,153,-7.182,S1O
60,X,154,-6.205,S1O
60,X,155,-4.740,S1O
60,X,156,-4.252,S1O
60,X,157,-5.229,S1O
60,X,158,-6.694,S1O
60,X,159,-5.717,S1O
60,X,160,-2.299,S1O
60,X,161,2.096,S1O
60,X,162,4.537,S1O
60,X,163,4.049,S1O
60,X,164,1.607,S1O
60,X,165,0.142,S1O
60,X,166,1.607,S1O
60,X,167,4.537,S1O
60,X,168,7.467,S1O
60,X,169,7.955,S1O
60,X,170,6.490,S1O
60,X,171,6.002,S1O
60,X,172,8.443,S1O
60,X,173,12.349,S1O
60,X,174,16.256,S1O
60,X,175,16.744,S1O
60,X,176,12.838,S1O
60,X,177,6.490,S1O
60,X,178,2.096,S1O
60,X,179,0.631,S1O
60,X,180,3.072,S1O
60,X,181,7.467,S1O
60,X,182,10.885,S1O
60,X,183,12.838,S1O
60,X,184,12.838,S1O
60,X,185,11.373,S1O
60,X,186,8.931,S1O
60,X,187,6.002,S1O
60,X,188,4.537,S1O
60,X,189,3.560,S1O
60,X,190,3.560,S1O
60,X,191,3.560,S1O
60,X,192,3.560,S1O
60,X,193,4.049,S1O
60,X,194,5.025,S1O
60,X,195,5.514,S1O
60,X,196,4.049,S1O
60,X,197,0.631,S1O
60,X,198,-3.276,S1O
60,X,199,-5.229,S1O
60,X,200,-4.740,S1O
60,X,201,-1.811,S1O
60,X,202,1.607,S1O
60,X,203,3.560,S1O
60,X,204,4.537,S1O
60,X,205,5.514,S1O
60,X,206,6.490,S1O
60,X,207,6.978,S1O
60,X,208,5.514,S1O
60,X,209,3.072,S1O
60,X,210,0.631,S1O
60,X,211,-1.322,S1O
60,X,212,-0.834,S1O
60,X,213,0.631,S1O
60,X,214,1.607,S1O
60,X,215,1.607,S1O
60,X,216,1.607,S1O
60,X,217,2.096,S1O
60,X,218,3.560,S1O
60,X,219,5.514,S1O
60,X,220,7.467,S1O
60,X,221,6.978,S1O
60,X,222,5.514,S1O
60,X,223,3.560,S1O
60,X,224,1.607,S1O
60,X,225,0.631,S1O
60,X,226,0.631,S1O
60,X,227,1.119,S1O
60,X,228,1.607,S1O
60,X,229,2.096,S1O
60,X,230,2.096,S1O
60,X,231,0.631,S1O
60,X,232,-0.834,S1O
60,X,233,-0.834,S1O
60,X,234,0.631,S1O
60,X,235,3.560,S1O
60,X,236,6.490,S1O
60,X,237,6.490,S1O
60,X,238,5.025,S1O
60,X,239,3.072,S1O
60,X,240,2.096,S1O
60,X,241,3.072,S1O
60,X,242,4.537,S1O
60,X,243,6.002,S1O
60,X,244,6.002,S1O
60,X,245,5.514,S1O
60,X,246,5.025,S1O
60,X,247,5.514,S1O
60,X,248,6.490,S1O
60,X,249,6.490,S1O
60,X,250,5.025,S1O
60,X,251,3.560,S1O
60,X,252,2.584,S1O
60,X,253,3.072,S1O
60,X,254,4.537,S1O
60,X,255,5.514,S1O
60,AF7,0,-0.743,S1O
60,AF7,1,-1.231,S1O
60,AF7,2,0.722,S1O
60,AF7,3,4.628,S1O
60,AF7,4,10.000,S1O
60,AF7,5,12.929,S1O
60,AF7,6,11.953,S1O
60,AF7,7,7.558,S1O
60,AF7,8,2.675,S1O
60,AF7,9,-0.743,S1O
60,AF7,10,-0.743,S1O
60,AF7,11,0.234,S1O
60,AF7,12,1.211,S1O
60,AF7,13,0.722,S1O
60,AF7,14,-0.743,S1O
60,AF7,15,-1.231,S1O
60,AF7,16,-0.743,S1O
60,AF7,17,1.699,S1O
60,AF7,18,4.140,S1O
60,AF7,19,5.117,S1O
60,AF7,20,4.140,S1O
60,AF7,21,2.187,S1O
60,AF7,22,-0.743,S1O
60,AF7,23,-2.696,S1O
60,AF7,24,-3.184,S1O
60,AF7,25,-1.719,S1O
60,AF7,26,0.234,S1O
60,AF7,27,2.675,S1O
60,AF7,28,3.164,S1O
60,AF7,29,2.187,S1O
60,AF7,30,0.234,S1O
60,AF7,31,-1.231,S1O
60,AF7,32,-0.743,S1O
60,AF7,33,1.211,S1O
60,AF7,34,4.628,S1O
60,AF7,35,6.582,S1O
60,AF7,36,6.582,S1O
60,AF7,37,4.140,S1O
60,AF7,38,0.722,S1O
60,AF7,39,-1.231,S1O
60,AF7,40,-1.719,S1O
60,AF7,41,-1.719,S1O
60,AF7,42,-2.207,S1O
60,AF7,43,-2.696,S1O
60,AF7,44,-3.184,S1O
60,AF7,45,-3.184,S1O
60,AF7,46,-0.743,S1O
60,AF7,47,2.675,S1O
60,AF7,48,6.093,S1O
60,AF7,49,8.046,S1O
60,AF7,50,7.070,S1O
60,AF7,51,3.652,S1O
60,AF7,52,-1.719,S1O
60,AF7,53,-7.090,S1O
60,AF7,54,-10.997,S1O
60,AF7,55,-12.950,S1O
60,AF7,56,-12.950,S1O
60,AF7,57,-11.973,S1O
60,AF7,58,-10.020,S1O
60,AF7,59,-7.579,S1O
60,AF7,60,-6.114,S1O
60,AF7,61,-5.625,S1O
60,AF7,62,-6.114,S1O
60,AF7,63,-7.090,S1O
60,AF7,64,-8.067,S1O
60,AF7,65,-8.555,S1O
60,AF7,66,-8.555,S1O
60,AF7,67,-8.067,S1O
60,AF7,68,-8.067,S1O
60,AF7,69,-6.602,S1O
60,AF7,70,-5.137,S1O
60,AF7,71,-3.184,S1O
60,AF7,72,-2.207,S1O
60,AF7,73,-2.207,S1O
60,AF7,74,-3.184,S1O
60,AF7,75,-3.672,S1O
60,AF7,76,-4.161,S1O
60,AF7,77,-5.137,S1O
60,AF7,78,-6.114,S1O
60,AF7,79,-6.602,S1O
60,AF7,80,-6.602,S1O
60,AF7,81,-5.137,S1O
60,AF7,82,-4.161,S1O
60,AF7,83,-5.137,S1O
60,AF7,84,-7.579,S1O
60,AF7,85,-11.485,S1O
60,AF7,86,-13.438,S1O
60,AF7,87,-12.950,S1O
60,AF7,88,-9.532,S1O
60,AF7,89,-6.114,S1O
60,AF7,90,-5.625,S1O
60,AF7,91,-7.090,S1O
60,AF7,92,-8.555,S1O
60,AF7,93,-8.067,S1O
60,AF7,94,-5.137,S1O
60,AF7,95,-0.743,S1O
60,AF7,96,1.211,S1O
60,AF7,97,-0.254,S1O
60,AF7,98,-3.184,S1O
60,AF7,99,-4.649,S1O
60,AF7,100,-3.672,S1O
60,AF7,101,-1.231,S1O
60,AF7,102,-0.254,S1O
60,AF7,103,-2.207,S1O
60,AF7,104,-6.602,S1O
60,AF7,105,-10.020,S1O
60,AF7,106,-10.020,S1O
60,AF7,107,-6.602,S1O
60,AF7,108,-2.696,S1O
60,AF7,109,-1.231,S1O
60,AF7,110,-1.719,S1O
60,AF7,111,-4.649,S1O
60,AF7,112,-8.067,S1O
60,AF7,113,-9.532,S1O
60,AF7,114,-10.020,S1O
60,AF7,115,-8.067,S1O
60,AF7,116,-5.137,S1O
60,AF7,117,-1.231,S1O
60,AF7,118,1.699,S1O
60,AF7,119,2.675,S1O
60,AF7,120,0.722,S1O
60,AF7,121,-2.696,S1O
60,AF7,122,-5.625,S1O
60,AF7,123,-6.114,S1O
60,AF7,124,-4.649,S1O
60,AF7,125,-2.696,S1O
60,AF7,126,-3.184,S1O
60,AF7,127,-7.090,S1O
60,AF7,128,-11.973,S1O
60,AF7,129,-15.391,S1O
60,AF7,130,-15.391,S1O
60,AF7,131,-12.950,S1O
60,AF7,132,-11.485,S1O
60,AF7,133,-12.461,S1O
60,AF7,134,-14.903,S1O
60,AF7,135,-16.856,S1O
60,AF7,136,-15.879,S1O
60,AF7,137,-12.461,S1O
60,AF7,138,-9.532,S1O
60,AF7,139,-10.020,S1O
60,AF7,140,-14.414,S1O
60,AF7,141,-19.786,S1O
60,AF7,142,-21.739,S1O
60,AF7,143,-19.786,S1O
60,AF7,144,-13.926,S1O
60,AF7,145,-8.555,S1O
60,AF7,146,-6.602,S1O
60,AF7,147,-9.043,S1O
60,AF7,148,-13.438,S1O
60,AF7,149,-17.832,S1O
60,AF7,150,-19.786,S1O
60,AF7,151,-18.809,S1O
60,AF7,152,-16.368,S1O
60,AF7,153,-13.438,S1O
60,AF7,154,-10.508,S1O
60,AF7,155,-8.067,S1O
60,AF7,156,-7.090,S1O
60,AF7,157,-7.579,S1O
60,AF7,158,-8.067,S1O
60,AF7,159,-9.043,S1O
60,AF7,160,-10.020,S1O
60,AF7,161,-10.997,S1O
60,AF7,162,-11.485,S1O
60,AF7,163,-11.485,S1O
60,AF7,164,-10.020,S1O
60,AF7,165,-6.602,S1O
60,AF7,166,-2.207,S1O
60,AF7,167,0.722,S1O
60,AF7,168,1.211,S1O
60,AF7,169,-0.743,S1O
60,AF7,170,-2.696,S1O
60,AF7,171,-1.719,S1O
60,AF7,172,1.699,S1O
60,AF7,173,6.582,S1O
60,AF7,174,9.023,S1O
60,AF7,175,8.046,S1O
60,AF7,176,4.140,S1O
60,AF7,177,-0.254,S1O
60,AF7,178,-2.207,S1O
60,AF7,179,-2.207,S1O
60,AF7,180,-1.719,S1O
60,AF7,181,-1.231,S1O
60,AF7,182,-1.719,S1O
60,AF7,183,-2.207,S1O
60,AF7,184,-2.207,S1O
60,AF7,185,-1.231,S1O
60,AF7,186,0.234,S1O
60,AF7,187,1.699,S1O
60,AF7,188,2.675,S1O
60,AF7,189,2.187,S1O
60,AF7,190,0.234,S1O
60,AF7,191,-2.696,S1O
60,AF7,192,-6.114,S1O
60,AF7,193,-9.043,S1O
60,AF7,194,-10.020,S1O
60,AF7,195,-9.532,S1O
60,AF7,196,-7.090,S1O
60,AF7,197,-4.649,S1O
60,AF7,198,-2.207,S1O
60,AF7,199,-1.231,S1O
60,AF7,200,-0.743,S1O
60,AF7,201,-0.743,S1O
60,AF7,202,-1.719,S1O
60,AF7,203,-2.696,S1O
60,AF7,204,-3.184,S1O
60,AF7,205,-3.672,S1O
60,AF7,206,-3.672,S1O
60,AF7,207,-3.184,S1O
60,AF7,208,-2.696,S1O
60,AF7,209,-3.672,S1O
60,AF7,210,-5.625,S1O
60,AF7,211,-7.090,S1O
60,AF7,212,-7.579,S1O
60,AF7,213,-6.114,S1O
60,AF7,214,-4.161,S1O
60,AF7,215,-2.696,S1O
60,AF7,216,-2.207,S1O
60,AF7,217,-3.184,S1O
60,AF7,218,-4.649,S1O
60,AF7,219,-5.137,S1O
60,AF7,220,-4.649,S1O
60,AF7,221,-4.649,S1O
60,AF7,222,-5.625,S1O
60,AF7,223,-8.067,S1O
60,AF7,224,-10.020,S1O
60,AF7,225,-10.508,S1O
60,AF7,226,-9.043,S1O
60,AF7,227,-6.114,S1O
60,AF7,228,-4.161,S1O
60,AF7,229,-4.161,S1O
60,AF7,230,-6.114,S1O
60,AF7,231,-9.043,S1O
60,AF7,232,-11.485,S1O
60,AF7,233,-11.973,S1O
60,AF7,234,-10.997,S1O
60,AF7,235,-9.532,S1O
60,AF7,236,-9.532,S1O
60,AF7,237,-10.508,S1O
60,AF7,238,-12.950,S1O
60,AF7,239,-13.926,S1O
60,AF7,240,-12.950,S1O
60,AF7,241,-8.555,S1O
60,AF7,242,-3.184,S1O
60,AF7,243,1.211,S1O
60,AF7,244,2.187,S1O
60,AF7,245,-1.719,S1O
60,AF7,246,-6.114,S1O
60,AF7,247,-9.532,S1O
60,AF7,248,-10.020,S1O
60,AF7,249,-8.555,S1O
60,AF7,250,-8.067,S1O
60,AF7,251,-10.020,S1O
60,AF7,252,-12.950,S1O
60,AF7,253,-15.391,S1O
60,AF7,254,-14.414,S1O
60,AF7,255,-11.973,S1O
60,AF8,0,5.625,S1O
60,AF8,1,7.090,S1O
60,AF8,2,6.602,S1O
60,AF8,3,4.161,S1O
60,AF8,4,2.696,S1O
60,AF8,5,2.207,S1O
60,AF8,6,3.184,S1O
60,AF8,7,4.161,S1O
60,AF8,8,4.161,S1O
60,AF8,9,3.184,S1O
60,AF8,10,1.719,S1O
60,AF8,11,1.719,S1O
60,AF8,12,3.672,S1O
60,AF8,13,6.114,S1O
60,AF8,14,7.579,S1O
60,AF8,15,8.067,S1O
60,AF8,16,6.602,S1O
60,AF8,17,5.625,S1O
60,AF8,18,6.114,S1O
60,AF8,19,7.579,S1O
60,AF8,20,9.043,S1O
60,AF8,21,10.020,S1O
60,AF8,22,10.020,S1O
60,AF8,23,9.043,S1O
60,AF8,24,8.067,S1O
60,AF8,25,8.067,S1O
60,AF8,26,8.555,S1O
60,AF8,27,9.532,S1O
60,AF8,28,10.020,S1O
60,AF8,29,10.997,S1O
60,AF8,30,12.461,S1O
60,AF8,31,12.950,S1O
60,AF8,32,13.926,S1O
60,AF8,33,13.926,S1O
60,AF8,34,13.438,S1O
60,AF8,35,12.461,S1O
60,AF8,36,11.485,S1O
60,AF8,37,10.020,S1O
60,AF8,38,9.532,S1O
60,AF8,39,10.020,S1O
60,AF8,40,10.997,S1O
60,AF8,41,11.973,S1O
60,AF8,42,12.461,S1O
60,AF8,43,10.997,S1O
60,AF8,44,9.043,S1O
60,AF8,45,7.579,S1O
60,AF8,46,8.067,S1O
60,AF8,47,10.020,S1O
60,AF8,48,11.973,S1O
60,AF8,49,11.485,S1O
60,AF8,50,9.043,S1O
60,AF8,51,6.114,S1O
60,AF8,52,5.625,S1O
60,AF8,53,7.579,S1O
60,AF8,54,10.508,S1O
60,AF8,55,11.973,S1O
60,AF8,56,10.020,S1O
60,AF8,57,6.114,S1O
60,AF8,58,3.184,S1O
60,AF8,59,3.184,S1O
60,AF8,60,5.625,S1O
60,AF8,61,9.043,S1O
60,AF8,62,9.532,S1O
60,AF8,63,7.090,S1O
60,AF8,64,3.184,S1O
60,AF8,65,0.743,S1O
60,AF8,66,1.719,S1O
60,AF8,67,5.137,S1O
60,AF8,68,8.555,S1O
60,AF8,69,10.508,S1O
60,AF8,70,11.485,S1O
60,AF8,71,10.997,S1O
60,AF8,72,10.508,S1O
60,AF8,73,10.020,S1O
60,AF8,74,9.532,S1O
60,AF8,75,9.532,S1O
60,AF8,76,9.043,S1O
60,AF8,77,9.532,S1O
60,AF8,78,9.043,S1O
60,AF8,79,8.067,S1O
60,AF8,80,6.114,S1O
60,AF8,81,4.161,S1O
60,AF8,82,5.137,S1O
60,AF8,83,7.579,S1O
60,AF8,84,10.508,S1O
60,AF8,85,10.997,S1O
60,AF8,86,8.067,S1O
60,AF8,87,4.161,S1O
60,AF8,88,1.231,S1O
60,AF8,89,1.719,S1O
60,AF8,90,4.649,S1O
60,AF8,91,8.067,S1O
60,AF8,92,10.020,S1O
60,AF8,93,9.532,S1O
60,AF8,94,9.532,S1O
60,AF8,95,11.485,S1O
60,AF8,96,15.879,S1O
60,AF8,97,19.786,S1O
60,AF8,98,20.274,S1O
60,AF8,99,16.856,S1O
60,AF8,100,11.973,S1O
60,AF8,101,8.067,S1O
60,AF8,102,7.579,S1O
60,AF8,103,10.020,S1O
60,AF8,104,12.950,S1O
60,AF8,105,13.926,S1O
60,AF8,106,11.973,S1O
60,AF8,107,10.020,S1O
60,AF8,108,8.555,S1O
60,AF8,109,8.555,S1O
60,AF8,110,9.043,S1O
60,AF8,111,9.043,S1O
60,AF8,112,9.043,S1O
60,AF8,113,10.020,S1O
60,AF8,114,11.973,S1O
60,AF8,115,13.926,S1O
60,AF8,116,14.903,S1O
60,AF8,117,14.414,S1O
60,AF8,118,12.950,S1O
60,AF8,119,11.973,S1O
60,AF8,120,12.461,S1O
60,AF8,121,12.950,S1O
60,AF8,122,12.950,S1O
60,AF8,123,11.485,S1O
60,AF8,124,10.508,S1O
60,AF8,125,9.532,S1O
60,AF8,126,9.532,S1O
60,AF8,127,9.043,S1O
60,AF8,128,6.114,S1O
60,AF8,129,1.719,S1O
60,AF8,130,-3.652,S1O
60,AF8,131,-6.093,S1O
60,AF8,132,-5.605,S1O
60,AF8,133,-1.699,S1O
60,AF8,134,3.184,S1O
60,AF8,135,5.137,S1O
60,AF8,136,4.161,S1O
60,AF8,137,0.743,S1O
60,AF8,138,-1.699,S1O
60,AF8,139,-2.187,S1O
60,AF8,140,-0.722,S1O
60,AF8,141,1.231,S1O
60,AF8,142,1.719,S1O
60,AF8,143,1.719,S1O
60,AF8,144,2.207,S1O
60,AF8,145,3.672,S1O
60,AF8,146,5.625,S1O
60,AF8,147,6.114,S1O
60,AF8,148,4.649,S1O
60,AF8,149,1.719,S1O
60,AF8,150,-1.211,S1O
60,AF8,151,-2.187,S1O
60,AF8,152,-0.722,S1O
60,AF8,153,1.719,S1O
60,AF8,154,4.649,S1O
60,AF8,155,7.090,S1O
60,AF8,156,8.067,S1O
60,AF8,157,7.579,S1O
60,AF8,158,6.114,S1O
60,AF8,159,3.184,S1O
60,AF8,160,-0.722,S1O
60,AF8,161,-4.140,S1O
60,AF8,162,-5.117,S1O
60,AF8,163,-3.652,S1O
60,AF8,164,0.743,S1O
60,AF8,165,6.114,S1O
60,AF8,166,10.508,S1O
60,AF8,167,12.950,S1O
60,AF8,168,14.414,S1O
60,AF8,169,14.903,S1O
60,AF8,170,14.903,S1O
60,AF8,171,13.438,S1O
60,AF8,172,11.485,S1O
60,AF8,173,9.532,S1O
60,AF8,174,8.067,S1O
60,AF8,175,7.579,S1O
60,AF8,176,9.043,S1O
60,AF8,177,10.020,S1O
60,AF8,178,10.020,S1O
60,AF8,179,9.043,S1O
60,AF8,180,8.067,S1O
60,AF8,181,8.555,S1O
60,AF8,182,10.020,S1O
60,AF8,183,11.973,S1O
60,AF8,184,12.950,S1O
60,AF8,185,12.950,S1O
60,AF8,186,12.950,S1O
60,AF8,187,12.950,S1O
60,AF8,188,13.438,S1O
60,AF8,189,14.414,S1O
60,AF8,190,15.391,S1O
60,AF8,191,15.879,S1O
60,AF8,192,14.903,S1O
60,AF8,193,11.485,S1O
60,AF8,194,7.090,S1O
60,AF8,195,3.184,S1O
60,AF8,196,1.231,S1O
60,AF8,197,2.207,S1O
60,AF8,198,6.114,S1O
60,AF8,199,10.020,S1O
60,AF8,200,13.438,S1O
60,AF8,201,14.903,S1O
60,AF8,202,14.414,S1O
60,AF8,203,13.438,S1O
60,AF8,204,11.973,S1O
60,AF8,205,10.020,S1O
60,AF8,206,8.555,S1O
60,AF8,207,7.579,S1O
60,AF8,208,8.067,S1O
60,AF8,209,8.555,S1O
60,AF8,210,9.532,S1O
60,AF8,211,10.020,S1O
60,AF8,212,11.973,S1O
60,AF8,213,14.903,S1O
60,AF8,214,18.809,S1O
60,AF8,215,20.274,S1O
60,AF8,216,18.809,S1O
60,AF8,217,14.903,S1O
60,AF8,218,11.485,S1O
60,AF8,219,10.997,S1O
60,AF8,220,13.438,S1O
60,AF8,221,16.856,S1O
60,AF8,222,18.321,S1O
60,AF8,223,17.344,S1O
60,AF8,224,14.414,S1O
60,AF8,225,12.461,S1O
60,AF8,226,11.973,S1O
60,AF8,227,11.973,S1O
60,AF8,228,11.973,S1O
60,AF8,229,10.997,S1O
60,AF8,230,10.997,S1O
60,AF8,231,11.973,S1O
60,AF8,232,13.926,S1O
60,AF8,233,15.391,S1O
60,AF8,234,15.391,S1O
60,AF8,235,12.950,S1O
60,AF8,236,10.997,S1O
60,AF8,237,10.508,S1O
60,AF8,238,11.485,S1O
60,AF8,239,13.438,S1O
60,AF8,240,14.414,S1O
60,AF8,241,13.438,S1O
60,AF8,242,11.973,S1O
60,AF8,243,10.997,S1O
60,AF8,244,10.508,S1O
60,AF8,245,10.020,S1O
60,AF8,246,10.020,S1O
60,AF8,247,10.508,S1O
60,AF8,248,11.973,S1O
60,AF8,249,12.950,S1O
60,AF8,250,13.438,S1O
60,AF8,251,11.973,S1O
60,AF8,252,10.020,S1O
60,AF8,253,9.043,S1O
60,AF8,254,10.997,S1O
60,AF8,255,14.414,S1O
60,F5,0,1.414,S1O
60,F5,1,2.879,S1O
60,F5,2,2.879,S1O
60,F5,3,3.367,S1O
60,F5,4,4.832,S1O
60,F5,5,5.809,S1O
60,F5,6,6.297,S1O
60,F5,7,5.809,S1O
60,F5,8,4.832,S1O
60,F5,9,2.879,S1O
60,F5,10,1.902,S1O
60,F5,11,0.926,S1O
60,F5,12,0.926,S1O
60,F5,13,1.414,S1O
60,F5,14,1.414,S1O
60,F5,15,0.926,S1O
60,F5,16,-0.051,S1O
60,F5,17,-1.516,S1O
60,F5,18,-2.492,S1O
60,F5,19,-2.492,S1O
60,F5,20,-2.492,S1O
60,F5,21,-2.492,S1O
60,F5,22,-2.004,S1O
60,F5,23,-1.516,S1O
60,F5,24,-1.027,S1O
60,F5,25,-0.051,S1O
60,F5,26,0.926,S1O
60,F5,27,1.414,S1O
60,F5,28,1.414,S1O
60,F5,29,0.926,S1O
60,F5,30,-0.051,S1O
60,F5,31,-0.539,S1O
60,F5,32,-1.027,S1O
60,F5,33,-1.027,S1O
60,F5,34,-1.516,S1O
60,F5,35,-2.492,S1O
60,F5,36,-3.469,S1O
60,F5,37,-4.934,S1O
60,F5,38,-4.934,S1O
60,F5,39,-3.957,S1O
60,F5,40,-2.492,S1O
60,F5,41,-1.027,S1O
60,F5,42,-0.051,S1O
60,F5,43,0.437,S1O
60,F5,44,0.437,S1O
60,F5,45,-0.051,S1O
60,F5,46,-0.051,S1O
60,F5,47,-0.051,S1O
60,F5,48,0.437,S1O
60,F5,49,0.926,S1O
60,F5,50,0.437,S1O
60,F5,51,-1.027,S1O
60,F5,52,-2.981,S1O
60,F5,53,-5.422,S1O
60,F5,54,-6.887,S1O
60,F5,55,-7.863,S1O
60,F5,56,-8.840,S1O
60,F5,57,-9.816,S1O
60,F5,58,-9.816,S1O
60,F5,59,-8.840,S1O
60,F5,60,-7.863,S1O
60,F5,61,-6.887,S1O
60,F5,62,-6.887,S1O
60,F5,63,-8.352,S1O
60,F5,64,-9.816,S1O
60,F5,65,-11.281,S1O
60,F5,66,-10.793,S1O
60,F5,67,-7.863,S1O
60,F5,68,-4.934,S1O
60,F5,69,-2.492,S1O
60,F5,70,-2.004,S1O
60,F5,71,-2.004,S1O
60,F5,72,-2.492,S1O
60,F5,73,-2.492,S1O
60,F5,74,-2.981,S1O
60,F5,75,-2.981,S1O
60,F5,76,-3.957,S1O
60,F5,77,-5.422,S1O
60,F5,78,-5.422,S1O
60,F5,79,-5.422,S1O
60,F5,80,-4.934,S1O
60,F5,81,-4.934,S1O
60,F5,82,-5.910,S1O
60,F5,83,-6.887,S1O
60,F5,84,-7.863,S1O
60,F5,85,-8.352,S1O
60,F5,86,-8.352,S1O
60,F5,87,-7.375,S1O
60,F5,88,-6.399,S1O
60,F5,89,-4.934,S1O
60,F5,90,-3.957,S1O
60,F5,91,-3.957,S1O
60,F5,92,-3.957,S1O
60,F5,93,-3.957,S1O
60,F5,94,-3.957,S1O
60,F5,95,-3.469,S1O
60,F5,96,-2.004,S1O
60,F5,97,-0.539,S1O
60,F5,98,0.437,S1O
60,F5,99,1.902,S1O
60,F5,100,1.902,S1O
60,F5,101,1.414,S1O
60,F5,102,-0.539,S1O
60,F5,103,-2.004,S1O
60,F5,104,-3.957,S1O
60,F5,105,-4.934,S1O
60,F5,106,-4.445,S1O
60,F5,107,-4.445,S1O
60,F5,108,-3.957,S1O
60,F5,109,-4.445,S1O
60,F5,110,-4.445,S1O
60,F5,111,-3.957,S1O
60,F5,112,-2.981,S1O
60,F5,113,-2.004,S1O
60,F5,114,-1.516,S1O
60,F5,115,-1.027,S1O
60,F5,116,-0.539,S1O
60,F5,117,-0.051,S1O
60,F5,118,0.926,S1O
60,F5,119,1.902,S1O
60,F5,120,2.391,S1O
60,F5,121,1.902,S1O
60,F5,122,1.414,S1O
60,F5,123,0.437,S1O
60,F5,124,-0.051,S1O
60,F5,125,-0.539,S1O
60,F5,126,-1.516,S1O
60,F5,127,-2.981,S1O
60,F5,128,-4.934,S1O
60,F5,129,-6.887,S1O
60,F5,130,-7.863,S1O
60,F5,131,-8.352,S1O
60,F5,132,-8.840,S1O
60,F5,133,-9.816,S1O
60,F5,134,-9.816,S1O
60,F5,135,-9.816,S1O
60,F5,136,-9.328,S1O
60,F5,137,-8.840,S1O
60,F5,138,-9.328,S1O
60,F5,139,-10.793,S1O
60,F5,140,-12.258,S1O
60,F5,141,-13.234,S1O
60,F5,142,-12.746,S1O
60,F5,143,-11.281,S1O
60,F5,144,-9.328,S1O
60,F5,145,-7.375,S1O
60,F5,146,-6.399,S1O
60,F5,147,-6.887,S1O
60,F5,148,-7.863,S1O
60,F5,149,-8.840,S1O
60,F5,150,-9.816,S1O
60,F5,151,-10.305,S1O
60,F5,152,-9.816,S1O
60,F5,153,-8.352,S1O
60,F5,154,-6.399,S1O
60,F5,155,-4.934,S1O
60,F5,156,-5.422,S1O
60,F5,157,-6.887,S1O
60,F5,158,-8.352,S1O
60,F5,159,-8.840,S1O
60,F5,160,-8.352,S1O
60,F5,161,-5.910,S1O
60,F5,162,-3.957,S1O
60,F5,163,-2.492,S1O
60,F5,164,-2.004,S1O
60,F5,165,-2.004,S1O
60,F5,166,-2.004,S1O
60,F5,167,-1.027,S1O
60,F5,168,-0.051,S1O
60,F5,169,0.926,S1O
60,F5,170,1.902,S1O
60,F5,171,2.879,S1O
60,F5,172,4.344,S1O
60,F5,173,5.809,S1O
60,F5,174,6.785,S1O
60,F5,175,6.785,S1O
60,F5,176,5.809,S1O
60,F5,177,4.344,S1O
60,F5,178,3.367,S1O
60,F5,179,2.879,S1O
60,F5,180,2.879,S1O
60,F5,181,2.391,S1O
60,F5,182,0.926,S1O
60,F5,183,-0.051,S1O
60,F5,184,-0.539,S1O
60,F5,185,-0.539,S1O
60,F5,186,-0.539,S1O
60,F5,187,-0.539,S1O
60,F5,188,-0.539,S1O
60,F5,189,-0.539,S1O
60,F5,190,-0.051,S1O
60,F5,191,0.926,S1O
60,F5,192,1.414,S1O
60,F5,193,0.926,S1O
60,F5,194,0.437,S1O
60,F5,195,-0.051,S1O
60,F5,196,0.437,S1O
60,F5,197,1.414,S1O
60,F5,198,2.391,S1O
60,F5,199,3.367,S1O
60,F5,200,3.367,S1O
60,F5,201,2.879,S1O
60,F5,202,1.902,S1O
60,F5,203,0.926,S1O
60,F5,204,-0.051,S1O
60,F5,205,0.437,S1O
60,F5,206,0.926,S1O
60,F5,207,2.391,S1O
60,F5,208,2.879,S1O
60,F5,209,2.391,S1O
60,F5,210,0.926,S1O
60,F5,211,-0.539,S1O
60,F5,212,-1.516,S1O
60,F5,213,-1.516,S1O
60,F5,214,-1.027,S1O
60,F5,215,-0.051,S1O
60,F5,216,-0.051,S1O
60,F5,217,-0.539,S1O
60,F5,218,-0.539,S1O
60,F5,219,-0.539,S1O
60,F5,220,-0.051,S1O
60,F5,221,-0.539,S1O
60,F5,222,-1.027,S1O
60,F5,223,-1.516,S1O
60,F5,224,-1.027,S1O
60,F5,225,0.437,S1O
60,F5,226,0.926,S1O
60,F5,227,-0.051,S1O
60,F5,228,-2.492,S1O
60,F5,229,-5.422,S1O
60,F5,230,-7.863,S1O
60,F5,231,-7.863,S1O
60,F5,232,-6.399,S1O
60,F5,233,-4.445,S1O
60,F5,234,-3.469,S1O
60,F5,235,-3.957,S1O
60,F5,236,-4.445,S1O
60,F5,237,-4.445,S1O
60,F5,238,-3.469,S1O
60,F5,239,-2.492,S1O
60,F5,240,-2.981,S1O
60,F5,241,-4.445,S1O
60,F5,242,-5.422,S1O
60,F5,243,-5.910,S1O
60,F5,244,-5.422,S1O
60,F5,245,-3.957,S1O
60,F5,246,-2.981,S1O
60,F5,247,-3.469,S1O
60,F5,248,-3.957,S1O
60,F5,249,-4.445,S1O
60,F5,250,-5.422,S1O
60,F5,251,-5.422,S1O
60,F5,252,-5.910,S1O
60,F5,253,-6.399,S1O
60,F5,254,-6.887,S1O
60,F5,255,-7.375,S1O
60,F6,0,-1.160,S1O
60,F6,1,0.305,S1O
60,F6,2,3.235,S1O
60,F6,3,5.676,S1O
60,F6,4,7.141,S1O
60,F6,5,6.653,S1O
60,F6,6,3.723,S1O
60,F6,7,0.305,S1O
60,F6,8,-2.136,S1O
60,F6,9,-2.136,S1O
60,F6,10,0.305,S1O
60,F6,11,3.235,S1O
60,F6,12,5.676,S1O
60,F6,13,6.165,S1O
60,F6,14,5.188,S1O
60,F6,15,3.723,S1O
60,F6,16,3.235,S1O
60,F6,17,4.700,S1O
60,F6,18,6.165,S1O
60,F6,19,7.141,S1O
60,F6,20,7.141,S1O
60,F6,21,5.676,S1O
60,F6,22,4.211,S1O
60,F6,23,4.211,S1O
60,F6,24,5.676,S1O
60,F6,25,8.606,S1O
60,F6,26,10.071,S1O
60,F6,27,9.583,S1O
60,F6,28,7.629,S1O
60,F6,29,5.676,S1O
60,F6,30,4.700,S1O
60,F6,31,5.676,S1O
60,F6,32,8.118,S1O
60,F6,33,10.559,S1O
60,F6,34,10.559,S1O
60,F6,35,9.094,S1O
60,F6,36,6.653,S1O
60,F6,37,4.700,S1O
60,F6,38,3.723,S1O
60,F6,39,3.723,S1O
60,F6,40,4.700,S1O
60,F6,41,5.676,S1O
60,F6,42,6.165,S1O
60,F6,43,5.676,S1O
60,F6,44,5.676,S1O
60,F6,45,5.188,S1O
60,F6,46,5.188,S1O
60,F6,47,5.676,S1O
60,F6,48,7.141,S1O
60,F6,49,7.629,S1O
60,F6,50,7.141,S1O
60,F6,51,4.700,S1O
60,F6,52,1.770,S1O
60,F6,53,-0.183,S1O
60,F6,54,0.793,S1O
60,F6,55,3.723,S1O
60,F6,56,6.653,S1O
60,F6,57,8.118,S1O
60,F6,58,7.141,S1O
60,F6,59,4.211,S1O
60,F6,60,1.770,S1O
60,F6,61,0.305,S1O
60,F6,62,-0.183,S1O
60,F6,63,-1.648,S1O
60,F6,64,-4.089,S1O
60,F6,65,-6.042,S1O
60,F6,66,-6.042,S1O
60,F6,67,-2.625,S1O
60,F6,68,2.747,S1O
60,F6,69,6.653,S1O
60,F6,70,7.629,S1O
60,F6,71,5.676,S1O
60,F6,72,3.235,S1O
60,F6,73,3.235,S1O
60,F6,74,5.676,S1O
60,F6,75,7.629,S1O
60,F6,76,6.165,S1O
60,F6,77,1.770,S1O
60,F6,78,-3.113,S1O
60,F6,79,-5.066,S1O
60,F6,80,-2.136,S1O
60,F6,81,2.258,S1O
60,F6,82,5.676,S1O
60,F6,83,5.188,S1O
60,F6,84,2.258,S1O
60,F6,85,-1.160,S1O
60,F6,86,-2.136,S1O
60,F6,87,-0.183,S1O
60,F6,88,2.747,S1O
60,F6,89,4.700,S1O
60,F6,90,5.188,S1O
60,F6,91,4.211,S1O
60,F6,92,3.235,S1O
60,F6,93,2.747,S1O
60,F6,94,3.723,S1O
60,F6,95,5.676,S1O
60,F6,96,7.629,S1O
60,F6,97,9.094,S1O
60,F6,98,9.094,S1O
60,F6,99,7.141,S1O
60,F6,100,4.700,S1O
60,F6,101,2.747,S1O
60,F6,102,2.258,S1O
60,F6,103,4.211,S1O
60,F6,104,6.165,S1O
60,F6,105,6.653,S1O
60,F6,106,5.188,S1O
60,F6,107,2.747,S1O
60,F6,108,0.793,S1O
60,F6,109,0.305,S1O
60,F6,110,1.282,S1O
60,F6,111,2.258,S1O
60,F6,112,2.747,S1O
60,F6,113,1.770,S1O
60,F6,114,1.770,S1O
60,F6,115,2.747,S1O
60,F6,116,4.700,S1O
60,F6,117,7.141,S1O
60,F6,118,9.094,S1O
60,F6,119,9.583,S1O
60,F6,120,8.118,S1O
60,F6,121,6.165,S1O
60,F6,122,3.723,S1O
60,F6,123,1.770,S1O
60,F6,124,0.305,S1O
60,F6,125,-0.671,S1O
60,F6,126,-1.160,S1O
60,F6,127,-2.136,S1O
60,F6,128,-4.089,S1O
60,F6,129,-7.019,S1O
60,F6,130,-8.484,S1O
60,F6,131,-8.972,S1O
60,F6,132,-7.507,S1O
60,F6,133,-5.066,S1O
60,F6,134,-2.625,S1O
60,F6,135,-2.136,S1O
60,F6,136,-3.601,S1O
60,F6,137,-4.578,S1O
60,F6,138,-5.554,S1O
60,F6,139,-5.066,S1O
60,F6,140,-4.578,S1O
60,F6,141,-4.578,S1O
60,F6,142,-5.554,S1O
60,F6,143,-6.042,S1O
60,F6,144,-5.554,S1O
60,F6,145,-3.601,S1O
60,F6,146,-2.136,S1O
60,F6,147,-1.648,S1O
60,F6,148,-2.625,S1O
60,F6,149,-4.089,S1O
60,F6,150,-5.066,S1O
60,F6,151,-5.066,S1O
60,F6,152,-4.578,S1O
60,F6,153,-5.066,S1O
60,F6,154,-5.554,S1O
60,F6,155,-5.554,S1O
60,F6,156,-4.578,S1O
60,F6,157,-3.113,S1O
60,F6,158,-3.113,S1O
60,F6,159,-4.578,S1O
60,F6,160,-7.019,S1O
60,F6,161,-8.972,S1O
60,F6,162,-8.484,S1O
60,F6,163,-6.042,S1O
60,F6,164,-3.113,S1O
60,F6,165,-2.136,S1O
60,F6,166,-2.136,S1O
60,F6,167,-2.136,S1O
60,F6,168,-1.160,S1O
60,F6,169,1.282,S1O
60,F6,170,2.747,S1O
60,F6,171,2.747,S1O
60,F6,172,0.793,S1O
60,F6,173,-1.648,S1O
60,F6,174,-3.113,S1O
60,F6,175,-3.113,S1O
60,F6,176,-3.113,S1O
60,F6,177,-3.113,S1O
60,F6,178,-3.601,S1O
60,F6,179,-4.089,S1O
60,F6,180,-3.113,S1O
60,F6,181,-1.160,S1O
60,F6,182,1.282,S1O
60,F6,183,2.258,S1O
60,F6,184,2.258,S1O
60,F6,185,1.770,S1O
60,F6,186,1.282,S1O
60,F6,187,1.770,S1O
60,F6,188,2.258,S1O
60,F6,189,2.258,S1O
60,F6,190,1.282,S1O
60,F6,191,-0.671,S1O
60,F6,192,-2.625,S1O
60,F6,193,-4.089,S1O
60,F6,194,-5.066,S1O
60,F6,195,-5.554,S1O
60,F6,196,-5.554,S1O
60,F6,197,-5.066,S1O
60,F6,198,-4.089,S1O
60,F6,199,-3.113,S1O
60,F6,200,-2.625,S1O
60,F6,201,-3.113,S1O
60,F6,202,-4.089,S1O
60,F6,203,-5.066,S1O
60,F6,204,-7.019,S1O
60,F6,205,-8.484,S1O
60,F6,206,-8.972,S1O
60,F6,207,-7.996,S1O
60,F6,208,-6.042,S1O
60,F6,209,-3.113,S1O
60,F6,210,-0.671,S1O
60,F6,211,0.305,S1O
60,F6,212,0.305,S1O
60,F6,213,0.305,S1O
60,F6,214,-0.183,S1O
60,F6,215,-0.671,S1O
60,F6,216,-1.160,S1O
60,F6,217,-2.625,S1O
60,F6,218,-3.601,S1O
60,F6,219,-4.089,S1O
60,F6,220,-3.113,S1O
60,F6,221,-2.136,S1O
60,F6,222,-1.160,S1O
60,F6,223,-1.160,S1O
60,F6,224,-1.648,S1O
60,F6,225,-2.136,S1O
60,F6,226,-2.136,S1O
60,F6,227,-2.625,S1O
60,F6,228,-3.113,S1O
60,F6,229,-3.601,S1O
60,F6,230,-4.578,S1O
60,F6,231,-5.066,S1O
60,F6,232,-5.554,S1O
60,F6,233,-6.042,S1O
60,F6,234,-5.554,S1O
60,F6,235,-5.554,S1O
60,F6,236,-4.089,S1O
60,F6,237,-2.625,S1O
60,F6,238,-2.136,S1O
60,F6,239,-2.625,S1O
60,F6,240,-4.089,S1O
60,F6,241,-5.554,S1O
60,F6,242,-6.042,S1O
60,F6,243,-5.554,S1O
60,F6,244,-5.554,S1O
60,F6,245,-5.554,S1O
60,F6,246,-6.531,S1O
60,F6,247,-7.507,S1O
60,F6,248,-7.507,S1O
60,F6,249,-6.531,S1O
60,F6,250,-5.066,S1O
60,F6,251,-4.089,S1O
60,F6,252,-3.113,S1O
60,F6,253,-3.113,S1O
60,F6,254,-2.625,S1O
60,F6,255,-2.625,S1O
60,FT7,0,3.479,S1O
60,FT7,1,4.456,S1O
60,FT7,2,4.456,S1O
60,FT7,3,4.944,S1O
60,FT7,4,5.920,S1O
60,FT7,5,7.385,S1O
60,FT7,6,7.874,S1O
60,FT7,7,7.385,S1O
60,FT7,8,4.944,S1O
60,FT7,9,2.014,S1O
60,FT7,10,-0.427,S1O
60,FT7,11,-1.404,S1O
60,FT7,12,-0.916,S1O
60,FT7,13,0.061,S1O
60,FT7,14,0.549,S1O
60,FT7,15,0.061,S1O
60,FT7,16,-1.404,S1O
60,FT7,17,-2.380,S1O
60,FT7,18,-2.869,S1O
60,FT7,19,-4.333,S1O
60,FT7,20,-4.822,S1O
60,FT7,21,-5.310,S1O
60,FT7,22,-4.822,S1O
60,FT7,23,-3.357,S1O
60,FT7,24,-1.404,S1O
60,FT7,25,0.061,S1O
60,FT7,26,0.549,S1O
60,FT7,27,0.061,S1O
60,FT7,28,-0.916,S1O
60,FT7,29,-1.892,S1O
60,FT7,30,-1.892,S1O
60,FT7,31,-2.380,S1O
60,FT7,32,-2.380,S1O
60,FT7,33,-2.869,S1O
60,FT7,34,-4.333,S1O
60,FT7,35,-5.798,S1O
60,FT7,36,-6.775,S1O
60,FT7,37,-7.751,S1O
60,FT7,38,-7.751,S1O
60,FT7,39,-6.287,S1O
60,FT7,40,-4.822,S1O
60,FT7,41,-3.845,S1O
60,FT7,42,-3.845,S1O
60,FT7,43,-3.845,S1O
60,FT7,44,-4.822,S1O
60,FT7,45,-4.333,S1O
60,FT7,46,-3.845,S1O
60,FT7,47,-3.845,S1O
60,FT7,48,-3.845,S1O
60,FT7,49,-4.822,S1O
60,FT7,50,-5.798,S1O
60,FT7,51,-7.263,S1O
60,FT7,52,-8.728,S1O
60,FT7,53,-10.681,S1O
60,FT7,54,-12.146,S1O
60,FT7,55,-13.611,S1O
60,FT7,56,-14.587,S1O
60,FT7,57,-13.611,S1O
60,FT7,58,-12.634,S1O
60,FT7,59,-11.169,S1O
60,FT7,60,-9.705,S1O
60,FT7,61,-9.705,S1O
60,FT7,62,-10.193,S1O
60,FT7,63,-10.681,S1O
60,FT7,64,-11.169,S1O
60,FT7,65,-10.681,S1O
60,FT7,66,-9.705,S1O
60,FT7,67,-7.751,S1O
60,FT7,68,-5.310,S1O
60,FT7,69,-3.845,S1O
60,FT7,70,-2.380,S1O
60,FT7,71,-1.404,S1O
60,FT7,72,-0.427,S1O
60,FT7,73,-0.427,S1O
60,FT7,74,-0.916,S1O
60,FT7,75,-1.892,S1O
60,FT7,76,-2.869,S1O
60,FT7,77,-3.357,S1O
60,FT7,78,-2.869,S1O
60,FT7,79,-1.892,S1O
60,FT7,80,-1.404,S1O
60,FT7,81,-0.916,S1O
60,FT7,82,-1.892,S1O
60,FT7,83,-2.869,S1O
60,FT7,84,-4.822,S1O
60,FT7,85,-6.287,S1O
60,FT7,86,-6.775,S1O
60,FT7,87,-6.775,S1O
60,FT7,88,-5.798,S1O
60,FT7,89,-4.822,S1O
60,FT7,90,-4.333,S1O
60,FT7,91,-3.845,S1O
60,FT7,92,-3.357,S1O
60,FT7,93,-2.869,S1O
60,FT7,94,-1.892,S1O
60,FT7,95,-0.427,S1O
60,FT7,96,0.549,S1O
60,FT7,97,1.038,S1O
60,FT7,98,2.014,S1O
60,FT7,99,2.991,S1O
60,FT7,100,3.479,S1O
60,FT7,101,2.014,S1O
60,FT7,102,0.061,S1O
60,FT7,103,-2.380,S1O
60,FT7,104,-4.333,S1O
60,FT7,105,-4.822,S1O
60,FT7,106,-4.333,S1O
60,FT7,107,-3.845,S1O
60,FT7,108,-4.333,S1O
60,FT7,109,-5.798,S1O
60,FT7,110,-6.775,S1O
60,FT7,111,-6.775,S1O
60,FT7,112,-5.798,S1O
60,FT7,113,-4.333,S1O
60,FT7,114,-3.357,S1O
60,FT7,115,-2.869,S1O
60,FT7,116,-2.380,S1O
60,FT7,117,-1.892,S1O
60,FT7,118,-0.916,S1O
60,FT7,119,0.061,S1O
60,FT7,120,1.038,S1O
60,FT7,121,1.038,S1O
60,FT7,122,1.038,S1O
60,FT7,123,1.038,S1O
60,FT7,124,1.038,S1O
60,FT7,125,0.549,S1O
60,FT7,126,-0.427,S1O
60,FT7,127,-2.380,S1O
60,FT7,128,-3.357,S1O
60,FT7,129,-4.333,S1O
60,FT7,130,-4.822,S1O
60,FT7,131,-5.310,S1O
60,FT7,132,-6.287,S1O
60,FT7,133,-7.751,S1O
60,FT7,134,-9.216,S1O
60,FT7,135,-10.193,S1O
60,FT7,136,-10.681,S1O
60,FT7,137,-10.193,S1O
60,FT7,138,-9.705,S1O
60,FT7,139,-9.705,S1O
60,FT7,140,-11.169,S1O
60,FT7,141,-12.634,S1O
60,FT7,142,-13.123,S1O
60,FT7,143,-12.634,S1O
60,FT7,144,-10.193,S1O
60,FT7,145,-7.263,S1O
60,FT7,146,-5.310,S1O
60,FT7,147,-4.333,S1O
60,FT7,148,-4.822,S1O
60,FT7,149,-6.775,S1O
60,FT7,150,-8.728,S1O
60,FT7,151,-9.705,S1O
60,FT7,152,-9.705,S1O
60,FT7,153,-8.240,S1O
60,FT7,154,-6.775,S1O
60,FT7,155,-5.798,S1O
60,FT7,156,-5.798,S1O
60,FT7,157,-7.263,S1O
60,FT7,158,-8.728,S1O
60,FT7,159,-9.216,S1O
60,FT7,160,-8.240,S1O
60,FT7,161,-6.775,S1O
60,FT7,162,-4.822,S1O
60,FT7,163,-4.333,S1O
60,FT7,164,-4.822,S1O
60,FT7,165,-4.333,S1O
60,FT7,166,-2.869,S1O
60,FT7,167,-0.916,S1O
60,FT7,168,1.526,S1O
60,FT7,169,2.991,S1O
60,FT7,170,3.967,S1O
60,FT7,171,4.944,S1O
60,FT7,172,6.897,S1O
60,FT7,173,9.338,S1O
60,FT7,174,10.803,S1O
60,FT7,175,10.315,S1O
60,FT7,176,8.850,S1O
60,FT7,177,6.897,S1O
60,FT7,178,5.920,S1O
60,FT7,179,6.409,S1O
60,FT7,180,7.385,S1O
60,FT7,181,6.409,S1O
60,FT7,182,3.967,S1O
60,FT7,183,0.549,S1O
60,FT7,184,-2.380,S1O
60,FT7,185,-3.845,S1O
60,FT7,186,-3.357,S1O
60,FT7,187,-2.869,S1O
60,FT7,188,-2.380,S1O
60,FT7,189,-1.892,S1O
60,FT7,190,-0.916,S1O
60,FT7,191,0.549,S1O
60,FT7,192,1.526,S1O
60,FT7,193,1.526,S1O
60,FT7,194,1.526,S1O
60,FT7,195,1.038,S1O
60,FT7,196,1.526,S1O
60,FT7,197,1.526,S1O
60,FT7,198,2.014,S1O
60,FT7,199,2.014,S1O
60,FT7,200,1.038,S1O
60,FT7,201,0.061,S1O
60,FT7,202,-1.892,S1O
60,FT7,203,-3.357,S1O
60,FT7,204,-3.845,S1O
60,FT7,205,-3.845,S1O
60,FT7,206,-2.869,S1O
60,FT7,207,-2.380,S1O
60,FT7,208,-1.892,S1O
60,FT7,209,-2.869,S1O
60,FT7,210,-3.845,S1O
60,FT7,211,-5.310,S1O
60,FT7,212,-5.310,S1O
60,FT7,213,-4.822,S1O
60,FT7,214,-3.845,S1O
60,FT7,215,-2.869,S1O
60,FT7,216,-2.380,S1O
60,FT7,217,-2.869,S1O
60,FT7,218,-3.357,S1O
60,FT7,219,-2.869,S1O
60,FT7,220,-2.869,S1O
60,FT7,221,-1.892,S1O
60,FT7,222,-1.892,S1O
60,FT7,223,-1.892,S1O
60,FT7,224,-1.892,S1O
60,FT7,225,-1.404,S1O
60,FT7,226,-1.404,S1O
60,FT7,227,-1.404,S1O
60,FT7,228,-2.380,S1O
60,FT7,229,-3.845,S1O
60,FT7,230,-5.310,S1O
60,FT7,231,-5.798,S1O
60,FT7,232,-5.798,S1O
60,FT7,233,-5.798,S1O
60,FT7,234,-5.798,S1O
60,FT7,235,-5.798,S1O
60,FT7,236,-6.287,S1O
60,FT7,237,-6.287,S1O
60,FT7,238,-5.798,S1O
60,FT7,239,-5.310,S1O
60,FT7,240,-4.822,S1O
60,FT7,241,-5.310,S1O
60,FT7,242,-5.798,S1O
60,FT7,243,-5.310,S1O
60,FT7,244,-4.333,S1O
60,FT7,245,-3.357,S1O
60,FT7,246,-1.892,S1O
60,FT7,247,-1.892,S1O
60,FT7,248,-2.380,S1O
60,FT7,249,-2.869,S1O
60,FT7,250,-4.333,S1O
60,FT7,251,-4.822,S1O
60,FT7,252,-5.310,S1O
60,FT7,253,-5.310,S1O
60,FT7,254,-5.798,S1O
60,FT7,255,-6.775,S1O
60,FT8,0,0.326,S1O
60,FT8,1,1.302,S1O
60,FT8,2,2.767,S1O
60,FT8,3,4.232,S1O
60,FT8,4,4.720,S1O
60,FT8,5,3.743,S1O
60,FT8,6,1.302,S1O
60,FT8,7,-1.628,S1O
60,FT8,8,-3.092,S1O
60,FT8,9,-2.604,S1O
60,FT8,10,-0.651,S1O
60,FT8,11,1.302,S1O
60,FT8,12,2.279,S1O
60,FT8,13,2.767,S1O
60,FT8,14,3.255,S1O
60,FT8,15,4.232,S1O
60,FT8,16,5.697,S1O
60,FT8,17,5.697,S1O
60,FT8,18,4.720,S1O
60,FT8,19,3.255,S1O
60,FT8,20,1.790,S1O
60,FT8,21,1.790,S1O
60,FT8,22,2.767,S1O
60,FT8,23,4.232,S1O
60,FT8,24,5.208,S1O
60,FT8,25,5.208,S1O
60,FT8,26,4.720,S1O
60,FT8,27,4.232,S1O
60,FT8,28,3.743,S1O
60,FT8,29,3.255,S1O
60,FT8,30,3.255,S1O
60,FT8,31,4.232,S1O
60,FT8,32,5.208,S1O
60,FT8,33,6.673,S1O
60,FT8,34,7.650,S1O
60,FT8,35,7.161,S1O
60,FT8,36,5.697,S1O
60,FT8,37,3.255,S1O
60,FT8,38,1.790,S1O
60,FT8,39,0.326,S1O
60,FT8,40,-0.651,S1O
60,FT8,41,-1.139,S1O
60,FT8,42,-1.139,S1O
60,FT8,43,-1.139,S1O
60,FT8,44,-0.651,S1O
60,FT8,45,-0.163,S1O
60,FT8,46,-0.163,S1O
60,FT8,47,0.326,S1O
60,FT8,48,0.326,S1O
60,FT8,49,0.326,S1O
60,FT8,50,-0.163,S1O
60,FT8,51,-1.139,S1O
60,FT8,52,-2.116,S1O
60,FT8,53,-3.092,S1O
60,FT8,54,-3.581,S1O
60,FT8,55,-3.092,S1O
60,FT8,56,-2.604,S1O
60,FT8,57,-1.628,S1O
60,FT8,58,-0.651,S1O
60,FT8,59,-0.163,S1O
60,FT8,60,-0.651,S1O
60,FT8,61,-1.139,S1O
60,FT8,62,-2.116,S1O
60,FT8,63,-3.581,S1O
60,FT8,64,-5.046,S1O
60,FT8,65,-6.022,S1O
60,FT8,66,-6.510,S1O
60,FT8,67,-5.534,S1O
60,FT8,68,-3.581,S1O
60,FT8,69,-1.628,S1O
60,FT8,70,-0.163,S1O
60,FT8,71,1.790,S1O
60,FT8,72,3.255,S1O
60,FT8,73,5.697,S1O
60,FT8,74,7.650,S1O
60,FT8,75,8.626,S1O
60,FT8,76,7.161,S1O
60,FT8,77,4.720,S1O
60,FT8,78,1.790,S1O
60,FT8,79,0.326,S1O
60,FT8,80,-0.163,S1O
60,FT8,81,0.326,S1O
60,FT8,82,-0.163,S1O
60,FT8,83,-2.116,S1O
60,FT8,84,-4.069,S1O
60,FT8,85,-5.046,S1O
60,FT8,86,-4.069,S1O
60,FT8,87,-1.628,S1O
60,FT8,88,1.302,S1O
60,FT8,89,4.232,S1O
60,FT8,90,5.697,S1O
60,FT8,91,6.185,S1O
60,FT8,92,5.208,S1O
60,FT8,93,3.743,S1O
60,FT8,94,2.767,S1O
60,FT8,95,3.255,S1O
60,FT8,96,4.232,S1O
60,FT8,97,6.673,S1O
60,FT8,98,8.138,S1O
60,FT8,99,8.138,S1O
60,FT8,100,5.697,S1O
60,FT8,101,3.255,S1O
60,FT8,102,1.302,S1O
60,FT8,103,1.302,S1O
60,FT8,104,1.790,S1O
60,FT8,105,2.279,S1O
60,FT8,106,1.302,S1O
60,FT8,107,-1.628,S1O
60,FT8,108,-3.581,S1O
60,FT8,109,-4.069,S1O
60,FT8,110,-2.604,S1O
60,FT8,111,1.302,S1O
60,FT8,112,4.232,S1O
60,FT8,113,5.697,S1O
60,FT8,114,5.697,S1O
60,FT8,115,4.720,S1O
60,FT8,116,3.255,S1O
60,FT8,117,2.279,S1O
60,FT8,118,2.279,S1O
60,FT8,119,2.767,S1O
60,FT8,120,3.743,S1O
60,FT8,121,5.208,S1O
60,FT8,122,6.185,S1O
60,FT8,123,5.697,S1O
60,FT8,124,4.232,S1O
60,FT8,125,1.790,S1O
60,FT8,126,-1.139,S1O
60,FT8,127,-3.092,S1O
60,FT8,128,-4.557,S1O
60,FT8,129,-6.022,S1O
60,FT8,130,-7.975,S1O
60,FT8,131,-10.417,S1O
60,FT8,132,-10.905,S1O
60,FT8,133,-9.928,S1O
60,FT8,134,-6.999,S1O
60,FT8,135,-3.581,S1O
60,FT8,136,-1.628,S1O
60,FT8,137,-1.628,S1O
60,FT8,138,-2.604,S1O
60,FT8,139,-4.069,S1O
60,FT8,140,-4.069,S1O
60,FT8,141,-3.092,S1O
60,FT8,142,-2.604,S1O
60,FT8,143,-2.116,S1O
60,FT8,144,-1.628,S1O
60,FT8,145,-1.139,S1O
60,FT8,146,-0.651,S1O
60,FT8,147,-0.163,S1O
60,FT8,148,-0.651,S1O
60,FT8,149,-1.139,S1O
60,FT8,150,-1.628,S1O
60,FT8,151,-2.116,S1O
60,FT8,152,-2.116,S1O
60,FT8,153,-3.092,S1O
60,FT8,154,-4.069,S1O
60,FT8,155,-5.046,S1O
60,FT8,156,-4.557,S1O
60,FT8,157,-3.092,S1O
60,FT8,158,-2.116,S1O
60,FT8,159,-2.604,S1O
60,FT8,160,-3.581,S1O
60,FT8,161,-5.534,S1O
60,FT8,162,-5.534,S1O
60,FT8,163,-3.092,S1O
60,FT8,164,0.814,S1O
60,FT8,165,3.255,S1O
60,FT8,166,3.743,S1O
60,FT8,167,2.767,S1O
60,FT8,168,1.302,S1O
60,FT8,169,1.790,S1O
60,FT8,170,3.743,S1O
60,FT8,171,5.697,S1O
60,FT8,172,6.185,S1O
60,FT8,173,5.697,S1O
60,FT8,174,4.232,S1O
60,FT8,175,2.767,S1O
60,FT8,176,1.790,S1O
60,FT8,177,-0.163,S1O
60,FT8,178,-3.092,S1O
60,FT8,179,-6.022,S1O
60,FT8,180,-6.999,S1O
60,FT8,181,-5.534,S1O
60,FT8,182,-1.628,S1O
60,FT8,183,2.279,S1O
60,FT8,184,3.255,S1O
60,FT8,185,2.767,S1O
60,FT8,186,1.790,S1O
60,FT8,187,2.767,S1O
60,FT8,188,5.697,S1O
60,FT8,189,8.138,S1O
60,FT8,190,8.626,S1O
60,FT8,191,5.697,S1O
60,FT8,192,0.326,S1O
60,FT8,193,-4.069,S1O
60,FT8,194,-5.046,S1O
60,FT8,195,-4.069,S1O
60,FT8,196,-1.628,S1O
60,FT8,197,-0.651,S1O
60,FT8,198,-1.139,S1O
60,FT8,199,-2.604,S1O
60,FT8,200,-3.581,S1O
60,FT8,201,-3.581,S1O
60,FT8,202,-3.581,S1O
60,FT8,203,-4.557,S1O
60,FT8,204,-5.534,S1O
60,FT8,205,-6.510,S1O
60,FT8,206,-5.534,S1O
60,FT8,207,-4.557,S1O
60,FT8,208,-3.581,S1O
60,FT8,209,-4.069,S1O
60,FT8,210,-5.046,S1O
60,FT8,211,-6.022,S1O
60,FT8,212,-5.046,S1O
60,FT8,213,-2.116,S1O
60,FT8,214,0.814,S1O
60,FT8,215,2.279,S1O
60,FT8,216,1.302,S1O
60,FT8,217,-1.139,S1O
60,FT8,218,-2.604,S1O
60,FT8,219,-2.116,S1O
60,FT8,220,-0.163,S1O
60,FT8,221,2.279,S1O
60,FT8,222,2.279,S1O
60,FT8,223,0.814,S1O
60,FT8,224,-2.116,S1O
60,FT8,225,-3.581,S1O
60,FT8,226,-4.557,S1O
60,FT8,227,-4.557,S1O
60,FT8,228,-4.557,S1O
60,FT8,229,-4.069,S1O
60,FT8,230,-3.581,S1O
60,FT8,231,-1.628,S1O
60,FT8,232,1.302,S1O
60,FT8,233,2.767,S1O
60,FT8,234,2.279,S1O
60,FT8,235,-0.163,S1O
60,FT8,236,-3.092,S1O
60,FT8,237,-5.534,S1O
60,FT8,238,-5.534,S1O
60,FT8,239,-4.557,S1O
60,FT8,240,-3.581,S1O
60,FT8,241,-3.581,S1O
60,FT8,242,-3.581,S1O
60,FT8,243,-3.581,S1O
60,FT8,244,-3.581,S1O
60,FT8,245,-3.581,S1O
60,FT8,246,-4.557,S1O
60,FT8,247,-5.534,S1O
60,FT8,248,-6.510,S1O
60,FT8,249,-6.999,S1O
60,FT8,250,-6.999,S1O
60,FT8,251,-6.999,S1O
60,FT8,252,-7.975,S1O
60,FT8,253,-8.464,S1O
60,FT8,254,-6.999,S1O
60,FT8,255,-4.069,S1O
60,FPZ,0,2.848,S1O
60,FPZ,1,3.825,S1O
60,FPZ,2,4.801,S1O
60,FPZ,3,5.290,S1O
60,FPZ,4,5.290,S1O
60,FPZ,5,4.313,S1O
60,FPZ,6,3.825,S1O
60,FPZ,7,2.360,S1O
60,FPZ,8,0.895,S1O
60,FPZ,9,0.895,S1O
60,FPZ,10,0.895,S1O
60,FPZ,11,2.360,S1O
60,FPZ,12,3.825,S1O
60,FPZ,13,4.313,S1O
60,FPZ,14,4.313,S1O
60,FPZ,15,1.872,S1O
60,FPZ,16,0.407,S1O
60,FPZ,17,-0.081,S1O
60,FPZ,18,1.383,S1O
60,FPZ,19,4.313,S1O
60,FPZ,20,6.755,S1O
60,FPZ,21,7.243,S1O
60,FPZ,22,5.778,S1O
60,FPZ,23,3.825,S1O
60,FPZ,24,2.360,S1O
60,FPZ,25,2.848,S1O
60,FPZ,26,4.313,S1O
60,FPZ,27,5.778,S1O
60,FPZ,28,6.266,S1O
60,FPZ,29,5.290,S1O
60,FPZ,30,4.313,S1O
60,FPZ,31,5.290,S1O
60,FPZ,32,6.755,S1O
60,FPZ,33,7.731,S1O
60,FPZ,34,7.731,S1O
60,FPZ,35,5.778,S1O
60,FPZ,36,3.337,S1O
60,FPZ,37,2.848,S1O
60,FPZ,38,3.825,S1O
60,FPZ,39,6.266,S1O
60,FPZ,40,7.731,S1O
60,FPZ,41,7.243,S1O
60,FPZ,42,5.778,S1O
60,FPZ,43,4.801,S1O
60,FPZ,44,5.290,S1O
60,FPZ,45,6.266,S1O
60,FPZ,46,7.243,S1O
60,FPZ,47,6.755,S1O
60,FPZ,48,6.266,S1O
60,FPZ,49,6.266,S1O
60,FPZ,50,6.755,S1O
60,FPZ,51,6.266,S1O
60,FPZ,52,5.290,S1O
60,FPZ,53,2.848,S1O
60,FPZ,54,0.895,S1O
60,FPZ,55,-0.570,S1O
60,FPZ,56,-0.570,S1O
60,FPZ,57,-0.081,S1O
60,FPZ,58,0.407,S1O
60,FPZ,59,0.407,S1O
60,FPZ,60,0.407,S1O
60,FPZ,61,0.407,S1O
60,FPZ,62,-0.081,S1O
60,FPZ,63,-2.035,S1O
60,FPZ,64,-3.988,S1O
60,FPZ,65,-5.452,S1O
60,FPZ,66,-4.476,S1O
60,FPZ,67,-1.546,S1O
60,FPZ,68,2.360,S1O
60,FPZ,69,5.290,S1O
60,FPZ,70,5.778,S1O
60,FPZ,71,3.825,S1O
60,FPZ,72,1.383,S1O
60,FPZ,73,-0.570,S1O
60,FPZ,74,-1.058,S1O
60,FPZ,75,-1.546,S1O
60,FPZ,76,-1.546,S1O
60,FPZ,77,-2.523,S1O
60,FPZ,78,-3.499,S1O
60,FPZ,79,-4.476,S1O
60,FPZ,80,-3.988,S1O
60,FPZ,81,-3.011,S1O
60,FPZ,82,-2.035,S1O
60,FPZ,83,-2.035,S1O
60,FPZ,84,-3.499,S1O
60,FPZ,85,-5.452,S1O
60,FPZ,86,-6.429,S1O
60,FPZ,87,-5.941,S1O
60,FPZ,88,-3.499,S1O
60,FPZ,89,-1.546,S1O
60,FPZ,90,-0.081,S1O
60,FPZ,91,-0.081,S1O
60,FPZ,92,-0.570,S1O
60,FPZ,93,-1.058,S1O
60,FPZ,94,-1.058,S1O
60,FPZ,95,-0.570,S1O
60,FPZ,96,0.895,S1O
60,FPZ,97,3.337,S1O
60,FPZ,98,6.266,S1O
60,FPZ,99,7.731,S1O
60,FPZ,100,8.219,S1O
60,FPZ,101,7.243,S1O
60,FPZ,102,5.290,S1O
60,FPZ,103,2.848,S1O
60,FPZ,104,0.895,S1O
60,FPZ,105,-0.081,S1O
60,FPZ,106,-1.058,S1O
60,FPZ,107,-1.058,S1O
60,FPZ,108,-0.570,S1O
60,FPZ,109,0.895,S1O
60,FPZ,110,2.360,S1O
60,FPZ,111,3.825,S1O
60,FPZ,112,3.337,S1O
60,FPZ,113,1.872,S1O
60,FPZ,114,0.407,S1O
60,FPZ,115,-0.081,S1O
60,FPZ,116,0.895,S1O
60,FPZ,117,2.848,S1O
60,FPZ,118,4.313,S1O
60,FPZ,119,4.313,S1O
60,FPZ,120,3.825,S1O
60,FPZ,121,2.848,S1O
60,FPZ,122,1.872,S1O
60,FPZ,123,0.895,S1O
60,FPZ,124,-0.570,S1O
60,FPZ,125,-2.035,S1O
60,FPZ,126,-4.476,S1O
60,FPZ,127,-6.429,S1O
60,FPZ,128,-8.382,S1O
60,FPZ,129,-10.335,S1O
60,FPZ,130,-11.800,S1O
60,FPZ,131,-11.800,S1O
60,FPZ,132,-10.824,S1O
60,FPZ,133,-9.847,S1O
60,FPZ,134,-8.870,S1O
60,FPZ,135,-8.870,S1O
60,FPZ,136,-9.359,S1O
60,FPZ,137,-10.824,S1O
60,FPZ,138,-11.800,S1O
60,FPZ,139,-12.288,S1O
60,FPZ,140,-12.288,S1O
60,FPZ,141,-12.288,S1O
60,FPZ,142,-11.800,S1O
60,FPZ,143,-10.824,S1O
60,FPZ,144,-9.359,S1O
60,FPZ,145,-8.382,S1O
60,FPZ,146,-8.382,S1O
60,FPZ,147,-9.359,S1O
60,FPZ,148,-11.800,S1O
60,FPZ,149,-13.265,S1O
60,FPZ,150,-13.753,S1O
60,FPZ,151,-12.288,S1O
60,FPZ,152,-9.359,S1O
60,FPZ,153,-6.917,S1O
60,FPZ,154,-5.452,S1O
60,FPZ,155,-5.452,S1O
60,FPZ,156,-6.917,S1O
60,FPZ,157,-7.894,S1O
60,FPZ,158,-8.870,S1O
60,FPZ,159,-8.382,S1O
60,FPZ,160,-7.406,S1O
60,FPZ,161,-5.941,S1O
60,FPZ,162,-3.988,S1O
60,FPZ,163,-2.035,S1O
60,FPZ,164,-1.058,S1O
60,FPZ,165,-0.570,S1O
60,FPZ,166,-0.081,S1O
60,FPZ,167,-0.570,S1O
60,FPZ,168,-0.570,S1O
60,FPZ,169,-0.570,S1O
60,FPZ,170,-0.081,S1O
60,FPZ,171,0.895,S1O
60,FPZ,172,2.848,S1O
60,FPZ,173,5.778,S1O
60,FPZ,174,7.731,S1O
60,FPZ,175,7.731,S1O
60,FPZ,176,5.290,S1O
60,FPZ,177,1.872,S1O
60,FPZ,178,-1.058,S1O
60,FPZ,179,-2.035,S1O
60,FPZ,180,-0.570,S1O
60,FPZ,181,1.872,S1O
60,FPZ,182,3.825,S1O
60,FPZ,183,4.313,S1O
60,FPZ,184,3.825,S1O
60,FPZ,185,3.337,S1O
60,FPZ,186,2.848,S1O
60,FPZ,187,1.872,S1O
60,FPZ,188,1.383,S1O
60,FPZ,189,0.407,S1O
60,FPZ,190,-0.570,S1O
60,FPZ,191,-1.058,S1O
60,FPZ,192,-1.546,S1O
60,FPZ,193,-2.035,S1O
60,FPZ,194,-3.011,S1O
60,FPZ,195,-3.499,S1O
60,FPZ,196,-3.988,S1O
60,FPZ,197,-3.988,S1O
60,FPZ,198,-3.499,S1O
60,FPZ,199,-3.011,S1O
60,FPZ,200,-3.011,S1O
60,FPZ,201,-3.499,S1O
60,FPZ,202,-3.499,S1O
60,FPZ,203,-3.011,S1O
60,FPZ,204,-1.546,S1O
60,FPZ,205,0.895,S1O
60,FPZ,206,2.360,S1O
60,FPZ,207,2.848,S1O
60,FPZ,208,2.360,S1O
60,FPZ,209,0.407,S1O
60,FPZ,210,-1.546,S1O
60,FPZ,211,-3.011,S1O
60,FPZ,212,-3.499,S1O
60,FPZ,213,-3.011,S1O
60,FPZ,214,-3.011,S1O
60,FPZ,215,-2.035,S1O
60,FPZ,216,-1.058,S1O
60,FPZ,217,0.407,S1O
60,FPZ,218,1.383,S1O
60,FPZ,219,1.383,S1O
60,FPZ,220,-0.081,S1O
60,FPZ,221,-1.546,S1O
60,FPZ,222,-2.523,S1O
60,FPZ,223,-3.011,S1O
60,FPZ,224,-2.523,S1O
60,FPZ,225,-2.035,S1O
60,FPZ,226,-1.546,S1O
60,FPZ,227,-1.546,S1O
60,FPZ,228,-2.035,S1O
60,FPZ,229,-2.523,S1O
60,FPZ,230,-2.523,S1O
60,FPZ,231,-3.011,S1O
60,FPZ,232,-3.011,S1O
60,FPZ,233,-3.011,S1O
60,FPZ,234,-3.011,S1O
60,FPZ,235,-2.523,S1O
60,FPZ,236,-2.035,S1O
60,FPZ,237,-1.058,S1O
60,FPZ,238,-0.570,S1O
60,FPZ,239,-0.570,S1O
60,FPZ,240,-1.058,S1O
60,FPZ,241,-1.058,S1O
60,FPZ,242,-1.058,S1O
60,FPZ,243,-0.570,S1O
60,FPZ,244,0.407,S1O
60,FPZ,245,0.895,S1O
60,FPZ,246,1.383,S1O
60,FPZ,247,1.383,S1O
60,FPZ,248,0.895,S1O
60,FPZ,249,0.407,S1O
60,FPZ,250,-0.081,S1O
60,FPZ,251,-1.058,S1O
60,FPZ,252,-1.058,S1O
60,FPZ,253,-1.546,S1O
60,FPZ,254,-1.058,S1O
60,FPZ,255,-1.058,S1O
60,FC4,0,-1.322,S1O
60,FC4,1,0.142,S1O
60,FC4,2,1.119,S1O
60,FC4,3,1.607,S1O
60,FC4,4,1.607,S1O
60,FC4,5,1.607,S1O
60,FC4,6,1.119,S1O
60,FC4,7,0.631,S1O
60,FC4,8,1.119,S1O
60,FC4,9,1.119,S1O
60,FC4,10,0.631,S1O
60,FC4,11,0.142,S1O
60,FC4,12,0.142,S1O
60,FC4,13,1.119,S1O
60,FC4,14,1.607,S1O
60,FC4,15,2.096,S1O
60,FC4,16,2.584,S1O
60,FC4,17,2.584,S1O
60,FC4,18,2.584,S1O
60,FC4,19,3.072,S1O
60,FC4,20,3.560,S1O
60,FC4,21,4.537,S1O
60,FC4,22,4.537,S1O
60,FC4,23,4.049,S1O
60,FC4,24,3.072,S1O
60,FC4,25,2.584,S1O
60,FC4,26,2.584,S1O
60,FC4,27,3.560,S1O
60,FC4,28,3.560,S1O
60,FC4,29,3.560,S1O
60,FC4,30,3.072,S1O
60,FC4,31,3.072,S1O
60,FC4,32,3.560,S1O
60,FC4,33,4.049,S1O
60,FC4,34,4.537,S1O
60,FC4,35,4.537,S1O
60,FC4,36,4.049,S1O
60,FC4,37,3.560,S1O
60,FC4,38,3.560,S1O
60,FC4,39,2.584,S1O
60,FC4,40,1.607,S1O
60,FC4,41,0.631,S1O
60,FC4,42,0.142,S1O
60,FC4,43,0.631,S1O
60,FC4,44,2.096,S1O
60,FC4,45,3.072,S1O
60,FC4,46,3.072,S1O
60,FC4,47,3.560,S1O
60,FC4,48,3.560,S1O
60,FC4,49,4.049,S1O
60,FC4,50,4.537,S1O
60,FC4,51,4.537,S1O
60,FC4,52,4.049,S1O
60,FC4,53,3.072,S1O
60,FC4,54,3.072,S1O
60,FC4,55,4.049,S1O
60,FC4,56,4.537,S1O
60,FC4,57,5.025,S1O
60,FC4,58,4.049,S1O
60,FC4,59,2.584,S1O
60,FC4,60,1.607,S1O
60,FC4,61,1.119,S1O
60,FC4,62,1.119,S1O
60,FC4,63,1.607,S1O
60,FC4,64,1.119,S1O
60,FC4,65,0.142,S1O
60,FC4,66,-0.346,S1O
60,FC4,67,-0.346,S1O
60,FC4,68,1.119,S1O
60,FC4,69,2.096,S1O
60,FC4,70,3.072,S1O
60,FC4,71,3.072,S1O
60,FC4,72,2.584,S1O
60,FC4,73,2.584,S1O
60,FC4,74,2.584,S1O
60,FC4,75,2.584,S1O
60,FC4,76,1.607,S1O
60,FC4,77,0.142,S1O
60,FC4,78,-0.834,S1O
60,FC4,79,-1.322,S1O
60,FC4,80,-1.322,S1O
60,FC4,81,-0.346,S1O
60,FC4,82,0.631,S1O
60,FC4,83,0.631,S1O
60,FC4,84,0.631,S1O
60,FC4,85,0.631,S1O
60,FC4,86,0.142,S1O
60,FC4,87,0.631,S1O
60,FC4,88,1.119,S1O
60,FC4,89,1.119,S1O
60,FC4,90,1.119,S1O
60,FC4,91,1.607,S1O
60,FC4,92,2.096,S1O
60,FC4,93,2.096,S1O
60,FC4,94,2.096,S1O
60,FC4,95,2.096,S1O
60,FC4,96,2.584,S1O
60,FC4,97,3.560,S1O
60,FC4,98,4.537,S1O
60,FC4,99,5.025,S1O
60,FC4,100,5.025,S1O
60,FC4,101,4.049,S1O
60,FC4,102,3.560,S1O
60,FC4,103,3.072,S1O
60,FC4,104,3.072,S1O
60,FC4,105,2.584,S1O
60,FC4,106,1.119,S1O
60,FC4,107,0.142,S1O
60,FC4,108,0.631,S1O
60,FC4,109,1.607,S1O
60,FC4,110,3.072,S1O
60,FC4,111,3.560,S1O
60,FC4,112,3.560,S1O
60,FC4,113,3.072,S1O
60,FC4,114,2.584,S1O
60,FC4,115,3.072,S1O
60,FC4,116,3.560,S1O
60,FC4,117,4.049,S1O
60,FC4,118,4.537,S1O
60,FC4,119,4.537,S1O
60,FC4,120,4.537,S1O
60,FC4,121,4.049,S1O
60,FC4,122,3.560,S1O
60,FC4,123,2.584,S1O
60,FC4,124,1.607,S1O
60,FC4,125,1.119,S1O
60,FC4,126,0.142,S1O
60,FC4,127,0.142,S1O
60,FC4,128,0.142,S1O
60,FC4,129,-0.834,S1O
60,FC4,130,-1.811,S1O
60,FC4,131,-2.787,S1O
60,FC4,132,-3.276,S1O
60,FC4,133,-2.299,S1O
60,FC4,134,-0.834,S1O
60,FC4,135,0.631,S1O
60,FC4,136,1.607,S1O
60,FC4,137,1.607,S1O
60,FC4,138,1.119,S1O
60,FC4,139,0.142,S1O
60,FC4,140,-0.346,S1O
60,FC4,141,-0.346,S1O
60,FC4,142,-0.346,S1O
60,FC4,143,-0.346,S1O
60,FC4,144,-0.346,S1O
60,FC4,145,0.142,S1O
60,FC4,146,0.142,S1O
60,FC4,147,0.142,S1O
60,FC4,148,-0.346,S1O
60,FC4,149,-0.834,S1O
60,FC4,150,-0.834,S1O
60,FC4,151,0.142,S1O
60,FC4,152,1.607,S1O
60,FC4,153,2.096,S1O
60,FC4,154,1.119,S1O
60,FC4,155,-0.346,S1O
60,FC4,156,-1.322,S1O
60,FC4,157,-0.346,S1O
60,FC4,158,1.119,S1O
60,FC4,159,1.119,S1O
60,FC4,160,0.142,S1O
60,FC4,161,-2.299,S1O
60,FC4,162,-3.276,S1O
60,FC4,163,-2.787,S1O
60,FC4,164,0.142,S1O
60,FC4,165,2.584,S1O
60,FC4,166,3.560,S1O
60,FC4,167,2.584,S1O
60,FC4,168,1.119,S1O
60,FC4,169,0.142,S1O
60,FC4,170,0.631,S1O
60,FC4,171,2.584,S1O
60,FC4,172,3.560,S1O
60,FC4,173,3.072,S1O
60,FC4,174,1.607,S1O
60,FC4,175,0.631,S1O
60,FC4,176,-0.346,S1O
60,FC4,177,0.142,S1O
60,FC4,178,0.631,S1O
60,FC4,179,0.631,S1O
60,FC4,180,0.631,S1O
60,FC4,181,0.631,S1O
60,FC4,182,1.119,S1O
60,FC4,183,2.096,S1O
60,FC4,184,3.072,S1O
60,FC4,185,4.537,S1O
60,FC4,186,5.514,S1O
60,FC4,187,6.002,S1O
60,FC4,188,6.002,S1O
60,FC4,189,5.025,S1O
60,FC4,190,3.072,S1O
60,FC4,191,0.631,S1O
60,FC4,192,-0.834,S1O
60,FC4,193,-1.322,S1O
60,FC4,194,-1.322,S1O
60,FC4,195,-0.834,S1O
60,FC4,196,-0.834,S1O
60,FC4,197,-1.322,S1O
60,FC4,198,-0.834,S1O
60,FC4,199,-0.346,S1O
60,FC4,200,1.119,S1O
60,FC4,201,1.607,S1O
60,FC4,202,1.607,S1O
60,FC4,203,0.631,S1O
60,FC4,204,-0.346,S1O
60,FC4,205,-1.322,S1O
60,FC4,206,-1.322,S1O
60,FC4,207,-0.834,S1O
60,FC4,208,-0.346,S1O
60,FC4,209,0.142,S1O
60,FC4,210,0.631,S1O
60,FC4,211,1.607,S1O
60,FC4,212,2.584,S1O
60,FC4,213,3.560,S1O
60,FC4,214,4.049,S1O
60,FC4,215,4.049,S1O
60,FC4,216,3.560,S1O
60,FC4,217,3.072,S1O
60,FC4,218,3.072,S1O
60,FC4,219,3.072,S1O
60,FC4,220,3.072,S1O
60,FC4,221,3.072,S1O
60,FC4,222,2.584,S1O
60,FC4,223,2.096,S1O
60,FC4,224,1.119,S1O
60,FC4,225,1.119,S1O
60,FC4,226,1.607,S1O
60,FC4,227,2.584,S1O
60,FC4,228,3.072,S1O
60,FC4,229,3.072,S1O
60,FC4,230,2.584,S1O
60,FC4,231,1.607,S1O
60,FC4,232,1.607,S1O
60,FC4,233,1.119,S1O
60,FC4,234,1.119,S1O
60,FC4,235,1.119,S1O
60,FC4,236,0.142,S1O
60,FC4,237,-0.834,S1O
60,FC4,238,-1.322,S1O
60,FC4,239,-1.322,S1O
60,FC4,240,-1.322,S1O
60,FC4,241,-0.346,S1O
60,FC4,242,0.142,S1O
60,FC4,243,-0.346,S1O
60,FC4,244,-0.834,S1O
60,FC4,245,-1.322,S1O
60,FC4,246,-1.811,S1O
60,FC4,247,-1.811,S1O
60,FC4,248,-1.322,S1O
60,FC4,249,-1.811,S1O
60,FC4,250,-1.811,S1O
60,FC4,251,-2.787,S1O
60,FC4,252,-2.787,S1O
60,FC4,253,-2.787,S1O
60,FC4,254,-2.299,S1O
60,FC4,255,-1.322,S1O
60,FC3,0,1.068,S1O
60,FC3,1,1.556,S1O
60,FC3,2,1.556,S1O
60,FC3,3,1.556,S1O
60,FC3,4,2.533,S1O
60,FC3,5,3.510,S1O
60,FC3,6,4.486,S1O
60,FC3,7,3.998,S1O
60,FC3,8,3.021,S1O
60,FC3,9,2.045,S1O
60,FC3,10,1.556,S1O
60,FC3,11,1.068,S1O
60,FC3,12,1.068,S1O
60,FC3,13,0.580,S1O
60,FC3,14,0.092,S1O
60,FC3,15,-0.885,S1O
60,FC3,16,-0.885,S1O
60,FC3,17,-0.885,S1O
60,FC3,18,-0.885,S1O
60,FC3,19,-1.373,S1O
60,FC3,20,-1.373,S1O
60,FC3,21,-2.350,S1O
60,FC3,22,-2.350,S1O
60,FC3,23,-2.350,S1O
60,FC3,24,-1.373,S1O
60,FC3,25,-0.397,S1O
60,FC3,26,0.092,S1O
60,FC3,27,0.092,S1O
60,FC3,28,-0.397,S1O
60,FC3,29,-0.397,S1O
60,FC3,30,-0.885,S1O
60,FC3,31,-1.373,S1O
60,FC3,32,-1.862,S1O
60,FC3,33,-2.350,S1O
60,FC3,34,-2.838,S1O
60,FC3,35,-3.815,S1O
60,FC3,36,-4.791,S1O
60,FC3,37,-5.280,S1O
60,FC3,38,-4.791,S1O
60,FC3,39,-4.303,S1O
60,FC3,40,-2.350,S1O
60,FC3,41,-1.373,S1O
60,FC3,42,-0.397,S1O
60,FC3,43,-0.885,S1O
60,FC3,44,-1.373,S1O
60,FC3,45,-1.862,S1O
60,FC3,46,-1.862,S1O
60,FC3,47,-1.373,S1O
60,FC3,48,-1.373,S1O
60,FC3,49,-0.885,S1O
60,FC3,50,-0.885,S1O
60,FC3,51,-0.885,S1O
60,FC3,52,-1.373,S1O
60,FC3,53,-2.350,S1O
60,FC3,54,-3.326,S1O
60,FC3,55,-4.303,S1O
60,FC3,56,-5.768,S1O
60,FC3,57,-5.768,S1O
60,FC3,58,-5.280,S1O
60,FC3,59,-4.791,S1O
60,FC3,60,-4.303,S1O
60,FC3,61,-3.815,S1O
60,FC3,62,-4.303,S1O
60,FC3,63,-4.791,S1O
60,FC3,64,-5.280,S1O
60,FC3,65,-5.280,S1O
60,FC3,66,-4.303,S1O
60,FC3,67,-3.326,S1O
60,FC3,68,-1.862,S1O
60,FC3,69,-1.862,S1O
60,FC3,70,-1.862,S1O
60,FC3,71,-2.350,S1O
60,FC3,72,-3.326,S1O
60,FC3,73,-3.326,S1O
60,FC3,74,-3.326,S1O
60,FC3,75,-3.326,S1O
60,FC3,76,-3.815,S1O
60,FC3,77,-4.303,S1O
60,FC3,78,-4.303,S1O
60,FC3,79,-4.303,S1O
60,FC3,80,-3.815,S1O
60,FC3,81,-3.815,S1O
60,FC3,82,-4.303,S1O
60,FC3,83,-4.791,S1O
60,FC3,84,-5.280,S1O
60,FC3,85,-5.768,S1O
60,FC3,86,-5.280,S1O
60,FC3,87,-4.791,S1O
60,FC3,88,-4.791,S1O
60,FC3,89,-4.303,S1O
60,FC3,90,-4.303,S1O
60,FC3,91,-3.815,S1O
60,FC3,92,-3.326,S1O
60,FC3,93,-2.838,S1O
60,FC3,94,-2.350,S1O
60,FC3,95,-1.373,S1O
60,FC3,96,-0.397,S1O
60,FC3,97,0.580,S1O
60,FC3,98,1.556,S1O
60,FC3,99,2.533,S1O
60,FC3,100,2.533,S1O
60,FC3,101,1.556,S1O
60,FC3,102,0.092,S1O
60,FC3,103,-1.373,S1O
60,FC3,104,-2.350,S1O
60,FC3,105,-2.838,S1O
60,FC3,106,-2.350,S1O
60,FC3,107,-1.862,S1O
60,FC3,108,-1.862,S1O
60,FC3,109,-2.350,S1O
60,FC3,110,-2.350,S1O
60,FC3,111,-2.350,S1O
60,FC3,112,-1.862,S1O
60,FC3,113,-1.862,S1O
60,FC3,114,-1.373,S1O
60,FC3,115,-0.885,S1O
60,FC3,116,-0.885,S1O
60,FC3,117,-0.397,S1O
60,FC3,118,0.092,S1O
60,FC3,119,0.580,S1O
60,FC3,120,0.092,S1O
60,FC3,121,0.092,S1O
60,FC3,122,0.092,S1O
60,FC3,123,0.092,S1O
60,FC3,124,1.068,S1O
60,FC3,125,1.556,S1O
60,FC3,126,1.068,S1O
60,FC3,127,0.092,S1O
60,FC3,128,-1.373,S1O
60,FC3,129,-2.350,S1O
60,FC3,130,-2.838,S1O
60,FC3,131,-2.838,S1O
60,FC3,132,-3.326,S1O
60,FC3,133,-3.815,S1O
60,FC3,134,-4.303,S1O
60,FC3,135,-4.791,S1O
60,FC3,136,-4.791,S1O
60,FC3,137,-4.303,S1O
60,FC3,138,-4.303,S1O
60,FC3,139,-4.791,S1O
60,FC3,140,-5.768,S1O
60,FC3,141,-6.744,S1O
60,FC3,142,-6.256,S1O
60,FC3,143,-5.768,S1O
60,FC3,144,-4.303,S1O
60,FC3,145,-2.350,S1O
60,FC3,146,-1.373,S1O
60,FC3,147,-0.885,S1O
60,FC3,148,-1.373,S1O
60,FC3,149,-1.862,S1O
60,FC3,150,-2.838,S1O
60,FC3,151,-3.815,S1O
60,FC3,152,-4.303,S1O
60,FC3,153,-4.303,S1O
60,FC3,154,-3.326,S1O
60,FC3,155,-2.838,S1O
60,FC3,156,-2.838,S1O
60,FC3,157,-3.326,S1O
60,FC3,158,-4.791,S1O
60,FC3,159,-5.280,S1O
60,FC3,160,-4.791,S1O
60,FC3,161,-3.815,S1O
60,FC3,162,-2.350,S1O
60,FC3,163,-1.373,S1O
60,FC3,164,-0.885,S1O
60,FC3,165,-0.885,S1O
60,FC3,166,-0.885,S1O
60,FC3,167,-0.397,S1O
60,FC3,168,0.580,S1O
60,FC3,169,1.556,S1O
60,FC3,170,2.045,S1O
60,FC3,171,2.533,S1O
60,FC3,172,3.510,S1O
60,FC3,173,4.486,S1O
60,FC3,174,4.974,S1O
60,FC3,175,4.974,S1O
60,FC3,176,4.486,S1O
60,FC3,177,3.998,S1O
60,FC3,178,3.998,S1O
60,FC3,179,3.998,S1O
60,FC3,180,3.510,S1O
60,FC3,181,3.021,S1O
60,FC3,182,1.556,S1O
60,FC3,183,0.580,S1O
60,FC3,184,-0.885,S1O
60,FC3,185,-1.373,S1O
60,FC3,186,-1.862,S1O
60,FC3,187,-2.350,S1O
60,FC3,188,-2.350,S1O
60,FC3,189,-1.862,S1O
60,FC3,190,-0.885,S1O
60,FC3,191,0.580,S1O
60,FC3,192,2.045,S1O
60,FC3,193,2.045,S1O
60,FC3,194,2.045,S1O
60,FC3,195,1.556,S1O
60,FC3,196,1.556,S1O
60,FC3,197,2.045,S1O
60,FC3,198,2.533,S1O
60,FC3,199,2.533,S1O
60,FC3,200,2.533,S1O
60,FC3,201,1.556,S1O
60,FC3,202,1.068,S1O
60,FC3,203,0.580,S1O
60,FC3,204,0.092,S1O
60,FC3,205,0.580,S1O
60,FC3,206,1.068,S1O
60,FC3,207,1.556,S1O
60,FC3,208,1.556,S1O
60,FC3,209,1.068,S1O
60,FC3,210,0.092,S1O
60,FC3,211,-0.885,S1O
60,FC3,212,-1.373,S1O
60,FC3,213,-1.373,S1O
60,FC3,214,-0.885,S1O
60,FC3,215,-0.397,S1O
60,FC3,216,-0.397,S1O
60,FC3,217,-0.397,S1O
60,FC3,218,0.092,S1O
60,FC3,219,0.092,S1O
60,FC3,220,0.092,S1O
60,FC3,221,-0.397,S1O
60,FC3,222,-0.397,S1O
60,FC3,223,-0.885,S1O
60,FC3,224,-0.397,S1O
60,FC3,225,0.092,S1O
60,FC3,226,1.068,S1O
60,FC3,227,1.068,S1O
60,FC3,228,0.092,S1O
60,FC3,229,-1.373,S1O
60,FC3,230,-3.326,S1O
60,FC3,231,-4.303,S1O
60,FC3,232,-4.303,S1O
60,FC3,233,-4.303,S1O
60,FC3,234,-3.326,S1O
60,FC3,235,-2.838,S1O
60,FC3,236,-2.838,S1O
60,FC3,237,-2.838,S1O
60,FC3,238,-2.838,S1O
60,FC3,239,-2.838,S1O
60,FC3,240,-2.838,S1O
60,FC3,241,-2.838,S1O
60,FC3,242,-2.838,S1O
60,FC3,243,-3.326,S1O
60,FC3,244,-3.326,S1O
60,FC3,245,-3.326,S1O
60,FC3,246,-3.326,S1O
60,FC3,247,-3.326,S1O
60,FC3,248,-3.326,S1O
60,FC3,249,-3.326,S1O
60,FC3,250,-3.815,S1O
60,FC3,251,-4.303,S1O
60,FC3,252,-4.303,S1O
60,FC3,253,-4.303,S1O
60,FC3,254,-4.303,S1O
60,FC3,255,-4.303,S1O
60,C6,0,-1.088,S1O
60,C6,1,0.376,S1O
60,C6,2,0.376,S1O
60,C6,3,-0.112,S1O
60,C6,4,-1.577,S1O
60,C6,5,-2.065,S1O
60,C6,6,-2.553,S1O
60,C6,7,-3.042,S1O
60,C6,8,-3.042,S1O
60,C6,9,-3.530,S1O
60,C6,10,-3.042,S1O
60,C6,11,-2.553,S1O
60,C6,12,-1.577,S1O
60,C6,13,-0.600,S1O
60,C6,14,0.865,S1O
60,C6,15,2.330,S1O
60,C6,16,2.818,S1O
60,C6,17,2.330,S1O
60,C6,18,0.865,S1O
60,C6,19,-0.112,S1O
60,C6,20,-0.600,S1O
60,C6,21,0.865,S1O
60,C6,22,2.330,S1O
60,C6,23,3.794,S1O
60,C6,24,4.283,S1O
60,C6,25,3.794,S1O
60,C6,26,1.841,S1O
60,C6,27,0.376,S1O
60,C6,28,-0.600,S1O
60,C6,29,-0.600,S1O
60,C6,30,0.376,S1O
60,C6,31,2.818,S1O
60,C6,32,4.283,S1O
60,C6,33,5.259,S1O
60,C6,34,5.259,S1O
60,C6,35,4.771,S1O
60,C6,36,4.283,S1O
60,C6,37,3.794,S1O
60,C6,38,2.818,S1O
60,C6,39,1.353,S1O
60,C6,40,-1.088,S1O
60,C6,41,-3.042,S1O
60,C6,42,-4.018,S1O
60,C6,43,-4.506,S1O
60,C6,44,-3.530,S1O
60,C6,45,-2.553,S1O
60,C6,46,-1.088,S1O
60,C6,47,-0.600,S1O
60,C6,48,0.376,S1O
60,C6,49,-0.112,S1O
60,C6,50,-0.600,S1O
60,C6,51,-1.577,S1O
60,C6,52,-2.553,S1O
60,C6,53,-3.042,S1O
60,C6,54,-2.065,S1O
60,C6,55,-0.112,S1O
60,C6,56,1.353,S1O
60,C6,57,1.353,S1O
60,C6,58,-0.112,S1O
60,C6,59,-2.065,S1O
60,C6,60,-3.530,S1O
60,C6,61,-4.018,S1O
60,C6,62,-3.530,S1O
60,C6,63,-2.553,S1O
60,C6,64,-2.553,S1O
60,C6,65,-3.042,S1O
60,C6,66,-3.530,S1O
60,C6,67,-3.530,S1O
60,C6,68,-2.553,S1O
60,C6,69,-0.600,S1O
60,C6,70,1.353,S1O
60,C6,71,3.306,S1O
60,C6,72,4.283,S1O
60,C6,73,5.259,S1O
60,C6,74,5.747,S1O
60,C6,75,4.771,S1O
60,C6,76,3.306,S1O
60,C6,77,0.865,S1O
60,C6,78,-0.600,S1O
60,C6,79,-0.600,S1O
60,C6,80,0.376,S1O
60,C6,81,1.353,S1O
60,C6,82,0.376,S1O
60,C6,83,-1.577,S1O
60,C6,84,-3.530,S1O
60,C6,85,-4.506,S1O
60,C6,86,-3.530,S1O
60,C6,87,-1.577,S1O
60,C6,88,1.353,S1O
60,C6,89,2.330,S1O
60,C6,90,2.330,S1O
60,C6,91,1.353,S1O
60,C6,92,0.376,S1O
60,C6,93,0.376,S1O
60,C6,94,0.376,S1O
60,C6,95,1.841,S1O
60,C6,96,2.330,S1O
60,C6,97,3.306,S1O
60,C6,98,3.794,S1O
60,C6,99,3.794,S1O
60,C6,100,4.283,S1O
60,C6,101,4.283,S1O
60,C6,102,3.794,S1O
60,C6,103,1.841,S1O
60,C6,104,-0.112,S1O
60,C6,105,-2.553,S1O
60,C6,106,-4.506,S1O
60,C6,107,-4.506,S1O
60,C6,108,-2.553,S1O
60,C6,109,-1.088,S1O
60,C6,110,0.376,S1O
60,C6,111,0.376,S1O
60,C6,112,0.376,S1O
60,C6,113,0.376,S1O
60,C6,114,0.865,S1O
60,C6,115,1.841,S1O
60,C6,116,2.818,S1O
60,C6,117,2.330,S1O
60,C6,118,1.353,S1O
60,C6,119,0.865,S1O
60,C6,120,1.841,S1O
60,C6,121,3.306,S1O
60,C6,122,3.794,S1O
60,C6,123,2.330,S1O
60,C6,124,-0.112,S1O
60,C6,125,-2.553,S1O
60,C6,126,-4.506,S1O
60,C6,127,-4.506,S1O
60,C6,128,-3.530,S1O
60,C6,129,-3.530,S1O
60,C6,130,-4.506,S1O
60,C6,131,-5.971,S1O
60,C6,132,-6.948,S1O
60,C6,133,-5.971,S1O
60,C6,134,-4.018,S1O
60,C6,135,-2.553,S1O
60,C6,136,-1.577,S1O
60,C6,137,-2.065,S1O
60,C6,138,-3.042,S1O
60,C6,139,-3.530,S1O
60,C6,140,-2.553,S1O
60,C6,141,-1.088,S1O
60,C6,142,-0.112,S1O
60,C6,143,0.376,S1O
60,C6,144,0.376,S1O
60,C6,145,0.376,S1O
60,C6,146,-0.112,S1O
60,C6,147,-0.112,S1O
60,C6,148,-0.112,S1O
60,C6,149,-0.112,S1O
60,C6,150,0.376,S1O
60,C6,151,0.865,S1O
60,C6,152,0.376,S1O
60,C6,153,-1.088,S1O
60,C6,154,-3.530,S1O
60,C6,155,-4.995,S1O
60,C6,156,-4.506,S1O
60,C6,157,-2.553,S1O
60,C6,158,-0.600,S1O
60,C6,159,-0.112,S1O
60,C6,160,-1.577,S1O
60,C6,161,-3.530,S1O
60,C6,162,-3.042,S1O
60,C6,163,-0.600,S1O
60,C6,164,2.818,S1O
60,C6,165,4.771,S1O
60,C6,166,4.771,S1O
60,C6,167,2.330,S1O
60,C6,168,0.865,S1O
60,C6,169,1.353,S1O
60,C6,170,3.794,S1O
60,C6,171,5.747,S1O
60,C6,172,5.259,S1O
60,C6,173,3.306,S1O
60,C6,174,0.376,S1O
60,C6,175,-1.577,S1O
60,C6,176,-2.065,S1O
60,C6,177,-1.577,S1O
60,C6,178,-1.088,S1O
60,C6,179,-1.577,S1O
60,C6,180,-2.553,S1O
60,C6,181,-3.042,S1O
60,C6,182,-2.553,S1O
60,C6,183,-0.600,S1O
60,C6,184,1.353,S1O
60,C6,185,2.818,S1O
60,C6,186,3.794,S1O
60,C6,187,3.794,S1O
60,C6,188,3.306,S1O
60,C6,189,2.330,S1O
60,C6,190,0.865,S1O
60,C6,191,-0.600,S1O
60,C6,192,-1.577,S1O
60,C6,193,-2.553,S1O
60,C6,194,-2.553,S1O
60,C6,195,-2.065,S1O
60,C6,196,-1.577,S1O
60,C6,197,-1.577,S1O
60,C6,198,-1.577,S1O
60,C6,199,-1.577,S1O
60,C6,200,-1.577,S1O
60,C6,201,-2.553,S1O
60,C6,202,-4.506,S1O
60,C6,203,-6.460,S1O
60,C6,204,-7.436,S1O
60,C6,205,-7.924,S1O
60,C6,206,-6.948,S1O
60,C6,207,-5.971,S1O
60,C6,208,-5.483,S1O
60,C6,209,-6.460,S1O
60,C6,210,-6.948,S1O
60,C6,211,-5.971,S1O
60,C6,212,-4.018,S1O
60,C6,213,-1.088,S1O
60,C6,214,0.865,S1O
60,C6,215,1.353,S1O
60,C6,216,0.376,S1O
60,C6,217,-1.577,S1O
60,C6,218,-3.042,S1O
60,C6,219,-4.018,S1O
60,C6,220,-3.042,S1O
60,C6,221,-1.577,S1O
60,C6,222,-0.112,S1O
60,C6,223,0.865,S1O
60,C6,224,0.376,S1O
60,C6,225,-1.088,S1O
60,C6,226,-2.553,S1O
60,C6,227,-2.553,S1O
60,C6,228,-1.577,S1O
60,C6,229,-0.112,S1O
60,C6,230,1.841,S1O
60,C6,231,2.330,S1O
60,C6,232,1.841,S1O
60,C6,233,1.353,S1O
60,C6,234,-0.112,S1O
60,C6,235,-1.088,S1O
60,C6,236,-2.065,S1O
60,C6,237,-3.042,S1O
60,C6,238,-3.530,S1O
60,C6,239,-3.530,S1O
60,C6,240,-3.530,S1O
60,C6,241,-3.042,S1O
60,C6,242,-2.065,S1O
60,C6,243,-1.577,S1O
60,C6,244,-1.577,S1O
60,C6,245,-2.553,S1O
60,C6,246,-3.530,S1O
60,C6,247,-4.995,S1O
60,C6,248,-5.971,S1O
60,C6,249,-6.948,S1O
60,C6,250,-6.948,S1O
60,C6,251,-6.460,S1O
60,C6,252,-5.483,S1O
60,C6,253,-4.018,S1O
60,C6,254,-2.065,S1O
60,C6,255,-1.088,S1O
60,C5,0,1.740,S1O
60,C5,1,2.228,S1O
60,C5,2,3.204,S1O
60,C5,3,3.693,S1O
60,C5,4,4.181,S1O
60,C5,5,4.669,S1O
60,C5,6,4.181,S1O
60,C5,7,3.693,S1O
60,C5,8,2.228,S1O
60,C5,9,0.275,S1O
60,C5,10,-1.190,S1O
60,C5,11,-1.190,S1O
60,C5,12,-1.190,S1O
60,C5,13,-0.702,S1O
60,C5,14,-0.702,S1O
60,C5,15,-1.190,S1O
60,C5,16,-2.167,S1O
60,C5,17,-2.655,S1O
60,C5,18,-3.143,S1O
60,C5,19,-3.632,S1O
60,C5,20,-4.120,S1O
60,C5,21,-4.608,S1O
60,C5,22,-4.608,S1O
60,C5,23,-4.120,S1O
60,C5,24,-3.143,S1O
60,C5,25,-2.167,S1O
60,C5,26,-2.167,S1O
60,C5,27,-2.167,S1O
60,C5,28,-2.167,S1O
60,C5,29,-2.167,S1O
60,C5,30,-1.678,S1O
60,C5,31,-1.678,S1O
60,C5,32,-2.655,S1O
60,C5,33,-3.632,S1O
60,C5,34,-5.585,S1O
60,C5,35,-7.050,S1O
60,C5,36,-7.538,S1O
60,C5,37,-7.538,S1O
60,C5,38,-6.561,S1O
60,C5,39,-5.585,S1O
60,C5,40,-4.608,S1O
60,C5,41,-4.120,S1O
60,C5,42,-3.632,S1O
60,C5,43,-3.632,S1O
60,C5,44,-4.120,S1O
60,C5,45,-4.120,S1O
60,C5,46,-4.608,S1O
60,C5,47,-5.096,S1O
60,C5,48,-5.585,S1O
60,C5,49,-5.585,S1O
60,C5,50,-5.585,S1O
60,C5,51,-6.073,S1O
60,C5,52,-6.561,S1O
60,C5,53,-8.026,S1O
60,C5,54,-9.491,S1O
60,C5,55,-10.956,S1O
60,C5,56,-11.444,S1O
60,C5,57,-10.956,S1O
60,C5,58,-9.491,S1O
60,C5,59,-8.026,S1O
60,C5,60,-6.561,S1O
60,C5,61,-6.561,S1O
60,C5,62,-8.026,S1O
60,C5,63,-9.003,S1O
60,C5,64,-9.979,S1O
60,C5,65,-9.491,S1O
60,C5,66,-7.538,S1O
60,C5,67,-5.096,S1O
60,C5,68,-3.143,S1O
60,C5,69,-2.167,S1O
60,C5,70,-2.655,S1O
60,C5,71,-3.143,S1O
60,C5,72,-3.632,S1O
60,C5,73,-4.120,S1O
60,C5,74,-4.120,S1O
60,C5,75,-3.632,S1O
60,C5,76,-3.632,S1O
60,C5,77,-3.143,S1O
60,C5,78,-3.143,S1O
60,C5,79,-2.655,S1O
60,C5,80,-2.167,S1O
60,C5,81,-2.167,S1O
60,C5,82,-2.655,S1O
60,C5,83,-3.632,S1O
60,C5,84,-4.608,S1O
60,C5,85,-5.585,S1O
60,C5,86,-6.073,S1O
60,C5,87,-6.073,S1O
60,C5,88,-5.585,S1O
60,C5,89,-5.096,S1O
60,C5,90,-4.608,S1O
60,C5,91,-4.608,S1O
60,C5,92,-4.608,S1O
60,C5,93,-4.120,S1O
60,C5,94,-3.632,S1O
60,C5,95,-2.167,S1O
60,C5,96,-0.702,S1O
60,C5,97,0.763,S1O
60,C5,98,2.228,S1O
60,C5,99,2.716,S1O
60,C5,100,2.716,S1O
60,C5,101,2.228,S1O
60,C5,102,0.763,S1O
60,C5,103,-1.190,S1O
60,C5,104,-2.655,S1O
60,C5,105,-3.143,S1O
60,C5,106,-3.143,S1O
60,C5,107,-2.655,S1O
60,C5,108,-3.143,S1O
60,C5,109,-3.632,S1O
60,C5,110,-4.608,S1O
60,C5,111,-5.096,S1O
60,C5,112,-5.096,S1O
60,C5,113,-5.096,S1O
60,C5,114,-4.608,S1O
60,C5,115,-4.120,S1O
60,C5,116,-3.632,S1O
60,C5,117,-2.655,S1O
60,C5,118,-2.167,S1O
60,C5,119,-2.167,S1O
60,C5,120,-2.167,S1O
60,C5,121,-2.167,S1O
60,C5,122,-1.678,S1O
60,C5,123,-0.702,S1O
60,C5,124,0.763,S1O
60,C5,125,1.251,S1O
60,C5,126,0.763,S1O
60,C5,127,-0.702,S1O
60,C5,128,-2.167,S1O
60,C5,129,-3.632,S1O
60,C5,130,-3.632,S1O
60,C5,131,-3.632,S1O
60,C5,132,-3.632,S1O
60,C5,133,-4.608,S1O
60,C5,134,-6.561,S1O
60,C5,135,-8.026,S1O
60,C5,136,-9.003,S1O
60,C5,137,-8.514,S1O
60,C5,138,-8.026,S1O
60,C5,139,-8.026,S1O
60,C5,140,-8.514,S1O
60,C5,141,-9.003,S1O
60,C5,142,-9.491,S1O
60,C5,143,-8.514,S1O
60,C5,144,-6.561,S1O
60,C5,145,-4.608,S1O
60,C5,146,-3.143,S1O
60,C5,147,-2.167,S1O
60,C5,148,-2.167,S1O
60,C5,149,-3.143,S1O
60,C5,150,-4.120,S1O
60,C5,151,-4.608,S1O
60,C5,152,-5.096,S1O
60,C5,153,-5.096,S1O
60,C5,154,-4.608,S1O
60,C5,155,-4.608,S1O
60,C5,156,-4.608,S1O
60,C5,157,-6.073,S1O
60,C5,158,-6.561,S1O
60,C5,159,-6.561,S1O
60,C5,160,-5.585,S1O
60,C5,161,-4.608,S1O
60,C5,162,-3.143,S1O
60,C5,163,-2.655,S1O
60,C5,164,-3.143,S1O
60,C5,165,-3.143,S1O
60,C5,166,-3.143,S1O
60,C5,167,-1.678,S1O
60,C5,168,0.275,S1O
60,C5,169,1.740,S1O
60,C5,170,3.204,S1O
60,C5,171,4.181,S1O
60,C5,172,5.646,S1O
60,C5,173,7.599,S1O
60,C5,174,8.575,S1O
60,C5,175,8.575,S1O
60,C5,176,7.599,S1O
60,C5,177,6.622,S1O
60,C5,178,6.134,S1O
60,C5,179,6.134,S1O
60,C5,180,5.646,S1O
60,C5,181,4.669,S1O
60,C5,182,2.228,S1O
60,C5,183,-0.214,S1O
60,C5,184,-2.167,S1O
60,C5,185,-3.632,S1O
60,C5,186,-4.120,S1O
60,C5,187,-4.608,S1O
60,C5,188,-4.608,S1O
60,C5,189,-3.632,S1O
60,C5,190,-1.678,S1O
60,C5,191,0.763,S1O
60,C5,192,2.716,S1O
60,C5,193,3.204,S1O
60,C5,194,2.716,S1O
60,C5,195,1.740,S1O
60,C5,196,1.251,S1O
60,C5,197,1.740,S1O
60,C5,198,2.228,S1O
60,C5,199,2.716,S1O
60,C5,200,2.228,S1O
60,C5,201,0.275,S1O
60,C5,202,-1.678,S1O
60,C5,203,-3.632,S1O
60,C5,204,-4.120,S1O
60,C5,205,-4.120,S1O
60,C5,206,-3.143,S1O
60,C5,207,-2.655,S1O
60,C5,208,-2.655,S1O
60,C5,209,-3.143,S1O
60,C5,210,-4.120,S1O
60,C5,211,-4.120,S1O
60,C5,212,-4.120,S1O
60,C5,213,-4.120,S1O
60,C5,214,-3.632,S1O
60,C5,215,-3.632,S1O
60,C5,216,-3.143,S1O
60,C5,217,-2.655,S1O
60,C5,218,-1.678,S1O
60,C5,219,-0.702,S1O
60,C5,220,-0.702,S1O
60,C5,221,-1.190,S1O
60,C5,222,-2.167,S1O
60,C5,223,-2.167,S1O
60,C5,224,-1.678,S1O
60,C5,225,-0.702,S1O
60,C5,226,-0.702,S1O
60,C5,227,-1.190,S1O
60,C5,228,-2.167,S1O
60,C5,229,-3.632,S1O
60,C5,230,-4.120,S1O
60,C5,231,-5.096,S1O
60,C5,232,-5.096,S1O
60,C5,233,-5.096,S1O
60,C5,234,-5.585,S1O
60,C5,235,-5.585,S1O
60,C5,236,-5.585,S1O
60,C5,237,-5.585,S1O
60,C5,238,-5.096,S1O
60,C5,239,-4.608,S1O
60,C5,240,-4.120,S1O
60,C5,241,-3.632,S1O
60,C5,242,-3.143,S1O
60,C5,243,-3.143,S1O
60,C5,244,-3.632,S1O
60,C5,245,-4.120,S1O
60,C5,246,-4.120,S1O
60,C5,247,-4.120,S1O
60,C5,248,-3.143,S1O
60,C5,249,-3.143,S1O
60,C5,250,-3.632,S1O
60,C5,251,-4.608,S1O
60,C5,252,-5.585,S1O
60,C5,253,-6.073,S1O
60,C5,254,-5.585,S1O
60,C5,255,-4.608,S1O
60,F2,0,-0.214,S1O
60,F2,1,0.275,S1O
60,F2,2,1.251,S1O
60,F2,3,2.228,S1O
60,F2,4,3.204,S1O
60,F2,5,3.204,S1O
60,F2,6,2.716,S1O
60,F2,7,2.228,S1O
60,F2,8,1.740,S1O
60,F2,9,1.740,S1O
60,F2,10,1.740,S1O
60,F2,11,1.740,S1O
60,F2,12,1.740,S1O
60,F2,13,1.251,S1O
60,F2,14,1.251,S1O
60,F2,15,1.251,S1O
60,F2,16,1.740,S1O
60,F2,17,2.228,S1O
60,F2,18,2.716,S1O
60,F2,19,3.693,S1O
60,F2,20,4.181,S1O
60,F2,21,4.181,S1O
60,F2,22,3.204,S1O
60,F2,23,2.228,S1O
60,F2,24,2.228,S1O
60,F2,25,2.716,S1O
60,F2,26,4.181,S1O
60,F2,27,4.669,S1O
60,F2,28,4.669,S1O
60,F2,29,3.693,S1O
60,F2,30,2.228,S1O
60,F2,31,1.740,S1O
60,F2,32,1.740,S1O
60,F2,33,2.228,S1O
60,F2,34,3.204,S1O
60,F2,35,3.204,S1O
60,F2,36,2.228,S1O
60,F2,37,1.740,S1O
60,F2,38,1.251,S1O
60,F2,39,1.740,S1O
60,F2,40,2.228,S1O
60,F2,41,2.228,S1O
60,F2,42,3.204,S1O
60,F2,43,3.693,S1O
60,F2,44,4.181,S1O
60,F2,45,4.181,S1O
60,F2,46,4.181,S1O
60,F2,47,4.181,S1O
60,F2,48,5.157,S1O
60,F2,49,6.134,S1O
60,F2,50,6.622,S1O
60,F2,51,6.622,S1O
60,F2,52,5.646,S1O
60,F2,53,4.669,S1O
60,F2,54,4.181,S1O
60,F2,55,4.181,S1O
60,F2,56,4.669,S1O
60,F2,57,4.669,S1O
60,F2,58,3.693,S1O
60,F2,59,2.716,S1O
60,F2,60,2.228,S1O
60,F2,61,2.716,S1O
60,F2,62,2.716,S1O
60,F2,63,2.228,S1O
60,F2,64,0.763,S1O
60,F2,65,-0.702,S1O
60,F2,66,-1.190,S1O
60,F2,67,-0.214,S1O
60,F2,68,1.740,S1O
60,F2,69,2.716,S1O
60,F2,70,3.204,S1O
60,F2,71,2.228,S1O
60,F2,72,1.251,S1O
60,F2,73,0.763,S1O
60,F2,74,0.275,S1O
60,F2,75,-0.702,S1O
60,F2,76,-2.167,S1O
60,F2,77,-4.120,S1O
60,F2,78,-5.585,S1O
60,F2,79,-5.585,S1O
60,F2,80,-4.120,S1O
60,F2,81,-2.655,S1O
60,F2,82,-1.678,S1O
60,F2,83,-1.678,S1O
60,F2,84,-1.678,S1O
60,F2,85,-2.167,S1O
60,F2,86,-2.167,S1O
60,F2,87,-1.190,S1O
60,F2,88,-0.214,S1O
60,F2,89,0.763,S1O
60,F2,90,1.251,S1O
60,F2,91,1.251,S1O
60,F2,92,1.251,S1O
60,F2,93,0.763,S1O
60,F2,94,0.763,S1O
60,F2,95,1.740,S1O
60,F2,96,3.204,S1O
60,F2,97,4.669,S1O
60,F2,98,5.157,S1O
60,F2,99,5.157,S1O
60,F2,100,4.669,S1O
60,F2,101,3.693,S1O
60,F2,102,3.204,S1O
60,F2,103,3.204,S1O
60,F2,104,3.204,S1O
60,F2,105,2.716,S1O
60,F2,106,1.740,S1O
60,F2,107,1.251,S1O
60,F2,108,1.251,S1O
60,F2,109,2.228,S1O
60,F2,110,2.716,S1O
60,F2,111,3.204,S1O
60,F2,112,3.204,S1O
60,F2,113,3.204,S1O
60,F2,114,3.693,S1O
60,F2,115,4.181,S1O
60,F2,116,4.669,S1O
60,F2,117,4.669,S1O
60,F2,118,5.157,S1O
60,F2,119,5.157,S1O
60,F2,120,5.157,S1O
60,F2,121,4.669,S1O
60,F2,122,4.181,S1O
60,F2,123,2.716,S1O
60,F2,124,1.251,S1O
60,F2,125,0.275,S1O
60,F2,126,-0.214,S1O
60,F2,127,-0.214,S1O
60,F2,128,-1.190,S1O
60,F2,129,-3.143,S1O
60,F2,130,-4.608,S1O
60,F2,131,-6.073,S1O
60,F2,132,-6.073,S1O
60,F2,133,-5.096,S1O
60,F2,134,-3.143,S1O
60,F2,135,-2.167,S1O
60,F2,136,-1.678,S1O
60,F2,137,-2.167,S1O
60,F2,138,-3.143,S1O
60,F2,139,-3.632,S1O
60,F2,140,-4.608,S1O
60,F2,141,-5.096,S1O
60,F2,142,-5.096,S1O
60,F2,143,-5.096,S1O
60,F2,144,-4.608,S1O
60,F2,145,-3.632,S1O
60,F2,146,-3.143,S1O
60,F2,147,-3.143,S1O
60,F2,148,-3.632,S1O
60,F2,149,-4.120,S1O
60,F2,150,-4.608,S1O
60,F2,151,-4.608,S1O
60,F2,152,-3.632,S1O
60,F2,153,-3.143,S1O
60,F2,154,-2.655,S1O
60,F2,155,-2.167,S1O
60,F2,156,-1.678,S1O
60,F2,157,-0.702,S1O
60,F2,158,-0.702,S1O
60,F2,159,-0.702,S1O
60,F2,160,-2.167,S1O
60,F2,161,-3.632,S1O
60,F2,162,-4.120,S1O
60,F2,163,-3.143,S1O
60,F2,164,-1.190,S1O
60,F2,165,1.251,S1O
60,F2,166,2.716,S1O
60,F2,167,2.716,S1O
60,F2,168,1.740,S1O
60,F2,169,0.763,S1O
60,F2,170,-0.214,S1O
60,F2,171,-0.214,S1O
60,F2,172,0.763,S1O
60,F2,173,1.740,S1O
60,F2,174,2.228,S1O
60,F2,175,1.740,S1O
60,F2,176,1.251,S1O
60,F2,177,0.275,S1O
60,F2,178,-0.214,S1O
60,F2,179,-0.214,S1O
60,F2,180,0.763,S1O
60,F2,181,1.740,S1O
60,F2,182,2.716,S1O
60,F2,183,3.204,S1O
60,F2,184,3.204,S1O
60,F2,185,3.204,S1O
60,F2,186,3.204,S1O
60,F2,187,3.204,S1O
60,F2,188,2.716,S1O
60,F2,189,1.740,S1O
60,F2,190,0.275,S1O
60,F2,191,-0.702,S1O
60,F2,192,-1.678,S1O
60,F2,193,-2.167,S1O
60,F2,194,-3.143,S1O
60,F2,195,-3.632,S1O
60,F2,196,-3.632,S1O
60,F2,197,-3.143,S1O
60,F2,198,-1.678,S1O
60,F2,199,-0.214,S1O
60,F2,200,1.251,S1O
60,F2,201,1.740,S1O
60,F2,202,1.740,S1O
60,F2,203,1.251,S1O
60,F2,204,0.763,S1O
60,F2,205,0.275,S1O
60,F2,206,0.275,S1O
60,F2,207,0.275,S1O
60,F2,208,1.251,S1O
60,F2,209,2.228,S1O
60,F2,210,2.716,S1O
60,F2,211,2.716,S1O
60,F2,212,2.716,S1O
60,F2,213,2.228,S1O
60,F2,214,2.228,S1O
60,F2,215,1.740,S1O
60,F2,216,1.251,S1O
60,F2,217,1.251,S1O
60,F2,218,1.251,S1O
60,F2,219,1.251,S1O
60,F2,220,1.251,S1O
60,F2,221,1.740,S1O
60,F2,222,0.763,S1O
60,F2,223,-0.214,S1O
60,F2,224,-0.702,S1O
60,F2,225,-0.214,S1O
60,F2,226,1.251,S1O
60,F2,227,2.228,S1O
60,F2,228,2.228,S1O
60,F2,229,1.251,S1O
60,F2,230,-0.214,S1O
60,F2,231,-0.702,S1O
60,F2,232,-0.702,S1O
60,F2,233,0.275,S1O
60,F2,234,0.763,S1O
60,F2,235,0.763,S1O
60,F2,236,0.275,S1O
60,F2,237,-0.214,S1O
60,F2,238,-0.214,S1O
60,F2,239,0.275,S1O
60,F2,240,-0.214,S1O
60,F2,241,-0.214,S1O
60,F2,242,-0.214,S1O
60,F2,243,-0.214,S1O
60,F2,244,0.275,S1O
60,F2,245,0.763,S1O
60,F2,246,0.763,S1O
60,F2,247,0.763,S1O
60,F2,248,0.275,S1O
60,F2,249,-0.214,S1O
60,F2,250,-0.702,S1O
60,F2,251,-0.702,S1O
60,F2,252,-1.190,S1O
60,F2,253,-1.190,S1O
60,F2,254,-1.190,S1O
60,F2,255,-0.214,S1O
60,F1,0,0.051,S1O
60,F1,1,0.539,S1O
60,F1,2,1.027,S1O
60,F1,3,2.981,S1O
60,F1,4,4.445,S1O
60,F1,5,5.422,S1O
60,F1,6,4.934,S1O
60,F1,7,4.445,S1O
60,F1,8,3.469,S1O
60,F1,9,2.981,S1O
60,F1,10,2.981,S1O
60,F1,11,2.981,S1O
60,F1,12,2.981,S1O
60,F1,13,2.004,S1O
60,F1,14,1.027,S1O
60,F1,15,0.539,S1O
60,F1,16,1.027,S1O
60,F1,17,1.516,S1O
60,F1,18,2.492,S1O
60,F1,19,2.492,S1O
60,F1,20,2.492,S1O
60,F1,21,2.004,S1O
60,F1,22,1.516,S1O
60,F1,23,1.027,S1O
60,F1,24,1.516,S1O
60,F1,25,2.492,S1O
60,F1,26,3.469,S1O
60,F1,27,3.957,S1O
60,F1,28,3.469,S1O
60,F1,29,2.492,S1O
60,F1,30,1.027,S1O
60,F1,31,0.539,S1O
60,F1,32,0.051,S1O
60,F1,33,0.539,S1O
60,F1,34,1.027,S1O
60,F1,35,0.539,S1O
60,F1,36,0.051,S1O
60,F1,37,-0.926,S1O
60,F1,38,-0.926,S1O
60,F1,39,0.051,S1O
60,F1,40,1.027,S1O
60,F1,41,2.004,S1O
60,F1,42,2.492,S1O
60,F1,43,2.981,S1O
60,F1,44,2.492,S1O
60,F1,45,2.981,S1O
60,F1,46,2.981,S1O
60,F1,47,3.469,S1O
60,F1,48,3.957,S1O
60,F1,49,4.445,S1O
60,F1,50,4.934,S1O
60,F1,51,4.934,S1O
60,F1,52,4.445,S1O
60,F1,53,3.957,S1O
60,F1,54,3.469,S1O
60,F1,55,2.492,S1O
60,F1,56,2.004,S1O
60,F1,57,1.027,S1O
60,F1,58,-0.437,S1O
60,F1,59,-0.437,S1O
60,F1,60,-0.437,S1O
60,F1,61,0.539,S1O
60,F1,62,1.027,S1O
60,F1,63,1.027,S1O
60,F1,64,-0.437,S1O
60,F1,65,-1.414,S1O
60,F1,66,-1.902,S1O
60,F1,67,-1.414,S1O
60,F1,68,0.051,S1O
60,F1,69,1.027,S1O
60,F1,70,1.027,S1O
60,F1,71,0.539,S1O
60,F1,72,-0.437,S1O
60,F1,73,-1.414,S1O
60,F1,74,-1.902,S1O
60,F1,75,-2.879,S1O
60,F1,76,-4.344,S1O
60,F1,77,-5.809,S1O
60,F1,78,-6.297,S1O
60,F1,79,-6.297,S1O
60,F1,80,-5.320,S1O
60,F1,81,-4.344,S1O
60,F1,82,-3.855,S1O
60,F1,83,-4.344,S1O
60,F1,84,-4.832,S1O
60,F1,85,-4.832,S1O
60,F1,86,-4.344,S1O
60,F1,87,-3.367,S1O
60,F1,88,-2.391,S1O
60,F1,89,-1.902,S1O
60,F1,90,-1.414,S1O
60,F1,91,-1.414,S1O
60,F1,92,-1.414,S1O
60,F1,93,-1.414,S1O
60,F1,94,-0.926,S1O
60,F1,95,0.051,S1O
60,F1,96,0.539,S1O
60,F1,97,1.516,S1O
60,F1,98,2.004,S1O
60,F1,99,2.492,S1O
60,F1,100,2.981,S1O
60,F1,101,2.981,S1O
60,F1,102,2.004,S1O
60,F1,103,1.027,S1O
60,F1,104,-0.437,S1O
60,F1,105,-1.414,S1O
60,F1,106,-1.902,S1O
60,F1,107,-1.414,S1O
60,F1,108,-0.926,S1O
60,F1,109,0.051,S1O
60,F1,110,0.539,S1O
60,F1,111,0.539,S1O
60,F1,112,1.027,S1O
60,F1,113,1.516,S1O
60,F1,114,2.004,S1O
60,F1,115,2.004,S1O
60,F1,116,2.004,S1O
60,F1,117,2.492,S1O
60,F1,118,2.492,S1O
60,F1,119,2.492,S1O
60,F1,120,2.004,S1O
60,F1,121,1.516,S1O
60,F1,122,1.027,S1O
60,F1,123,0.051,S1O
60,F1,124,-0.437,S1O
60,F1,125,-0.437,S1O
60,F1,126,-0.926,S1O
60,F1,127,-1.902,S1O
60,F1,128,-3.367,S1O
60,F1,129,-4.832,S1O
60,F1,130,-6.297,S1O
60,F1,131,-7.273,S1O
60,F1,132,-7.762,S1O
60,F1,133,-6.785,S1O
60,F1,134,-5.809,S1O
60,F1,135,-4.832,S1O
60,F1,136,-4.344,S1O
60,F1,137,-4.344,S1O
60,F1,138,-5.320,S1O
60,F1,139,-6.297,S1O
60,F1,140,-6.785,S1O
60,F1,141,-7.273,S1O
60,F1,142,-7.273,S1O
60,F1,143,-6.297,S1O
60,F1,144,-5.320,S1O
60,F1,145,-4.832,S1O
60,F1,146,-4.344,S1O
60,F1,147,-4.832,S1O
60,F1,148,-4.832,S1O
60,F1,149,-5.320,S1O
60,F1,150,-5.320,S1O
60,F1,151,-5.809,S1O
60,F1,152,-6.297,S1O
60,F1,153,-6.297,S1O
60,F1,154,-5.320,S1O
60,F1,155,-3.855,S1O
60,F1,156,-2.879,S1O
60,F1,157,-2.391,S1O
60,F1,158,-2.879,S1O
60,F1,159,-3.855,S1O
60,F1,160,-4.344,S1O
60,F1,161,-4.344,S1O
60,F1,162,-3.855,S1O
60,F1,163,-2.879,S1O
60,F1,164,-1.414,S1O
60,F1,165,-0.437,S1O
60,F1,166,0.539,S1O
60,F1,167,0.539,S1O
60,F1,168,0.051,S1O
60,F1,169,-0.437,S1O
60,F1,170,-1.414,S1O
60,F1,171,-1.414,S1O
60,F1,172,0.051,S1O
60,F1,173,1.516,S1O
60,F1,174,2.492,S1O
60,F1,175,2.981,S1O
60,F1,176,2.004,S1O
60,F1,177,1.027,S1O
60,F1,178,0.051,S1O
60,F1,179,0.051,S1O
60,F1,180,0.539,S1O
60,F1,181,1.027,S1O
60,F1,182,1.027,S1O
60,F1,183,1.027,S1O
60,F1,184,1.027,S1O
60,F1,185,0.539,S1O
60,F1,186,0.051,S1O
60,F1,187,-0.437,S1O
60,F1,188,-1.414,S1O
60,F1,189,-2.391,S1O
60,F1,190,-2.879,S1O
60,F1,191,-3.367,S1O
60,F1,192,-3.367,S1O
60,F1,193,-3.367,S1O
60,F1,194,-3.855,S1O
60,F1,195,-4.344,S1O
60,F1,196,-4.344,S1O
60,F1,197,-3.855,S1O
60,F1,198,-2.391,S1O
60,F1,199,-0.926,S1O
60,F1,200,0.051,S1O
60,F1,201,0.051,S1O
60,F1,202,-0.437,S1O
60,F1,203,-1.414,S1O
60,F1,204,-1.414,S1O
60,F1,205,-0.926,S1O
60,F1,206,0.051,S1O
60,F1,207,1.027,S1O
60,F1,208,1.516,S1O
60,F1,209,1.516,S1O
60,F1,210,0.539,S1O
60,F1,211,-0.926,S1O
60,F1,212,-1.902,S1O
60,F1,213,-1.902,S1O
60,F1,214,-1.902,S1O
60,F1,215,-1.414,S1O
60,F1,216,-1.414,S1O
60,F1,217,-1.902,S1O
60,F1,218,-1.902,S1O
60,F1,219,-2.391,S1O
60,F1,220,-2.879,S1O
60,F1,221,-3.367,S1O
60,F1,222,-3.855,S1O
60,F1,223,-4.344,S1O
60,F1,224,-3.367,S1O
60,F1,225,-1.902,S1O
60,F1,226,-0.437,S1O
60,F1,227,0.051,S1O
60,F1,228,-0.926,S1O
60,F1,229,-2.879,S1O
60,F1,230,-4.832,S1O
60,F1,231,-5.320,S1O
60,F1,232,-4.832,S1O
60,F1,233,-3.367,S1O
60,F1,234,-2.391,S1O
60,F1,235,-2.391,S1O
60,F1,236,-2.879,S1O
60,F1,237,-3.367,S1O
60,F1,238,-2.879,S1O
60,F1,239,-2.879,S1O
60,F1,240,-2.391,S1O
60,F1,241,-2.391,S1O
60,F1,242,-2.879,S1O
60,F1,243,-3.367,S1O
60,F1,244,-3.367,S1O
60,F1,245,-2.879,S1O
60,F1,246,-2.391,S1O
60,F1,247,-1.902,S1O
60,F1,248,-1.902,S1O
60,F1,249,-1.902,S1O
60,F1,250,-2.391,S1O
60,F1,251,-2.391,S1O
60,F1,252,-2.879,S1O
60,F1,253,-3.367,S1O
60,F1,254,-3.367,S1O
60,F1,255,-3.367,S1O
60,TP8,0,-1.750,S1O
60,TP8,1,-1.261,S1O
60,TP8,2,-0.773,S1O
60,TP8,3,-0.285,S1O
60,TP8,4,-1.750,S1O
60,TP8,5,-4.191,S1O
60,TP8,6,-7.121,S1O
60,TP8,7,-9.074,S1O
60,TP8,8,-10.050,S1O
60,TP8,9,-8.097,S1O
60,TP8,10,-5.656,S1O
60,TP8,11,-2.238,S1O
60,TP8,12,0.203,S1O
60,TP8,13,1.180,S1O
60,TP8,14,2.645,S1O
60,TP8,15,4.110,S1O
60,TP8,16,5.575,S1O
60,TP8,17,6.063,S1O
60,TP8,18,4.598,S1O
60,TP8,19,2.645,S1O
60,TP8,20,1.180,S1O
60,TP8,21,1.180,S1O
60,TP8,22,2.645,S1O
60,TP8,23,4.598,S1O
60,TP8,24,5.575,S1O
60,TP8,25,4.598,S1O
60,TP8,26,2.157,S1O
60,TP8,27,0.692,S1O
60,TP8,28,0.203,S1O
60,TP8,29,1.180,S1O
60,TP8,30,3.133,S1O
60,TP8,31,5.086,S1O
60,TP8,32,6.551,S1O
60,TP8,33,6.551,S1O
60,TP8,34,6.063,S1O
60,TP8,35,5.086,S1O
60,TP8,36,3.621,S1O
60,TP8,37,1.668,S1O
60,TP8,38,-1.261,S1O
60,TP8,39,-4.191,S1O
60,TP8,40,-6.144,S1O
60,TP8,41,-6.632,S1O
60,TP8,42,-6.144,S1O
60,TP8,43,-4.679,S1O
60,TP8,44,-3.703,S1O
60,TP8,45,-3.215,S1O
60,TP8,46,-2.726,S1O
60,TP8,47,-2.238,S1O
60,TP8,48,-1.750,S1O
60,TP8,49,-1.261,S1O
60,TP8,50,-1.750,S1O
60,TP8,51,-3.703,S1O
60,TP8,52,-5.656,S1O
60,TP8,53,-6.632,S1O
60,TP8,54,-6.144,S1O
60,TP8,55,-4.191,S1O
60,TP8,56,-2.726,S1O
60,TP8,57,-1.750,S1O
60,TP8,58,-2.238,S1O
60,TP8,59,-3.215,S1O
60,TP8,60,-4.191,S1O
60,TP8,61,-5.168,S1O
60,TP8,62,-5.168,S1O
60,TP8,63,-5.168,S1O
60,TP8,64,-5.168,S1O
60,TP8,65,-4.679,S1O
60,TP8,66,-4.191,S1O
60,TP8,67,-4.191,S1O
60,TP8,68,-2.726,S1O
60,TP8,69,-0.773,S1O
60,TP8,70,1.668,S1O
60,TP8,71,4.598,S1O
60,TP8,72,7.528,S1O
60,TP8,73,8.504,S1O
60,TP8,74,8.504,S1O
60,TP8,75,8.016,S1O
60,TP8,76,7.039,S1O
60,TP8,77,6.063,S1O
60,TP8,78,5.086,S1O
60,TP8,79,3.621,S1O
60,TP8,80,2.157,S1O
60,TP8,81,1.180,S1O
60,TP8,82,-0.773,S1O
60,TP8,83,-2.238,S1O
60,TP8,84,-3.703,S1O
60,TP8,85,-4.191,S1O
60,TP8,86,-3.215,S1O
60,TP8,87,-1.261,S1O
60,TP8,88,1.668,S1O
60,TP8,89,4.598,S1O
60,TP8,90,6.063,S1O
60,TP8,91,6.551,S1O
60,TP8,92,5.575,S1O
60,TP8,93,4.598,S1O
60,TP8,94,3.621,S1O
60,TP8,95,3.621,S1O
60,TP8,96,5.086,S1O
60,TP8,97,6.551,S1O
60,TP8,98,8.016,S1O
60,TP8,99,8.504,S1O
60,TP8,100,7.528,S1O
60,TP8,101,6.063,S1O
60,TP8,102,4.110,S1O
60,TP8,103,1.668,S1O
60,TP8,104,0.203,S1O
60,TP8,105,-1.261,S1O
60,TP8,106,-0.773,S1O
60,TP8,107,-0.773,S1O
60,TP8,108,-0.285,S1O
60,TP8,109,-0.285,S1O
60,TP8,110,-0.285,S1O
60,TP8,111,0.203,S1O
60,TP8,112,2.157,S1O
60,TP8,113,4.110,S1O
60,TP8,114,5.575,S1O
60,TP8,115,6.063,S1O
60,TP8,116,4.598,S1O
60,TP8,117,2.157,S1O
60,TP8,118,0.692,S1O
60,TP8,119,0.203,S1O
60,TP8,120,1.668,S1O
60,TP8,121,3.621,S1O
60,TP8,122,5.086,S1O
60,TP8,123,4.598,S1O
60,TP8,124,3.133,S1O
60,TP8,125,0.692,S1O
60,TP8,126,-2.238,S1O
60,TP8,127,-3.703,S1O
60,TP8,128,-4.679,S1O
60,TP8,129,-5.168,S1O
60,TP8,130,-5.656,S1O
60,TP8,131,-6.144,S1O
60,TP8,132,-6.632,S1O
60,TP8,133,-7.121,S1O
60,TP8,134,-7.609,S1O
60,TP8,135,-7.609,S1O
60,TP8,136,-6.144,S1O
60,TP8,137,-4.679,S1O
60,TP8,138,-2.726,S1O
60,TP8,139,-1.261,S1O
60,TP8,140,-0.285,S1O
60,TP8,141,0.203,S1O
60,TP8,142,1.180,S1O
60,TP8,143,2.157,S1O
60,TP8,144,3.133,S1O
60,TP8,145,4.598,S1O
60,TP8,146,5.086,S1O
60,TP8,147,4.598,S1O
60,TP8,148,3.621,S1O
60,TP8,149,3.133,S1O
60,TP8,150,2.157,S1O
60,TP8,151,1.668,S1O
60,TP8,152,0.692,S1O
60,TP8,153,-0.773,S1O
60,TP8,154,-2.238,S1O
60,TP8,155,-2.726,S1O
60,TP8,156,-2.238,S1O
60,TP8,157,-1.261,S1O
60,TP8,158,-0.773,S1O
60,TP8,159,-0.773,S1O
60,TP8,160,-0.773,S1O
60,TP8,161,0.203,S1O
60,TP8,162,2.157,S1O
60,TP8,163,4.110,S1O
60,TP8,164,6.063,S1O
60,TP8,165,7.039,S1O
60,TP8,166,6.551,S1O
60,TP8,167,5.575,S1O
60,TP8,168,5.086,S1O
60,TP8,169,5.575,S1O
60,TP8,170,7.039,S1O
60,TP8,171,8.504,S1O
60,TP8,172,8.504,S1O
60,TP8,173,8.016,S1O
60,TP8,174,6.551,S1O
60,TP8,175,4.110,S1O
60,TP8,176,1.668,S1O
60,TP8,177,-0.285,S1O
60,TP8,178,-1.750,S1O
60,TP8,179,-2.238,S1O
60,TP8,180,-2.238,S1O
60,TP8,181,-1.261,S1O
60,TP8,182,-0.285,S1O
60,TP8,183,1.180,S1O
60,TP8,184,2.157,S1O
60,TP8,185,2.645,S1O
60,TP8,186,2.645,S1O
60,TP8,187,3.133,S1O
60,TP8,188,4.110,S1O
60,TP8,189,5.086,S1O
60,TP8,190,4.598,S1O
60,TP8,191,3.621,S1O
60,TP8,192,1.668,S1O
60,TP8,193,-0.285,S1O
60,TP8,194,-0.773,S1O
60,TP8,195,0.203,S1O
60,TP8,196,0.692,S1O
60,TP8,197,0.203,S1O
60,TP8,198,-0.773,S1O
60,TP8,199,-2.726,S1O
60,TP8,200,-4.679,S1O
60,TP8,201,-6.144,S1O
60,TP8,202,-7.609,S1O
60,TP8,203,-8.586,S1O
60,TP8,204,-9.074,S1O
60,TP8,205,-9.074,S1O
60,TP8,206,-9.074,S1O
60,TP8,207,-9.074,S1O
60,TP8,208,-9.074,S1O
60,TP8,209,-9.074,S1O
60,TP8,210,-8.586,S1O
60,TP8,211,-7.121,S1O
60,TP8,212,-5.168,S1O
60,TP8,213,-3.215,S1O
60,TP8,214,-1.750,S1O
60,TP8,215,-1.261,S1O
60,TP8,216,-1.261,S1O
60,TP8,217,-2.238,S1O
60,TP8,218,-2.726,S1O
60,TP8,219,-3.215,S1O
60,TP8,220,-2.238,S1O
60,TP8,221,-1.261,S1O
60,TP8,222,-0.285,S1O
60,TP8,223,-0.285,S1O
60,TP8,224,-1.261,S1O
60,TP8,225,-2.726,S1O
60,TP8,226,-4.191,S1O
60,TP8,227,-4.191,S1O
60,TP8,228,-4.191,S1O
60,TP8,229,-2.726,S1O
60,TP8,230,-1.261,S1O
60,TP8,231,0.203,S1O
60,TP8,232,0.692,S1O
60,TP8,233,1.668,S1O
60,TP8,234,1.668,S1O
60,TP8,235,1.180,S1O
60,TP8,236,-0.773,S1O
60,TP8,237,-3.215,S1O
60,TP8,238,-4.679,S1O
60,TP8,239,-5.656,S1O
60,TP8,240,-5.168,S1O
60,TP8,241,-3.703,S1O
60,TP8,242,-2.238,S1O
60,TP8,243,-1.261,S1O
60,TP8,244,-2.238,S1O
60,TP8,245,-4.191,S1O
60,TP8,246,-6.144,S1O
60,TP8,247,-7.121,S1O
60,TP8,248,-7.609,S1O
60,TP8,249,-7.121,S1O
60,TP8,250,-6.632,S1O
60,TP8,251,-5.656,S1O
60,TP8,252,-4.679,S1O
60,TP8,253,-3.703,S1O
60,TP8,254,-2.238,S1O
60,TP8,255,-1.750,S1O
60,TP7,0,3.784,S1O
60,TP7,1,5.737,S1O
60,TP7,2,6.714,S1O
60,TP7,3,6.714,S1O
60,TP7,4,6.226,S1O
60,TP7,5,5.249,S1O
60,TP7,6,4.272,S1O
60,TP7,7,2.808,S1O
60,TP7,8,0.366,S1O
60,TP7,9,-2.563,S1O
60,TP7,10,-4.028,S1O
60,TP7,11,-5.005,S1O
60,TP7,12,-4.517,S1O
60,TP7,13,-3.052,S1O
60,TP7,14,-2.075,S1O
60,TP7,15,-1.587,S1O
60,TP7,16,-1.587,S1O
60,TP7,17,-2.075,S1O
60,TP7,18,-3.052,S1O
60,TP7,19,-4.028,S1O
60,TP7,20,-4.517,S1O
60,TP7,21,-4.517,S1O
60,TP7,22,-4.028,S1O
60,TP7,23,-3.540,S1O
60,TP7,24,-3.052,S1O
60,TP7,25,-2.563,S1O
60,TP7,26,-3.052,S1O
60,TP7,27,-3.540,S1O
60,TP7,28,-3.540,S1O
60,TP7,29,-3.052,S1O
60,TP7,30,-2.563,S1O
60,TP7,31,-1.099,S1O
60,TP7,32,-0.610,S1O
60,TP7,33,-1.099,S1O
60,TP7,34,-3.540,S1O
60,TP7,35,-5.981,S1O
60,TP7,36,-7.935,S1O
60,TP7,37,-8.911,S1O
60,TP7,38,-8.423,S1O
60,TP7,39,-7.446,S1O
60,TP7,40,-6.470,S1O
60,TP7,41,-5.981,S1O
60,TP7,42,-6.470,S1O
60,TP7,43,-5.981,S1O
60,TP7,44,-5.981,S1O
60,TP7,45,-5.005,S1O
60,TP7,46,-4.517,S1O
60,TP7,47,-5.005,S1O
60,TP7,48,-5.981,S1O
60,TP7,49,-7.446,S1O
60,TP7,50,-8.423,S1O
60,TP7,51,-8.911,S1O
60,TP7,52,-9.399,S1O
60,TP7,53,-10.376,S1O
60,TP7,54,-11.841,S1O
60,TP7,55,-12.817,S1O
60,TP7,56,-12.817,S1O
60,TP7,57,-11.841,S1O
60,TP7,58,-9.888,S1O
60,TP7,59,-7.935,S1O
60,TP7,60,-7.935,S1O
60,TP7,61,-8.423,S1O
60,TP7,62,-9.888,S1O
60,TP7,63,-10.864,S1O
60,TP7,64,-10.864,S1O
60,TP7,65,-9.888,S1O
60,TP7,66,-7.935,S1O
60,TP7,67,-5.981,S1O
60,TP7,68,-4.028,S1O
60,TP7,69,-3.540,S1O
60,TP7,70,-3.052,S1O
60,TP7,71,-2.563,S1O
60,TP7,72,-2.563,S1O
60,TP7,73,-2.563,S1O
60,TP7,74,-2.563,S1O
60,TP7,75,-2.563,S1O
60,TP7,76,-3.052,S1O
60,TP7,77,-3.052,S1O
60,TP7,78,-2.563,S1O
60,TP7,79,-1.587,S1O
60,TP7,80,-1.099,S1O
60,TP7,81,-0.610,S1O
60,TP7,82,-1.099,S1O
60,TP7,83,-2.563,S1O
60,TP7,84,-4.517,S1O
60,TP7,85,-5.981,S1O
60,TP7,86,-6.470,S1O
60,TP7,87,-5.493,S1O
60,TP7,88,-4.517,S1O
60,TP7,89,-3.540,S1O
60,TP7,90,-3.540,S1O
60,TP7,91,-4.028,S1O
60,TP7,92,-4.028,S1O
60,TP7,93,-3.052,S1O
60,TP7,94,-2.075,S1O
60,TP7,95,-0.610,S1O
60,TP7,96,0.366,S1O
60,TP7,97,1.343,S1O
60,TP7,98,2.319,S1O
60,TP7,99,3.784,S1O
60,TP7,100,4.272,S1O
60,TP7,101,3.784,S1O
60,TP7,102,1.343,S1O
60,TP7,103,-1.587,S1O
60,TP7,104,-4.028,S1O
60,TP7,105,-4.517,S1O
60,TP7,106,-4.028,S1O
60,TP7,107,-3.052,S1O
60,TP7,108,-3.540,S1O
60,TP7,109,-5.005,S1O
60,TP7,110,-6.470,S1O
60,TP7,111,-7.446,S1O
60,TP7,112,-7.446,S1O
60,TP7,113,-6.958,S1O
60,TP7,114,-5.981,S1O
60,TP7,115,-5.005,S1O
60,TP7,116,-4.517,S1O
60,TP7,117,-4.028,S1O
60,TP7,118,-3.052,S1O
60,TP7,119,-2.563,S1O
60,TP7,120,-2.563,S1O
60,TP7,121,-2.563,S1O
60,TP7,122,-2.563,S1O
60,TP7,123,-2.075,S1O
60,TP7,124,-1.099,S1O
60,TP7,125,-1.587,S1O
60,TP7,126,-3.052,S1O
60,TP7,127,-4.517,S1O
60,TP7,128,-5.493,S1O
60,TP7,129,-5.493,S1O
60,TP7,130,-5.005,S1O
60,TP7,131,-4.517,S1O
60,TP7,132,-5.981,S1O
60,TP7,133,-7.935,S1O
60,TP7,134,-9.888,S1O
60,TP7,135,-11.841,S1O
60,TP7,136,-11.841,S1O
60,TP7,137,-11.353,S1O
60,TP7,138,-9.888,S1O
60,TP7,139,-8.911,S1O
60,TP7,140,-8.911,S1O
60,TP7,141,-9.399,S1O
60,TP7,142,-10.376,S1O
60,TP7,143,-9.888,S1O
60,TP7,144,-8.423,S1O
60,TP7,145,-5.981,S1O
60,TP7,146,-4.028,S1O
60,TP7,147,-2.563,S1O
60,TP7,148,-2.563,S1O
60,TP7,149,-4.517,S1O
60,TP7,150,-6.470,S1O
60,TP7,151,-7.935,S1O
60,TP7,152,-7.935,S1O
60,TP7,153,-6.958,S1O
60,TP7,154,-5.981,S1O
60,TP7,155,-5.493,S1O
60,TP7,156,-6.470,S1O
60,TP7,157,-8.423,S1O
60,TP7,158,-9.888,S1O
60,TP7,159,-9.399,S1O
60,TP7,160,-6.958,S1O
60,TP7,161,-4.517,S1O
60,TP7,162,-3.052,S1O
60,TP7,163,-3.540,S1O
60,TP7,164,-4.028,S1O
60,TP7,165,-4.517,S1O
60,TP7,166,-4.028,S1O
60,TP7,167,-2.563,S1O
60,TP7,168,-0.610,S1O
60,TP7,169,1.831,S1O
60,TP7,170,3.296,S1O
60,TP7,171,4.761,S1O
60,TP7,172,7.202,S1O
60,TP7,173,8.667,S1O
60,TP7,174,9.155,S1O
60,TP7,175,7.690,S1O
60,TP7,176,6.714,S1O
60,TP7,177,6.714,S1O
60,TP7,178,7.690,S1O
60,TP7,179,8.667,S1O
60,TP7,180,8.179,S1O
60,TP7,181,5.737,S1O
60,TP7,182,1.831,S1O
60,TP7,183,-1.587,S1O
60,TP7,184,-4.028,S1O
60,TP7,185,-5.493,S1O
60,TP7,186,-5.981,S1O
60,TP7,187,-6.470,S1O
60,TP7,188,-6.470,S1O
60,TP7,189,-5.493,S1O
60,TP7,190,-3.540,S1O
60,TP7,191,-1.099,S1O
60,TP7,192,0.854,S1O
60,TP7,193,0.854,S1O
60,TP7,194,-0.122,S1O
60,TP7,195,-1.587,S1O
60,TP7,196,-1.587,S1O
60,TP7,197,-1.099,S1O
60,TP7,198,-0.122,S1O
60,TP7,199,-0.122,S1O
60,TP7,200,-1.587,S1O
60,TP7,201,-4.517,S1O
60,TP7,202,-7.446,S1O
60,TP7,203,-9.888,S1O
60,TP7,204,-10.864,S1O
60,TP7,205,-10.376,S1O
60,TP7,206,-8.911,S1O
60,TP7,207,-7.935,S1O
60,TP7,208,-7.935,S1O
60,TP7,209,-8.911,S1O
60,TP7,210,-10.376,S1O
60,TP7,211,-10.376,S1O
60,TP7,212,-9.399,S1O
60,TP7,213,-8.423,S1O
60,TP7,214,-6.958,S1O
60,TP7,215,-6.470,S1O
60,TP7,216,-6.470,S1O
60,TP7,217,-6.470,S1O
60,TP7,218,-5.981,S1O
60,TP7,219,-5.493,S1O
60,TP7,220,-5.005,S1O
60,TP7,221,-5.005,S1O
60,TP7,222,-5.005,S1O
60,TP7,223,-5.493,S1O
60,TP7,224,-5.005,S1O
60,TP7,225,-4.517,S1O
60,TP7,226,-4.517,S1O
60,TP7,227,-4.028,S1O
60,TP7,228,-4.028,S1O
60,TP7,229,-4.517,S1O
60,TP7,230,-4.517,S1O
60,TP7,231,-5.005,S1O
60,TP7,232,-5.981,S1O
60,TP7,233,-6.470,S1O
60,TP7,234,-7.446,S1O
60,TP7,235,-7.446,S1O
60,TP7,236,-6.958,S1O
60,TP7,237,-6.470,S1O
60,TP7,238,-5.493,S1O
60,TP7,239,-5.005,S1O
60,TP7,240,-4.517,S1O
60,TP7,241,-4.028,S1O
60,TP7,242,-4.028,S1O
60,TP7,243,-4.028,S1O
60,TP7,244,-4.028,S1O
60,TP7,245,-3.540,S1O
60,TP7,246,-3.052,S1O
60,TP7,247,-2.563,S1O
60,TP7,248,-2.075,S1O
60,TP7,249,-2.563,S1O
60,TP7,250,-3.052,S1O
60,TP7,251,-3.540,S1O
60,TP7,252,-4.028,S1O
60,TP7,253,-4.028,S1O
60,TP7,254,-4.028,S1O
60,TP7,255,-4.028,S1O
60,AFZ,0,1.434,S1O
60,AFZ,1,0.946,S1O
60,AFZ,2,1.434,S1O
60,AFZ,3,2.411,S1O
60,AFZ,4,3.876,S1O
60,AFZ,5,5.341,S1O
60,AFZ,6,5.341,S1O
60,AFZ,7,3.876,S1O
60,AFZ,8,2.899,S1O
60,AFZ,9,1.434,S1O
60,AFZ,10,0.946,S1O
60,AFZ,11,0.946,S1O
60,AFZ,12,0.946,S1O
60,AFZ,13,0.946,S1O
60,AFZ,14,0.946,S1O
60,AFZ,15,0.946,S1O
60,AFZ,16,1.923,S1O
60,AFZ,17,2.899,S1O
60,AFZ,18,3.876,S1O
60,AFZ,19,4.364,S1O
60,AFZ,20,4.364,S1O
60,AFZ,21,3.876,S1O
60,AFZ,22,3.387,S1O
60,AFZ,23,1.923,S1O
60,AFZ,24,1.923,S1O
60,AFZ,25,2.899,S1O
60,AFZ,26,4.364,S1O
60,AFZ,27,5.829,S1O
60,AFZ,28,5.829,S1O
60,AFZ,29,4.364,S1O
60,AFZ,30,2.899,S1O
60,AFZ,31,1.923,S1O
60,AFZ,32,1.434,S1O
60,AFZ,33,2.411,S1O
60,AFZ,34,2.899,S1O
60,AFZ,35,2.899,S1O
60,AFZ,36,2.411,S1O
60,AFZ,37,1.434,S1O
60,AFZ,38,0.946,S1O
60,AFZ,39,1.434,S1O
60,AFZ,40,2.411,S1O
60,AFZ,41,2.899,S1O
60,AFZ,42,3.387,S1O
60,AFZ,43,3.387,S1O
60,AFZ,44,3.387,S1O
60,AFZ,45,3.876,S1O
60,AFZ,46,4.364,S1O
60,AFZ,47,5.341,S1O
60,AFZ,48,6.317,S1O
60,AFZ,49,7.294,S1O
60,AFZ,50,7.782,S1O
60,AFZ,51,6.805,S1O
60,AFZ,52,5.829,S1O
60,AFZ,53,4.364,S1O
60,AFZ,54,2.899,S1O
60,AFZ,55,2.411,S1O
60,AFZ,56,1.923,S1O
60,AFZ,57,1.923,S1O
60,AFZ,58,2.411,S1O
60,AFZ,59,2.411,S1O
60,AFZ,60,2.411,S1O
60,AFZ,61,2.411,S1O
60,AFZ,62,1.923,S1O
60,AFZ,63,0.458,S1O
60,AFZ,64,-1.007,S1O
60,AFZ,65,-2.472,S1O
60,AFZ,66,-2.960,S1O
60,AFZ,67,-1.495,S1O
60,AFZ,68,0.458,S1O
60,AFZ,69,1.923,S1O
60,AFZ,70,1.923,S1O
60,AFZ,71,1.434,S1O
60,AFZ,72,0.458,S1O
60,AFZ,73,-0.031,S1O
60,AFZ,74,-0.519,S1O
60,AFZ,75,-1.984,S1O
60,AFZ,76,-4.425,S1O
60,AFZ,77,-6.866,S1O
60,AFZ,78,-7.355,S1O
60,AFZ,79,-6.866,S1O
60,AFZ,80,-4.913,S1O
60,AFZ,81,-2.960,S1O
60,AFZ,82,-1.984,S1O
60,AFZ,83,-2.960,S1O
60,AFZ,84,-3.937,S1O
60,AFZ,85,-5.402,S1O
60,AFZ,86,-5.402,S1O
60,AFZ,87,-4.425,S1O
60,AFZ,88,-2.960,S1O
60,AFZ,89,-1.495,S1O
60,AFZ,90,-0.031,S1O
60,AFZ,91,0.458,S1O
60,AFZ,92,0.458,S1O
60,AFZ,93,-0.031,S1O
60,AFZ,94,-0.031,S1O
60,AFZ,95,0.458,S1O
60,AFZ,96,1.923,S1O
60,AFZ,97,3.387,S1O
60,AFZ,98,4.364,S1O
60,AFZ,99,4.364,S1O
60,AFZ,100,3.876,S1O
60,AFZ,101,2.899,S1O
60,AFZ,102,1.923,S1O
60,AFZ,103,1.434,S1O
60,AFZ,104,1.434,S1O
60,AFZ,105,1.434,S1O
60,AFZ,106,0.946,S1O
60,AFZ,107,0.458,S1O
60,AFZ,108,-0.031,S1O
60,AFZ,109,-0.031,S1O
60,AFZ,110,-0.519,S1O
60,AFZ,111,-0.031,S1O
60,AFZ,112,0.946,S1O
60,AFZ,113,1.923,S1O
60,AFZ,114,2.411,S1O
60,AFZ,115,2.899,S1O
60,AFZ,116,2.899,S1O
60,AFZ,117,3.387,S1O
60,AFZ,118,3.876,S1O
60,AFZ,119,3.876,S1O
60,AFZ,120,3.387,S1O
60,AFZ,121,2.411,S1O
60,AFZ,122,1.434,S1O
60,AFZ,123,0.458,S1O
60,AFZ,124,-0.519,S1O
60,AFZ,125,-1.495,S1O
60,AFZ,126,-2.472,S1O
60,AFZ,127,-3.448,S1O
60,AFZ,128,-4.913,S1O
60,AFZ,129,-6.866,S1O
60,AFZ,130,-8.820,S1O
60,AFZ,131,-10.284,S1O
60,AFZ,132,-10.284,S1O
60,AFZ,133,-9.796,S1O
60,AFZ,134,-8.331,S1O
60,AFZ,135,-7.355,S1O
60,AFZ,136,-6.378,S1O
60,AFZ,137,-6.378,S1O
60,AFZ,138,-6.866,S1O
60,AFZ,139,-7.843,S1O
60,AFZ,140,-9.308,S1O
60,AFZ,141,-10.284,S1O
60,AFZ,142,-10.284,S1O
60,AFZ,143,-9.796,S1O
60,AFZ,144,-7.843,S1O
60,AFZ,145,-5.890,S1O
60,AFZ,146,-5.402,S1O
60,AFZ,147,-5.890,S1O
60,AFZ,148,-7.355,S1O
60,AFZ,149,-8.331,S1O
60,AFZ,150,-9.308,S1O
60,AFZ,151,-9.308,S1O
60,AFZ,152,-8.331,S1O
60,AFZ,153,-6.866,S1O
60,AFZ,154,-5.402,S1O
60,AFZ,155,-3.937,S1O
60,AFZ,156,-3.448,S1O
60,AFZ,157,-2.960,S1O
60,AFZ,158,-2.960,S1O
60,AFZ,159,-3.937,S1O
60,AFZ,160,-4.425,S1O
60,AFZ,161,-5.402,S1O
60,AFZ,162,-5.890,S1O
60,AFZ,163,-4.913,S1O
60,AFZ,164,-2.960,S1O
60,AFZ,165,-0.519,S1O
60,AFZ,166,1.434,S1O
60,AFZ,167,2.411,S1O
60,AFZ,168,1.434,S1O
60,AFZ,169,-0.031,S1O
60,AFZ,170,-1.007,S1O
60,AFZ,171,-1.007,S1O
60,AFZ,172,-0.031,S1O
60,AFZ,173,1.923,S1O
60,AFZ,174,2.899,S1O
60,AFZ,175,2.899,S1O
60,AFZ,176,1.923,S1O
60,AFZ,177,0.946,S1O
60,AFZ,178,0.458,S1O
60,AFZ,179,-0.031,S1O
60,AFZ,180,0.946,S1O
60,AFZ,181,1.923,S1O
60,AFZ,182,2.411,S1O
60,AFZ,183,2.411,S1O
60,AFZ,184,2.411,S1O
60,AFZ,185,2.411,S1O
60,AFZ,186,2.899,S1O
60,AFZ,187,2.899,S1O
60,AFZ,188,2.411,S1O
60,AFZ,189,0.946,S1O
60,AFZ,190,-0.519,S1O
60,AFZ,191,-1.984,S1O
60,AFZ,192,-2.960,S1O
60,AFZ,193,-3.937,S1O
60,AFZ,194,-5.402,S1O
60,AFZ,195,-6.378,S1O
60,AFZ,196,-6.378,S1O
60,AFZ,197,-5.890,S1O
60,AFZ,198,-3.937,S1O
60,AFZ,199,-1.495,S1O
60,AFZ,200,-0.031,S1O
60,AFZ,201,0.946,S1O
60,AFZ,202,0.946,S1O
60,AFZ,203,0.458,S1O
60,AFZ,204,-0.519,S1O
60,AFZ,205,-1.007,S1O
60,AFZ,206,-1.007,S1O
60,AFZ,207,-1.007,S1O
60,AFZ,208,0.458,S1O
60,AFZ,209,0.946,S1O
60,AFZ,210,1.434,S1O
60,AFZ,211,0.458,S1O
60,AFZ,212,-0.031,S1O
60,AFZ,213,-1.007,S1O
60,AFZ,214,-1.495,S1O
60,AFZ,215,-1.495,S1O
60,AFZ,216,-1.495,S1O
60,AFZ,217,-1.984,S1O
60,AFZ,218,-1.495,S1O
60,AFZ,219,-0.519,S1O
60,AFZ,220,-0.519,S1O
60,AFZ,221,-0.519,S1O
60,AFZ,222,-1.495,S1O
60,AFZ,223,-3.448,S1O
60,AFZ,224,-3.937,S1O
60,AFZ,225,-2.960,S1O
60,AFZ,226,-1.007,S1O
60,AFZ,227,-0.031,S1O
60,AFZ,228,-0.519,S1O
60,AFZ,229,-2.960,S1O
60,AFZ,230,-4.913,S1O
60,AFZ,231,-4.913,S1O
60,AFZ,232,-3.937,S1O
60,AFZ,233,-1.495,S1O
60,AFZ,234,-0.519,S1O
60,AFZ,235,-0.519,S1O
60,AFZ,236,-1.495,S1O
60,AFZ,237,-1.495,S1O
60,AFZ,238,-1.495,S1O
60,AFZ,239,-1.495,S1O
60,AFZ,240,-1.495,S1O
60,AFZ,241,-1.984,S1O
60,AFZ,242,-1.495,S1O
60,AFZ,243,-1.007,S1O
60,AFZ,244,-0.031,S1O
60,AFZ,245,-0.031,S1O
60,AFZ,246,0.458,S1O
60,AFZ,247,-0.031,S1O
60,AFZ,248,-0.031,S1O
60,AFZ,249,-0.031,S1O
60,AFZ,250,-0.031,S1O
60,AFZ,251,-0.519,S1O
60,AFZ,252,-0.519,S1O
60,AFZ,253,-1.007,S1O
60,AFZ,254,-1.495,S1O
60,AFZ,255,-1.007,S1O
60,CP3,0,1.109,S1O
60,CP3,1,1.597,S1O
60,CP3,2,1.109,S1O
60,CP3,3,0.621,S1O
60,CP3,4,0.132,S1O
60,CP3,5,0.132,S1O
60,CP3,6,0.132,S1O
60,CP3,7,-0.356,S1O
60,CP3,8,-1.333,S1O
60,CP3,9,-2.309,S1O
60,CP3,10,-3.286,S1O
60,CP3,11,-3.286,S1O
60,CP3,12,-2.309,S1O
60,CP3,13,-1.333,S1O
60,CP3,14,-0.844,S1O
60,CP3,15,-0.356,S1O
60,CP3,16,-0.356,S1O
60,CP3,17,-0.844,S1O
60,CP3,18,-1.821,S1O
60,CP3,19,-2.797,S1O
60,CP3,20,-3.774,S1O
60,CP3,21,-4.262,S1O
60,CP3,22,-3.774,S1O
60,CP3,23,-3.774,S1O
60,CP3,24,-3.286,S1O
60,CP3,25,-3.286,S1O
60,CP3,26,-3.774,S1O
60,CP3,27,-4.262,S1O
60,CP3,28,-3.774,S1O
60,CP3,29,-3.774,S1O
60,CP3,30,-2.797,S1O
60,CP3,31,-1.821,S1O
60,CP3,32,-1.333,S1O
60,CP3,33,-1.821,S1O
60,CP3,34,-2.797,S1O
60,CP3,35,-3.774,S1O
60,CP3,36,-4.751,S1O
60,CP3,37,-4.262,S1O
60,CP3,38,-3.286,S1O
60,CP3,39,-1.821,S1O
60,CP3,40,-1.333,S1O
60,CP3,41,-1.821,S1O
60,CP3,42,-2.797,S1O
60,CP3,43,-3.774,S1O
60,CP3,44,-4.262,S1O
60,CP3,45,-4.262,S1O
60,CP3,46,-4.262,S1O
60,CP3,47,-4.262,S1O
60,CP3,48,-5.239,S1O
60,CP3,49,-5.727,S1O
60,CP3,50,-6.215,S1O
60,CP3,51,-6.215,S1O
60,CP3,52,-6.215,S1O
60,CP3,53,-6.704,S1O
60,CP3,54,-7.680,S1O
60,CP3,55,-8.169,S1O
60,CP3,56,-8.657,S1O
60,CP3,57,-7.680,S1O
60,CP3,58,-6.704,S1O
60,CP3,59,-5.727,S1O
60,CP3,60,-5.727,S1O
60,CP3,61,-6.215,S1O
60,CP3,62,-6.704,S1O
60,CP3,63,-7.192,S1O
60,CP3,64,-6.704,S1O
60,CP3,65,-5.727,S1O
60,CP3,66,-4.751,S1O
60,CP3,67,-3.774,S1O
60,CP3,68,-3.286,S1O
60,CP3,69,-3.774,S1O
60,CP3,70,-4.751,S1O
60,CP3,71,-5.239,S1O
60,CP3,72,-6.215,S1O
60,CP3,73,-6.215,S1O
60,CP3,74,-6.215,S1O
60,CP3,75,-5.727,S1O
60,CP3,76,-4.751,S1O
60,CP3,77,-4.262,S1O
60,CP3,78,-3.286,S1O
60,CP3,79,-2.797,S1O
60,CP3,80,-2.309,S1O
60,CP3,81,-1.821,S1O
60,CP3,82,-2.309,S1O
60,CP3,83,-2.797,S1O
60,CP3,84,-3.774,S1O
60,CP3,85,-4.262,S1O
60,CP3,86,-4.262,S1O
60,CP3,87,-4.262,S1O
60,CP3,88,-4.262,S1O
60,CP3,89,-4.751,S1O
60,CP3,90,-5.239,S1O
60,CP3,91,-4.751,S1O
60,CP3,92,-4.751,S1O
60,CP3,93,-3.774,S1O
60,CP3,94,-2.797,S1O
60,CP3,95,-1.821,S1O
60,CP3,96,-1.333,S1O
60,CP3,97,-0.356,S1O
60,CP3,98,1.109,S1O
60,CP3,99,2.085,S1O
60,CP3,100,2.085,S1O
60,CP3,101,1.597,S1O
60,CP3,102,0.132,S1O
60,CP3,103,-0.844,S1O
60,CP3,104,-1.333,S1O
60,CP3,105,-0.844,S1O
60,CP3,106,-0.844,S1O
60,CP3,107,-0.844,S1O
60,CP3,108,-1.821,S1O
60,CP3,109,-3.286,S1O
60,CP3,110,-4.262,S1O
60,CP3,111,-4.262,S1O
60,CP3,112,-4.751,S1O
60,CP3,113,-4.751,S1O
60,CP3,114,-4.751,S1O
60,CP3,115,-4.262,S1O
60,CP3,116,-3.774,S1O
60,CP3,117,-3.286,S1O
60,CP3,118,-3.774,S1O
60,CP3,119,-4.262,S1O
60,CP3,120,-4.751,S1O
60,CP3,121,-4.262,S1O
60,CP3,122,-2.797,S1O
60,CP3,123,-0.844,S1O
60,CP3,124,0.132,S1O
60,CP3,125,-0.356,S1O
60,CP3,126,-1.333,S1O
60,CP3,127,-2.309,S1O
60,CP3,128,-2.309,S1O
60,CP3,129,-1.821,S1O
60,CP3,130,-1.821,S1O
60,CP3,131,-2.309,S1O
60,CP3,132,-3.286,S1O
60,CP3,133,-4.751,S1O
60,CP3,134,-5.727,S1O
60,CP3,135,-6.704,S1O
60,CP3,136,-6.704,S1O
60,CP3,137,-6.215,S1O
60,CP3,138,-6.215,S1O
60,CP3,139,-5.727,S1O
60,CP3,140,-6.215,S1O
60,CP3,141,-6.215,S1O
60,CP3,142,-6.215,S1O
60,CP3,143,-5.727,S1O
60,CP3,144,-4.751,S1O
60,CP3,145,-2.309,S1O
60,CP3,146,-0.844,S1O
60,CP3,147,0.621,S1O
60,CP3,148,0.621,S1O
60,CP3,149,-0.356,S1O
60,CP3,150,-1.821,S1O
60,CP3,151,-2.797,S1O
60,CP3,152,-3.286,S1O
60,CP3,153,-2.797,S1O
60,CP3,154,-2.797,S1O
60,CP3,155,-3.286,S1O
60,CP3,156,-4.751,S1O
60,CP3,157,-6.215,S1O
60,CP3,158,-6.215,S1O
60,CP3,159,-5.239,S1O
60,CP3,160,-3.286,S1O
60,CP3,161,-1.821,S1O
60,CP3,162,-0.844,S1O
60,CP3,163,-1.821,S1O
60,CP3,164,-2.309,S1O
60,CP3,165,-3.286,S1O
60,CP3,166,-2.797,S1O
60,CP3,167,-1.821,S1O
60,CP3,168,-0.356,S1O
60,CP3,169,1.109,S1O
60,CP3,170,2.574,S1O
60,CP3,171,4.527,S1O
60,CP3,172,5.503,S1O
60,CP3,173,5.992,S1O
60,CP3,174,5.992,S1O
60,CP3,175,5.015,S1O
60,CP3,176,4.527,S1O
60,CP3,177,4.527,S1O
60,CP3,178,4.527,S1O
60,CP3,179,5.015,S1O
60,CP3,180,3.550,S1O
60,CP3,181,1.597,S1O
60,CP3,182,-0.844,S1O
60,CP3,183,-2.797,S1O
60,CP3,184,-3.774,S1O
60,CP3,185,-4.751,S1O
60,CP3,186,-5.239,S1O
60,CP3,187,-5.239,S1O
60,CP3,188,-4.262,S1O
60,CP3,189,-2.797,S1O
60,CP3,190,-0.844,S1O
60,CP3,191,1.109,S1O
60,CP3,192,2.085,S1O
60,CP3,193,2.085,S1O
60,CP3,194,2.574,S1O
60,CP3,195,2.574,S1O
60,CP3,196,3.062,S1O
60,CP3,197,2.574,S1O
60,CP3,198,2.085,S1O
60,CP3,199,1.109,S1O
60,CP3,200,-0.356,S1O
60,CP3,201,-1.821,S1O
60,CP3,202,-3.774,S1O
60,CP3,203,-4.751,S1O
60,CP3,204,-5.239,S1O
60,CP3,205,-4.751,S1O
60,CP3,206,-4.262,S1O
60,CP3,207,-4.262,S1O
60,CP3,208,-5.239,S1O
60,CP3,209,-5.727,S1O
60,CP3,210,-6.215,S1O
60,CP3,211,-6.215,S1O
60,CP3,212,-5.727,S1O
60,CP3,213,-5.239,S1O
60,CP3,214,-5.239,S1O
60,CP3,215,-5.239,S1O
60,CP3,216,-4.751,S1O
60,CP3,217,-3.774,S1O
60,CP3,218,-2.309,S1O
60,CP3,219,-1.821,S1O
60,CP3,220,-1.333,S1O
60,CP3,221,-1.333,S1O
60,CP3,222,-1.333,S1O
60,CP3,223,-0.844,S1O
60,CP3,224,-0.844,S1O
60,CP3,225,-0.844,S1O
60,CP3,226,-1.821,S1O
60,CP3,227,-2.797,S1O
60,CP3,228,-3.286,S1O
60,CP3,229,-3.286,S1O
60,CP3,230,-3.286,S1O
60,CP3,231,-3.774,S1O
60,CP3,232,-4.751,S1O
60,CP3,233,-5.239,S1O
60,CP3,234,-5.239,S1O
60,CP3,235,-4.751,S1O
60,CP3,236,-4.751,S1O
60,CP3,237,-4.751,S1O
60,CP3,238,-4.751,S1O
60,CP3,239,-4.262,S1O
60,CP3,240,-3.774,S1O
60,CP3,241,-2.797,S1O
60,CP3,242,-1.821,S1O
60,CP3,243,-1.821,S1O
60,CP3,244,-2.309,S1O
60,CP3,245,-2.797,S1O
60,CP3,246,-3.286,S1O
60,CP3,247,-3.286,S1O
60,CP3,248,-3.286,S1O
60,CP3,249,-3.286,S1O
60,CP3,250,-3.286,S1O
60,CP3,251,-3.774,S1O
60,CP3,252,-3.774,S1O
60,CP3,253,-3.774,S1O
60,CP3,254,-3.774,S1O
60,CP3,255,-3.774,S1O
60,CP4,0,-2.706,S1O
60,CP4,1,-2.218,S1O
60,CP4,2,-1.729,S1O
60,CP4,3,-2.218,S1O
60,CP4,4,-3.194,S1O
60,CP4,5,-4.659,S1O
60,CP4,6,-5.636,S1O
60,CP4,7,-5.636,S1O
60,CP4,8,-4.659,S1O
60,CP4,9,-3.682,S1O
60,CP4,10,-2.218,S1O
60,CP4,11,-1.241,S1O
60,CP4,12,-0.264,S1O
60,CP4,13,1.200,S1O
60,CP4,14,2.665,S1O
60,CP4,15,4.130,S1O
60,CP4,16,4.130,S1O
60,CP4,17,3.153,S1O
60,CP4,18,1.200,S1O
60,CP4,19,0.224,S1O
60,CP4,20,0.224,S1O
60,CP4,21,1.689,S1O
60,CP4,22,2.665,S1O
60,CP4,23,3.153,S1O
60,CP4,24,2.177,S1O
60,CP4,25,0.712,S1O
60,CP4,26,-0.264,S1O
60,CP4,27,-0.753,S1O
60,CP4,28,-0.264,S1O
60,CP4,29,0.712,S1O
60,CP4,30,2.665,S1O
60,CP4,31,4.130,S1O
60,CP4,32,5.107,S1O
60,CP4,33,5.107,S1O
60,CP4,34,4.618,S1O
60,CP4,35,4.130,S1O
60,CP4,36,3.642,S1O
60,CP4,37,3.642,S1O
60,CP4,38,3.153,S1O
60,CP4,39,1.200,S1O
60,CP4,40,-0.753,S1O
60,CP4,41,-2.218,S1O
60,CP4,42,-2.218,S1O
60,CP4,43,-1.729,S1O
60,CP4,44,-1.241,S1O
60,CP4,45,-0.753,S1O
60,CP4,46,-1.241,S1O
60,CP4,47,-1.241,S1O
60,CP4,48,-0.753,S1O
60,CP4,49,-0.753,S1O
60,CP4,50,-1.729,S1O
60,CP4,51,-2.706,S1O
60,CP4,52,-3.682,S1O
60,CP4,53,-3.682,S1O
60,CP4,54,-2.218,S1O
60,CP4,55,0.224,S1O
60,CP4,56,1.200,S1O
60,CP4,57,1.689,S1O
60,CP4,58,0.224,S1O
60,CP4,59,-1.729,S1O
60,CP4,60,-3.194,S1O
60,CP4,61,-3.682,S1O
60,CP4,62,-3.194,S1O
60,CP4,63,-1.729,S1O
60,CP4,64,-1.241,S1O
60,CP4,65,-1.729,S1O
60,CP4,66,-2.706,S1O
60,CP4,67,-3.194,S1O
60,CP4,68,-3.194,S1O
60,CP4,69,-1.729,S1O
60,CP4,70,-0.264,S1O
60,CP4,71,1.200,S1O
60,CP4,72,2.177,S1O
60,CP4,73,2.665,S1O
60,CP4,74,2.665,S1O
60,CP4,75,2.177,S1O
60,CP4,76,1.689,S1O
60,CP4,77,1.200,S1O
60,CP4,78,1.200,S1O
60,CP4,79,1.200,S1O
60,CP4,80,1.200,S1O
60,CP4,81,0.712,S1O
60,CP4,82,-0.264,S1O
60,CP4,83,-1.729,S1O
60,CP4,84,-2.218,S1O
60,CP4,85,-2.218,S1O
60,CP4,86,-1.241,S1O
60,CP4,87,0.224,S1O
60,CP4,88,1.200,S1O
60,CP4,89,1.200,S1O
60,CP4,90,1.200,S1O
60,CP4,91,0.712,S1O
60,CP4,92,0.712,S1O
60,CP4,93,0.224,S1O
60,CP4,94,-0.753,S1O
60,CP4,95,-0.753,S1O
60,CP4,96,-0.753,S1O
60,CP4,97,0.224,S1O
60,CP4,98,1.200,S1O
60,CP4,99,1.689,S1O
60,CP4,100,2.177,S1O
60,CP4,101,2.665,S1O
60,CP4,102,2.177,S1O
60,CP4,103,1.200,S1O
60,CP4,104,0.224,S1O
60,CP4,105,-0.753,S1O
60,CP4,106,-1.729,S1O
60,CP4,107,-1.241,S1O
60,CP4,108,-0.753,S1O
60,CP4,109,-0.264,S1O
60,CP4,110,0.224,S1O
60,CP4,111,0.224,S1O
60,CP4,112,0.224,S1O
60,CP4,113,1.200,S1O
60,CP4,114,1.689,S1O
60,CP4,115,1.200,S1O
60,CP4,116,0.712,S1O
60,CP4,117,-0.264,S1O
60,CP4,118,-0.264,S1O
60,CP4,119,-0.264,S1O
60,CP4,120,0.224,S1O
60,CP4,121,0.712,S1O
60,CP4,122,0.712,S1O
60,CP4,123,-0.264,S1O
60,CP4,124,-1.241,S1O
60,CP4,125,-2.706,S1O
60,CP4,126,-3.682,S1O
60,CP4,127,-4.659,S1O
60,CP4,128,-4.171,S1O
60,CP4,129,-3.682,S1O
60,CP4,130,-3.194,S1O
60,CP4,131,-3.194,S1O
60,CP4,132,-3.194,S1O
60,CP4,133,-3.682,S1O
60,CP4,134,-3.682,S1O
60,CP4,135,-3.682,S1O
60,CP4,136,-3.194,S1O
60,CP4,137,-2.218,S1O
60,CP4,138,-1.729,S1O
60,CP4,139,-1.241,S1O
60,CP4,140,-0.753,S1O
60,CP4,141,-0.264,S1O
60,CP4,142,0.224,S1O
60,CP4,143,0.224,S1O
60,CP4,144,1.200,S1O
60,CP4,145,1.200,S1O
60,CP4,146,1.200,S1O
60,CP4,147,0.712,S1O
60,CP4,148,0.224,S1O
60,CP4,149,-0.264,S1O
60,CP4,150,-0.753,S1O
60,CP4,151,-0.264,S1O
60,CP4,152,0.224,S1O
60,CP4,153,0.224,S1O
60,CP4,154,-0.264,S1O
60,CP4,155,-0.753,S1O
60,CP4,156,-0.753,S1O
60,CP4,157,-0.753,S1O
60,CP4,158,-0.264,S1O
60,CP4,159,-0.264,S1O
60,CP4,160,-0.264,S1O
60,CP4,161,-0.264,S1O
60,CP4,162,0.224,S1O
60,CP4,163,1.689,S1O
60,CP4,164,2.665,S1O
60,CP4,165,2.665,S1O
60,CP4,166,1.689,S1O
60,CP4,167,0.224,S1O
60,CP4,168,0.224,S1O
60,CP4,169,1.200,S1O
60,CP4,170,2.665,S1O
60,CP4,171,3.153,S1O
60,CP4,172,2.665,S1O
60,CP4,173,1.200,S1O
60,CP4,174,0.224,S1O
60,CP4,175,-0.264,S1O
60,CP4,176,-0.264,S1O
60,CP4,177,-0.264,S1O
60,CP4,178,-0.753,S1O
60,CP4,179,-1.241,S1O
60,CP4,180,-1.729,S1O
60,CP4,181,-0.753,S1O
60,CP4,182,-0.264,S1O
60,CP4,183,0.712,S1O
60,CP4,184,1.200,S1O
60,CP4,185,1.200,S1O
60,CP4,186,1.200,S1O
60,CP4,187,1.200,S1O
60,CP4,188,1.689,S1O
60,CP4,189,1.689,S1O
60,CP4,190,-0.264,S1O
60,CP4,191,-1.241,S1O
60,CP4,192,-1.729,S1O
60,CP4,193,-1.729,S1O
60,CP4,194,-1.729,S1O
60,CP4,195,-1.729,S1O
60,CP4,196,-1.729,S1O
60,CP4,197,-1.729,S1O
60,CP4,198,-1.729,S1O
60,CP4,199,-2.218,S1O
60,CP4,200,-3.194,S1O
60,CP4,201,-4.659,S1O
60,CP4,202,-5.636,S1O
60,CP4,203,-6.124,S1O
60,CP4,204,-6.124,S1O
60,CP4,205,-5.636,S1O
60,CP4,206,-5.636,S1O
60,CP4,207,-5.636,S1O
60,CP4,208,-5.636,S1O
60,CP4,209,-4.659,S1O
60,CP4,210,-3.682,S1O
60,CP4,211,-2.706,S1O
60,CP4,212,-1.729,S1O
60,CP4,213,-1.729,S1O
60,CP4,214,-1.729,S1O
60,CP4,215,-1.729,S1O
60,CP4,216,-1.729,S1O
60,CP4,217,-2.218,S1O
60,CP4,218,-2.706,S1O
60,CP4,219,-3.194,S1O
60,CP4,220,-2.706,S1O
60,CP4,221,-1.729,S1O
60,CP4,222,-0.264,S1O
60,CP4,223,0.712,S1O
60,CP4,224,0.224,S1O
60,CP4,225,-1.241,S1O
60,CP4,226,-2.706,S1O
60,CP4,227,-2.706,S1O
60,CP4,228,-1.729,S1O
60,CP4,229,-0.264,S1O
60,CP4,230,0.712,S1O
60,CP4,231,0.712,S1O
60,CP4,232,0.224,S1O
60,CP4,233,-0.264,S1O
60,CP4,234,-0.753,S1O
60,CP4,235,-1.241,S1O
60,CP4,236,-1.729,S1O
60,CP4,237,-2.218,S1O
60,CP4,238,-3.194,S1O
60,CP4,239,-3.194,S1O
60,CP4,240,-2.706,S1O
60,CP4,241,-3.194,S1O
60,CP4,242,-3.194,S1O
60,CP4,243,-3.682,S1O
60,CP4,244,-4.171,S1O
60,CP4,245,-4.171,S1O
60,CP4,246,-4.171,S1O
60,CP4,247,-4.659,S1O
60,CP4,248,-5.147,S1O
60,CP4,249,-5.147,S1O
60,CP4,250,-5.147,S1O
60,CP4,251,-3.682,S1O
60,CP4,252,-2.218,S1O
60,CP4,253,-0.753,S1O
60,CP4,254,-0.753,S1O
60,CP4,255,-0.753,S1O
60,P5,0,2.879,S1O
60,P5,1,4.344,S1O
60,P5,2,4.344,S1O
60,P5,3,3.855,S1O
60,P5,4,2.391,S1O
60,P5,5,-0.051,S1O
60,P5,6,-1.516,S1O
60,P5,7,-2.981,S1O
60,P5,8,-3.957,S1O
60,P5,9,-4.934,S1O
60,P5,10,-5.910,S1O
60,P5,11,-5.910,S1O
60,P5,12,-4.934,S1O
60,P5,13,-2.492,S1O
60,P5,14,0.437,S1O
60,P5,15,1.902,S1O
60,P5,16,1.902,S1O
60,P5,17,0.926,S1O
60,P5,18,-1.027,S1O
60,P5,19,-2.492,S1O
60,P5,20,-3.469,S1O
60,P5,21,-3.957,S1O
60,P5,22,-4.445,S1O
60,P5,23,-4.445,S1O
60,P5,24,-4.445,S1O
60,P5,25,-5.422,S1O
60,P5,26,-5.910,S1O
60,P5,27,-6.399,S1O
60,P5,28,-6.399,S1O
60,P5,29,-4.934,S1O
60,P5,30,-3.469,S1O
60,P5,31,-2.004,S1O
60,P5,32,-1.516,S1O
60,P5,33,-1.516,S1O
60,P5,34,-2.492,S1O
60,P5,35,-4.445,S1O
60,P5,36,-5.910,S1O
60,P5,37,-6.399,S1O
60,P5,38,-5.910,S1O
60,P5,39,-4.934,S1O
60,P5,40,-3.957,S1O
60,P5,41,-4.445,S1O
60,P5,42,-5.422,S1O
60,P5,43,-5.910,S1O
60,P5,44,-5.910,S1O
60,P5,45,-5.422,S1O
60,P5,46,-4.934,S1O
60,P5,47,-5.422,S1O
60,P5,48,-6.887,S1O
60,P5,49,-7.863,S1O
60,P5,50,-8.840,S1O
60,P5,51,-9.328,S1O
60,P5,52,-9.328,S1O
60,P5,53,-9.328,S1O
60,P5,54,-9.816,S1O
60,P5,55,-10.305,S1O
60,P5,56,-10.305,S1O
60,P5,57,-8.840,S1O
60,P5,58,-7.863,S1O
60,P5,59,-6.887,S1O
60,P5,60,-6.887,S1O
60,P5,61,-7.863,S1O
60,P5,62,-9.328,S1O
60,P5,63,-10.305,S1O
60,P5,64,-9.816,S1O
60,P5,65,-7.863,S1O
60,P5,66,-6.399,S1O
60,P5,67,-4.934,S1O
60,P5,68,-3.957,S1O
60,P5,69,-3.957,S1O
60,P5,70,-4.445,S1O
60,P5,71,-4.934,S1O
60,P5,72,-5.422,S1O
60,P5,73,-5.422,S1O
60,P5,74,-4.934,S1O
60,P5,75,-4.934,S1O
60,P5,76,-4.934,S1O
60,P5,77,-4.445,S1O
60,P5,78,-3.957,S1O
60,P5,79,-2.981,S1O
60,P5,80,-2.004,S1O
60,P5,81,-1.516,S1O
60,P5,82,-2.004,S1O
60,P5,83,-3.469,S1O
60,P5,84,-4.445,S1O
60,P5,85,-5.422,S1O
60,P5,86,-4.934,S1O
60,P5,87,-4.445,S1O
60,P5,88,-3.957,S1O
60,P5,89,-4.445,S1O
60,P5,90,-4.934,S1O
60,P5,91,-4.934,S1O
60,P5,92,-4.445,S1O
60,P5,93,-3.469,S1O
60,P5,94,-2.981,S1O
60,P5,95,-2.492,S1O
60,P5,96,-2.981,S1O
60,P5,97,-2.004,S1O
60,P5,98,-0.051,S1O
60,P5,99,1.902,S1O
60,P5,100,2.879,S1O
60,P5,101,1.902,S1O
60,P5,102,-0.539,S1O
60,P5,103,-2.492,S1O
60,P5,104,-3.469,S1O
60,P5,105,-3.469,S1O
60,P5,106,-2.981,S1O
60,P5,107,-2.981,S1O
60,P5,108,-3.957,S1O
60,P5,109,-5.422,S1O
60,P5,110,-6.887,S1O
60,P5,111,-6.887,S1O
60,P5,112,-6.887,S1O
60,P5,113,-6.887,S1O
60,P5,114,-6.887,S1O
60,P5,115,-5.910,S1O
60,P5,116,-5.422,S1O
60,P5,117,-4.934,S1O
60,P5,118,-4.934,S1O
60,P5,119,-6.399,S1O
60,P5,120,-6.887,S1O
60,P5,121,-6.399,S1O
60,P5,122,-5.422,S1O
60,P5,123,-4.445,S1O
60,P5,124,-4.445,S1O
60,P5,125,-5.910,S1O
60,P5,126,-7.863,S1O
60,P5,127,-8.352,S1O
60,P5,128,-7.863,S1O
60,P5,129,-6.887,S1O
60,P5,130,-5.910,S1O
60,P5,131,-5.910,S1O
60,P5,132,-7.375,S1O
60,P5,133,-8.840,S1O
60,P5,134,-10.305,S1O
60,P5,135,-10.793,S1O
60,P5,136,-10.793,S1O
60,P5,137,-10.305,S1O
60,P5,138,-9.816,S1O
60,P5,139,-8.840,S1O
60,P5,140,-8.352,S1O
60,P5,141,-8.352,S1O
60,P5,142,-8.352,S1O
60,P5,143,-7.863,S1O
60,P5,144,-6.887,S1O
60,P5,145,-4.934,S1O
60,P5,146,-2.981,S1O
60,P5,147,-1.516,S1O
60,P5,148,-1.516,S1O
60,P5,149,-3.469,S1O
60,P5,150,-5.422,S1O
60,P5,151,-7.375,S1O
60,P5,152,-7.375,S1O
60,P5,153,-7.375,S1O
60,P5,154,-6.887,S1O
60,P5,155,-7.375,S1O
60,P5,156,-8.352,S1O
60,P5,157,-9.816,S1O
60,P5,158,-9.816,S1O
60,P5,159,-8.352,S1O
60,P5,160,-5.910,S1O
60,P5,161,-3.957,S1O
60,P5,162,-2.981,S1O
60,P5,163,-2.981,S1O
60,P5,164,-3.469,S1O
60,P5,165,-3.957,S1O
60,P5,166,-3.469,S1O
60,P5,167,-2.492,S1O
60,P5,168,-1.027,S1O
60,P5,169,0.437,S1O
60,P5,170,2.391,S1O
60,P5,171,3.855,S1O
60,P5,172,4.832,S1O
60,P5,173,5.320,S1O
60,P5,174,5.320,S1O
60,P5,175,4.832,S1O
60,P5,176,3.855,S1O
60,P5,177,4.344,S1O
60,P5,178,4.832,S1O
60,P5,179,5.320,S1O
60,P5,180,4.832,S1O
60,P5,181,2.879,S1O
60,P5,182,-0.051,S1O
60,P5,183,-2.981,S1O
60,P5,184,-4.934,S1O
60,P5,185,-5.910,S1O
60,P5,186,-6.399,S1O
60,P5,187,-5.910,S1O
60,P5,188,-4.934,S1O
60,P5,189,-3.957,S1O
60,P5,190,-2.492,S1O
60,P5,191,-1.027,S1O
60,P5,192,-0.539,S1O
60,P5,193,-0.051,S1O
60,P5,194,-0.539,S1O
60,P5,195,-0.539,S1O
60,P5,196,-0.539,S1O
60,P5,197,-1.027,S1O
60,P5,198,-1.516,S1O
60,P5,199,-2.981,S1O
60,P5,200,-4.934,S1O
60,P5,201,-6.887,S1O
60,P5,202,-9.816,S1O
60,P5,203,-10.793,S1O
60,P5,204,-10.793,S1O
60,P5,205,-9.328,S1O
60,P5,206,-8.352,S1O
60,P5,207,-8.840,S1O
60,P5,208,-9.816,S1O
60,P5,209,-10.305,S1O
60,P5,210,-10.305,S1O
60,P5,211,-8.840,S1O
60,P5,212,-7.863,S1O
60,P5,213,-6.887,S1O
60,P5,214,-6.887,S1O
60,P5,215,-7.375,S1O
60,P5,216,-6.887,S1O
60,P5,217,-5.910,S1O
60,P5,218,-4.934,S1O
60,P5,219,-3.957,S1O
60,P5,220,-2.981,S1O
60,P5,221,-2.981,S1O
60,P5,222,-2.981,S1O
60,P5,223,-2.492,S1O
60,P5,224,-2.981,S1O
60,P5,225,-2.981,S1O
60,P5,226,-3.957,S1O
60,P5,227,-4.445,S1O
60,P5,228,-3.957,S1O
60,P5,229,-2.981,S1O
60,P5,230,-2.492,S1O
60,P5,231,-3.469,S1O
60,P5,232,-4.445,S1O
60,P5,233,-5.422,S1O
60,P5,234,-5.422,S1O
60,P5,235,-4.934,S1O
60,P5,236,-4.445,S1O
60,P5,237,-3.957,S1O
60,P5,238,-3.469,S1O
60,P5,239,-2.981,S1O
60,P5,240,-2.492,S1O
60,P5,241,-1.516,S1O
60,P5,242,-0.539,S1O
60,P5,243,-0.539,S1O
60,P5,244,-1.027,S1O
60,P5,245,-1.516,S1O
60,P5,246,-2.004,S1O
60,P5,247,-2.981,S1O
60,P5,248,-2.981,S1O
60,P5,249,-2.981,S1O
60,P5,250,-2.981,S1O
60,P5,251,-2.981,S1O
60,P5,252,-2.492,S1O
60,P5,253,-2.004,S1O
60,P5,254,-1.516,S1O
60,P5,255,-2.492,S1O
60,P6,0,-1.394,S1O
60,P6,1,-1.394,S1O
60,P6,2,-0.905,S1O
60,P6,3,-1.882,S1O
60,P6,4,-4.812,S1O
60,P6,5,-8.718,S1O
60,P6,6,-11.648,S1O
60,P6,7,-13.112,S1O
60,P6,8,-11.648,S1O
60,P6,9,-7.741,S1O
60,P6,10,-3.835,S1O
60,P6,11,-0.417,S1O
60,P6,12,1.536,S1O
60,P6,13,3.001,S1O
60,P6,14,4.954,S1O
60,P6,15,7.395,S1O
60,P6,16,9.349,S1O
60,P6,17,8.860,S1O
60,P6,18,6.419,S1O
60,P6,19,3.977,S1O
60,P6,20,2.024,S1O
60,P6,21,3.001,S1O
60,P6,22,4.954,S1O
60,P6,23,5.931,S1O
60,P6,24,4.954,S1O
60,P6,25,2.513,S1O
60,P6,26,-0.417,S1O
60,P6,27,-1.394,S1O
60,P6,28,-0.417,S1O
60,P6,29,2.024,S1O
60,P6,30,4.466,S1O
60,P6,31,5.931,S1O
60,P6,32,6.419,S1O
60,P6,33,6.419,S1O
60,P6,34,5.442,S1O
60,P6,35,3.977,S1O
60,P6,36,2.513,S1O
60,P6,37,0.559,S1O
60,P6,38,-1.882,S1O
60,P6,39,-3.835,S1O
60,P6,40,-5.300,S1O
60,P6,41,-5.300,S1O
60,P6,42,-4.812,S1O
60,P6,43,-3.835,S1O
60,P6,44,-3.347,S1O
60,P6,45,-2.858,S1O
60,P6,46,-2.370,S1O
60,P6,47,-1.394,S1O
60,P6,48,-0.417,S1O
60,P6,49,-0.905,S1O
60,P6,50,-1.882,S1O
60,P6,51,-3.835,S1O
60,P6,52,-4.812,S1O
60,P6,53,-4.812,S1O
60,P6,54,-3.835,S1O
60,P6,55,-2.370,S1O
60,P6,56,-1.394,S1O
60,P6,57,-0.905,S1O
60,P6,58,-1.882,S1O
60,P6,59,-3.347,S1O
60,P6,60,-4.812,S1O
60,P6,61,-5.300,S1O
60,P6,62,-4.812,S1O
60,P6,63,-3.835,S1O
60,P6,64,-2.858,S1O
60,P6,65,-2.370,S1O
60,P6,66,-2.858,S1O
60,P6,67,-2.858,S1O
60,P6,68,-2.370,S1O
60,P6,69,-0.417,S1O
60,P6,70,2.513,S1O
60,P6,71,4.954,S1O
60,P6,72,6.419,S1O
60,P6,73,6.419,S1O
60,P6,74,5.931,S1O
60,P6,75,5.442,S1O
60,P6,76,5.442,S1O
60,P6,77,5.442,S1O
60,P6,78,4.466,S1O
60,P6,79,3.001,S1O
60,P6,80,1.536,S1O
60,P6,81,0.559,S1O
60,P6,82,-0.905,S1O
60,P6,83,-2.370,S1O
60,P6,84,-3.347,S1O
60,P6,85,-3.347,S1O
60,P6,86,-1.882,S1O
60,P6,87,1.048,S1O
60,P6,88,3.001,S1O
60,P6,89,4.466,S1O
60,P6,90,4.466,S1O
60,P6,91,3.977,S1O
60,P6,92,3.001,S1O
60,P6,93,2.024,S1O
60,P6,94,2.024,S1O
60,P6,95,2.513,S1O
60,P6,96,3.001,S1O
60,P6,97,4.466,S1O
60,P6,98,5.442,S1O
60,P6,99,5.931,S1O
60,P6,100,5.931,S1O
60,P6,101,4.466,S1O
60,P6,102,3.001,S1O
60,P6,103,1.048,S1O
60,P6,104,-0.905,S1O
60,P6,105,-1.882,S1O
60,P6,106,-1.394,S1O
60,P6,107,-0.905,S1O
60,P6,108,-0.417,S1O
60,P6,109,-0.417,S1O
60,P6,110,-0.905,S1O
60,P6,111,-0.417,S1O
60,P6,112,0.559,S1O
60,P6,113,2.024,S1O
60,P6,114,3.001,S1O
60,P6,115,3.001,S1O
60,P6,116,2.024,S1O
60,P6,117,0.071,S1O
60,P6,118,-1.394,S1O
60,P6,119,-1.882,S1O
60,P6,120,-0.417,S1O
60,P6,121,1.048,S1O
60,P6,122,2.024,S1O
60,P6,123,1.048,S1O
60,P6,124,-0.417,S1O
60,P6,125,-2.858,S1O
60,P6,126,-4.812,S1O
60,P6,127,-5.788,S1O
60,P6,128,-6.276,S1O
60,P6,129,-5.788,S1O
60,P6,130,-5.300,S1O
60,P6,131,-5.300,S1O
60,P6,132,-5.788,S1O
60,P6,133,-7.741,S1O
60,P6,134,-8.230,S1O
60,P6,135,-8.718,S1O
60,P6,136,-8.230,S1O
60,P6,137,-6.276,S1O
60,P6,138,-4.812,S1O
60,P6,139,-3.347,S1O
60,P6,140,-1.882,S1O
60,P6,141,-0.905,S1O
60,P6,142,0.559,S1O
60,P6,143,1.536,S1O
60,P6,144,2.513,S1O
60,P6,145,3.489,S1O
60,P6,146,3.489,S1O
60,P6,147,3.001,S1O
60,P6,148,2.513,S1O
60,P6,149,2.024,S1O
60,P6,150,1.048,S1O
60,P6,151,-0.417,S1O
60,P6,152,-1.882,S1O
60,P6,153,-2.858,S1O
60,P6,154,-3.347,S1O
60,P6,155,-2.858,S1O
60,P6,156,-2.858,S1O
60,P6,157,-2.858,S1O
60,P6,158,-2.370,S1O
60,P6,159,-2.858,S1O
60,P6,160,-2.370,S1O
60,P6,161,-1.394,S1O
60,P6,162,1.048,S1O
60,P6,163,2.513,S1O
60,P6,164,3.977,S1O
60,P6,165,3.977,S1O
60,P6,166,3.001,S1O
60,P6,167,2.513,S1O
60,P6,168,2.513,S1O
60,P6,169,3.489,S1O
60,P6,170,4.466,S1O
60,P6,171,5.442,S1O
60,P6,172,4.954,S1O
60,P6,173,3.977,S1O
60,P6,174,3.001,S1O
60,P6,175,1.536,S1O
60,P6,176,0.071,S1O
60,P6,177,-0.905,S1O
60,P6,178,-1.882,S1O
60,P6,179,-2.858,S1O
60,P6,180,-2.370,S1O
60,P6,181,-1.882,S1O
60,P6,182,-0.905,S1O
60,P6,183,-0.417,S1O
60,P6,184,-0.417,S1O
60,P6,185,-0.905,S1O
60,P6,186,-0.905,S1O
60,P6,187,-0.417,S1O
60,P6,188,0.559,S1O
60,P6,189,0.559,S1O
60,P6,190,-0.417,S1O
60,P6,191,-1.394,S1O
60,P6,192,-2.370,S1O
60,P6,193,-2.858,S1O
60,P6,194,-2.370,S1O
60,P6,195,-2.370,S1O
60,P6,196,-2.370,S1O
60,P6,197,-2.858,S1O
60,P6,198,-4.323,S1O
60,P6,199,-6.276,S1O
60,P6,200,-8.230,S1O
60,P6,201,-10.183,S1O
60,P6,202,-11.648,S1O
60,P6,203,-12.136,S1O
60,P6,204,-11.648,S1O
60,P6,205,-11.159,S1O
60,P6,206,-11.159,S1O
60,P6,207,-11.648,S1O
60,P6,208,-11.648,S1O
60,P6,209,-11.159,S1O
60,P6,210,-10.183,S1O
60,P6,211,-8.718,S1O
60,P6,212,-6.765,S1O
60,P6,213,-5.788,S1O
60,P6,214,-4.812,S1O
60,P6,215,-3.835,S1O
60,P6,216,-3.835,S1O
60,P6,217,-4.323,S1O
60,P6,218,-4.812,S1O
60,P6,219,-5.300,S1O
60,P6,220,-4.812,S1O
60,P6,221,-3.347,S1O
60,P6,222,-1.882,S1O
60,P6,223,-1.394,S1O
60,P6,224,-2.370,S1O
60,P6,225,-4.323,S1O
60,P6,226,-6.276,S1O
60,P6,227,-6.276,S1O
60,P6,228,-4.812,S1O
60,P6,229,-3.347,S1O
60,P6,230,-1.882,S1O
60,P6,231,-0.905,S1O
60,P6,232,-0.905,S1O
60,P6,233,-1.394,S1O
60,P6,234,-1.394,S1O
60,P6,235,-1.882,S1O
60,P6,236,-3.347,S1O
60,P6,237,-5.300,S1O
60,P6,238,-6.765,S1O
60,P6,239,-6.765,S1O
60,P6,240,-5.788,S1O
60,P6,241,-4.323,S1O
60,P6,242,-3.347,S1O
60,P6,243,-3.347,S1O
60,P6,244,-4.323,S1O
60,P6,245,-5.300,S1O
60,P6,246,-6.765,S1O
60,P6,247,-7.253,S1O
60,P6,248,-7.741,S1O
60,P6,249,-7.741,S1O
60,P6,250,-6.765,S1O
60,P6,251,-4.812,S1O
60,P6,252,-2.858,S1O
60,P6,253,-0.905,S1O
60,P6,254,-0.417,S1O
60,P6,255,-1.394,S1O
60,C1,0,0.285,S1O
60,C1,1,0.285,S1O
60,C1,2,0.285,S1O
60,C1,3,0.285,S1O
60,C1,4,0.285,S1O
60,C1,5,0.773,S1O
60,C1,6,1.261,S1O
60,C1,7,1.261,S1O
60,C1,8,1.261,S1O
60,C1,9,0.773,S1O
60,C1,10,0.285,S1O
60,C1,11,-0.203,S1O
60,C1,12,-0.203,S1O
60,C1,13,-0.203,S1O
60,C1,14,-0.203,S1O
60,C1,15,-0.203,S1O
60,C1,16,-0.203,S1O
60,C1,17,-0.692,S1O
60,C1,18,-0.692,S1O
60,C1,19,-1.180,S1O
60,C1,20,-1.180,S1O
60,C1,21,-1.668,S1O
60,C1,22,-1.668,S1O
60,C1,23,-1.668,S1O
60,C1,24,-1.180,S1O
60,C1,25,-1.180,S1O
60,C1,26,-0.692,S1O
60,C1,27,-0.692,S1O
60,C1,28,-1.180,S1O
60,C1,29,-1.180,S1O
60,C1,30,-1.180,S1O
60,C1,31,-1.668,S1O
60,C1,32,-1.668,S1O
60,C1,33,-1.668,S1O
60,C1,34,-2.157,S1O
60,C1,35,-2.645,S1O
60,C1,36,-3.133,S1O
60,C1,37,-3.133,S1O
60,C1,38,-2.645,S1O
60,C1,39,-1.668,S1O
60,C1,40,-1.180,S1O
60,C1,41,-0.692,S1O
60,C1,42,-0.692,S1O
60,C1,43,-1.180,S1O
60,C1,44,-1.668,S1O
60,C1,45,-1.668,S1O
60,C1,46,-2.157,S1O
60,C1,47,-2.157,S1O
60,C1,48,-2.157,S1O
60,C1,49,-2.157,S1O
60,C1,50,-2.157,S1O
60,C1,51,-2.157,S1O
60,C1,52,-1.668,S1O
60,C1,53,-2.157,S1O
60,C1,54,-2.645,S1O
60,C1,55,-3.133,S1O
60,C1,56,-3.621,S1O
60,C1,57,-3.621,S1O
60,C1,58,-3.133,S1O
60,C1,59,-2.645,S1O
60,C1,60,-2.157,S1O
60,C1,61,-2.157,S1O
60,C1,62,-2.157,S1O
60,C1,63,-2.645,S1O
60,C1,64,-2.157,S1O
60,C1,65,-1.668,S1O
60,C1,66,-1.180,S1O
60,C1,67,-0.692,S1O
60,C1,68,-0.692,S1O
60,C1,69,-1.180,S1O
60,C1,70,-1.668,S1O
60,C1,71,-2.157,S1O
60,C1,72,-2.645,S1O
60,C1,73,-2.645,S1O
60,C1,74,-2.645,S1O
60,C1,75,-2.645,S1O
60,C1,76,-2.157,S1O
60,C1,77,-1.668,S1O
60,C1,78,-1.668,S1O
60,C1,79,-1.668,S1O
60,C1,80,-1.668,S1O
60,C1,81,-1.668,S1O
60,C1,82,-1.668,S1O
60,C1,83,-1.668,S1O
60,C1,84,-1.668,S1O
60,C1,85,-2.157,S1O
60,C1,86,-2.157,S1O
60,C1,87,-2.157,S1O
60,C1,88,-2.645,S1O
60,C1,89,-2.645,S1O
60,C1,90,-2.645,S1O
60,C1,91,-2.645,S1O
60,C1,92,-2.645,S1O
60,C1,93,-1.668,S1O
60,C1,94,-1.180,S1O
60,C1,95,-0.692,S1O
60,C1,96,-0.203,S1O
60,C1,97,0.285,S1O
60,C1,98,0.285,S1O
60,C1,99,0.285,S1O
60,C1,100,0.773,S1O
60,C1,101,0.285,S1O
60,C1,102,-0.203,S1O
60,C1,103,-1.180,S1O
60,C1,104,-1.668,S1O
60,C1,105,-1.180,S1O
60,C1,106,-1.180,S1O
60,C1,107,-1.180,S1O
60,C1,108,-1.180,S1O
60,C1,109,-1.668,S1O
60,C1,110,-1.668,S1O
60,C1,111,-2.157,S1O
60,C1,112,-2.157,S1O
60,C1,113,-1.668,S1O
60,C1,114,-1.668,S1O
60,C1,115,-1.668,S1O
60,C1,116,-1.180,S1O
60,C1,117,-1.180,S1O
60,C1,118,-0.692,S1O
60,C1,119,-1.180,S1O
60,C1,120,-1.180,S1O
60,C1,121,-1.668,S1O
60,C1,122,-1.180,S1O
60,C1,123,-0.692,S1O
60,C1,124,0.285,S1O
60,C1,125,0.773,S1O
60,C1,126,0.773,S1O
60,C1,127,-0.203,S1O
60,C1,128,-0.203,S1O
60,C1,129,-0.692,S1O
60,C1,130,-0.692,S1O
60,C1,131,-0.692,S1O
60,C1,132,-0.692,S1O
60,C1,133,-1.180,S1O
60,C1,134,-1.668,S1O
60,C1,135,-2.157,S1O
60,C1,136,-2.645,S1O
60,C1,137,-2.645,S1O
60,C1,138,-2.157,S1O
60,C1,139,-2.645,S1O
60,C1,140,-2.645,S1O
60,C1,141,-3.133,S1O
60,C1,142,-3.133,S1O
60,C1,143,-2.157,S1O
60,C1,144,-1.180,S1O
60,C1,145,-0.692,S1O
60,C1,146,0.285,S1O
60,C1,147,0.773,S1O
60,C1,148,0.773,S1O
60,C1,149,0.285,S1O
60,C1,150,-0.692,S1O
60,C1,151,-1.180,S1O
60,C1,152,-1.668,S1O
60,C1,153,-1.668,S1O
60,C1,154,-1.668,S1O
60,C1,155,-1.180,S1O
60,C1,156,-1.668,S1O
60,C1,157,-2.157,S1O
60,C1,158,-2.645,S1O
60,C1,159,-2.645,S1O
60,C1,160,-2.157,S1O
60,C1,161,-1.668,S1O
60,C1,162,-0.692,S1O
60,C1,163,-0.692,S1O
60,C1,164,-1.180,S1O
60,C1,165,-1.180,S1O
60,C1,166,-1.180,S1O
60,C1,167,-0.692,S1O
60,C1,168,-0.203,S1O
60,C1,169,0.285,S1O
60,C1,170,0.773,S1O
60,C1,171,1.261,S1O
60,C1,172,1.750,S1O
60,C1,173,2.238,S1O
60,C1,174,2.238,S1O
60,C1,175,2.238,S1O
60,C1,176,2.238,S1O
60,C1,177,1.750,S1O
60,C1,178,1.750,S1O
60,C1,179,1.750,S1O
60,C1,180,1.261,S1O
60,C1,181,0.773,S1O
60,C1,182,-0.203,S1O
60,C1,183,-1.180,S1O
60,C1,184,-2.157,S1O
60,C1,185,-2.645,S1O
60,C1,186,-2.645,S1O
60,C1,187,-3.133,S1O
60,C1,188,-2.645,S1O
60,C1,189,-2.157,S1O
60,C1,190,-0.692,S1O
60,C1,191,0.285,S1O
60,C1,192,0.773,S1O
60,C1,193,1.261,S1O
60,C1,194,1.261,S1O
60,C1,195,1.261,S1O
60,C1,196,1.261,S1O
60,C1,197,1.261,S1O
60,C1,198,0.773,S1O
60,C1,199,0.285,S1O
60,C1,200,-0.203,S1O
60,C1,201,-0.692,S1O
60,C1,202,-0.692,S1O
60,C1,203,-0.692,S1O
60,C1,204,-1.180,S1O
60,C1,205,-1.180,S1O
60,C1,206,-0.692,S1O
60,C1,207,-0.692,S1O
60,C1,208,-0.692,S1O
60,C1,209,-1.180,S1O
60,C1,210,-1.668,S1O
60,C1,211,-1.668,S1O
60,C1,212,-2.157,S1O
60,C1,213,-1.668,S1O
60,C1,214,-1.668,S1O
60,C1,215,-1.180,S1O
60,C1,216,-1.180,S1O
60,C1,217,-1.180,S1O
60,C1,218,-0.692,S1O
60,C1,219,-0.692,S1O
60,C1,220,-0.692,S1O
60,C1,221,-0.692,S1O
60,C1,222,-0.692,S1O
60,C1,223,-0.692,S1O
60,C1,224,-0.692,S1O
60,C1,225,-0.692,S1O
60,C1,226,-0.692,S1O
60,C1,227,-0.692,S1O
60,C1,228,-1.180,S1O
60,C1,229,-1.668,S1O
60,C1,230,-2.157,S1O
60,C1,231,-2.645,S1O
60,C1,232,-2.645,S1O
60,C1,233,-3.133,S1O
60,C1,234,-2.645,S1O
60,C1,235,-2.157,S1O
60,C1,236,-2.157,S1O
60,C1,237,-2.157,S1O
60,C1,238,-2.157,S1O
60,C1,239,-2.157,S1O
60,C1,240,-2.157,S1O
60,C1,241,-2.157,S1O
60,C1,242,-2.157,S1O
60,C1,243,-2.157,S1O
60,C1,244,-2.157,S1O
60,C1,245,-2.157,S1O
60,C1,246,-2.157,S1O
60,C1,247,-2.157,S1O
60,C1,248,-2.157,S1O
60,C1,249,-2.157,S1O
60,C1,250,-2.645,S1O
60,C1,251,-2.645,S1O
60,C1,252,-3.133,S1O
60,C1,253,-3.133,S1O
60,C1,254,-3.133,S1O
60,C1,255,-3.133,S1O
60,C2,0,-1.048,S1O
60,C2,1,-1.048,S1O
60,C2,2,-0.559,S1O
60,C2,3,-0.559,S1O
60,C2,4,-0.559,S1O
60,C2,5,-1.048,S1O
60,C2,6,-1.048,S1O
60,C2,7,-1.536,S1O
60,C2,8,-1.048,S1O
60,C2,9,-1.048,S1O
60,C2,10,-0.071,S1O
60,C2,11,-0.071,S1O
60,C2,12,0.417,S1O
60,C2,13,0.905,S1O
60,C2,14,0.905,S1O
60,C2,15,1.394,S1O
60,C2,16,1.394,S1O
60,C2,17,1.394,S1O
60,C2,18,0.905,S1O
60,C2,19,1.394,S1O
60,C2,20,0.905,S1O
60,C2,21,1.394,S1O
60,C2,22,1.882,S1O
60,C2,23,1.394,S1O
60,C2,24,1.394,S1O
60,C2,25,1.394,S1O
60,C2,26,0.905,S1O
60,C2,27,1.394,S1O
60,C2,28,1.394,S1O
60,C2,29,1.394,S1O
60,C2,30,1.882,S1O
60,C2,31,1.882,S1O
60,C2,32,2.370,S1O
60,C2,33,2.858,S1O
60,C2,34,2.858,S1O
60,C2,35,2.370,S1O
60,C2,36,2.858,S1O
60,C2,37,2.858,S1O
60,C2,38,2.858,S1O
60,C2,39,2.370,S1O
60,C2,40,1.882,S1O
60,C2,41,0.905,S1O
60,C2,42,0.417,S1O
60,C2,43,0.417,S1O
60,C2,44,1.394,S1O
60,C2,45,1.882,S1O
60,C2,46,1.882,S1O
60,C2,47,1.882,S1O
60,C2,48,1.882,S1O
60,C2,49,1.882,S1O
60,C2,50,1.882,S1O
60,C2,51,1.882,S1O
60,C2,52,1.394,S1O
60,C2,53,1.394,S1O
60,C2,54,1.394,S1O
60,C2,55,2.370,S1O
60,C2,56,2.858,S1O
60,C2,57,3.347,S1O
60,C2,58,2.858,S1O
60,C2,59,1.882,S1O
60,C2,60,1.394,S1O
60,C2,61,0.905,S1O
60,C2,62,0.905,S1O
60,C2,63,1.394,S1O
60,C2,64,1.394,S1O
60,C2,65,1.394,S1O
60,C2,66,0.905,S1O
60,C2,67,0.417,S1O
60,C2,68,0.905,S1O
60,C2,69,1.394,S1O
60,C2,70,1.882,S1O
60,C2,71,2.370,S1O
60,C2,72,2.370,S1O
60,C2,73,2.370,S1O
60,C2,74,2.370,S1O
60,C2,75,2.370,S1O
60,C2,76,2.370,S1O
60,C2,77,1.882,S1O
60,C2,78,1.882,S1O
60,C2,79,1.882,S1O
60,C2,80,1.882,S1O
60,C2,81,2.370,S1O
60,C2,82,1.882,S1O
60,C2,83,1.882,S1O
60,C2,84,1.394,S1O
60,C2,85,1.394,S1O
60,C2,86,1.882,S1O
60,C2,87,1.882,S1O
60,C2,88,1.882,S1O
60,C2,89,2.370,S1O
60,C2,90,2.370,S1O
60,C2,91,2.370,S1O
60,C2,92,1.882,S1O
60,C2,93,1.394,S1O
60,C2,94,0.905,S1O
60,C2,95,0.905,S1O
60,C2,96,0.417,S1O
60,C2,97,0.905,S1O
60,C2,98,1.394,S1O
60,C2,99,1.882,S1O
60,C2,100,2.370,S1O
60,C2,101,2.370,S1O
60,C2,102,2.370,S1O
60,C2,103,2.370,S1O
60,C2,104,2.858,S1O
60,C2,105,2.370,S1O
60,C2,106,1.882,S1O
60,C2,107,1.394,S1O
60,C2,108,1.394,S1O
60,C2,109,1.882,S1O
60,C2,110,2.370,S1O
60,C2,111,2.370,S1O
60,C2,112,2.370,S1O
60,C2,113,1.882,S1O
60,C2,114,1.882,S1O
60,C2,115,1.882,S1O
60,C2,116,1.882,S1O
60,C2,117,1.882,S1O
60,C2,118,1.882,S1O
60,C2,119,1.394,S1O
60,C2,120,1.394,S1O
60,C2,121,1.394,S1O
60,C2,122,1.394,S1O
60,C2,123,0.905,S1O
60,C2,124,0.905,S1O
60,C2,125,0.417,S1O
60,C2,126,0.417,S1O
60,C2,127,0.417,S1O
60,C2,128,0.905,S1O
60,C2,129,1.394,S1O
60,C2,130,1.394,S1O
60,C2,131,1.394,S1O
60,C2,132,0.905,S1O
60,C2,133,1.394,S1O
60,C2,134,1.882,S1O
60,C2,135,2.370,S1O
60,C2,136,2.370,S1O
60,C2,137,2.370,S1O
60,C2,138,2.370,S1O
60,C2,139,1.882,S1O
60,C2,140,1.882,S1O
60,C2,141,2.370,S1O
60,C2,142,2.370,S1O
60,C2,143,2.370,S1O
60,C2,144,1.882,S1O
60,C2,145,1.882,S1O
60,C2,146,1.882,S1O
60,C2,147,1.394,S1O
60,C2,148,1.394,S1O
60,C2,149,1.394,S1O
60,C2,150,1.882,S1O
60,C2,151,2.370,S1O
60,C2,152,2.858,S1O
60,C2,153,2.858,S1O
60,C2,154,2.858,S1O
60,C2,155,2.370,S1O
60,C2,156,2.370,S1O
60,C2,157,2.858,S1O
60,C2,158,3.347,S1O
60,C2,159,3.347,S1O
60,C2,160,2.370,S1O
60,C2,161,1.882,S1O
60,C2,162,1.394,S1O
60,C2,163,1.394,S1O
60,C2,164,1.882,S1O
60,C2,165,2.370,S1O
60,C2,166,2.370,S1O
60,C2,167,1.882,S1O
60,C2,168,1.394,S1O
60,C2,169,1.394,S1O
60,C2,170,1.394,S1O
60,C2,171,1.394,S1O
60,C2,172,1.882,S1O
60,C2,173,1.394,S1O
60,C2,174,0.905,S1O
60,C2,175,0.905,S1O
60,C2,176,0.905,S1O
60,C2,177,1.394,S1O
60,C2,178,1.394,S1O
60,C2,179,1.394,S1O
60,C2,180,0.905,S1O
60,C2,181,1.394,S1O
60,C2,182,1.394,S1O
60,C2,183,2.370,S1O
60,C2,184,2.858,S1O
60,C2,185,3.347,S1O
60,C2,186,3.835,S1O
60,C2,187,3.347,S1O
60,C2,188,3.347,S1O
60,C2,189,2.858,S1O
60,C2,190,2.370,S1O
60,C2,191,1.394,S1O
60,C2,192,0.905,S1O
60,C2,193,0.417,S1O
60,C2,194,0.905,S1O
60,C2,195,0.905,S1O
60,C2,196,0.905,S1O
60,C2,197,0.905,S1O
60,C2,198,0.905,S1O
60,C2,199,0.905,S1O
60,C2,200,0.905,S1O
60,C2,201,0.905,S1O
60,C2,202,0.417,S1O
60,C2,203,0.417,S1O
60,C2,204,-0.071,S1O
60,C2,205,-0.071,S1O
60,C2,206,0.417,S1O
60,C2,207,0.417,S1O
60,C2,208,0.417,S1O
60,C2,209,0.417,S1O
60,C2,210,0.905,S1O
60,C2,211,0.905,S1O
60,C2,212,1.394,S1O
60,C2,213,1.394,S1O
60,C2,214,1.394,S1O
60,C2,215,1.882,S1O
60,C2,216,1.394,S1O
60,C2,217,1.394,S1O
60,C2,218,1.394,S1O
60,C2,219,0.905,S1O
60,C2,220,0.905,S1O
60,C2,221,0.905,S1O
60,C2,222,1.394,S1O
60,C2,223,1.394,S1O
60,C2,224,1.882,S1O
60,C2,225,1.882,S1O
60,C2,226,1.394,S1O
60,C2,227,1.394,S1O
60,C2,228,1.394,S1O
60,C2,229,1.394,S1O
60,C2,230,1.882,S1O
60,C2,231,1.882,S1O
60,C2,232,1.882,S1O
60,C2,233,1.394,S1O
60,C2,234,0.905,S1O
60,C2,235,0.905,S1O
60,C2,236,0.905,S1O
60,C2,237,0.905,S1O
60,C2,238,0.417,S1O
60,C2,239,0.417,S1O
60,C2,240,0.417,S1O
60,C2,241,0.417,S1O
60,C2,242,0.417,S1O
60,C2,243,-0.071,S1O
60,C2,244,-0.071,S1O
60,C2,245,-0.559,S1O
60,C2,246,-0.071,S1O
60,C2,247,0.417,S1O
60,C2,248,0.417,S1O
60,C2,249,-0.071,S1O
60,C2,250,-0.071,S1O
60,C2,251,-0.071,S1O
60,C2,252,-0.071,S1O
60,C2,253,-0.071,S1O
60,C2,254,0.417,S1O
60,C2,255,0.905,S1O
60,PO7,0,6.612,S1O
60,PO7,1,9.054,S1O
60,PO7,2,9.542,S1O
60,PO7,3,7.100,S1O
60,PO7,4,3.682,S1O
60,PO7,5,-0.224,S1O
60,PO7,6,-3.642,S1O
60,PO7,7,-5.595,S1O
60,PO7,8,-6.571,S1O
60,PO7,9,-8.036,S1O
60,PO7,10,-9.013,S1O
60,PO7,11,-9.501,S1O
60,PO7,12,-8.036,S1O
60,PO7,13,-4.130,S1O
60,PO7,14,0.264,S1O
60,PO7,15,4.171,S1O
60,PO7,16,5.636,S1O
60,PO7,17,5.147,S1O
60,PO7,18,3.194,S1O
60,PO7,19,1.729,S1O
60,PO7,20,0.753,S1O
60,PO7,21,0.753,S1O
60,PO7,22,0.753,S1O
60,PO7,23,-0.224,S1O
60,PO7,24,-2.177,S1O
60,PO7,25,-4.618,S1O
60,PO7,26,-6.571,S1O
60,PO7,27,-7.060,S1O
60,PO7,28,-6.571,S1O
60,PO7,29,-4.618,S1O
60,PO7,30,-2.177,S1O
60,PO7,31,0.753,S1O
60,PO7,32,2.218,S1O
60,PO7,33,2.218,S1O
60,PO7,34,0.753,S1O
60,PO7,35,-2.177,S1O
60,PO7,36,-3.642,S1O
60,PO7,37,-5.107,S1O
60,PO7,38,-5.107,S1O
60,PO7,39,-4.618,S1O
60,PO7,40,-3.642,S1O
60,PO7,41,-3.642,S1O
60,PO7,42,-4.130,S1O
60,PO7,43,-5.107,S1O
60,PO7,44,-5.595,S1O
60,PO7,45,-5.107,S1O
60,PO7,46,-5.107,S1O
60,PO7,47,-5.107,S1O
60,PO7,48,-6.083,S1O
60,PO7,49,-7.548,S1O
60,PO7,50,-9.013,S1O
60,PO7,51,-9.013,S1O
60,PO7,52,-8.036,S1O
60,PO7,53,-7.060,S1O
60,PO7,54,-7.060,S1O
60,PO7,55,-7.548,S1O
60,PO7,56,-8.525,S1O
60,PO7,57,-8.525,S1O
60,PO7,58,-8.036,S1O
60,PO7,59,-7.060,S1O
60,PO7,60,-7.060,S1O
60,PO7,61,-8.036,S1O
60,PO7,62,-9.501,S1O
60,PO7,63,-10.966,S1O
60,PO7,64,-10.478,S1O
60,PO7,65,-8.525,S1O
60,PO7,66,-5.595,S1O
60,PO7,67,-3.642,S1O
60,PO7,68,-2.177,S1O
60,PO7,69,-1.689,S1O
60,PO7,70,-2.665,S1O
60,PO7,71,-3.153,S1O
60,PO7,72,-3.153,S1O
60,PO7,73,-2.665,S1O
60,PO7,74,-2.177,S1O
60,PO7,75,-2.177,S1O
60,PO7,76,-2.177,S1O
60,PO7,77,-2.177,S1O
60,PO7,78,-2.177,S1O
60,PO7,79,-1.689,S1O
60,PO7,80,-0.224,S1O
60,PO7,81,0.753,S1O
60,PO7,82,1.241,S1O
60,PO7,83,-0.224,S1O
60,PO7,84,-2.665,S1O
60,PO7,85,-4.130,S1O
60,PO7,86,-4.618,S1O
60,PO7,87,-3.642,S1O
60,PO7,88,-2.177,S1O
60,PO7,89,-1.200,S1O
60,PO7,90,-0.712,S1O
60,PO7,91,-0.712,S1O
60,PO7,92,-0.712,S1O
60,PO7,93,0.264,S1O
60,PO7,94,1.241,S1O
60,PO7,95,2.706,S1O
60,PO7,96,2.706,S1O
60,PO7,97,3.194,S1O
60,PO7,98,4.171,S1O
60,PO7,99,5.147,S1O
60,PO7,100,6.612,S1O
60,PO7,101,6.612,S1O
60,PO7,102,4.659,S1O
60,PO7,103,1.729,S1O
60,PO7,104,-1.200,S1O
60,PO7,105,-2.177,S1O
60,PO7,106,-1.200,S1O
60,PO7,107,-0.224,S1O
60,PO7,108,-0.712,S1O
60,PO7,109,-3.153,S1O
60,PO7,110,-5.595,S1O
60,PO7,111,-7.060,S1O
60,PO7,112,-6.571,S1O
60,PO7,113,-4.618,S1O
60,PO7,114,-2.177,S1O
60,PO7,115,-0.712,S1O
60,PO7,116,-0.224,S1O
60,PO7,117,-1.200,S1O
60,PO7,118,-3.153,S1O
60,PO7,119,-4.618,S1O
60,PO7,120,-5.107,S1O
60,PO7,121,-3.642,S1O
60,PO7,122,-2.177,S1O
60,PO7,123,-1.689,S1O
60,PO7,124,-2.665,S1O
60,PO7,125,-5.107,S1O
60,PO7,126,-8.036,S1O
60,PO7,127,-9.501,S1O
60,PO7,128,-9.013,S1O
60,PO7,129,-7.548,S1O
60,PO7,130,-6.083,S1O
60,PO7,131,-6.571,S1O
60,PO7,132,-8.036,S1O
60,PO7,133,-9.501,S1O
60,PO7,134,-9.501,S1O
60,PO7,135,-9.013,S1O
60,PO7,136,-8.525,S1O
60,PO7,137,-8.525,S1O
60,PO7,138,-9.501,S1O
60,PO7,139,-9.501,S1O
60,PO7,140,-8.525,S1O
60,PO7,141,-6.571,S1O
60,PO7,142,-4.618,S1O
60,PO7,143,-3.642,S1O
60,PO7,144,-3.153,S1O
60,PO7,145,-2.665,S1O
60,PO7,146,-0.712,S1O
60,PO7,147,0.264,S1O
60,PO7,148,0.753,S1O
60,PO7,149,-0.712,S1O
60,PO7,150,-4.130,S1O
60,PO7,151,-7.548,S1O
60,PO7,152,-9.013,S1O
60,PO7,153,-8.525,S1O
60,PO7,154,-7.548,S1O
60,PO7,155,-7.060,S1O
60,PO7,156,-8.036,S1O
60,PO7,157,-9.501,S1O
60,PO7,158,-9.501,S1O
60,PO7,159,-8.525,S1O
60,PO7,160,-5.595,S1O
60,PO7,161,-2.665,S1O
60,PO7,162,-0.712,S1O
60,PO7,163,-0.712,S1O
60,PO7,164,-1.200,S1O
60,PO7,165,-3.153,S1O
60,PO7,166,-3.642,S1O
60,PO7,167,-3.642,S1O
60,PO7,168,-2.177,S1O
60,PO7,169,-0.224,S1O
60,PO7,170,1.729,S1O
60,PO7,171,3.194,S1O
60,PO7,172,4.171,S1O
60,PO7,173,4.659,S1O
60,PO7,174,5.147,S1O
60,PO7,175,5.636,S1O
60,PO7,176,5.636,S1O
60,PO7,177,6.124,S1O
60,PO7,178,6.612,S1O
60,PO7,179,7.100,S1O
60,PO7,180,6.124,S1O
60,PO7,181,4.659,S1O
60,PO7,182,2.218,S1O
60,PO7,183,-1.200,S1O
60,PO7,184,-4.130,S1O
60,PO7,185,-6.083,S1O
60,PO7,186,-7.060,S1O
60,PO7,187,-6.571,S1O
60,PO7,188,-5.595,S1O
60,PO7,189,-4.618,S1O
60,PO7,190,-4.130,S1O
60,PO7,191,-4.130,S1O
60,PO7,192,-4.130,S1O
60,PO7,193,-4.130,S1O
60,PO7,194,-4.130,S1O
60,PO7,195,-4.130,S1O
60,PO7,196,-4.130,S1O
60,PO7,197,-4.618,S1O
60,PO7,198,-4.618,S1O
60,PO7,199,-6.083,S1O
60,PO7,200,-8.525,S1O
60,PO7,201,-11.943,S1O
60,PO7,202,-14.872,S1O
60,PO7,203,-16.825,S1O
60,PO7,204,-16.337,S1O
60,PO7,205,-15.361,S1O
60,PO7,206,-13.896,S1O
60,PO7,207,-13.896,S1O
60,PO7,208,-15.361,S1O
60,PO7,209,-16.825,S1O
60,PO7,210,-17.314,S1O
60,PO7,211,-16.337,S1O
60,PO7,212,-14.872,S1O
60,PO7,213,-13.407,S1O
60,PO7,214,-12.919,S1O
60,PO7,215,-12.431,S1O
60,PO7,216,-11.943,S1O
60,PO7,217,-10.966,S1O
60,PO7,218,-9.501,S1O
60,PO7,219,-8.525,S1O
60,PO7,220,-7.548,S1O
60,PO7,221,-8.036,S1O
60,PO7,222,-8.525,S1O
60,PO7,223,-9.501,S1O
60,PO7,224,-9.989,S1O
60,PO7,225,-10.966,S1O
60,PO7,226,-11.454,S1O
60,PO7,227,-11.454,S1O
60,PO7,228,-10.478,S1O
60,PO7,229,-9.013,S1O
60,PO7,230,-7.060,S1O
60,PO7,231,-6.571,S1O
60,PO7,232,-6.571,S1O
60,PO7,233,-8.036,S1O
60,PO7,234,-9.501,S1O
60,PO7,235,-9.989,S1O
60,PO7,236,-9.989,S1O
60,PO7,237,-9.501,S1O
60,PO7,238,-9.013,S1O
60,PO7,239,-8.525,S1O
60,PO7,240,-7.548,S1O
60,PO7,241,-7.060,S1O
60,PO7,242,-6.083,S1O
60,PO7,243,-5.107,S1O
60,PO7,244,-5.107,S1O
60,PO7,245,-5.595,S1O
60,PO7,246,-7.060,S1O
60,PO7,247,-8.525,S1O
60,PO7,248,-9.013,S1O
60,PO7,249,-8.525,S1O
60,PO7,250,-7.548,S1O
60,PO7,251,-6.083,S1O
60,PO7,252,-5.107,S1O
60,PO7,253,-4.130,S1O
60,PO7,254,-4.130,S1O
60,PO7,255,-5.107,S1O
60,PO8,0,1.099,S1O
60,PO8,1,1.099,S1O
60,PO8,2,0.122,S1O
60,PO8,3,-2.319,S1O
60,PO8,4,-6.226,S1O
60,PO8,5,-11.108,S1O
60,PO8,6,-15.991,S1O
60,PO8,7,-18.921,S1O
60,PO8,8,-18.433,S1O
60,PO8,9,-14.526,S1O
60,PO8,10,-8.179,S1O
60,PO8,11,-2.319,S1O
60,PO8,12,1.099,S1O
60,PO8,13,3.052,S1O
60,PO8,14,4.517,S1O
60,PO8,15,7.446,S1O
60,PO8,16,10.376,S1O
60,PO8,17,12.329,S1O
60,PO8,18,11.353,S1O
60,PO8,19,8.423,S1O
60,PO8,20,4.517,S1O
60,PO8,21,3.052,S1O
60,PO8,22,4.028,S1O
60,PO8,23,5.981,S1O
60,PO8,24,5.981,S1O
60,PO8,25,4.028,S1O
60,PO8,26,0.122,S1O
60,PO8,27,-3.296,S1O
60,PO8,28,-3.296,S1O
60,PO8,29,-0.366,S1O
60,PO8,30,3.052,S1O
60,PO8,31,5.493,S1O
60,PO8,32,5.981,S1O
60,PO8,33,4.517,S1O
60,PO8,34,2.075,S1O
60,PO8,35,0.122,S1O
60,PO8,36,-1.831,S1O
60,PO8,37,-4.272,S1O
60,PO8,38,-6.714,S1O
60,PO8,39,-9.155,S1O
60,PO8,40,-9.644,S1O
60,PO8,41,-9.155,S1O
60,PO8,42,-8.179,S1O
60,PO8,43,-6.714,S1O
60,PO8,44,-6.714,S1O
60,PO8,45,-6.226,S1O
60,PO8,46,-5.737,S1O
60,PO8,47,-4.272,S1O
60,PO8,48,-2.808,S1O
60,PO8,49,-2.808,S1O
60,PO8,50,-3.784,S1O
60,PO8,51,-5.737,S1O
60,PO8,52,-6.714,S1O
60,PO8,53,-6.714,S1O
60,PO8,54,-6.226,S1O
60,PO8,55,-5.249,S1O
60,PO8,56,-4.761,S1O
60,PO8,57,-5.249,S1O
60,PO8,58,-5.737,S1O
60,PO8,59,-6.714,S1O
60,PO8,60,-7.202,S1O
60,PO8,61,-7.202,S1O
60,PO8,62,-6.714,S1O
60,PO8,63,-5.249,S1O
60,PO8,64,-3.784,S1O
60,PO8,65,-3.296,S1O
60,PO8,66,-2.808,S1O
60,PO8,67,-3.296,S1O
60,PO8,68,-2.808,S1O
60,PO8,69,-1.343,S1O
60,PO8,70,1.587,S1O
60,PO8,71,4.517,S1O
60,PO8,72,6.958,S1O
60,PO8,73,7.446,S1O
60,PO8,74,6.470,S1O
60,PO8,75,5.493,S1O
60,PO8,76,5.005,S1O
60,PO8,77,4.517,S1O
60,PO8,78,3.540,S1O
60,PO8,79,2.075,S1O
60,PO8,80,-0.366,S1O
60,PO8,81,-2.808,S1O
60,PO8,82,-4.761,S1O
60,PO8,83,-6.226,S1O
60,PO8,84,-6.714,S1O
60,PO8,85,-5.737,S1O
60,PO8,86,-4.761,S1O
60,PO8,87,-2.319,S1O
60,PO8,88,0.122,S1O
60,PO8,89,2.075,S1O
60,PO8,90,3.540,S1O
60,PO8,91,3.540,S1O
60,PO8,92,2.563,S1O
60,PO8,93,1.587,S1O
60,PO8,94,1.099,S1O
60,PO8,95,1.587,S1O
60,PO8,96,2.563,S1O
60,PO8,97,4.517,S1O
60,PO8,98,6.470,S1O
60,PO8,99,6.958,S1O
60,PO8,100,5.981,S1O
60,PO8,101,4.028,S1O
60,PO8,102,1.099,S1O
60,PO8,103,-1.343,S1O
60,PO8,104,-3.296,S1O
60,PO8,105,-4.272,S1O
60,PO8,106,-4.761,S1O
60,PO8,107,-5.249,S1O
60,PO8,108,-5.249,S1O
60,PO8,109,-5.249,S1O
60,PO8,110,-5.249,S1O
60,PO8,111,-4.761,S1O
60,PO8,112,-3.296,S1O
60,PO8,113,-1.831,S1O
60,PO8,114,-1.343,S1O
60,PO8,115,-1.343,S1O
60,PO8,116,-1.831,S1O
60,PO8,117,-3.784,S1O
60,PO8,118,-4.761,S1O
60,PO8,119,-5.737,S1O
60,PO8,120,-5.249,S1O
60,PO8,121,-4.272,S1O
60,PO8,122,-3.296,S1O
60,PO8,123,-2.808,S1O
60,PO8,124,-3.784,S1O
60,PO8,125,-6.226,S1O
60,PO8,126,-8.179,S1O
60,PO8,127,-8.667,S1O
60,PO8,128,-8.667,S1O
60,PO8,129,-7.690,S1O
60,PO8,130,-7.202,S1O
60,PO8,131,-7.690,S1O
60,PO8,132,-9.155,S1O
60,PO8,133,-11.597,S1O
60,PO8,134,-13.062,S1O
60,PO8,135,-14.038,S1O
60,PO8,136,-13.550,S1O
60,PO8,137,-12.573,S1O
60,PO8,138,-10.620,S1O
60,PO8,139,-8.667,S1O
60,PO8,140,-6.226,S1O
60,PO8,141,-4.272,S1O
60,PO8,142,-2.319,S1O
60,PO8,143,-0.854,S1O
60,PO8,144,0.610,S1O
60,PO8,145,2.075,S1O
60,PO8,146,2.563,S1O
60,PO8,147,2.563,S1O
60,PO8,148,2.075,S1O
60,PO8,149,0.610,S1O
60,PO8,150,-0.854,S1O
60,PO8,151,-3.296,S1O
60,PO8,152,-5.249,S1O
60,PO8,153,-7.202,S1O
60,PO8,154,-8.179,S1O
60,PO8,155,-8.179,S1O
60,PO8,156,-7.202,S1O
60,PO8,157,-6.226,S1O
60,PO8,158,-5.737,S1O
60,PO8,159,-6.226,S1O
60,PO8,160,-6.714,S1O
60,PO8,161,-6.226,S1O
60,PO8,162,-4.761,S1O
60,PO8,163,-2.319,S1O
60,PO8,164,-0.366,S1O
60,PO8,165,0.610,S1O
60,PO8,166,0.122,S1O
60,PO8,167,-0.854,S1O
60,PO8,168,-0.854,S1O
60,PO8,169,0.122,S1O
60,PO8,170,1.587,S1O
60,PO8,171,2.563,S1O
60,PO8,172,2.563,S1O
60,PO8,173,1.587,S1O
60,PO8,174,0.122,S1O
60,PO8,175,-1.343,S1O
60,PO8,176,-2.808,S1O
60,PO8,177,-3.784,S1O
60,PO8,178,-4.761,S1O
60,PO8,179,-5.249,S1O
60,PO8,180,-5.249,S1O
60,PO8,181,-5.249,S1O
60,PO8,182,-4.761,S1O
60,PO8,183,-4.272,S1O
60,PO8,184,-4.761,S1O
60,PO8,185,-4.761,S1O
60,PO8,186,-5.249,S1O
60,PO8,187,-5.737,S1O
60,PO8,188,-5.249,S1O
60,PO8,189,-5.737,S1O
60,PO8,190,-5.737,S1O
60,PO8,191,-6.714,S1O
60,PO8,192,-7.202,S1O
60,PO8,193,-7.202,S1O
60,PO8,194,-6.714,S1O
60,PO8,195,-6.714,S1O
60,PO8,196,-6.714,S1O
60,PO8,197,-7.690,S1O
60,PO8,198,-9.644,S1O
60,PO8,199,-12.085,S1O
60,PO8,200,-15.015,S1O
60,PO8,201,-17.456,S1O
60,PO8,202,-19.409,S1O
60,PO8,203,-19.409,S1O
60,PO8,204,-19.409,S1O
60,PO8,205,-18.433,S1O
60,PO8,206,-17.944,S1O
60,PO8,207,-18.433,S1O
60,PO8,208,-18.921,S1O
60,PO8,209,-19.409,S1O
60,PO8,210,-18.921,S1O
60,PO8,211,-17.456,S1O
60,PO8,212,-14.526,S1O
60,PO8,213,-12.573,S1O
60,PO8,214,-11.108,S1O
60,PO8,215,-10.132,S1O
60,PO8,216,-10.132,S1O
60,PO8,217,-10.132,S1O
60,PO8,218,-10.132,S1O
60,PO8,219,-10.132,S1O
60,PO8,220,-9.644,S1O
60,PO8,221,-8.667,S1O
60,PO8,222,-7.690,S1O
60,PO8,223,-7.690,S1O
60,PO8,224,-8.179,S1O
60,PO8,225,-9.644,S1O
60,PO8,226,-11.597,S1O
60,PO8,227,-11.597,S1O
60,PO8,228,-10.620,S1O
60,PO8,229,-9.155,S1O
60,PO8,230,-7.202,S1O
60,PO8,231,-6.226,S1O
60,PO8,232,-5.737,S1O
60,PO8,233,-5.249,S1O
60,PO8,234,-5.249,S1O
60,PO8,235,-5.737,S1O
60,PO8,236,-6.714,S1O
60,PO8,237,-8.667,S1O
60,PO8,238,-10.620,S1O
60,PO8,239,-11.597,S1O
60,PO8,240,-10.620,S1O
60,PO8,241,-8.179,S1O
60,PO8,242,-5.737,S1O
60,PO8,243,-4.761,S1O
60,PO8,244,-5.249,S1O
60,PO8,245,-7.202,S1O
60,PO8,246,-9.155,S1O
60,PO8,247,-10.620,S1O
60,PO8,248,-10.132,S1O
60,PO8,249,-9.155,S1O
60,PO8,250,-7.690,S1O
60,PO8,251,-6.226,S1O
60,PO8,252,-4.272,S1O
60,PO8,253,-2.808,S1O
60,PO8,254,-1.831,S1O
60,PO8,255,-1.831,S1O
60,FCZ,0,0.458,S1O
60,FCZ,1,0.946,S1O
60,FCZ,2,1.434,S1O
60,FCZ,3,2.411,S1O
60,FCZ,4,2.899,S1O
60,FCZ,5,2.899,S1O
60,FCZ,6,2.899,S1O
60,FCZ,7,2.899,S1O
60,FCZ,8,2.411,S1O
60,FCZ,9,2.411,S1O
60,FCZ,10,2.411,S1O
60,FCZ,11,2.411,S1O
60,FCZ,12,1.923,S1O
60,FCZ,13,1.434,S1O
60,FCZ,14,0.946,S1O
60,FCZ,15,0.946,S1O
60,FCZ,16,0.458,S1O
60,FCZ,17,0.946,S1O
60,FCZ,18,1.434,S1O
60,FCZ,19,1.923,S1O
60,FCZ,20,2.411,S1O
60,FCZ,21,2.411,S1O
60,FCZ,22,1.923,S1O
60,FCZ,23,1.923,S1O
60,FCZ,24,1.923,S1O
60,FCZ,25,2.411,S1O
60,FCZ,26,2.899,S1O
60,FCZ,27,3.387,S1O
60,FCZ,28,3.387,S1O
60,FCZ,29,2.411,S1O
60,FCZ,30,1.923,S1O
60,FCZ,31,0.946,S1O
60,FCZ,32,0.458,S1O
60,FCZ,33,0.458,S1O
60,FCZ,34,0.458,S1O
60,FCZ,35,-0.031,S1O
60,FCZ,36,-0.031,S1O
60,FCZ,37,-0.031,S1O
60,FCZ,38,-0.519,S1O
60,FCZ,39,-0.519,S1O
60,FCZ,40,-0.031,S1O
60,FCZ,41,0.458,S1O
60,FCZ,42,1.923,S1O
60,FCZ,43,2.411,S1O
60,FCZ,44,2.899,S1O
60,FCZ,45,2.899,S1O
60,FCZ,46,2.411,S1O
60,FCZ,47,2.899,S1O
60,FCZ,48,3.387,S1O
60,FCZ,49,3.876,S1O
60,FCZ,50,4.364,S1O
60,FCZ,51,4.364,S1O
60,FCZ,52,3.876,S1O
60,FCZ,53,3.876,S1O
60,FCZ,54,3.387,S1O
60,FCZ,55,3.387,S1O
60,FCZ,56,2.899,S1O
60,FCZ,57,2.411,S1O
60,FCZ,58,1.923,S1O
60,FCZ,59,1.434,S1O
60,FCZ,60,1.434,S1O
60,FCZ,61,1.923,S1O
60,FCZ,62,2.411,S1O
60,FCZ,63,2.411,S1O
60,FCZ,64,2.411,S1O
60,FCZ,65,1.923,S1O
60,FCZ,66,1.923,S1O
60,FCZ,67,2.411,S1O
60,FCZ,68,2.411,S1O
60,FCZ,69,2.899,S1O
60,FCZ,70,2.899,S1O
60,FCZ,71,2.411,S1O
60,FCZ,72,1.923,S1O
60,FCZ,73,1.434,S1O
60,FCZ,74,0.946,S1O
60,FCZ,75,0.458,S1O
60,FCZ,76,-0.519,S1O
60,FCZ,77,-1.495,S1O
60,FCZ,78,-1.984,S1O
60,FCZ,79,-2.472,S1O
60,FCZ,80,-2.472,S1O
60,FCZ,81,-1.984,S1O
60,FCZ,82,-1.007,S1O
60,FCZ,83,-0.519,S1O
60,FCZ,84,-0.031,S1O
60,FCZ,85,0.458,S1O
60,FCZ,86,0.458,S1O
60,FCZ,87,0.458,S1O
60,FCZ,88,0.946,S1O
60,FCZ,89,0.946,S1O
60,FCZ,90,1.434,S1O
60,FCZ,91,1.434,S1O
60,FCZ,92,1.434,S1O
60,FCZ,93,0.946,S1O
60,FCZ,94,0.946,S1O
60,FCZ,95,0.946,S1O
60,FCZ,96,1.434,S1O
60,FCZ,97,1.923,S1O
60,FCZ,98,2.411,S1O
60,FCZ,99,1.923,S1O
60,FCZ,100,1.923,S1O
60,FCZ,101,1.434,S1O
60,FCZ,102,1.434,S1O
60,FCZ,103,0.946,S1O
60,FCZ,104,0.946,S1O
60,FCZ,105,0.946,S1O
60,FCZ,106,0.946,S1O
60,FCZ,107,0.946,S1O
60,FCZ,108,0.946,S1O
60,FCZ,109,1.434,S1O
60,FCZ,110,1.923,S1O
60,FCZ,111,1.923,S1O
60,FCZ,112,1.923,S1O
60,FCZ,113,1.923,S1O
60,FCZ,114,1.923,S1O
60,FCZ,115,1.923,S1O
60,FCZ,116,1.923,S1O
60,FCZ,117,2.411,S1O
60,FCZ,118,2.411,S1O
60,FCZ,119,2.899,S1O
60,FCZ,120,2.899,S1O
60,FCZ,121,2.411,S1O
60,FCZ,122,2.411,S1O
60,FCZ,123,1.923,S1O
60,FCZ,124,1.923,S1O
60,FCZ,125,1.923,S1O
60,FCZ,126,1.923,S1O
60,FCZ,127,1.923,S1O
60,FCZ,128,1.434,S1O
60,FCZ,129,0.946,S1O
60,FCZ,130,-0.031,S1O
60,FCZ,131,-0.519,S1O
60,FCZ,132,-0.519,S1O
60,FCZ,133,-0.031,S1O
60,FCZ,134,0.458,S1O
60,FCZ,135,0.458,S1O
60,FCZ,136,0.946,S1O
60,FCZ,137,0.946,S1O
60,FCZ,138,-0.031,S1O
60,FCZ,139,-0.519,S1O
60,FCZ,140,-1.495,S1O
60,FCZ,141,-1.495,S1O
60,FCZ,142,-1.495,S1O
60,FCZ,143,-1.007,S1O
60,FCZ,144,-1.007,S1O
60,FCZ,145,-0.519,S1O
60,FCZ,146,-0.519,S1O
60,FCZ,147,-0.519,S1O
60,FCZ,148,-0.519,S1O
60,FCZ,149,-1.007,S1O
60,FCZ,150,-1.007,S1O
60,FCZ,151,-1.007,S1O
60,FCZ,152,-1.495,S1O
60,FCZ,153,-1.007,S1O
60,FCZ,154,-1.007,S1O
60,FCZ,155,-0.519,S1O
60,FCZ,156,-0.031,S1O
60,FCZ,157,-0.031,S1O
60,FCZ,158,-0.519,S1O
60,FCZ,159,-1.007,S1O
60,FCZ,160,-1.007,S1O
60,FCZ,161,-1.495,S1O
60,FCZ,162,-1.495,S1O
60,FCZ,163,-1.007,S1O
60,FCZ,164,-0.519,S1O
60,FCZ,165,0.458,S1O
60,FCZ,166,1.434,S1O
60,FCZ,167,1.434,S1O
60,FCZ,168,1.434,S1O
60,FCZ,169,0.946,S1O
60,FCZ,170,-0.031,S1O
60,FCZ,171,-0.519,S1O
60,FCZ,172,-0.519,S1O
60,FCZ,173,-0.519,S1O
60,FCZ,174,0.458,S1O
60,FCZ,175,-0.031,S1O
60,FCZ,176,-0.519,S1O
60,FCZ,177,-1.007,S1O
60,FCZ,178,-1.007,S1O
60,FCZ,179,-1.007,S1O
60,FCZ,180,-1.007,S1O
60,FCZ,181,-0.519,S1O
60,FCZ,182,0.458,S1O
60,FCZ,183,0.946,S1O
60,FCZ,184,0.946,S1O
60,FCZ,185,1.434,S1O
60,FCZ,186,1.434,S1O
60,FCZ,187,0.946,S1O
60,FCZ,188,0.458,S1O
60,FCZ,189,-0.031,S1O
60,FCZ,190,-0.519,S1O
60,FCZ,191,-1.495,S1O
60,FCZ,192,-1.495,S1O
60,FCZ,193,-1.984,S1O
60,FCZ,194,-2.472,S1O
60,FCZ,195,-2.960,S1O
60,FCZ,196,-2.960,S1O
60,FCZ,197,-2.472,S1O
60,FCZ,198,-1.984,S1O
60,FCZ,199,-1.007,S1O
60,FCZ,200,-0.031,S1O
60,FCZ,201,-0.031,S1O
60,FCZ,202,0.458,S1O
60,FCZ,203,0.458,S1O
60,FCZ,204,0.946,S1O
60,FCZ,205,0.946,S1O
60,FCZ,206,1.434,S1O
60,FCZ,207,1.923,S1O
60,FCZ,208,2.411,S1O
60,FCZ,209,2.411,S1O
60,FCZ,210,2.411,S1O
60,FCZ,211,1.923,S1O
60,FCZ,212,1.434,S1O
60,FCZ,213,0.946,S1O
60,FCZ,214,0.946,S1O
60,FCZ,215,0.946,S1O
60,FCZ,216,0.946,S1O
60,FCZ,217,0.458,S1O
60,FCZ,218,0.458,S1O
60,FCZ,219,-0.519,S1O
60,FCZ,220,-0.519,S1O
60,FCZ,221,-1.007,S1O
60,FCZ,222,-1.007,S1O
60,FCZ,223,-1.007,S1O
60,FCZ,224,-0.519,S1O
60,FCZ,225,-0.031,S1O
60,FCZ,226,0.458,S1O
60,FCZ,227,0.946,S1O
60,FCZ,228,1.434,S1O
60,FCZ,229,0.946,S1O
60,FCZ,230,-0.031,S1O
60,FCZ,231,-1.007,S1O
60,FCZ,232,-1.007,S1O
60,FCZ,233,-0.519,S1O
60,FCZ,234,-0.519,S1O
60,FCZ,235,-0.519,S1O
60,FCZ,236,-0.519,S1O
60,FCZ,237,-0.519,S1O
60,FCZ,238,-1.007,S1O
60,FCZ,239,-1.007,S1O
60,FCZ,240,-1.007,S1O
60,FCZ,241,-1.007,S1O
60,FCZ,242,-1.007,S1O
60,FCZ,243,-1.007,S1O
60,FCZ,244,-1.007,S1O
60,FCZ,245,-1.007,S1O
60,FCZ,246,-0.519,S1O
60,FCZ,247,-0.031,S1O
60,FCZ,248,0.458,S1O
60,FCZ,249,-0.031,S1O
60,FCZ,250,-0.519,S1O
60,FCZ,251,-1.007,S1O
60,FCZ,252,-1.495,S1O
60,FCZ,253,-1.495,S1O
60,FCZ,254,-1.495,S1O
60,FCZ,255,-1.007,S1O
60,POZ,0,1.363,S1O
60,POZ,1,1.851,S1O
60,POZ,2,1.363,S1O
60,POZ,3,-0.102,S1O
60,POZ,4,-2.543,S1O
60,POZ,5,-5.961,S1O
60,POZ,6,-8.403,S1O
60,POZ,7,-9.379,S1O
60,POZ,8,-8.891,S1O
60,POZ,9,-6.938,S1O
60,POZ,10,-4.496,S1O
60,POZ,11,-2.543,S1O
60,POZ,12,-0.590,S1O
60,POZ,13,1.363,S1O
60,POZ,14,3.316,S1O
60,POZ,15,5.269,S1O
60,POZ,16,6.246,S1O
60,POZ,17,6.246,S1O
60,POZ,18,4.781,S1O
60,POZ,19,2.340,S1O
60,POZ,20,0.387,S1O
60,POZ,21,-0.590,S1O
60,POZ,22,-0.590,S1O
60,POZ,23,-0.590,S1O
60,POZ,24,-1.078,S1O
60,POZ,25,-2.543,S1O
60,POZ,26,-4.985,S1O
60,POZ,27,-6.449,S1O
60,POZ,28,-5.961,S1O
60,POZ,29,-4.008,S1O
60,POZ,30,-1.078,S1O
60,POZ,31,1.851,S1O
60,POZ,32,2.828,S1O
60,POZ,33,2.828,S1O
60,POZ,34,1.851,S1O
60,POZ,35,0.875,S1O
60,POZ,36,0.387,S1O
60,POZ,37,0.387,S1O
60,POZ,38,0.875,S1O
60,POZ,39,0.875,S1O
60,POZ,40,0.387,S1O
60,POZ,41,-0.102,S1O
60,POZ,42,-1.078,S1O
60,POZ,43,-2.055,S1O
60,POZ,44,-2.543,S1O
60,POZ,45,-3.520,S1O
60,POZ,46,-4.008,S1O
60,POZ,47,-4.496,S1O
60,POZ,48,-4.985,S1O
60,POZ,49,-5.961,S1O
60,POZ,50,-7.426,S1O
60,POZ,51,-8.891,S1O
60,POZ,52,-9.867,S1O
60,POZ,53,-9.379,S1O
60,POZ,54,-8.891,S1O
60,POZ,55,-8.403,S1O
60,POZ,56,-7.914,S1O
60,POZ,57,-7.914,S1O
60,POZ,58,-6.938,S1O
60,POZ,59,-6.449,S1O
60,POZ,60,-6.449,S1O
60,POZ,61,-5.961,S1O
60,POZ,62,-5.961,S1O
60,POZ,63,-5.961,S1O
60,POZ,64,-5.473,S1O
60,POZ,65,-5.473,S1O
60,POZ,66,-4.985,S1O
60,POZ,67,-4.496,S1O
60,POZ,68,-4.496,S1O
60,POZ,69,-4.496,S1O
60,POZ,70,-4.496,S1O
60,POZ,71,-4.985,S1O
60,POZ,72,-5.473,S1O
60,POZ,73,-5.961,S1O
60,POZ,74,-5.961,S1O
60,POZ,75,-4.985,S1O
60,POZ,76,-3.520,S1O
60,POZ,77,-2.055,S1O
60,POZ,78,-1.078,S1O
60,POZ,79,-0.590,S1O
60,POZ,80,-0.590,S1O
60,POZ,81,-0.590,S1O
60,POZ,82,-0.590,S1O
60,POZ,83,-0.590,S1O
60,POZ,84,-1.567,S1O
60,POZ,85,-1.567,S1O
60,POZ,86,-1.567,S1O
60,POZ,87,-0.590,S1O
60,POZ,88,0.387,S1O
60,POZ,89,1.363,S1O
60,POZ,90,1.363,S1O
60,POZ,91,0.387,S1O
60,POZ,92,-0.590,S1O
60,POZ,93,-1.567,S1O
60,POZ,94,-1.078,S1O
60,POZ,95,-0.590,S1O
60,POZ,96,-0.102,S1O
60,POZ,97,0.387,S1O
60,POZ,98,0.875,S1O
60,POZ,99,1.363,S1O
60,POZ,100,2.340,S1O
60,POZ,101,2.340,S1O
60,POZ,102,2.340,S1O
60,POZ,103,1.363,S1O
60,POZ,104,0.387,S1O
60,POZ,105,-0.102,S1O
60,POZ,106,0.387,S1O
60,POZ,107,0.875,S1O
60,POZ,108,1.363,S1O
60,POZ,109,0.387,S1O
60,POZ,110,-1.078,S1O
60,POZ,111,-2.543,S1O
60,POZ,112,-2.543,S1O
60,POZ,113,-2.055,S1O
60,POZ,114,-1.078,S1O
60,POZ,115,-1.078,S1O
60,POZ,116,-1.078,S1O
60,POZ,117,-2.055,S1O
60,POZ,118,-3.520,S1O
60,POZ,119,-4.496,S1O
60,POZ,120,-4.496,S1O
60,POZ,121,-4.008,S1O
60,POZ,122,-3.031,S1O
60,POZ,123,-2.543,S1O
60,POZ,124,-2.543,S1O
60,POZ,125,-3.520,S1O
60,POZ,126,-4.496,S1O
60,POZ,127,-4.985,S1O
60,POZ,128,-4.496,S1O
60,POZ,129,-3.520,S1O
60,POZ,130,-2.543,S1O
60,POZ,131,-2.543,S1O
60,POZ,132,-4.008,S1O
60,POZ,133,-5.473,S1O
60,POZ,134,-6.938,S1O
60,POZ,135,-7.914,S1O
60,POZ,136,-7.914,S1O
60,POZ,137,-7.914,S1O
60,POZ,138,-7.426,S1O
60,POZ,139,-6.449,S1O
60,POZ,140,-5.473,S1O
60,POZ,141,-4.008,S1O
60,POZ,142,-2.543,S1O
60,POZ,143,-1.567,S1O
60,POZ,144,-0.102,S1O
60,POZ,145,0.875,S1O
60,POZ,146,1.851,S1O
60,POZ,147,2.828,S1O
60,POZ,148,3.316,S1O
60,POZ,149,2.828,S1O
60,POZ,150,1.363,S1O
60,POZ,151,-1.078,S1O
60,POZ,152,-2.543,S1O
60,POZ,153,-4.008,S1O
60,POZ,154,-4.496,S1O
60,POZ,155,-4.496,S1O
60,POZ,156,-4.496,S1O
60,POZ,157,-4.985,S1O
60,POZ,158,-4.985,S1O
60,POZ,159,-4.496,S1O
60,POZ,160,-3.520,S1O
60,POZ,161,-2.055,S1O
60,POZ,162,-0.102,S1O
60,POZ,163,1.363,S1O
60,POZ,164,1.363,S1O
60,POZ,165,1.363,S1O
60,POZ,166,0.875,S1O
60,POZ,167,0.387,S1O
60,POZ,168,1.363,S1O
60,POZ,169,2.340,S1O
60,POZ,170,3.805,S1O
60,POZ,171,4.293,S1O
60,POZ,172,4.293,S1O
60,POZ,173,4.293,S1O
60,POZ,174,3.805,S1O
60,POZ,175,3.316,S1O
60,POZ,176,2.828,S1O
60,POZ,177,2.828,S1O
60,POZ,178,2.340,S1O
60,POZ,179,2.340,S1O
60,POZ,180,1.363,S1O
60,POZ,181,0.875,S1O
60,POZ,182,0.387,S1O
60,POZ,183,-0.590,S1O
60,POZ,184,-1.078,S1O
60,POZ,185,-1.567,S1O
60,POZ,186,-1.567,S1O
60,POZ,187,-1.567,S1O
60,POZ,188,-0.590,S1O
60,POZ,189,-0.102,S1O
60,POZ,190,-0.102,S1O
60,POZ,191,-1.078,S1O
60,POZ,192,-1.567,S1O
60,POZ,193,-2.055,S1O
60,POZ,194,-1.567,S1O
60,POZ,195,-0.590,S1O
60,POZ,196,0.387,S1O
60,POZ,197,-0.102,S1O
60,POZ,198,-1.567,S1O
60,POZ,199,-4.496,S1O
60,POZ,200,-7.426,S1O
60,POZ,201,-10.356,S1O
60,POZ,202,-11.820,S1O
60,POZ,203,-11.820,S1O
60,POZ,204,-11.332,S1O
60,POZ,205,-10.356,S1O
60,POZ,206,-9.867,S1O
60,POZ,207,-9.867,S1O
60,POZ,208,-10.844,S1O
60,POZ,209,-11.332,S1O
60,POZ,210,-11.332,S1O
60,POZ,211,-10.356,S1O
60,POZ,212,-9.379,S1O
60,POZ,213,-8.403,S1O
60,POZ,214,-7.914,S1O
60,POZ,215,-7.914,S1O
60,POZ,216,-7.426,S1O
60,POZ,217,-6.938,S1O
60,POZ,218,-5.961,S1O
60,POZ,219,-4.985,S1O
60,POZ,220,-4.496,S1O
60,POZ,221,-3.520,S1O
60,POZ,222,-3.520,S1O
60,POZ,223,-3.520,S1O
60,POZ,224,-4.008,S1O
60,POZ,225,-4.985,S1O
60,POZ,226,-5.961,S1O
60,POZ,227,-5.961,S1O
60,POZ,228,-5.473,S1O
60,POZ,229,-4.008,S1O
60,POZ,230,-2.543,S1O
60,POZ,231,-1.567,S1O
60,POZ,232,-1.567,S1O
60,POZ,233,-2.543,S1O
60,POZ,234,-4.008,S1O
60,POZ,235,-4.496,S1O
60,POZ,236,-5.473,S1O
60,POZ,237,-6.449,S1O
60,POZ,238,-7.426,S1O
60,POZ,239,-7.914,S1O
60,POZ,240,-7.426,S1O
60,POZ,241,-6.449,S1O
60,POZ,242,-4.496,S1O
60,POZ,243,-3.031,S1O
60,POZ,244,-2.543,S1O
60,POZ,245,-3.031,S1O
60,POZ,246,-4.496,S1O
60,POZ,247,-5.961,S1O
60,POZ,248,-5.961,S1O
60,POZ,249,-5.473,S1O
60,POZ,250,-4.008,S1O
60,POZ,251,-2.543,S1O
60,POZ,252,-2.055,S1O
60,POZ,253,-1.567,S1O
60,POZ,254,-1.567,S1O
60,POZ,255,-3.031,S1O
60,OZ,0,4.832,S1O
60,OZ,1,6.297,S1O
60,OZ,2,5.809,S1O
60,OZ,3,4.344,S1O
60,OZ,4,0.926,S1O
60,OZ,5,-3.469,S1O
60,OZ,6,-6.399,S1O
60,OZ,7,-7.863,S1O
60,OZ,8,-8.352,S1O
60,OZ,9,-7.375,S1O
60,OZ,10,-5.910,S1O
60,OZ,11,-4.445,S1O
60,OZ,12,-2.492,S1O
60,OZ,13,-0.051,S1O
60,OZ,14,3.367,S1O
60,OZ,15,6.297,S1O
60,OZ,16,7.762,S1O
60,OZ,17,7.762,S1O
60,OZ,18,5.320,S1O
60,OZ,19,2.879,S1O
60,OZ,20,0.437,S1O
60,OZ,21,-0.051,S1O
60,OZ,22,0.926,S1O
60,OZ,23,2.391,S1O
60,OZ,24,1.902,S1O
60,OZ,25,-0.539,S1O
60,OZ,26,-4.445,S1O
60,OZ,27,-6.887,S1O
60,OZ,28,-6.887,S1O
60,OZ,29,-3.957,S1O
60,OZ,30,-0.051,S1O
60,OZ,31,3.367,S1O
60,OZ,32,4.832,S1O
60,OZ,33,3.855,S1O
60,OZ,34,2.879,S1O
60,OZ,35,1.902,S1O
60,OZ,36,1.414,S1O
60,OZ,37,1.414,S1O
60,OZ,38,0.437,S1O
60,OZ,39,-0.051,S1O
60,OZ,40,-0.051,S1O
60,OZ,41,-0.051,S1O
60,OZ,42,-0.051,S1O
60,OZ,43,-0.539,S1O
60,OZ,44,-2.004,S1O
60,OZ,45,-3.957,S1O
60,OZ,46,-4.934,S1O
60,OZ,47,-4.934,S1O
60,OZ,48,-4.445,S1O
60,OZ,49,-4.934,S1O
60,OZ,50,-6.399,S1O
60,OZ,51,-8.352,S1O
60,OZ,52,-9.816,S1O
60,OZ,53,-9.816,S1O
60,OZ,54,-9.328,S1O
60,OZ,55,-8.352,S1O
60,OZ,56,-8.840,S1O
60,OZ,57,-9.328,S1O
60,OZ,58,-10.305,S1O
60,OZ,59,-9.816,S1O
60,OZ,60,-9.328,S1O
60,OZ,61,-8.352,S1O
60,OZ,62,-7.863,S1O
60,OZ,63,-8.352,S1O
60,OZ,64,-8.352,S1O
60,OZ,65,-8.352,S1O
60,OZ,66,-7.375,S1O
60,OZ,67,-6.399,S1O
60,OZ,68,-5.422,S1O
60,OZ,69,-4.934,S1O
60,OZ,70,-4.934,S1O
60,OZ,71,-4.934,S1O
60,OZ,72,-4.934,S1O
60,OZ,73,-4.445,S1O
60,OZ,74,-3.469,S1O
60,OZ,75,-2.492,S1O
60,OZ,76,-0.539,S1O
60,OZ,77,-0.051,S1O
60,OZ,78,-0.051,S1O
60,OZ,79,-0.539,S1O
60,OZ,80,-0.539,S1O
60,OZ,81,-0.539,S1O
60,OZ,82,-0.539,S1O
60,OZ,83,-0.539,S1O
60,OZ,84,-2.004,S1O
60,OZ,85,-3.469,S1O
60,OZ,86,-3.957,S1O
60,OZ,87,-2.981,S1O
60,OZ,88,-0.539,S1O
60,OZ,89,1.414,S1O
60,OZ,90,2.879,S1O
60,OZ,91,2.391,S1O
60,OZ,92,1.414,S1O
60,OZ,93,0.437,S1O
60,OZ,94,0.926,S1O
60,OZ,95,2.391,S1O
60,OZ,96,4.344,S1O
60,OZ,97,5.320,S1O
60,OZ,98,6.297,S1O
60,OZ,99,6.785,S1O
60,OZ,100,7.273,S1O
60,OZ,101,6.785,S1O
60,OZ,102,5.320,S1O
60,OZ,103,2.879,S1O
60,OZ,104,0.437,S1O
60,OZ,105,-1.027,S1O
60,OZ,106,-1.027,S1O
60,OZ,107,-0.539,S1O
60,OZ,108,0.437,S1O
60,OZ,109,-0.539,S1O
60,OZ,110,-1.516,S1O
60,OZ,111,-2.492,S1O
60,OZ,112,-2.492,S1O
60,OZ,113,-1.516,S1O
60,OZ,114,0.437,S1O
60,OZ,115,1.902,S1O
60,OZ,116,1.902,S1O
60,OZ,117,-0.051,S1O
60,OZ,118,-2.004,S1O
60,OZ,119,-3.469,S1O
60,OZ,120,-3.469,S1O
60,OZ,121,-2.492,S1O
60,OZ,122,-1.027,S1O
60,OZ,123,-0.539,S1O
60,OZ,124,-1.027,S1O
60,OZ,125,-2.981,S1O
60,OZ,126,-4.934,S1O
60,OZ,127,-6.399,S1O
60,OZ,128,-5.910,S1O
60,OZ,129,-4.934,S1O
60,OZ,130,-4.445,S1O
60,OZ,131,-4.445,S1O
60,OZ,132,-5.422,S1O
60,OZ,133,-7.375,S1O
60,OZ,134,-8.840,S1O
60,OZ,135,-9.328,S1O
60,OZ,136,-9.816,S1O
60,OZ,137,-9.328,S1O
60,OZ,138,-8.352,S1O
60,OZ,139,-7.375,S1O
60,OZ,140,-5.910,S1O
60,OZ,141,-4.445,S1O
60,OZ,142,-2.981,S1O
60,OZ,143,-2.004,S1O
60,OZ,144,-0.539,S1O
60,OZ,145,0.437,S1O
60,OZ,146,2.391,S1O
60,OZ,147,3.367,S1O
60,OZ,148,3.855,S1O
60,OZ,149,2.879,S1O
60,OZ,150,0.437,S1O
60,OZ,151,-2.004,S1O
60,OZ,152,-4.445,S1O
60,OZ,153,-5.910,S1O
60,OZ,154,-6.399,S1O
60,OZ,155,-6.399,S1O
60,OZ,156,-6.887,S1O
60,OZ,157,-7.375,S1O
60,OZ,158,-7.375,S1O
60,OZ,159,-6.887,S1O
60,OZ,160,-5.422,S1O
60,OZ,161,-3.469,S1O
60,OZ,162,-1.516,S1O
60,OZ,163,-0.539,S1O
60,OZ,164,-0.539,S1O
60,OZ,165,-1.027,S1O
60,OZ,166,-2.492,S1O
60,OZ,167,-2.492,S1O
60,OZ,168,-2.004,S1O
60,OZ,169,-0.539,S1O
60,OZ,170,1.414,S1O
60,OZ,171,3.367,S1O
60,OZ,172,4.344,S1O
60,OZ,173,4.344,S1O
60,OZ,174,4.832,S1O
60,OZ,175,4.832,S1O
60,OZ,176,4.832,S1O
60,OZ,177,5.320,S1O
60,OZ,178,5.320,S1O
60,OZ,179,5.320,S1O
60,OZ,180,4.832,S1O
60,OZ,181,4.344,S1O
60,OZ,182,2.879,S1O
60,OZ,183,0.926,S1O
60,OZ,184,-0.539,S1O
60,OZ,185,-2.004,S1O
60,OZ,186,-2.492,S1O
60,OZ,187,-2.492,S1O
60,OZ,188,-2.004,S1O
60,OZ,189,-1.516,S1O
60,OZ,190,-2.004,S1O
60,OZ,191,-3.469,S1O
60,OZ,192,-4.445,S1O
60,OZ,193,-5.422,S1O
60,OZ,194,-5.422,S1O
60,OZ,195,-4.445,S1O
60,OZ,196,-3.469,S1O
60,OZ,197,-3.469,S1O
60,OZ,198,-4.934,S1O
60,OZ,199,-7.863,S1O
60,OZ,200,-11.281,S1O
60,OZ,201,-14.211,S1O
60,OZ,202,-16.164,S1O
60,OZ,203,-17.141,S1O
60,OZ,204,-16.164,S1O
60,OZ,205,-15.676,S1O
60,OZ,206,-15.188,S1O
60,OZ,207,-15.676,S1O
60,OZ,208,-16.164,S1O
60,OZ,209,-17.141,S1O
60,OZ,210,-17.141,S1O
60,OZ,211,-16.164,S1O
60,OZ,212,-15.188,S1O
60,OZ,213,-14.211,S1O
60,OZ,214,-13.234,S1O
60,OZ,215,-12.258,S1O
60,OZ,216,-11.770,S1O
60,OZ,217,-10.793,S1O
60,OZ,218,-9.816,S1O
60,OZ,219,-8.840,S1O
60,OZ,220,-8.352,S1O
60,OZ,221,-8.352,S1O
60,OZ,222,-8.840,S1O
60,OZ,223,-9.816,S1O
60,OZ,224,-10.793,S1O
60,OZ,225,-11.770,S1O
60,OZ,226,-12.258,S1O
60,OZ,227,-12.746,S1O
60,OZ,228,-11.770,S1O
60,OZ,229,-9.816,S1O
60,OZ,230,-7.375,S1O
60,OZ,231,-5.422,S1O
60,OZ,232,-4.445,S1O
60,OZ,233,-4.445,S1O
60,OZ,234,-5.422,S1O
60,OZ,235,-6.887,S1O
60,OZ,236,-7.863,S1O
60,OZ,237,-9.328,S1O
60,OZ,238,-10.305,S1O
60,OZ,239,-11.281,S1O
60,OZ,240,-10.793,S1O
60,OZ,241,-8.840,S1O
60,OZ,242,-5.910,S1O
60,OZ,243,-3.469,S1O
60,OZ,244,-2.004,S1O
60,OZ,245,-2.981,S1O
60,OZ,246,-4.445,S1O
60,OZ,247,-6.399,S1O
60,OZ,248,-7.375,S1O
60,OZ,249,-6.399,S1O
60,OZ,250,-4.445,S1O
60,OZ,251,-2.492,S1O
60,OZ,252,-1.027,S1O
60,OZ,253,-0.051,S1O
60,OZ,254,-0.051,S1O
60,OZ,255,-1.027,S1O
60,P2,0,0.356,S1O
60,P2,1,0.844,S1O
60,P2,2,0.356,S1O
60,P2,3,-0.621,S1O
60,P2,4,-2.574,S1O
60,P2,5,-4.527,S1O
60,P2,6,-6.480,S1O
60,P2,7,-7.456,S1O
60,P2,8,-6.968,S1O
60,P2,9,-5.015,S1O
60,P2,10,-2.574,S1O
60,P2,11,-0.132,S1O
60,P2,12,1.821,S1O
60,P2,13,3.286,S1O
60,P2,14,4.751,S1O
60,P2,15,5.727,S1O
60,P2,16,6.704,S1O
60,P2,17,6.215,S1O
60,P2,18,5.239,S1O
60,P2,19,3.286,S1O
60,P2,20,1.821,S1O
60,P2,21,1.333,S1O
60,P2,22,1.821,S1O
60,P2,23,2.309,S1O
60,P2,24,1.821,S1O
60,P2,25,0.356,S1O
60,P2,26,-1.597,S1O
60,P2,27,-3.062,S1O
60,P2,28,-2.085,S1O
60,P2,29,-0.132,S1O
60,P2,30,2.309,S1O
60,P2,31,4.262,S1O
60,P2,32,4.751,S1O
60,P2,33,4.751,S1O
60,P2,34,3.774,S1O
60,P2,35,3.286,S1O
60,P2,36,2.797,S1O
60,P2,37,2.797,S1O
60,P2,38,2.309,S1O
60,P2,39,1.821,S1O
60,P2,40,0.844,S1O
60,P2,41,-0.132,S1O
60,P2,42,-0.621,S1O
60,P2,43,-1.109,S1O
60,P2,44,-1.597,S1O
60,P2,45,-1.597,S1O
60,P2,46,-1.597,S1O
60,P2,47,-2.085,S1O
60,P2,48,-2.574,S1O
60,P2,49,-3.062,S1O
60,P2,50,-4.527,S1O
60,P2,51,-5.503,S1O
60,P2,52,-6.480,S1O
60,P2,53,-6.480,S1O
60,P2,54,-5.503,S1O
60,P2,55,-4.527,S1O
60,P2,56,-3.550,S1O
60,P2,57,-2.574,S1O
60,P2,58,-2.574,S1O
60,P2,59,-2.574,S1O
60,P2,60,-3.062,S1O
60,P2,61,-3.550,S1O
60,P2,62,-3.550,S1O
60,P2,63,-3.550,S1O
60,P2,64,-3.062,S1O
60,P2,65,-2.574,S1O
60,P2,66,-3.062,S1O
60,P2,67,-3.550,S1O
60,P2,68,-4.038,S1O
60,P2,69,-4.527,S1O
60,P2,70,-3.550,S1O
60,P2,71,-3.062,S1O
60,P2,72,-2.574,S1O
60,P2,73,-2.574,S1O
60,P2,74,-2.574,S1O
60,P2,75,-2.085,S1O
60,P2,76,-1.109,S1O
60,P2,77,-0.132,S1O
60,P2,78,0.356,S1O
60,P2,79,0.356,S1O
60,P2,80,0.356,S1O
60,P2,81,-0.132,S1O
60,P2,82,-0.621,S1O
60,P2,83,-1.109,S1O
60,P2,84,-1.109,S1O
60,P2,85,-1.109,S1O
60,P2,86,-0.621,S1O
60,P2,87,-0.132,S1O
60,P2,88,0.844,S1O
60,P2,89,1.333,S1O
60,P2,90,0.844,S1O
60,P2,91,0.356,S1O
60,P2,92,-0.621,S1O
60,P2,93,-1.597,S1O
60,P2,94,-1.597,S1O
60,P2,95,-1.597,S1O
60,P2,96,-2.085,S1O
60,P2,97,-1.597,S1O
60,P2,98,-1.109,S1O
60,P2,99,-0.621,S1O
60,P2,100,0.356,S1O
60,P2,101,0.844,S1O
60,P2,102,0.356,S1O
60,P2,103,-0.621,S1O
60,P2,104,-1.109,S1O
60,P2,105,-1.109,S1O
60,P2,106,-0.621,S1O
60,P2,107,-0.132,S1O
60,P2,108,-0.132,S1O
60,P2,109,-0.621,S1O
60,P2,110,-1.597,S1O
60,P2,111,-2.574,S1O
60,P2,112,-2.085,S1O
60,P2,113,-2.085,S1O
60,P2,114,-1.109,S1O
60,P2,115,-1.109,S1O
60,P2,116,-2.085,S1O
60,P2,117,-3.062,S1O
60,P2,118,-4.038,S1O
60,P2,119,-4.527,S1O
60,P2,120,-4.038,S1O
60,P2,121,-3.550,S1O
60,P2,122,-3.062,S1O
60,P2,123,-2.574,S1O
60,P2,124,-3.062,S1O
60,P2,125,-4.038,S1O
60,P2,126,-5.503,S1O
60,P2,127,-5.992,S1O
60,P2,128,-5.503,S1O
60,P2,129,-5.015,S1O
60,P2,130,-4.038,S1O
60,P2,131,-4.038,S1O
60,P2,132,-4.527,S1O
60,P2,133,-5.503,S1O
60,P2,134,-6.480,S1O
60,P2,135,-7.456,S1O
60,P2,136,-7.456,S1O
60,P2,137,-6.968,S1O
60,P2,138,-5.992,S1O
60,P2,139,-5.015,S1O
60,P2,140,-4.038,S1O
60,P2,141,-3.062,S1O
60,P2,142,-2.574,S1O
60,P2,143,-2.085,S1O
60,P2,144,-1.109,S1O
60,P2,145,-0.621,S1O
60,P2,146,0.356,S1O
60,P2,147,0.356,S1O
60,P2,148,0.844,S1O
60,P2,149,0.356,S1O
60,P2,150,-0.132,S1O
60,P2,151,-1.109,S1O
60,P2,152,-2.085,S1O
60,P2,153,-3.062,S1O
60,P2,154,-3.550,S1O
60,P2,155,-3.550,S1O
60,P2,156,-4.038,S1O
60,P2,157,-4.038,S1O
60,P2,158,-4.038,S1O
60,P2,159,-3.550,S1O
60,P2,160,-3.550,S1O
60,P2,161,-2.574,S1O
60,P2,162,-1.597,S1O
60,P2,163,-0.621,S1O
60,P2,164,-0.132,S1O
60,P2,165,-0.621,S1O
60,P2,166,-1.109,S1O
60,P2,167,-1.109,S1O
60,P2,168,-1.109,S1O
60,P2,169,-0.132,S1O
60,P2,170,0.844,S1O
60,P2,171,1.333,S1O
60,P2,172,1.333,S1O
60,P2,173,0.844,S1O
60,P2,174,-0.132,S1O
60,P2,175,-1.109,S1O
60,P2,176,-1.597,S1O
60,P2,177,-2.085,S1O
60,P2,178,-2.574,S1O
60,P2,179,-2.574,S1O
60,P2,180,-2.574,S1O
60,P2,181,-3.062,S1O
60,P2,182,-2.574,S1O
60,P2,183,-3.062,S1O
60,P2,184,-3.062,S1O
60,P2,185,-3.550,S1O
60,P2,186,-3.062,S1O
60,P2,187,-3.062,S1O
60,P2,188,-2.574,S1O
60,P2,189,-2.085,S1O
60,P2,190,-2.085,S1O
60,P2,191,-2.574,S1O
60,P2,192,-3.550,S1O
60,P2,193,-3.550,S1O
60,P2,194,-3.550,S1O
60,P2,195,-3.062,S1O
60,P2,196,-2.574,S1O
60,P2,197,-3.062,S1O
60,P2,198,-4.527,S1O
60,P2,199,-6.480,S1O
60,P2,200,-8.921,S1O
60,P2,201,-10.874,S1O
60,P2,202,-11.851,S1O
60,P2,203,-11.851,S1O
60,P2,204,-11.363,S1O
60,P2,205,-10.386,S1O
60,P2,206,-9.898,S1O
60,P2,207,-9.898,S1O
60,P2,208,-10.386,S1O
60,P2,209,-10.386,S1O
60,P2,210,-9.898,S1O
60,P2,211,-9.410,S1O
60,P2,212,-8.433,S1O
60,P2,213,-7.945,S1O
60,P2,214,-7.456,S1O
60,P2,215,-7.456,S1O
60,P2,216,-7.945,S1O
60,P2,217,-7.945,S1O
60,P2,218,-7.456,S1O
60,P2,219,-6.968,S1O
60,P2,220,-6.480,S1O
60,P2,221,-5.992,S1O
60,P2,222,-5.503,S1O
60,P2,223,-5.015,S1O
60,P2,224,-5.503,S1O
60,P2,225,-5.992,S1O
60,P2,226,-6.968,S1O
60,P2,227,-7.456,S1O
60,P2,228,-6.480,S1O
60,P2,229,-5.503,S1O
60,P2,230,-4.038,S1O
60,P2,231,-3.062,S1O
60,P2,232,-3.062,S1O
60,P2,233,-4.038,S1O
60,P2,234,-5.015,S1O
60,P2,235,-5.503,S1O
60,P2,236,-5.992,S1O
60,P2,237,-6.968,S1O
60,P2,238,-7.456,S1O
60,P2,239,-7.945,S1O
60,P2,240,-8.433,S1O
60,P2,241,-7.456,S1O
60,P2,242,-6.480,S1O
60,P2,243,-5.503,S1O
60,P2,244,-5.503,S1O
60,P2,245,-6.480,S1O
60,P2,246,-7.456,S1O
60,P2,247,-7.945,S1O
60,P2,248,-7.945,S1O
60,P2,249,-6.968,S1O
60,P2,250,-5.503,S1O
60,P2,251,-4.038,S1O
60,P2,252,-3.062,S1O
60,P2,253,-2.085,S1O
60,P2,254,-2.085,S1O
60,P2,255,-3.062,S1O
60,P1,0,2.869,S1O
60,P1,1,3.357,S1O
60,P1,2,2.869,S1O
60,P1,3,1.892,S1O
60,P1,4,-0.061,S1O
60,P1,5,-2.502,S1O
60,P1,6,-3.967,S1O
60,P1,7,-4.456,S1O
60,P1,8,-3.967,S1O
60,P1,9,-2.991,S1O
60,P1,10,-2.014,S1O
60,P1,11,-1.526,S1O
60,P1,12,0.427,S1O
60,P1,13,1.892,S1O
60,P1,14,3.845,S1O
60,P1,15,5.310,S1O
60,P1,16,6.287,S1O
60,P1,17,5.798,S1O
60,P1,18,3.845,S1O
60,P1,19,2.380,S1O
60,P1,20,0.916,S1O
60,P1,21,-0.061,S1O
60,P1,22,-0.549,S1O
60,P1,23,-0.549,S1O
60,P1,24,-1.526,S1O
60,P1,25,-2.502,S1O
60,P1,26,-3.967,S1O
60,P1,27,-4.944,S1O
60,P1,28,-4.944,S1O
60,P1,29,-3.479,S1O
60,P1,30,-1.526,S1O
60,P1,31,0.916,S1O
60,P1,32,2.380,S1O
60,P1,33,2.869,S1O
60,P1,34,2.869,S1O
60,P1,35,2.869,S1O
60,P1,36,2.380,S1O
60,P1,37,2.380,S1O
60,P1,38,2.869,S1O
60,P1,39,2.869,S1O
60,P1,40,2.869,S1O
60,P1,41,2.380,S1O
60,P1,42,0.916,S1O
60,P1,43,-0.549,S1O
60,P1,44,-2.014,S1O
60,P1,45,-2.502,S1O
60,P1,46,-2.991,S1O
60,P1,47,-2.991,S1O
60,P1,48,-3.967,S1O
60,P1,49,-4.944,S1O
60,P1,50,-6.409,S1O
60,P1,51,-6.897,S1O
60,P1,52,-7.385,S1O
60,P1,53,-6.897,S1O
60,P1,54,-6.409,S1O
60,P1,55,-5.920,S1O
60,P1,56,-5.432,S1O
60,P1,57,-4.944,S1O
60,P1,58,-4.456,S1O
60,P1,59,-3.967,S1O
60,P1,60,-3.479,S1O
60,P1,61,-3.479,S1O
60,P1,62,-4.456,S1O
60,P1,63,-4.944,S1O
60,P1,64,-4.944,S1O
60,P1,65,-4.456,S1O
60,P1,66,-3.967,S1O
60,P1,67,-2.991,S1O
60,P1,68,-2.502,S1O
60,P1,69,-2.014,S1O
60,P1,70,-2.502,S1O
60,P1,71,-2.991,S1O
60,P1,72,-3.967,S1O
60,P1,73,-4.456,S1O
60,P1,74,-4.944,S1O
60,P1,75,-3.967,S1O
60,P1,76,-2.991,S1O
60,P1,77,-2.014,S1O
60,P1,78,-1.526,S1O
60,P1,79,-1.038,S1O
60,P1,80,-0.549,S1O
60,P1,81,-0.061,S1O
60,P1,82,0.427,S1O
60,P1,83,0.427,S1O
60,P1,84,-0.061,S1O
60,P1,85,-0.549,S1O
60,P1,86,-1.038,S1O
60,P1,87,-1.038,S1O
60,P1,88,-0.549,S1O
60,P1,89,-0.549,S1O
60,P1,90,-1.038,S1O
60,P1,91,-2.014,S1O
60,P1,92,-2.014,S1O
60,P1,93,-2.014,S1O
60,P1,94,-1.038,S1O
60,P1,95,-0.549,S1O
60,P1,96,-0.549,S1O
60,P1,97,-0.061,S1O
60,P1,98,-0.061,S1O
60,P1,99,0.916,S1O
60,P1,100,1.892,S1O
60,P1,101,1.892,S1O
60,P1,102,1.892,S1O
60,P1,103,0.427,S1O
60,P1,104,-0.549,S1O
60,P1,105,-1.038,S1O
60,P1,106,-0.549,S1O
60,P1,107,-0.061,S1O
60,P1,108,-0.061,S1O
60,P1,109,-1.038,S1O
60,P1,110,-2.502,S1O
60,P1,111,-3.479,S1O
60,P1,112,-3.967,S1O
60,P1,113,-3.479,S1O
60,P1,114,-3.479,S1O
60,P1,115,-2.991,S1O
60,P1,116,-3.479,S1O
60,P1,117,-3.967,S1O
60,P1,118,-4.456,S1O
60,P1,119,-4.944,S1O
60,P1,120,-4.944,S1O
60,P1,121,-4.456,S1O
60,P1,122,-2.991,S1O
60,P1,123,-2.502,S1O
60,P1,124,-2.502,S1O
60,P1,125,-2.991,S1O
60,P1,126,-4.456,S1O
60,P1,127,-5.432,S1O
60,P1,128,-5.432,S1O
60,P1,129,-4.456,S1O
60,P1,130,-3.479,S1O
60,P1,131,-3.479,S1O
60,P1,132,-3.967,S1O
60,P1,133,-5.432,S1O
60,P1,134,-6.897,S1O
60,P1,135,-7.874,S1O
60,P1,136,-7.874,S1O
60,P1,137,-7.385,S1O
60,P1,138,-6.409,S1O
60,P1,139,-5.920,S1O
60,P1,140,-4.944,S1O
60,P1,141,-4.944,S1O
60,P1,142,-4.456,S1O
60,P1,143,-3.967,S1O
60,P1,144,-3.479,S1O
60,P1,145,-2.502,S1O
60,P1,146,-1.526,S1O
60,P1,147,-0.061,S1O
60,P1,148,0.427,S1O
60,P1,149,-0.549,S1O
60,P1,150,-2.014,S1O
60,P1,151,-3.967,S1O
60,P1,152,-4.944,S1O
60,P1,153,-5.432,S1O
60,P1,154,-5.432,S1O
60,P1,155,-5.432,S1O
60,P1,156,-5.432,S1O
60,P1,157,-5.920,S1O
60,P1,158,-5.920,S1O
60,P1,159,-4.944,S1O
60,P1,160,-3.479,S1O
60,P1,161,-1.526,S1O
60,P1,162,-0.061,S1O
60,P1,163,-0.061,S1O
60,P1,164,-0.549,S1O
60,P1,165,-1.526,S1O
60,P1,166,-2.502,S1O
60,P1,167,-2.502,S1O
60,P1,168,-2.014,S1O
60,P1,169,-1.038,S1O
60,P1,170,0.427,S1O
60,P1,171,0.916,S1O
60,P1,172,1.404,S1O
60,P1,173,1.404,S1O
60,P1,174,0.916,S1O
60,P1,175,0.427,S1O
60,P1,176,0.427,S1O
60,P1,177,0.427,S1O
60,P1,178,0.427,S1O
60,P1,179,0.427,S1O
60,P1,180,-0.061,S1O
60,P1,181,-1.038,S1O
60,P1,182,-2.502,S1O
60,P1,183,-3.967,S1O
60,P1,184,-4.944,S1O
60,P1,185,-5.920,S1O
60,P1,186,-5.920,S1O
60,P1,187,-5.920,S1O
60,P1,188,-4.944,S1O
60,P1,189,-4.456,S1O
60,P1,190,-3.967,S1O
60,P1,191,-3.479,S1O
60,P1,192,-2.991,S1O
60,P1,193,-2.991,S1O
60,P1,194,-2.502,S1O
60,P1,195,-2.014,S1O
60,P1,196,-1.526,S1O
60,P1,197,-2.014,S1O
60,P1,198,-3.479,S1O
60,P1,199,-4.944,S1O
60,P1,200,-7.385,S1O
60,P1,201,-9.338,S1O
60,P1,202,-10.803,S1O
60,P1,203,-11.292,S1O
60,P1,204,-11.292,S1O
60,P1,205,-11.292,S1O
60,P1,206,-10.803,S1O
60,P1,207,-10.803,S1O
60,P1,208,-11.292,S1O
60,P1,209,-11.780,S1O
60,P1,210,-12.268,S1O
60,P1,211,-11.780,S1O
60,P1,212,-11.780,S1O
60,P1,213,-11.292,S1O
60,P1,214,-10.803,S1O
60,P1,215,-10.315,S1O
60,P1,216,-9.827,S1O
60,P1,217,-8.850,S1O
60,P1,218,-7.874,S1O
60,P1,219,-6.897,S1O
60,P1,220,-6.409,S1O
60,P1,221,-5.920,S1O
60,P1,222,-5.432,S1O
60,P1,223,-5.920,S1O
60,P1,224,-6.409,S1O
60,P1,225,-7.385,S1O
60,P1,226,-8.362,S1O
60,P1,227,-8.850,S1O
60,P1,228,-8.362,S1O
60,P1,229,-7.385,S1O
60,P1,230,-6.897,S1O
60,P1,231,-6.409,S1O
60,P1,232,-6.897,S1O
60,P1,233,-7.385,S1O
60,P1,234,-7.874,S1O
60,P1,235,-8.362,S1O
60,P1,236,-8.362,S1O
60,P1,237,-8.362,S1O
60,P1,238,-8.850,S1O
60,P1,239,-8.362,S1O
60,P1,240,-7.874,S1O
60,P1,241,-6.409,S1O
60,P1,242,-5.432,S1O
60,P1,243,-4.944,S1O
60,P1,244,-4.944,S1O
60,P1,245,-5.432,S1O
60,P1,246,-6.409,S1O
60,P1,247,-6.409,S1O
60,P1,248,-6.409,S1O
60,P1,249,-5.920,S1O
60,P1,250,-4.944,S1O
60,P1,251,-4.456,S1O
60,P1,252,-3.967,S1O
60,P1,253,-3.479,S1O
60,P1,254,-3.967,S1O
60,P1,255,-4.456,S1O
60,CPZ,0,-0.926,S1O
60,CPZ,1,-0.926,S1O
60,CPZ,2,-1.414,S1O
60,CPZ,3,-1.902,S1O
60,CPZ,4,-2.391,S1O
60,CPZ,5,-2.879,S1O
60,CPZ,6,-3.367,S1O
60,CPZ,7,-3.367,S1O
60,CPZ,8,-2.879,S1O
60,CPZ,9,-2.391,S1O
60,CPZ,10,-1.414,S1O
60,CPZ,11,-1.414,S1O
60,CPZ,12,-0.926,S1O
60,CPZ,13,0.051,S1O
60,CPZ,14,0.539,S1O
60,CPZ,15,1.027,S1O
60,CPZ,16,1.027,S1O
60,CPZ,17,1.027,S1O
60,CPZ,18,0.051,S1O
60,CPZ,19,-0.437,S1O
60,CPZ,20,-0.926,S1O
60,CPZ,21,-1.414,S1O
60,CPZ,22,-0.926,S1O
60,CPZ,23,-0.926,S1O
60,CPZ,24,-1.414,S1O
60,CPZ,25,-1.902,S1O
60,CPZ,26,-2.879,S1O
60,CPZ,27,-3.367,S1O
60,CPZ,28,-2.879,S1O
60,CPZ,29,-2.391,S1O
60,CPZ,30,-1.414,S1O
60,CPZ,31,-0.437,S1O
60,CPZ,32,0.539,S1O
60,CPZ,33,0.539,S1O
60,CPZ,34,1.027,S1O
60,CPZ,35,0.539,S1O
60,CPZ,36,0.539,S1O
60,CPZ,37,1.027,S1O
60,CPZ,38,1.027,S1O
60,CPZ,39,1.027,S1O
60,CPZ,40,1.027,S1O
60,CPZ,41,0.539,S1O
60,CPZ,42,-0.437,S1O
60,CPZ,43,-0.926,S1O
60,CPZ,44,-1.414,S1O
60,CPZ,45,-1.414,S1O
60,CPZ,46,-1.902,S1O
60,CPZ,47,-1.902,S1O
60,CPZ,48,-2.879,S1O
60,CPZ,49,-3.367,S1O
60,CPZ,50,-4.344,S1O
60,CPZ,51,-4.832,S1O
60,CPZ,52,-4.832,S1O
60,CPZ,53,-4.832,S1O
60,CPZ,54,-3.855,S1O
60,CPZ,55,-3.855,S1O
60,CPZ,56,-3.367,S1O
60,CPZ,57,-2.879,S1O
60,CPZ,58,-2.391,S1O
60,CPZ,59,-2.391,S1O
60,CPZ,60,-2.391,S1O
60,CPZ,61,-2.391,S1O
60,CPZ,62,-2.391,S1O
60,CPZ,63,-1.902,S1O
60,CPZ,64,-1.902,S1O
60,CPZ,65,-1.902,S1O
60,CPZ,66,-1.414,S1O
60,CPZ,67,-1.902,S1O
60,CPZ,68,-1.902,S1O
60,CPZ,69,-2.391,S1O
60,CPZ,70,-2.391,S1O
60,CPZ,71,-2.879,S1O
60,CPZ,72,-2.879,S1O
60,CPZ,73,-2.879,S1O
60,CPZ,74,-2.879,S1O
60,CPZ,75,-2.391,S1O
60,CPZ,76,-1.902,S1O
60,CPZ,77,-0.926,S1O
60,CPZ,78,0.051,S1O
60,CPZ,79,0.051,S1O
60,CPZ,80,0.539,S1O
60,CPZ,81,0.539,S1O
60,CPZ,82,0.051,S1O
60,CPZ,83,0.051,S1O
60,CPZ,84,-0.437,S1O
60,CPZ,85,-0.926,S1O
60,CPZ,86,-0.926,S1O
60,CPZ,87,-0.926,S1O
60,CPZ,88,-0.437,S1O
60,CPZ,89,-0.926,S1O
60,CPZ,90,-0.926,S1O
60,CPZ,91,-1.414,S1O
60,CPZ,92,-1.414,S1O
60,CPZ,93,-1.902,S1O
60,CPZ,94,-1.414,S1O
60,CPZ,95,-0.926,S1O
60,CPZ,96,-0.926,S1O
60,CPZ,97,-1.414,S1O
60,CPZ,98,-0.926,S1O
60,CPZ,99,-0.926,S1O
60,CPZ,100,-0.437,S1O
60,CPZ,101,0.051,S1O
60,CPZ,102,0.051,S1O
60,CPZ,103,0.051,S1O
60,CPZ,104,0.051,S1O
60,CPZ,105,0.051,S1O
60,CPZ,106,0.051,S1O
60,CPZ,107,0.051,S1O
60,CPZ,108,0.051,S1O
60,CPZ,109,0.051,S1O
60,CPZ,110,-0.926,S1O
60,CPZ,111,-0.926,S1O
60,CPZ,112,-1.414,S1O
60,CPZ,113,-0.926,S1O
60,CPZ,114,-0.926,S1O
60,CPZ,115,-0.926,S1O
60,CPZ,116,-1.414,S1O
60,CPZ,117,-1.902,S1O
60,CPZ,118,-1.902,S1O
60,CPZ,119,-2.391,S1O
60,CPZ,120,-2.391,S1O
60,CPZ,121,-2.391,S1O
60,CPZ,122,-1.902,S1O
60,CPZ,123,-1.902,S1O
60,CPZ,124,-1.902,S1O
60,CPZ,125,-1.902,S1O
60,CPZ,126,-1.902,S1O
60,CPZ,127,-2.391,S1O
60,CPZ,128,-1.902,S1O
60,CPZ,129,-1.414,S1O
60,CPZ,130,-0.926,S1O
60,CPZ,131,-0.926,S1O
60,CPZ,132,-1.414,S1O
60,CPZ,133,-1.902,S1O
60,CPZ,134,-2.391,S1O
60,CPZ,135,-2.879,S1O
60,CPZ,136,-2.879,S1O
60,CPZ,137,-2.391,S1O
60,CPZ,138,-1.902,S1O
60,CPZ,139,-1.902,S1O
60,CPZ,140,-1.902,S1O
60,CPZ,141,-1.902,S1O
60,CPZ,142,-1.414,S1O
60,CPZ,143,-1.414,S1O
60,CPZ,144,-1.414,S1O
60,CPZ,145,-0.437,S1O
60,CPZ,146,-0.437,S1O
60,CPZ,147,0.051,S1O
60,CPZ,148,0.539,S1O
60,CPZ,149,0.539,S1O
60,CPZ,150,0.539,S1O
60,CPZ,151,0.539,S1O
60,CPZ,152,0.051,S1O
60,CPZ,153,-0.437,S1O
60,CPZ,154,-0.926,S1O
60,CPZ,155,-0.926,S1O
60,CPZ,156,-1.414,S1O
60,CPZ,157,-1.902,S1O
60,CPZ,158,-1.902,S1O
60,CPZ,159,-1.414,S1O
60,CPZ,160,-0.926,S1O
60,CPZ,161,0.051,S1O
60,CPZ,162,0.051,S1O
60,CPZ,163,0.539,S1O
60,CPZ,164,0.051,S1O
60,CPZ,165,-0.437,S1O
60,CPZ,166,-0.926,S1O
60,CPZ,167,-0.926,S1O
60,CPZ,168,-0.437,S1O
60,CPZ,169,0.051,S1O
60,CPZ,170,1.027,S1O
60,CPZ,171,1.027,S1O
60,CPZ,172,1.027,S1O
60,CPZ,173,0.539,S1O
60,CPZ,174,0.539,S1O
60,CPZ,175,0.051,S1O
60,CPZ,176,0.051,S1O
60,CPZ,177,0.051,S1O
60,CPZ,178,0.051,S1O
60,CPZ,179,0.051,S1O
60,CPZ,180,0.051,S1O
60,CPZ,181,0.051,S1O
60,CPZ,182,-0.437,S1O
60,CPZ,183,-0.926,S1O
60,CPZ,184,-1.414,S1O
60,CPZ,185,-1.902,S1O
60,CPZ,186,-1.902,S1O
60,CPZ,187,-1.414,S1O
60,CPZ,188,-0.926,S1O
60,CPZ,189,-0.437,S1O
60,CPZ,190,0.051,S1O
60,CPZ,191,0.051,S1O
60,CPZ,192,0.051,S1O
60,CPZ,193,0.051,S1O
60,CPZ,194,0.539,S1O
60,CPZ,195,0.539,S1O
60,CPZ,196,0.539,S1O
60,CPZ,197,0.051,S1O
60,CPZ,198,-0.926,S1O
60,CPZ,199,-1.902,S1O
60,CPZ,200,-2.391,S1O
60,CPZ,201,-3.367,S1O
60,CPZ,202,-3.855,S1O
60,CPZ,203,-3.855,S1O
60,CPZ,204,-3.855,S1O
60,CPZ,205,-3.367,S1O
60,CPZ,206,-2.879,S1O
60,CPZ,207,-3.367,S1O
60,CPZ,208,-3.367,S1O
60,CPZ,209,-3.855,S1O
60,CPZ,210,-3.855,S1O
60,CPZ,211,-3.367,S1O
60,CPZ,212,-3.367,S1O
60,CPZ,213,-3.367,S1O
60,CPZ,214,-3.367,S1O
60,CPZ,215,-3.367,S1O
60,CPZ,216,-3.367,S1O
60,CPZ,217,-3.367,S1O
60,CPZ,218,-2.879,S1O
60,CPZ,219,-2.391,S1O
60,CPZ,220,-1.902,S1O
60,CPZ,221,-1.902,S1O
60,CPZ,222,-1.414,S1O
60,CPZ,223,-0.926,S1O
60,CPZ,224,-0.926,S1O
60,CPZ,225,-1.902,S1O
60,CPZ,226,-2.391,S1O
60,CPZ,227,-2.879,S1O
60,CPZ,228,-2.879,S1O
60,CPZ,229,-2.391,S1O
60,CPZ,230,-1.902,S1O
60,CPZ,231,-1.902,S1O
60,CPZ,232,-1.902,S1O
60,CPZ,233,-1.902,S1O
60,CPZ,234,-2.391,S1O
60,CPZ,235,-2.391,S1O
60,CPZ,236,-2.879,S1O
60,CPZ,237,-2.879,S1O
60,CPZ,238,-3.367,S1O
60,CPZ,239,-3.367,S1O
60,CPZ,240,-3.367,S1O
60,CPZ,241,-2.879,S1O
60,CPZ,242,-2.879,S1O
60,CPZ,243,-2.879,S1O
60,CPZ,244,-2.391,S1O
60,CPZ,245,-2.879,S1O
60,CPZ,246,-2.879,S1O
60,CPZ,247,-3.367,S1O
60,CPZ,248,-3.367,S1O
60,CPZ,249,-2.879,S1O
60,CPZ,250,-2.391,S1O
60,CPZ,251,-1.902,S1O
60,CPZ,252,-1.902,S1O
60,CPZ,253,-1.902,S1O
60,CPZ,254,-2.391,S1O
60,CPZ,255,-2.879,S1O
60,nd,0,5.178,S1O
60,nd,1,7.619,S1O
60,nd,2,7.131,S1O
60,nd,3,4.690,S1O
60,nd,4,0.295,S1O
60,nd,5,-4.100,S1O
60,nd,6,-7.029,S1O
60,nd,7,-7.517,S1O
60,nd,8,-7.029,S1O
60,nd,9,-6.541,S1O
60,nd,10,-6.541,S1O
60,nd,11,-6.053,S1O
60,nd,12,-5.076,S1O
60,nd,13,-1.658,S1O
60,nd,14,2.248,S1O
60,nd,15,5.178,S1O
60,nd,16,6.643,S1O
60,nd,17,6.154,S1O
60,nd,18,4.201,S1O
60,nd,19,2.248,S1O
60,nd,20,0.783,S1O
60,nd,21,0.295,S1O
60,nd,22,0.295,S1O
60,nd,23,0.295,S1O
60,nd,24,-0.682,S1O
60,nd,25,-3.123,S1O
60,nd,26,-6.053,S1O
60,nd,27,-8.006,S1O
60,nd,28,-8.006,S1O
60,nd,29,-5.076,S1O
60,nd,30,-1.170,S1O
60,nd,31,2.248,S1O
60,nd,32,4.201,S1O
60,nd,33,3.713,S1O
60,nd,34,2.248,S1O
60,nd,35,0.783,S1O
60,nd,36,-0.193,S1O
60,nd,37,-0.682,S1O
60,nd,38,-0.682,S1O
60,nd,39,-0.193,S1O
60,nd,40,-0.193,S1O
60,nd,41,-0.193,S1O
60,nd,42,-0.682,S1O
60,nd,43,-2.146,S1O
60,nd,44,-4.100,S1O
60,nd,45,-5.564,S1O
60,nd,46,-6.541,S1O
60,nd,47,-6.541,S1O
60,nd,48,-6.541,S1O
60,nd,49,-7.517,S1O
60,nd,50,-8.494,S1O
60,nd,51,-9.959,S1O
60,nd,52,-9.959,S1O
60,nd,53,-9.959,S1O
60,nd,54,-8.982,S1O
60,nd,55,-8.982,S1O
60,nd,56,-9.959,S1O
60,nd,57,-10.447,S1O
60,nd,58,-9.959,S1O
60,nd,59,-8.982,S1O
60,nd,60,-8.494,S1O
60,nd,61,-8.494,S1O
60,nd,62,-9.959,S1O
60,nd,63,-10.935,S1O
60,nd,64,-10.935,S1O
60,nd,65,-8.982,S1O
60,nd,66,-6.541,S1O
60,nd,67,-4.588,S1O
60,nd,68,-3.611,S1O
60,nd,69,-3.611,S1O
60,nd,70,-4.100,S1O
60,nd,71,-5.076,S1O
60,nd,72,-4.588,S1O
60,nd,73,-3.611,S1O
60,nd,74,-2.146,S1O
60,nd,75,-1.170,S1O
60,nd,76,-0.682,S1O
60,nd,77,-0.682,S1O
60,nd,78,-1.170,S1O
60,nd,79,-0.682,S1O
60,nd,80,0.295,S1O
60,nd,81,1.272,S1O
60,nd,82,1.760,S1O
60,nd,83,0.783,S1O
60,nd,84,-2.146,S1O
60,nd,85,-4.100,S1O
60,nd,86,-5.076,S1O
60,nd,87,-4.100,S1O
60,nd,88,-1.658,S1O
60,nd,89,0.783,S1O
60,nd,90,1.760,S1O
60,nd,91,1.760,S1O
60,nd,92,1.272,S1O
60,nd,93,1.760,S1O
60,nd,94,2.736,S1O
60,nd,95,3.713,S1O
60,nd,96,4.690,S1O
60,nd,97,5.178,S1O
60,nd,98,5.666,S1O
60,nd,99,7.619,S1O
60,nd,100,8.596,S1O
60,nd,101,8.596,S1O
60,nd,102,6.643,S1O
60,nd,103,4.201,S1O
60,nd,104,1.272,S1O
60,nd,105,0.295,S1O
60,nd,106,0.783,S1O
60,nd,107,1.760,S1O
60,nd,108,1.760,S1O
60,nd,109,-0.193,S1O
60,nd,110,-3.123,S1O
60,nd,111,-4.588,S1O
60,nd,112,-4.588,S1O
60,nd,113,-2.635,S1O
60,nd,114,0.295,S1O
60,nd,115,2.248,S1O
60,nd,116,2.736,S1O
60,nd,117,0.783,S1O
60,nd,118,-1.170,S1O
60,nd,119,-3.123,S1O
60,nd,120,-3.123,S1O
60,nd,121,-2.146,S1O
60,nd,122,-0.193,S1O
60,nd,123,0.783,S1O
60,nd,124,0.295,S1O
60,nd,125,-2.635,S1O
60,nd,126,-5.564,S1O
60,nd,127,-7.029,S1O
60,nd,128,-7.029,S1O
60,nd,129,-5.564,S1O
60,nd,130,-4.100,S1O
60,nd,131,-4.588,S1O
60,nd,132,-5.564,S1O
60,nd,133,-6.541,S1O
60,nd,134,-7.029,S1O
60,nd,135,-6.541,S1O
60,nd,136,-7.029,S1O
60,nd,137,-7.517,S1O
60,nd,138,-8.494,S1O
60,nd,139,-8.006,S1O
60,nd,140,-6.541,S1O
60,nd,141,-4.100,S1O
60,nd,142,-1.658,S1O
60,nd,143,-0.193,S1O
60,nd,144,-0.193,S1O
60,nd,145,0.295,S1O
60,nd,146,1.272,S1O
60,nd,147,3.225,S1O
60,nd,148,4.201,S1O
60,nd,149,3.225,S1O
60,nd,150,0.295,S1O
60,nd,151,-3.123,S1O
60,nd,152,-5.564,S1O
60,nd,153,-6.053,S1O
60,nd,154,-5.564,S1O
60,nd,155,-5.564,S1O
60,nd,156,-5.564,S1O
60,nd,157,-6.053,S1O
60,nd,158,-6.541,S1O
60,nd,159,-5.076,S1O
60,nd,160,-3.123,S1O
60,nd,161,-0.193,S1O
60,nd,162,1.272,S1O
60,nd,163,1.760,S1O
60,nd,164,1.272,S1O
60,nd,165,-0.193,S1O
60,nd,166,-1.658,S1O
60,nd,167,-1.658,S1O
60,nd,168,-0.682,S1O
60,nd,169,1.272,S1O
60,nd,170,3.713,S1O
60,nd,171,5.178,S1O
60,nd,172,5.666,S1O
60,nd,173,5.666,S1O
60,nd,174,6.154,S1O
60,nd,175,7.131,S1O
60,nd,176,8.108,S1O
60,nd,177,9.084,S1O
60,nd,178,9.572,S1O
60,nd,179,9.084,S1O
60,nd,180,8.596,S1O
60,nd,181,7.131,S1O
60,nd,182,5.178,S1O
60,nd,183,2.736,S1O
60,nd,184,0.295,S1O
60,nd,185,-1.658,S1O
60,nd,186,-2.146,S1O
60,nd,187,-2.635,S1O
60,nd,188,-1.658,S1O
60,nd,189,-1.658,S1O
60,nd,190,-1.658,S1O
60,nd,191,-1.658,S1O
60,nd,192,-2.146,S1O
60,nd,193,-2.635,S1O
60,nd,194,-3.123,S1O
60,nd,195,-3.123,S1O
60,nd,196,-3.123,S1O
60,nd,197,-3.123,S1O
60,nd,198,-3.611,S1O
60,nd,199,-5.076,S1O
60,nd,200,-7.517,S1O
60,nd,201,-10.935,S1O
60,nd,202,-13.377,S1O
60,nd,203,-14.353,S1O
60,nd,204,-13.865,S1O
60,nd,205,-12.889,S1O
60,nd,206,-12.400,S1O
60,nd,207,-12.889,S1O
60,nd,208,-14.353,S1O
60,nd,209,-15.330,S1O
60,nd,210,-15.818,S1O
60,nd,211,-14.842,S1O
60,nd,212,-13.865,S1O
60,nd,213,-12.400,S1O
60,nd,214,-10.935,S1O
60,nd,215,-10.447,S1O
60,nd,216,-8.982,S1O
60,nd,217,-8.006,S1O
60,nd,218,-7.029,S1O
60,nd,219,-6.053,S1O
60,nd,220,-6.053,S1O
60,nd,221,-6.053,S1O
60,nd,222,-7.029,S1O
60,nd,223,-7.029,S1O
60,nd,224,-8.006,S1O
60,nd,225,-8.982,S1O
60,nd,226,-9.959,S1O
60,nd,227,-10.447,S1O
60,nd,228,-9.959,S1O
60,nd,229,-7.517,S1O
60,nd,230,-5.076,S1O
60,nd,231,-3.123,S1O
60,nd,232,-2.635,S1O
60,nd,233,-4.100,S1O
60,nd,234,-5.564,S1O
60,nd,235,-7.029,S1O
60,nd,236,-7.517,S1O
60,nd,237,-7.517,S1O
60,nd,238,-8.006,S1O
60,nd,239,-8.006,S1O
60,nd,240,-8.006,S1O
60,nd,241,-6.541,S1O
60,nd,242,-4.100,S1O
60,nd,243,-2.146,S1O
60,nd,244,-0.682,S1O
60,nd,245,-2.146,S1O
60,nd,246,-3.611,S1O
60,nd,247,-5.564,S1O
60,nd,248,-6.541,S1O
60,nd,249,-6.541,S1O
60,nd,250,-5.076,S1O
60,nd,251,-3.123,S1O
60,nd,252,-1.170,S1O
60,nd,253,-0.193,S1O
60,nd,254,-0.193,S1O
60,nd,255,-1.658,S1O
60,Y,0,5.178,S1O
60,Y,1,6.643,S1O
60,Y,2,7.131,S1O
60,Y,3,7.619,S1O
60,Y,4,8.108,S1O
60,Y,5,9.084,S1O
60,Y,6,9.084,S1O
60,Y,7,7.619,S1O
60,Y,8,4.690,S1O
60,Y,9,1.760,S1O
60,Y,10,-0.193,S1O
60,Y,11,-0.682,S1O
60,Y,12,-0.193,S1O
60,Y,13,-0.193,S1O
60,Y,14,0.295,S1O
60,Y,15,-0.193,S1O
60,Y,16,-0.193,S1O
60,Y,17,-0.193,S1O
60,Y,18,-0.193,S1O
60,Y,19,-1.658,S1O
60,Y,20,-3.123,S1O
60,Y,21,-4.100,S1O
60,Y,22,-3.611,S1O
60,Y,23,-2.146,S1O
60,Y,24,-0.193,S1O
60,Y,25,1.272,S1O
60,Y,26,1.760,S1O
60,Y,27,0.783,S1O
60,Y,28,0.295,S1O
60,Y,29,0.295,S1O
60,Y,30,0.783,S1O
60,Y,31,1.760,S1O
60,Y,32,2.248,S1O
60,Y,33,2.248,S1O
60,Y,34,1.760,S1O
60,Y,35,0.783,S1O
60,Y,36,-0.682,S1O
60,Y,37,-1.658,S1O
60,Y,38,-2.146,S1O
60,Y,39,-2.146,S1O
60,Y,40,-2.146,S1O
60,Y,41,-2.635,S1O
60,Y,42,-3.611,S1O
60,Y,43,-4.588,S1O
60,Y,44,-5.076,S1O
60,Y,45,-5.076,S1O
60,Y,46,-4.588,S1O
60,Y,47,-4.100,S1O
60,Y,48,-4.588,S1O
60,Y,49,-5.564,S1O
60,Y,50,-7.517,S1O
60,Y,51,-9.471,S1O
60,Y,52,-11.912,S1O
60,Y,53,-13.865,S1O
60,Y,54,-15.818,S1O
60,Y,55,-17.283,S1O
60,Y,56,-18.260,S1O
60,Y,57,-17.771,S1O
60,Y,58,-17.283,S1O
60,Y,59,-15.818,S1O
60,Y,60,-14.842,S1O
60,Y,61,-13.377,S1O
60,Y,62,-13.377,S1O
60,Y,63,-14.353,S1O
60,Y,64,-15.818,S1O
60,Y,65,-16.795,S1O
60,Y,66,-15.330,S1O
60,Y,67,-12.889,S1O
60,Y,68,-9.471,S1O
60,Y,69,-7.029,S1O
60,Y,70,-4.588,S1O
60,Y,71,-3.123,S1O
60,Y,72,-1.658,S1O
60,Y,73,-1.170,S1O
60,Y,74,-0.682,S1O
60,Y,75,-2.146,S1O
60,Y,76,-4.100,S1O
60,Y,77,-4.588,S1O
60,Y,78,-4.100,S1O
60,Y,79,-2.146,S1O
60,Y,80,-0.682,S1O
60,Y,81,-0.682,S1O
60,Y,82,-2.635,S1O
60,Y,83,-5.076,S1O
60,Y,84,-7.517,S1O
60,Y,85,-8.982,S1O
60,Y,86,-8.982,S1O
60,Y,87,-8.494,S1O
60,Y,88,-8.006,S1O
60,Y,89,-7.517,S1O
60,Y,90,-7.029,S1O
60,Y,91,-6.053,S1O
60,Y,92,-5.076,S1O
60,Y,93,-3.611,S1O
60,Y,94,-2.146,S1O
60,Y,95,-1.658,S1O
60,Y,96,-1.658,S1O
60,Y,97,-1.170,S1O
60,Y,98,-0.193,S1O
60,Y,99,0.783,S1O
60,Y,100,1.760,S1O
60,Y,101,1.272,S1O
60,Y,102,-1.170,S1O
60,Y,103,-4.588,S1O
60,Y,104,-7.517,S1O
60,Y,105,-8.494,S1O
60,Y,106,-8.006,S1O
60,Y,107,-6.541,S1O
60,Y,108,-6.541,S1O
60,Y,109,-7.517,S1O
60,Y,110,-8.982,S1O
60,Y,111,-8.982,S1O
60,Y,112,-8.006,S1O
60,Y,113,-6.053,S1O
60,Y,114,-5.076,S1O
60,Y,115,-4.588,S1O
60,Y,116,-4.588,S1O
60,Y,117,-4.100,S1O
60,Y,118,-2.635,S1O
60,Y,119,-1.658,S1O
60,Y,120,-1.170,S1O
60,Y,121,-1.658,S1O
60,Y,122,-2.146,S1O
60,Y,123,-2.635,S1O
60,Y,124,-2.635,S1O
60,Y,125,-3.611,S1O
60,Y,126,-5.076,S1O
60,Y,127,-7.517,S1O
60,Y,128,-9.471,S1O
60,Y,129,-10.447,S1O
60,Y,130,-10.935,S1O
60,Y,131,-11.424,S1O
60,Y,132,-11.912,S1O
60,Y,133,-13.865,S1O
60,Y,134,-15.818,S1O
60,Y,135,-16.795,S1O
60,Y,136,-16.795,S1O
60,Y,137,-16.307,S1O
60,Y,138,-15.818,S1O
60,Y,139,-15.818,S1O
60,Y,140,-17.283,S1O
60,Y,141,-17.771,S1O
60,Y,142,-18.260,S1O
60,Y,143,-16.795,S1O
60,Y,144,-14.353,S1O
60,Y,145,-11.424,S1O
60,Y,146,-9.959,S1O
60,Y,147,-9.959,S1O
60,Y,148,-11.912,S1O
60,Y,149,-13.865,S1O
60,Y,150,-15.330,S1O
60,Y,151,-15.818,S1O
60,Y,152,-14.842,S1O
60,Y,153,-13.377,S1O
60,Y,154,-11.912,S1O
60,Y,155,-10.935,S1O
60,Y,156,-11.424,S1O
60,Y,157,-12.889,S1O
60,Y,158,-13.865,S1O
60,Y,159,-13.377,S1O
60,Y,160,-11.912,S1O
60,Y,161,-9.471,S1O
60,Y,162,-7.517,S1O
60,Y,163,-6.053,S1O
60,Y,164,-5.564,S1O
60,Y,165,-5.076,S1O
60,Y,166,-4.100,S1O
60,Y,167,-2.146,S1O
60,Y,168,-1.170,S1O
60,Y,169,-0.193,S1O
60,Y,170,0.783,S1O
60,Y,171,3.225,S1O
60,Y,172,6.643,S1O
60,Y,173,11.037,S1O
60,Y,174,13.479,S1O
60,Y,175,12.502,S1O
60,Y,176,8.596,S1O
60,Y,177,3.713,S1O
60,Y,178,1.272,S1O
60,Y,179,1.760,S1O
60,Y,180,3.713,S1O
60,Y,181,4.201,S1O
60,Y,182,2.248,S1O
60,Y,183,-1.170,S1O
60,Y,184,-4.588,S1O
60,Y,185,-6.053,S1O
60,Y,186,-5.076,S1O
60,Y,187,-4.100,S1O
60,Y,188,-3.123,S1O
60,Y,189,-3.123,S1O
60,Y,190,-3.123,S1O
60,Y,191,-3.123,S1O
60,Y,192,-2.635,S1O
60,Y,193,-2.146,S1O
60,Y,194,-2.146,S1O
60,Y,195,-2.635,S1O
60,Y,196,-3.611,S1O
60,Y,197,-3.611,S1O
60,Y,198,-3.611,S1O
60,Y,199,-3.611,S1O
60,Y,200,-3.611,S1O
60,Y,201,-4.588,S1O
60,Y,202,-6.053,S1O
60,Y,203,-7.029,S1O
60,Y,204,-7.517,S1O
60,Y,205,-7.029,S1O
60,Y,206,-7.029,S1O
60,Y,207,-7.517,S1O
60,Y,208,-8.494,S1O
60,Y,209,-9.959,S1O
60,Y,210,-11.424,S1O
60,Y,211,-11.912,S1O
60,Y,212,-11.424,S1O
60,Y,213,-10.447,S1O
60,Y,214,-9.959,S1O
60,Y,215,-9.471,S1O
60,Y,216,-8.982,S1O
60,Y,217,-9.471,S1O
60,Y,218,-8.982,S1O
60,Y,219,-8.006,S1O
60,Y,220,-6.541,S1O
60,Y,221,-5.564,S1O
60,Y,222,-4.588,S1O
60,Y,223,-4.588,S1O
60,Y,224,-5.076,S1O
60,Y,225,-5.076,S1O
60,Y,226,-5.076,S1O
60,Y,227,-5.564,S1O
60,Y,228,-6.541,S1O
60,Y,229,-7.517,S1O
60,Y,230,-8.494,S1O
60,Y,231,-8.006,S1O
60,Y,232,-7.517,S1O
60,Y,233,-6.053,S1O
60,Y,234,-6.541,S1O
60,Y,235,-7.029,S1O
60,Y,236,-8.006,S1O
60,Y,237,-7.517,S1O
60,Y,238,-6.541,S1O
60,Y,239,-6.053,S1O
60,Y,240,-6.053,S1O
60,Y,241,-6.541,S1O
60,Y,242,-6.541,S1O
60,Y,243,-5.564,S1O
60,Y,244,-3.123,S1O
60,Y,245,-1.170,S1O
60,Y,246,-0.682,S1O
60,Y,247,-1.170,S1O
60,Y,248,-2.635,S1O
60,Y,249,-3.123,S1O
60,Y,250,-3.123,S1O
60,Y,251,-2.635,S1O
60,Y,252,-3.123,S1O
60,Y,253,-3.611,S1O
60,Y,254,-5.076,S1O
60,Y,255,-6.053,S1O
