Trial no,Sensor position,Sample No,Sensor val,Matching condition
46,FP1,0,-3.825,S1O
46,FP1,1,-0.895,S1O
46,FP1,2,1.546,S1O
46,FP1,3,3.011,S1O
46,FP1,4,2.035,S1O
46,FP1,5,-0.895,S1O
46,FP1,6,-5.778,S1O
46,FP1,7,-9.684,S1O
46,FP1,8,-10.661,S1O
46,FP1,9,-8.219,S1O
46,FP1,10,-3.825,S1O
46,FP1,11,1.546,S1O
46,FP1,12,6.917,S1O
46,FP1,13,10.824,S1O
46,FP1,14,14.730,S1O
46,FP1,15,18.636,S1O
46,FP1,16,21.077,S1O
46,FP1,17,21.077,S1O
46,FP1,18,18.636,S1O
46,FP1,19,13.753,S1O
46,FP1,20,7.894,S1O
46,FP1,21,3.988,S1O
46,FP1,22,2.523,S1O
46,FP1,23,2.523,S1O
46,FP1,24,3.011,S1O
46,FP1,25,3.499,S1O
46,FP1,26,3.499,S1O
46,FP1,27,3.988,S1O
46,FP1,28,3.988,S1O
46,FP1,29,3.011,S1O
46,FP1,30,2.523,S1O
46,FP1,31,1.546,S1O
46,FP1,32,1.546,S1O
46,FP1,33,3.011,S1O
46,FP1,34,5.452,S1O
46,FP1,35,7.894,S1O
46,FP1,36,8.870,S1O
46,FP1,37,8.382,S1O
46,FP1,38,6.429,S1O
46,FP1,39,4.476,S1O
46,FP1,40,3.011,S1O
46,FP1,41,1.058,S1O
46,FP1,42,-1.383,S1O
46,FP1,43,-3.825,S1O
46,FP1,44,-6.266,S1O
46,FP1,45,-7.243,S1O
46,FP1,46,-5.778,S1O
46,FP1,47,-3.337,S1O
46,FP1,48,-1.872,S1O
46,FP1,49,-1.383,S1O
46,FP1,50,-2.360,S1O
46,FP1,51,-3.337,S1O
46,FP1,52,-2.848,S1O
46,FP1,53,-0.895,S1O
46,FP1,54,1.546,S1O
46,FP1,55,3.988,S1O
46,FP1,56,4.476,S1O
46,FP1,57,4.476,S1O
46,FP1,58,3.988,S1O
46,FP1,59,3.011,S1O
46,FP1,60,2.035,S1O
46,FP1,61,1.058,S1O
46,FP1,62,-0.895,S1O
46,FP1,63,-3.337,S1O
46,FP1,64,-4.801,S1O
46,FP1,65,-5.290,S1O
46,FP1,66,-5.290,S1O
46,FP1,67,-5.778,S1O
46,FP1,68,-6.266,S1O
46,FP1,69,-7.243,S1O
46,FP1,70,-7.243,S1O
46,FP1,71,-6.755,S1O
46,FP1,72,-6.266,S1O
46,FP1,73,-6.266,S1O
46,FP1,74,-6.266,S1O
46,FP1,75,-6.755,S1O
46,FP1,76,-6.266,S1O
46,FP1,77,-4.313,S1O
46,FP1,78,-1.872,S1O
46,FP1,79,0.081,S1O
46,FP1,80,1.546,S1O
46,FP1,81,1.058,S1O
46,FP1,82,0.081,S1O
46,FP1,83,-0.407,S1O
46,FP1,84,-0.407,S1O
46,FP1,85,1.058,S1O
46,FP1,86,2.523,S1O
46,FP1,87,4.964,S1O
46,FP1,88,6.917,S1O
46,FP1,89,8.870,S1O
46,FP1,90,10.335,S1O
46,FP1,91,10.824,S1O
46,FP1,92,9.359,S1O
46,FP1,93,6.917,S1O
46,FP1,94,4.476,S1O
46,FP1,95,3.988,S1O
46,FP1,96,5.452,S1O
46,FP1,97,7.894,S1O
46,FP1,98,10.335,S1O
46,FP1,99,10.335,S1O
46,FP1,100,8.870,S1O
46,FP1,101,5.941,S1O
46,FP1,102,3.499,S1O
46,FP1,103,2.035,S1O
46,FP1,104,2.035,S1O
46,FP1,105,2.523,S1O
46,FP1,106,3.499,S1O
46,FP1,107,4.476,S1O
46,FP1,108,4.476,S1O
46,FP1,109,4.476,S1O
46,FP1,110,3.499,S1O
46,FP1,111,1.546,S1O
46,FP1,112,-1.383,S1O
46,FP1,113,-4.313,S1O
46,FP1,114,-6.755,S1O
46,FP1,115,-6.755,S1O
46,FP1,116,-4.801,S1O
46,FP1,117,-2.360,S1O
46,FP1,118,0.570,S1O
46,FP1,119,2.523,S1O
46,FP1,120,3.499,S1O
46,FP1,121,4.964,S1O
46,FP1,122,5.941,S1O
46,FP1,123,7.406,S1O
46,FP1,124,8.382,S1O
46,FP1,125,8.382,S1O
46,FP1,126,6.917,S1O
46,FP1,127,4.476,S1O
46,FP1,128,2.035,S1O
46,FP1,129,0.570,S1O
46,FP1,130,0.081,S1O
46,FP1,131,1.058,S1O
46,FP1,132,2.035,S1O
46,FP1,133,3.011,S1O
46,FP1,134,2.523,S1O
46,FP1,135,0.570,S1O
46,FP1,136,-1.872,S1O
46,FP1,137,-3.825,S1O
46,FP1,138,-4.801,S1O
46,FP1,139,-5.290,S1O
46,FP1,140,-5.778,S1O
46,FP1,141,-6.266,S1O
46,FP1,142,-6.266,S1O
46,FP1,143,-6.266,S1O
46,FP1,144,-5.778,S1O
46,FP1,145,-4.801,S1O
46,FP1,146,-4.313,S1O
46,FP1,147,-4.313,S1O
46,FP1,148,-3.825,S1O
46,FP1,149,-2.360,S1O
46,FP1,150,-0.407,S1O
46,FP1,151,1.058,S1O
46,FP1,152,2.035,S1O
46,FP1,153,2.035,S1O
46,FP1,154,2.523,S1O
46,FP1,155,3.011,S1O
46,FP1,156,3.988,S1O
46,FP1,157,4.476,S1O
46,FP1,158,4.964,S1O
46,FP1,159,4.476,S1O
46,FP1,160,4.476,S1O
46,FP1,161,4.964,S1O
46,FP1,162,6.429,S1O
46,FP1,163,8.382,S1O
46,FP1,164,9.359,S1O
46,FP1,165,9.359,S1O
46,FP1,166,8.870,S1O
46,FP1,167,7.406,S1O
46,FP1,168,7.406,S1O
46,FP1,169,7.406,S1O
46,FP1,170,8.382,S1O
46,FP1,171,9.847,S1O
46,FP1,172,11.312,S1O
46,FP1,173,13.265,S1O
46,FP1,174,14.730,S1O
46,FP1,175,13.753,S1O
46,FP1,176,11.800,S1O
46,FP1,177,8.382,S1O
46,FP1,178,5.452,S1O
46,FP1,179,4.476,S1O
46,FP1,180,5.941,S1O
46,FP1,181,8.382,S1O
46,FP1,182,10.824,S1O
46,FP1,183,11.312,S1O
46,FP1,184,10.335,S1O
46,FP1,185,8.382,S1O
46,FP1,186,6.917,S1O
46,FP1,187,6.429,S1O
46,FP1,188,6.429,S1O
46,FP1,189,6.429,S1O
46,FP1,190,5.941,S1O
46,FP1,191,4.964,S1O
46,FP1,192,3.988,S1O
46,FP1,193,3.499,S1O
46,FP1,194,3.988,S1O
46,FP1,195,4.476,S1O
46,FP1,196,4.964,S1O
46,FP1,197,5.452,S1O
46,FP1,198,6.429,S1O
46,FP1,199,7.894,S1O
46,FP1,200,8.870,S1O
46,FP1,201,9.847,S1O
46,FP1,202,9.847,S1O
46,FP1,203,9.359,S1O
46,FP1,204,7.894,S1O
46,FP1,205,6.429,S1O
46,FP1,206,5.452,S1O
46,FP1,207,4.476,S1O
46,FP1,208,4.476,S1O
46,FP1,209,5.452,S1O
46,FP1,210,6.429,S1O
46,FP1,211,7.894,S1O
46,FP1,212,7.894,S1O
46,FP1,213,5.941,S1O
46,FP1,214,2.523,S1O
46,FP1,215,-0.407,S1O
46,FP1,216,-2.360,S1O
46,FP1,217,-2.360,S1O
46,FP1,218,-1.872,S1O
46,FP1,219,-1.872,S1O
46,FP1,220,-2.848,S1O
46,FP1,221,-3.825,S1O
46,FP1,222,-4.801,S1O
46,FP1,223,-6.266,S1O
46,FP1,224,-7.243,S1O
46,FP1,225,-8.708,S1O
46,FP1,226,-8.708,S1O
46,FP1,227,-8.219,S1O
46,FP1,228,-6.266,S1O
46,FP1,229,-3.825,S1O
46,FP1,230,-2.360,S1O
46,FP1,231,-2.848,S1O
46,FP1,232,-3.825,S1O
46,FP1,233,-4.313,S1O
46,FP1,234,-2.848,S1O
46,FP1,235,0.081,S1O
46,FP1,236,3.499,S1O
46,FP1,237,5.941,S1O
46,FP1,238,6.917,S1O
46,FP1,239,7.406,S1O
46,FP1,240,8.870,S1O
46,FP1,241,9.847,S1O
46,FP1,242,10.824,S1O
46,FP1,243,9.847,S1O
46,FP1,244,7.894,S1O
46,FP1,245,4.964,S1O
46,FP1,246,3.011,S1O
46,FP1,247,2.035,S1O
46,FP1,248,2.035,S1O
46,FP1,249,1.546,S1O
46,FP1,250,0.570,S1O
46,FP1,251,-0.407,S1O
46,FP1,252,-0.895,S1O
46,FP1,253,-0.895,S1O
46,FP1,254,-0.895,S1O
46,FP1,255,-0.895,S1O
46,FP2,0,-1.251,S1O
46,FP2,1,-0.275,S1O
46,FP2,2,0.702,S1O
46,FP2,3,0.702,S1O
46,FP2,4,-0.763,S1O
46,FP2,5,-3.693,S1O
46,FP2,6,-8.575,S1O
46,FP2,7,-12.482,S1O
46,FP2,8,-13.947,S1O
46,FP2,9,-12.482,S1O
46,FP2,10,-8.087,S1O
46,FP2,11,-3.693,S1O
46,FP2,12,1.190,S1O
46,FP2,13,6.073,S1O
46,FP2,14,11.444,S1O
46,FP2,15,15.839,S1O
46,FP2,16,18.768,S1O
46,FP2,17,18.768,S1O
46,FP2,18,15.839,S1O
46,FP2,19,10.956,S1O
46,FP2,20,7.050,S1O
46,FP2,21,4.120,S1O
46,FP2,22,2.167,S1O
46,FP2,23,1.190,S1O
46,FP2,24,0.702,S1O
46,FP2,25,0.214,S1O
46,FP2,26,0.702,S1O
46,FP2,27,1.190,S1O
46,FP2,28,1.678,S1O
46,FP2,29,0.702,S1O
46,FP2,30,-1.251,S1O
46,FP2,31,-2.716,S1O
46,FP2,32,-2.228,S1O
46,FP2,33,0.214,S1O
46,FP2,34,3.632,S1O
46,FP2,35,6.561,S1O
46,FP2,36,7.538,S1O
46,FP2,37,7.050,S1O
46,FP2,38,5.096,S1O
46,FP2,39,4.120,S1O
46,FP2,40,2.167,S1O
46,FP2,41,0.702,S1O
46,FP2,42,-2.228,S1O
46,FP2,43,-4.669,S1O
46,FP2,44,-5.646,S1O
46,FP2,45,-5.646,S1O
46,FP2,46,-4.669,S1O
46,FP2,47,-3.693,S1O
46,FP2,48,-3.693,S1O
46,FP2,49,-4.669,S1O
46,FP2,50,-5.646,S1O
46,FP2,51,-5.646,S1O
46,FP2,52,-5.157,S1O
46,FP2,53,-4.181,S1O
46,FP2,54,-3.693,S1O
46,FP2,55,-3.693,S1O
46,FP2,56,-4.181,S1O
46,FP2,57,-3.693,S1O
46,FP2,58,-2.228,S1O
46,FP2,59,-0.763,S1O
46,FP2,60,-0.763,S1O
46,FP2,61,-1.740,S1O
46,FP2,62,-3.204,S1O
46,FP2,63,-4.181,S1O
46,FP2,64,-4.669,S1O
46,FP2,65,-3.693,S1O
46,FP2,66,-3.204,S1O
46,FP2,67,-3.693,S1O
46,FP2,68,-4.669,S1O
46,FP2,69,-6.134,S1O
46,FP2,70,-7.111,S1O
46,FP2,71,-7.599,S1O
46,FP2,72,-7.599,S1O
46,FP2,73,-8.087,S1O
46,FP2,74,-8.575,S1O
46,FP2,75,-9.064,S1O
46,FP2,76,-9.064,S1O
46,FP2,77,-7.111,S1O
46,FP2,78,-5.157,S1O
46,FP2,79,-3.204,S1O
46,FP2,80,-2.716,S1O
46,FP2,81,-2.716,S1O
46,FP2,82,-3.204,S1O
46,FP2,83,-3.204,S1O
46,FP2,84,-2.228,S1O
46,FP2,85,-0.763,S1O
46,FP2,86,0.214,S1O
46,FP2,87,2.167,S1O
46,FP2,88,4.608,S1O
46,FP2,89,7.538,S1O
46,FP2,90,10.956,S1O
46,FP2,91,11.932,S1O
46,FP2,92,10.468,S1O
46,FP2,93,7.538,S1O
46,FP2,94,4.120,S1O
46,FP2,95,2.167,S1O
46,FP2,96,4.120,S1O
46,FP2,97,8.514,S1O
46,FP2,98,12.909,S1O
46,FP2,99,15.839,S1O
46,FP2,100,14.862,S1O
46,FP2,101,11.932,S1O
46,FP2,102,8.026,S1O
46,FP2,103,6.073,S1O
46,FP2,104,6.073,S1O
46,FP2,105,7.050,S1O
46,FP2,106,8.026,S1O
46,FP2,107,7.538,S1O
46,FP2,108,6.073,S1O
46,FP2,109,4.608,S1O
46,FP2,110,3.143,S1O
46,FP2,111,2.655,S1O
46,FP2,112,1.190,S1O
46,FP2,113,-0.763,S1O
46,FP2,114,-1.740,S1O
46,FP2,115,-1.740,S1O
46,FP2,116,0.702,S1O
46,FP2,117,3.632,S1O
46,FP2,118,6.073,S1O
46,FP2,119,6.561,S1O
46,FP2,120,5.096,S1O
46,FP2,121,4.608,S1O
46,FP2,122,5.096,S1O
46,FP2,123,5.585,S1O
46,FP2,124,7.538,S1O
46,FP2,125,9.003,S1O
46,FP2,126,9.003,S1O
46,FP2,127,8.026,S1O
46,FP2,128,5.585,S1O
46,FP2,129,3.632,S1O
46,FP2,130,2.167,S1O
46,FP2,131,2.167,S1O
46,FP2,132,3.143,S1O
46,FP2,133,4.120,S1O
46,FP2,134,5.585,S1O
46,FP2,135,6.073,S1O
46,FP2,136,5.585,S1O
46,FP2,137,3.632,S1O
46,FP2,138,1.190,S1O
46,FP2,139,-0.763,S1O
46,FP2,140,-1.740,S1O
46,FP2,141,-2.716,S1O
46,FP2,142,-2.716,S1O
46,FP2,143,-2.716,S1O
46,FP2,144,-2.716,S1O
46,FP2,145,-2.716,S1O
46,FP2,146,-2.716,S1O
46,FP2,147,-3.204,S1O
46,FP2,148,-2.716,S1O
46,FP2,149,-2.228,S1O
46,FP2,150,-1.251,S1O
46,FP2,151,0.214,S1O
46,FP2,152,1.190,S1O
46,FP2,153,1.190,S1O
46,FP2,154,1.190,S1O
46,FP2,155,1.190,S1O
46,FP2,156,1.190,S1O
46,FP2,157,2.167,S1O
46,FP2,158,2.655,S1O
46,FP2,159,3.143,S1O
46,FP2,160,3.632,S1O
46,FP2,161,4.608,S1O
46,FP2,162,6.073,S1O
46,FP2,163,8.514,S1O
46,FP2,164,9.979,S1O
46,FP2,165,9.979,S1O
46,FP2,166,8.514,S1O
46,FP2,167,6.073,S1O
46,FP2,168,5.096,S1O
46,FP2,169,5.096,S1O
46,FP2,170,7.538,S1O
46,FP2,171,10.468,S1O
46,FP2,172,12.421,S1O
46,FP2,173,13.397,S1O
46,FP2,174,12.909,S1O
46,FP2,175,11.444,S1O
46,FP2,176,9.491,S1O
46,FP2,177,7.538,S1O
46,FP2,178,6.073,S1O
46,FP2,179,6.073,S1O
46,FP2,180,7.050,S1O
46,FP2,181,9.491,S1O
46,FP2,182,11.444,S1O
46,FP2,183,12.909,S1O
46,FP2,184,13.397,S1O
46,FP2,185,12.421,S1O
46,FP2,186,10.956,S1O
46,FP2,187,9.491,S1O
46,FP2,188,9.003,S1O
46,FP2,189,8.026,S1O
46,FP2,190,7.050,S1O
46,FP2,191,6.073,S1O
46,FP2,192,5.096,S1O
46,FP2,193,4.608,S1O
46,FP2,194,4.608,S1O
46,FP2,195,5.096,S1O
46,FP2,196,5.585,S1O
46,FP2,197,5.585,S1O
46,FP2,198,4.608,S1O
46,FP2,199,4.120,S1O
46,FP2,200,4.608,S1O
46,FP2,201,6.073,S1O
46,FP2,202,7.538,S1O
46,FP2,203,8.026,S1O
46,FP2,204,7.538,S1O
46,FP2,205,5.096,S1O
46,FP2,206,2.655,S1O
46,FP2,207,0.702,S1O
46,FP2,208,0.214,S1O
46,FP2,209,1.190,S1O
46,FP2,210,3.632,S1O
46,FP2,211,5.096,S1O
46,FP2,212,4.608,S1O
46,FP2,213,3.143,S1O
46,FP2,214,0.702,S1O
46,FP2,215,-1.251,S1O
46,FP2,216,-2.228,S1O
46,FP2,217,-3.204,S1O
46,FP2,218,-3.693,S1O
46,FP2,219,-4.181,S1O
46,FP2,220,-4.669,S1O
46,FP2,221,-4.669,S1O
46,FP2,222,-4.181,S1O
46,FP2,223,-3.693,S1O
46,FP2,224,-5.157,S1O
46,FP2,225,-7.111,S1O
46,FP2,226,-8.575,S1O
46,FP2,227,-8.087,S1O
46,FP2,228,-6.134,S1O
46,FP2,229,-3.693,S1O
46,FP2,230,-2.716,S1O
46,FP2,231,-4.181,S1O
46,FP2,232,-5.646,S1O
46,FP2,233,-5.646,S1O
46,FP2,234,-3.693,S1O
46,FP2,235,0.214,S1O
46,FP2,236,4.608,S1O
46,FP2,237,7.050,S1O
46,FP2,238,8.026,S1O
46,FP2,239,8.026,S1O
46,FP2,240,8.514,S1O
46,FP2,241,9.003,S1O
46,FP2,242,9.491,S1O
46,FP2,243,9.003,S1O
46,FP2,244,7.050,S1O
46,FP2,245,5.096,S1O
46,FP2,246,2.655,S1O
46,FP2,247,1.190,S1O
46,FP2,248,-0.763,S1O
46,FP2,249,-1.740,S1O
46,FP2,250,-2.716,S1O
46,FP2,251,-2.716,S1O
46,FP2,252,-2.716,S1O
46,FP2,253,-2.228,S1O
46,FP2,254,-3.204,S1O
46,FP2,255,-4.181,S1O
46,F7,0,-6.053,S1O
46,F7,1,-3.611,S1O
46,F7,2,0.295,S1O
46,F7,3,4.201,S1O
46,F7,4,5.178,S1O
46,F7,5,2.736,S1O
46,F7,6,-1.658,S1O
46,F7,7,-5.564,S1O
46,F7,8,-7.517,S1O
46,F7,9,-5.564,S1O
46,F7,10,-2.146,S1O
46,F7,11,1.272,S1O
46,F7,12,3.713,S1O
46,F7,13,5.666,S1O
46,F7,14,9.084,S1O
46,F7,15,13.479,S1O
46,F7,16,17.385,S1O
46,F7,17,19.338,S1O
46,F7,18,17.385,S1O
46,F7,19,12.502,S1O
46,F7,20,7.131,S1O
46,F7,21,3.225,S1O
46,F7,22,0.783,S1O
46,F7,23,-0.193,S1O
46,F7,24,-2.146,S1O
46,F7,25,-4.588,S1O
46,F7,26,-5.564,S1O
46,F7,27,-4.588,S1O
46,F7,28,-1.170,S1O
46,F7,29,2.248,S1O
46,F7,30,4.201,S1O
46,F7,31,3.713,S1O
46,F7,32,2.736,S1O
46,F7,33,2.736,S1O
46,F7,34,4.201,S1O
46,F7,35,6.643,S1O
46,F7,36,8.108,S1O
46,F7,37,7.131,S1O
46,F7,38,4.201,S1O
46,F7,39,1.272,S1O
46,F7,40,-0.193,S1O
46,F7,41,-0.682,S1O
46,F7,42,-2.146,S1O
46,F7,43,-3.611,S1O
46,F7,44,-6.541,S1O
46,F7,45,-7.517,S1O
46,F7,46,-6.053,S1O
46,F7,47,-3.123,S1O
46,F7,48,0.295,S1O
46,F7,49,2.248,S1O
46,F7,50,2.736,S1O
46,F7,51,3.225,S1O
46,F7,52,4.201,S1O
46,F7,53,6.154,S1O
46,F7,54,7.619,S1O
46,F7,55,7.619,S1O
46,F7,56,6.154,S1O
46,F7,57,4.201,S1O
46,F7,58,2.736,S1O
46,F7,59,2.248,S1O
46,F7,60,1.760,S1O
46,F7,61,0.783,S1O
46,F7,62,-0.682,S1O
46,F7,63,-2.635,S1O
46,F7,64,-4.100,S1O
46,F7,65,-4.100,S1O
46,F7,66,-3.611,S1O
46,F7,67,-3.611,S1O
46,F7,68,-4.100,S1O
46,F7,69,-5.076,S1O
46,F7,70,-5.564,S1O
46,F7,71,-5.564,S1O
46,F7,72,-5.076,S1O
46,F7,73,-3.611,S1O
46,F7,74,-2.635,S1O
46,F7,75,-2.146,S1O
46,F7,76,-1.170,S1O
46,F7,77,0.783,S1O
46,F7,78,2.736,S1O
46,F7,79,4.201,S1O
46,F7,80,5.178,S1O
46,F7,81,4.201,S1O
46,F7,82,3.225,S1O
46,F7,83,2.248,S1O
46,F7,84,3.225,S1O
46,F7,85,3.713,S1O
46,F7,86,4.201,S1O
46,F7,87,4.201,S1O
46,F7,88,4.201,S1O
46,F7,89,5.666,S1O
46,F7,90,7.131,S1O
46,F7,91,8.108,S1O
46,F7,92,8.108,S1O
46,F7,93,6.643,S1O
46,F7,94,4.690,S1O
46,F7,95,4.201,S1O
46,F7,96,5.178,S1O
46,F7,97,6.643,S1O
46,F7,98,7.619,S1O
46,F7,99,8.108,S1O
46,F7,100,6.154,S1O
46,F7,101,4.690,S1O
46,F7,102,3.713,S1O
46,F7,103,3.225,S1O
46,F7,104,3.225,S1O
46,F7,105,3.225,S1O
46,F7,106,2.248,S1O
46,F7,107,2.248,S1O
46,F7,108,2.736,S1O
46,F7,109,4.201,S1O
46,F7,110,5.666,S1O
46,F7,111,5.178,S1O
46,F7,112,3.225,S1O
46,F7,113,0.295,S1O
46,F7,114,-0.682,S1O
46,F7,115,0.295,S1O
46,F7,116,3.225,S1O
46,F7,117,6.643,S1O
46,F7,118,9.084,S1O
46,F7,119,9.572,S1O
46,F7,120,9.572,S1O
46,F7,121,10.061,S1O
46,F7,122,11.525,S1O
46,F7,123,13.967,S1O
46,F7,124,15.920,S1O
46,F7,125,15.920,S1O
46,F7,126,14.455,S1O
46,F7,127,12.014,S1O
46,F7,128,9.572,S1O
46,F7,129,7.619,S1O
46,F7,130,7.131,S1O
46,F7,131,7.131,S1O
46,F7,132,7.131,S1O
46,F7,133,6.643,S1O
46,F7,134,5.666,S1O
46,F7,135,3.713,S1O
46,F7,136,1.760,S1O
46,F7,137,0.295,S1O
46,F7,138,-1.658,S1O
46,F7,139,-2.146,S1O
46,F7,140,-2.146,S1O
46,F7,141,-2.146,S1O
46,F7,142,-2.146,S1O
46,F7,143,-2.146,S1O
46,F7,144,-2.146,S1O
46,F7,145,-1.658,S1O
46,F7,146,-1.170,S1O
46,F7,147,0.295,S1O
46,F7,148,1.760,S1O
46,F7,149,3.225,S1O
46,F7,150,4.201,S1O
46,F7,151,5.178,S1O
46,F7,152,6.154,S1O
46,F7,153,7.131,S1O
46,F7,154,8.108,S1O
46,F7,155,8.596,S1O
46,F7,156,9.084,S1O
46,F7,157,9.084,S1O
46,F7,158,9.084,S1O
46,F7,159,8.108,S1O
46,F7,160,7.619,S1O
46,F7,161,7.131,S1O
46,F7,162,7.131,S1O
46,F7,163,7.619,S1O
46,F7,164,8.108,S1O
46,F7,165,8.596,S1O
46,F7,166,8.596,S1O
46,F7,167,8.596,S1O
46,F7,168,8.596,S1O
46,F7,169,9.084,S1O
46,F7,170,10.061,S1O
46,F7,171,12.014,S1O
46,F7,172,13.967,S1O
46,F7,173,15.920,S1O
46,F7,174,16.897,S1O
46,F7,175,15.920,S1O
46,F7,176,14.943,S1O
46,F7,177,13.479,S1O
46,F7,178,12.990,S1O
46,F7,179,13.479,S1O
46,F7,180,14.943,S1O
46,F7,181,15.920,S1O
46,F7,182,15.920,S1O
46,F7,183,14.943,S1O
46,F7,184,13.479,S1O
46,F7,185,12.502,S1O
46,F7,186,12.014,S1O
46,F7,187,12.014,S1O
46,F7,188,11.525,S1O
46,F7,189,11.037,S1O
46,F7,190,9.572,S1O
46,F7,191,8.596,S1O
46,F7,192,7.619,S1O
46,F7,193,7.619,S1O
46,F7,194,8.108,S1O
46,F7,195,9.084,S1O
46,F7,196,9.572,S1O
46,F7,197,9.572,S1O
46,F7,198,11.037,S1O
46,F7,199,12.502,S1O
46,F7,200,13.967,S1O
46,F7,201,14.943,S1O
46,F7,202,13.967,S1O
46,F7,203,12.502,S1O
46,F7,204,10.549,S1O
46,F7,205,9.084,S1O
46,F7,206,8.108,S1O
46,F7,207,8.108,S1O
46,F7,208,8.596,S1O
46,F7,209,9.572,S1O
46,F7,210,11.037,S1O
46,F7,211,12.014,S1O
46,F7,212,12.014,S1O
46,F7,213,10.549,S1O
46,F7,214,7.619,S1O
46,F7,215,4.690,S1O
46,F7,216,2.248,S1O
46,F7,217,0.783,S1O
46,F7,218,0.783,S1O
46,F7,219,0.783,S1O
46,F7,220,0.783,S1O
46,F7,221,0.295,S1O
46,F7,222,-0.193,S1O
46,F7,223,-0.682,S1O
46,F7,224,-1.658,S1O
46,F7,225,-2.635,S1O
46,F7,226,-4.100,S1O
46,F7,227,-4.588,S1O
46,F7,228,-4.100,S1O
46,F7,229,-2.146,S1O
46,F7,230,-1.170,S1O
46,F7,231,-1.170,S1O
46,F7,232,-2.146,S1O
46,F7,233,-2.146,S1O
46,F7,234,-1.170,S1O
46,F7,235,1.272,S1O
46,F7,236,4.201,S1O
46,F7,237,5.666,S1O
46,F7,238,5.666,S1O
46,F7,239,5.178,S1O
46,F7,240,6.154,S1O
46,F7,241,8.108,S1O
46,F7,242,10.549,S1O
46,F7,243,11.037,S1O
46,F7,244,10.549,S1O
46,F7,245,8.596,S1O
46,F7,246,7.619,S1O
46,F7,247,6.643,S1O
46,F7,248,6.154,S1O
46,F7,249,5.178,S1O
46,F7,250,3.713,S1O
46,F7,251,2.248,S1O
46,F7,252,2.248,S1O
46,F7,253,3.225,S1O
46,F7,254,4.690,S1O
46,F7,255,5.178,S1O
46,F8,0,-3.164,S1O
46,F8,1,-2.675,S1O
46,F8,2,-2.187,S1O
46,F8,3,-2.187,S1O
46,F8,4,-2.675,S1O
46,F8,5,-6.093,S1O
46,F8,6,-11.464,S1O
46,F8,7,-16.836,S1O
46,F8,8,-20.253,S1O
46,F8,9,-19.765,S1O
46,F8,10,-16.836,S1O
46,F8,11,-11.464,S1O
46,F8,12,-5.605,S1O
46,F8,13,0.254,S1O
46,F8,14,6.114,S1O
46,F8,15,10.997,S1O
46,F8,16,13.926,S1O
46,F8,17,14.414,S1O
46,F8,18,11.485,S1O
46,F8,19,6.602,S1O
46,F8,20,1.719,S1O
46,F8,21,-1.699,S1O
46,F8,22,-4.140,S1O
46,F8,23,-5.117,S1O
46,F8,24,-5.117,S1O
46,F8,25,-5.117,S1O
46,F8,26,-4.140,S1O
46,F8,27,-2.675,S1O
46,F8,28,-1.699,S1O
46,F8,29,-1.699,S1O
46,F8,30,-2.675,S1O
46,F8,31,-3.652,S1O
46,F8,32,-3.652,S1O
46,F8,33,-1.699,S1O
46,F8,34,0.743,S1O
46,F8,35,2.696,S1O
46,F8,36,3.184,S1O
46,F8,37,1.719,S1O
46,F8,38,0.743,S1O
46,F8,39,0.743,S1O
46,F8,40,1.231,S1O
46,F8,41,2.696,S1O
46,F8,42,1.719,S1O
46,F8,43,-0.722,S1O
46,F8,44,-3.652,S1O
46,F8,45,-6.093,S1O
46,F8,46,-6.582,S1O
46,F8,47,-6.093,S1O
46,F8,48,-5.605,S1O
46,F8,49,-6.582,S1O
46,F8,50,-7.070,S1O
46,F8,51,-7.558,S1O
46,F8,52,-6.582,S1O
46,F8,53,-5.605,S1O
46,F8,54,-5.117,S1O
46,F8,55,-6.093,S1O
46,F8,56,-8.046,S1O
46,F8,57,-9.511,S1O
46,F8,58,-10.000,S1O
46,F8,59,-9.023,S1O
46,F8,60,-8.046,S1O
46,F8,61,-7.070,S1O
46,F8,62,-5.605,S1O
46,F8,63,-4.140,S1O
46,F8,64,-1.699,S1O
46,F8,65,1.231,S1O
46,F8,66,3.672,S1O
46,F8,67,3.672,S1O
46,F8,68,1.719,S1O
46,F8,69,-1.211,S1O
46,F8,70,-3.164,S1O
46,F8,71,-4.140,S1O
46,F8,72,-4.628,S1O
46,F8,73,-4.628,S1O
46,F8,74,-5.605,S1O
46,F8,75,-7.070,S1O
46,F8,76,-7.558,S1O
46,F8,77,-6.093,S1O
46,F8,78,-3.652,S1O
46,F8,79,-0.722,S1O
46,F8,80,0.743,S1O
46,F8,81,0.743,S1O
46,F8,82,-1.211,S1O
46,F8,83,-2.675,S1O
46,F8,84,-3.164,S1O
46,F8,85,-2.187,S1O
46,F8,86,-1.211,S1O
46,F8,87,0.743,S1O
46,F8,88,2.207,S1O
46,F8,89,3.672,S1O
46,F8,90,5.625,S1O
46,F8,91,6.114,S1O
46,F8,92,5.625,S1O
46,F8,93,3.184,S1O
46,F8,94,0.254,S1O
46,F8,95,-0.722,S1O
46,F8,96,1.719,S1O
46,F8,97,7.090,S1O
46,F8,98,13.438,S1O
46,F8,99,17.832,S1O
46,F8,100,17.344,S1O
46,F8,101,13.438,S1O
46,F8,102,8.067,S1O
46,F8,103,4.649,S1O
46,F8,104,4.649,S1O
46,F8,105,6.602,S1O
46,F8,106,8.555,S1O
46,F8,107,8.555,S1O
46,F8,108,6.602,S1O
46,F8,109,5.137,S1O
46,F8,110,4.649,S1O
46,F8,111,5.625,S1O
46,F8,112,6.602,S1O
46,F8,113,6.602,S1O
46,F8,114,6.602,S1O
46,F8,115,7.090,S1O
46,F8,116,9.043,S1O
46,F8,117,11.485,S1O
46,F8,118,13.438,S1O
46,F8,119,14.414,S1O
46,F8,120,13.438,S1O
46,F8,121,12.461,S1O
46,F8,122,11.485,S1O
46,F8,123,10.508,S1O
46,F8,124,10.508,S1O
46,F8,125,10.508,S1O
46,F8,126,10.508,S1O
46,F8,127,9.043,S1O
46,F8,128,7.579,S1O
46,F8,129,6.114,S1O
46,F8,130,5.625,S1O
46,F8,131,6.114,S1O
46,F8,132,8.067,S1O
46,F8,133,10.997,S1O
46,F8,134,12.950,S1O
46,F8,135,13.438,S1O
46,F8,136,11.973,S1O
46,F8,137,9.532,S1O
46,F8,138,7.090,S1O
46,F8,139,4.649,S1O
46,F8,140,2.696,S1O
46,F8,141,0.743,S1O
46,F8,142,0.254,S1O
46,F8,143,0.254,S1O
46,F8,144,1.231,S1O
46,F8,145,2.207,S1O
46,F8,146,3.184,S1O
46,F8,147,2.696,S1O
46,F8,148,1.719,S1O
46,F8,149,0.254,S1O
46,F8,150,-0.234,S1O
46,F8,151,-0.234,S1O
46,F8,152,0.254,S1O
46,F8,153,1.231,S1O
46,F8,154,2.207,S1O
46,F8,155,3.184,S1O
46,F8,156,3.672,S1O
46,F8,157,3.672,S1O
46,F8,158,3.672,S1O
46,F8,159,4.161,S1O
46,F8,160,5.137,S1O
46,F8,161,6.602,S1O
46,F8,162,8.067,S1O
46,F8,163,9.043,S1O
46,F8,164,9.043,S1O
46,F8,165,9.043,S1O
46,F8,166,9.532,S1O
46,F8,167,10.508,S1O
46,F8,168,11.973,S1O
46,F8,169,12.461,S1O
46,F8,170,11.973,S1O
46,F8,171,11.485,S1O
46,F8,172,11.485,S1O
46,F8,173,12.950,S1O
46,F8,174,15.879,S1O
46,F8,175,18.321,S1O
46,F8,176,19.297,S1O
46,F8,177,18.321,S1O
46,F8,178,16.856,S1O
46,F8,179,16.368,S1O
46,F8,180,16.368,S1O
46,F8,181,17.832,S1O
46,F8,182,18.809,S1O
46,F8,183,19.297,S1O
46,F8,184,19.297,S1O
46,F8,185,19.786,S1O
46,F8,186,19.297,S1O
46,F8,187,18.321,S1O
46,F8,188,16.856,S1O
46,F8,189,14.414,S1O
46,F8,190,12.461,S1O
46,F8,191,10.997,S1O
46,F8,192,10.997,S1O
46,F8,193,11.485,S1O
46,F8,194,11.973,S1O
46,F8,195,11.485,S1O
46,F8,196,10.508,S1O
46,F8,197,9.532,S1O
46,F8,198,9.532,S1O
46,F8,199,9.532,S1O
46,F8,200,9.532,S1O
46,F8,201,10.020,S1O
46,F8,202,9.532,S1O
46,F8,203,9.043,S1O
46,F8,204,8.555,S1O
46,F8,205,7.579,S1O
46,F8,206,6.602,S1O
46,F8,207,5.137,S1O
46,F8,208,4.161,S1O
46,F8,209,4.161,S1O
46,F8,210,5.137,S1O
46,F8,211,6.114,S1O
46,F8,212,6.114,S1O
46,F8,213,5.137,S1O
46,F8,214,3.184,S1O
46,F8,215,2.207,S1O
46,F8,216,1.719,S1O
46,F8,217,1.231,S1O
46,F8,218,0.743,S1O
46,F8,219,0.254,S1O
46,F8,220,-0.234,S1O
46,F8,221,0.254,S1O
46,F8,222,1.231,S1O
46,F8,223,1.719,S1O
46,F8,224,0.743,S1O
46,F8,225,-1.699,S1O
46,F8,226,-4.628,S1O
46,F8,227,-6.582,S1O
46,F8,228,-6.093,S1O
46,F8,229,-5.605,S1O
46,F8,230,-4.628,S1O
46,F8,231,-5.117,S1O
46,F8,232,-5.605,S1O
46,F8,233,-5.605,S1O
46,F8,234,-4.140,S1O
46,F8,235,-2.187,S1O
46,F8,236,0.254,S1O
46,F8,237,2.207,S1O
46,F8,238,3.184,S1O
46,F8,239,2.696,S1O
46,F8,240,2.207,S1O
46,F8,241,2.207,S1O
46,F8,242,2.207,S1O
46,F8,243,2.696,S1O
46,F8,244,3.672,S1O
46,F8,245,3.672,S1O
46,F8,246,2.696,S1O
46,F8,247,-0.234,S1O
46,F8,248,-3.164,S1O
46,F8,249,-6.093,S1O
46,F8,250,-7.558,S1O
46,F8,251,-7.558,S1O
46,F8,252,-7.070,S1O
46,F8,253,-7.558,S1O
46,F8,254,-9.023,S1O
46,F8,255,-10.976,S1O
46,AF1,0,-1.506,S1O
46,AF1,1,0.936,S1O
46,AF1,2,2.401,S1O
46,AF1,3,2.889,S1O
46,AF1,4,1.912,S1O
46,AF1,5,-1.506,S1O
46,AF1,6,-5.412,S1O
46,AF1,7,-9.318,S1O
46,AF1,8,-10.295,S1O
46,AF1,9,-8.341,S1O
46,AF1,10,-4.924,S1O
46,AF1,11,-0.529,S1O
46,AF1,12,3.866,S1O
46,AF1,13,7.284,S1O
46,AF1,14,10.701,S1O
46,AF1,15,13.631,S1O
46,AF1,16,15.584,S1O
46,AF1,17,15.096,S1O
46,AF1,18,13.143,S1O
46,AF1,19,9.237,S1O
46,AF1,20,5.819,S1O
46,AF1,21,3.377,S1O
46,AF1,22,2.401,S1O
46,AF1,23,2.401,S1O
46,AF1,24,2.401,S1O
46,AF1,25,1.912,S1O
46,AF1,26,1.424,S1O
46,AF1,27,1.424,S1O
46,AF1,28,1.424,S1O
46,AF1,29,0.936,S1O
46,AF1,30,-0.041,S1O
46,AF1,31,-1.506,S1O
46,AF1,32,-1.994,S1O
46,AF1,33,-1.017,S1O
46,AF1,34,1.912,S1O
46,AF1,35,4.842,S1O
46,AF1,36,5.819,S1O
46,AF1,37,4.842,S1O
46,AF1,38,1.912,S1O
46,AF1,39,-0.529,S1O
46,AF1,40,-2.970,S1O
46,AF1,41,-4.435,S1O
46,AF1,42,-6.388,S1O
46,AF1,43,-8.341,S1O
46,AF1,44,-8.830,S1O
46,AF1,45,-8.341,S1O
46,AF1,46,-6.877,S1O
46,AF1,47,-4.924,S1O
46,AF1,48,-3.459,S1O
46,AF1,49,-3.459,S1O
46,AF1,50,-3.459,S1O
46,AF1,51,-2.970,S1O
46,AF1,52,-1.017,S1O
46,AF1,53,1.424,S1O
46,AF1,54,2.889,S1O
46,AF1,55,3.377,S1O
46,AF1,56,3.377,S1O
46,AF1,57,2.889,S1O
46,AF1,58,3.377,S1O
46,AF1,59,4.354,S1O
46,AF1,60,4.354,S1O
46,AF1,61,3.377,S1O
46,AF1,62,1.424,S1O
46,AF1,63,-0.529,S1O
46,AF1,64,-1.506,S1O
46,AF1,65,-1.994,S1O
46,AF1,66,-2.482,S1O
46,AF1,67,-3.459,S1O
46,AF1,68,-4.924,S1O
46,AF1,69,-6.388,S1O
46,AF1,70,-6.877,S1O
46,AF1,71,-6.877,S1O
46,AF1,72,-5.900,S1O
46,AF1,73,-5.412,S1O
46,AF1,74,-5.900,S1O
46,AF1,75,-5.900,S1O
46,AF1,76,-5.412,S1O
46,AF1,77,-3.947,S1O
46,AF1,78,-1.506,S1O
46,AF1,79,-0.041,S1O
46,AF1,80,-0.041,S1O
46,AF1,81,-1.017,S1O
46,AF1,82,-2.482,S1O
46,AF1,83,-2.482,S1O
46,AF1,84,-1.506,S1O
46,AF1,85,0.448,S1O
46,AF1,86,1.912,S1O
46,AF1,87,3.866,S1O
46,AF1,88,5.330,S1O
46,AF1,89,7.772,S1O
46,AF1,90,9.725,S1O
46,AF1,91,10.701,S1O
46,AF1,92,10.701,S1O
46,AF1,93,8.748,S1O
46,AF1,94,6.795,S1O
46,AF1,95,5.819,S1O
46,AF1,96,6.307,S1O
46,AF1,97,8.260,S1O
46,AF1,98,9.725,S1O
46,AF1,99,10.213,S1O
46,AF1,100,8.748,S1O
46,AF1,101,6.795,S1O
46,AF1,102,4.842,S1O
46,AF1,103,3.866,S1O
46,AF1,104,3.866,S1O
46,AF1,105,4.354,S1O
46,AF1,106,5.819,S1O
46,AF1,107,6.307,S1O
46,AF1,108,6.795,S1O
46,AF1,109,6.795,S1O
46,AF1,110,5.330,S1O
46,AF1,111,3.377,S1O
46,AF1,112,0.448,S1O
46,AF1,113,-2.970,S1O
46,AF1,114,-5.412,S1O
46,AF1,115,-5.900,S1O
46,AF1,116,-4.435,S1O
46,AF1,117,-2.482,S1O
46,AF1,118,-0.041,S1O
46,AF1,119,1.912,S1O
46,AF1,120,3.377,S1O
46,AF1,121,4.354,S1O
46,AF1,122,5.330,S1O
46,AF1,123,6.795,S1O
46,AF1,124,7.772,S1O
46,AF1,125,8.260,S1O
46,AF1,126,7.284,S1O
46,AF1,127,5.819,S1O
46,AF1,128,3.377,S1O
46,AF1,129,1.912,S1O
46,AF1,130,1.424,S1O
46,AF1,131,1.912,S1O
46,AF1,132,2.401,S1O
46,AF1,133,3.377,S1O
46,AF1,134,2.889,S1O
46,AF1,135,1.424,S1O
46,AF1,136,0.448,S1O
46,AF1,137,-1.017,S1O
46,AF1,138,-1.506,S1O
46,AF1,139,-1.506,S1O
46,AF1,140,-1.506,S1O
46,AF1,141,-1.506,S1O
46,AF1,142,-1.506,S1O
46,AF1,143,-1.994,S1O
46,AF1,144,-2.482,S1O
46,AF1,145,-2.482,S1O
46,AF1,146,-2.482,S1O
46,AF1,147,-1.994,S1O
46,AF1,148,-1.506,S1O
46,AF1,149,-0.041,S1O
46,AF1,150,1.424,S1O
46,AF1,151,2.401,S1O
46,AF1,152,2.401,S1O
46,AF1,153,3.377,S1O
46,AF1,154,3.866,S1O
46,AF1,155,4.842,S1O
46,AF1,156,5.819,S1O
46,AF1,157,6.307,S1O
46,AF1,158,5.819,S1O
46,AF1,159,5.330,S1O
46,AF1,160,4.842,S1O
46,AF1,161,6.307,S1O
46,AF1,162,7.772,S1O
46,AF1,163,9.725,S1O
46,AF1,164,10.701,S1O
46,AF1,165,11.190,S1O
46,AF1,166,10.213,S1O
46,AF1,167,9.237,S1O
46,AF1,168,8.260,S1O
46,AF1,169,8.260,S1O
46,AF1,170,8.260,S1O
46,AF1,171,9.725,S1O
46,AF1,172,11.190,S1O
46,AF1,173,12.166,S1O
46,AF1,174,12.655,S1O
46,AF1,175,11.678,S1O
46,AF1,176,9.237,S1O
46,AF1,177,6.307,S1O
46,AF1,178,4.354,S1O
46,AF1,179,3.866,S1O
46,AF1,180,4.842,S1O
46,AF1,181,6.795,S1O
46,AF1,182,8.748,S1O
46,AF1,183,9.237,S1O
46,AF1,184,9.237,S1O
46,AF1,185,8.260,S1O
46,AF1,186,7.284,S1O
46,AF1,187,6.307,S1O
46,AF1,188,6.307,S1O
46,AF1,189,6.307,S1O
46,AF1,190,6.307,S1O
46,AF1,191,6.307,S1O
46,AF1,192,6.307,S1O
46,AF1,193,5.819,S1O
46,AF1,194,6.307,S1O
46,AF1,195,7.284,S1O
46,AF1,196,8.260,S1O
46,AF1,197,9.237,S1O
46,AF1,198,10.213,S1O
46,AF1,199,10.701,S1O
46,AF1,200,11.678,S1O
46,AF1,201,12.166,S1O
46,AF1,202,12.166,S1O
46,AF1,203,11.678,S1O
46,AF1,204,10.701,S1O
46,AF1,205,8.748,S1O
46,AF1,206,7.284,S1O
46,AF1,207,6.307,S1O
46,AF1,208,6.307,S1O
46,AF1,209,7.284,S1O
46,AF1,210,8.748,S1O
46,AF1,211,9.725,S1O
46,AF1,212,9.237,S1O
46,AF1,213,7.284,S1O
46,AF1,214,4.354,S1O
46,AF1,215,1.912,S1O
46,AF1,216,0.936,S1O
46,AF1,217,0.448,S1O
46,AF1,218,1.424,S1O
46,AF1,219,1.424,S1O
46,AF1,220,1.424,S1O
46,AF1,221,0.448,S1O
46,AF1,222,-0.041,S1O
46,AF1,223,-1.506,S1O
46,AF1,224,-2.482,S1O
46,AF1,225,-2.970,S1O
46,AF1,226,-2.970,S1O
46,AF1,227,-1.506,S1O
46,AF1,228,0.936,S1O
46,AF1,229,3.377,S1O
46,AF1,230,3.866,S1O
46,AF1,231,3.377,S1O
46,AF1,232,1.912,S1O
46,AF1,233,1.912,S1O
46,AF1,234,3.377,S1O
46,AF1,235,6.307,S1O
46,AF1,236,8.748,S1O
46,AF1,237,9.725,S1O
46,AF1,238,10.213,S1O
46,AF1,239,10.701,S1O
46,AF1,240,11.678,S1O
46,AF1,241,13.631,S1O
46,AF1,242,15.096,S1O
46,AF1,243,14.608,S1O
46,AF1,244,12.655,S1O
46,AF1,245,10.701,S1O
46,AF1,246,8.748,S1O
46,AF1,247,7.772,S1O
46,AF1,248,7.284,S1O
46,AF1,249,6.307,S1O
46,AF1,250,5.330,S1O
46,AF1,251,4.842,S1O
46,AF1,252,4.842,S1O
46,AF1,253,5.330,S1O
46,AF1,254,5.819,S1O
46,AF1,255,5.330,S1O
46,AF2,0,-0.264,S1O
46,AF2,1,0.712,S1O
46,AF2,2,0.712,S1O
46,AF2,3,0.224,S1O
46,AF2,4,-1.729,S1O
46,AF2,5,-4.659,S1O
46,AF2,6,-8.565,S1O
46,AF2,7,-11.983,S1O
46,AF2,8,-13.448,S1O
46,AF2,9,-11.983,S1O
46,AF2,10,-9.054,S1O
46,AF2,11,-4.171,S1O
46,AF2,12,0.712,S1O
46,AF2,13,5.595,S1O
46,AF2,14,9.501,S1O
46,AF2,15,12.919,S1O
46,AF2,16,14.384,S1O
46,AF2,17,13.896,S1O
46,AF2,18,12.431,S1O
46,AF2,19,9.501,S1O
46,AF2,20,6.083,S1O
46,AF2,21,3.642,S1O
46,AF2,22,2.177,S1O
46,AF2,23,1.689,S1O
46,AF2,24,2.177,S1O
46,AF2,25,3.153,S1O
46,AF2,26,3.642,S1O
46,AF2,27,4.130,S1O
46,AF2,28,4.130,S1O
46,AF2,29,2.665,S1O
46,AF2,30,1.200,S1O
46,AF2,31,-0.753,S1O
46,AF2,32,-0.753,S1O
46,AF2,33,0.712,S1O
46,AF2,34,3.153,S1O
46,AF2,35,5.595,S1O
46,AF2,36,6.571,S1O
46,AF2,37,5.595,S1O
46,AF2,38,3.642,S1O
46,AF2,39,1.689,S1O
46,AF2,40,-0.264,S1O
46,AF2,41,-2.218,S1O
46,AF2,42,-4.659,S1O
46,AF2,43,-7.100,S1O
46,AF2,44,-8.077,S1O
46,AF2,45,-8.077,S1O
46,AF2,46,-7.100,S1O
46,AF2,47,-6.124,S1O
46,AF2,48,-5.147,S1O
46,AF2,49,-5.636,S1O
46,AF2,50,-6.124,S1O
46,AF2,51,-5.636,S1O
46,AF2,52,-4.171,S1O
46,AF2,53,-2.706,S1O
46,AF2,54,-1.729,S1O
46,AF2,55,-1.241,S1O
46,AF2,56,-1.729,S1O
46,AF2,57,-1.241,S1O
46,AF2,58,-0.264,S1O
46,AF2,59,1.200,S1O
46,AF2,60,1.689,S1O
46,AF2,61,1.689,S1O
46,AF2,62,0.712,S1O
46,AF2,63,-0.264,S1O
46,AF2,64,-0.753,S1O
46,AF2,65,-0.753,S1O
46,AF2,66,-0.753,S1O
46,AF2,67,-1.241,S1O
46,AF2,68,-2.706,S1O
46,AF2,69,-4.171,S1O
46,AF2,70,-5.147,S1O
46,AF2,71,-6.124,S1O
46,AF2,72,-6.612,S1O
46,AF2,73,-6.612,S1O
46,AF2,74,-7.100,S1O
46,AF2,75,-7.589,S1O
46,AF2,76,-7.100,S1O
46,AF2,77,-5.636,S1O
46,AF2,78,-4.171,S1O
46,AF2,79,-2.706,S1O
46,AF2,80,-2.706,S1O
46,AF2,81,-3.682,S1O
46,AF2,82,-4.171,S1O
46,AF2,83,-4.171,S1O
46,AF2,84,-3.194,S1O
46,AF2,85,-1.241,S1O
46,AF2,86,0.712,S1O
46,AF2,87,2.177,S1O
46,AF2,88,3.153,S1O
46,AF2,89,5.107,S1O
46,AF2,90,7.060,S1O
46,AF2,91,8.525,S1O
46,AF2,92,9.013,S1O
46,AF2,93,8.036,S1O
46,AF2,94,6.083,S1O
46,AF2,95,5.595,S1O
46,AF2,96,6.083,S1O
46,AF2,97,8.036,S1O
46,AF2,98,10.478,S1O
46,AF2,99,11.454,S1O
46,AF2,100,10.966,S1O
46,AF2,101,8.525,S1O
46,AF2,102,5.595,S1O
46,AF2,103,3.642,S1O
46,AF2,104,3.642,S1O
46,AF2,105,4.618,S1O
46,AF2,106,5.595,S1O
46,AF2,107,6.083,S1O
46,AF2,108,5.107,S1O
46,AF2,109,4.130,S1O
46,AF2,110,2.665,S1O
46,AF2,111,1.200,S1O
46,AF2,112,-0.264,S1O
46,AF2,113,-2.218,S1O
46,AF2,114,-3.682,S1O
46,AF2,115,-4.171,S1O
46,AF2,116,-3.194,S1O
46,AF2,117,-0.753,S1O
46,AF2,118,0.712,S1O
46,AF2,119,2.665,S1O
46,AF2,120,3.642,S1O
46,AF2,121,3.642,S1O
46,AF2,122,4.130,S1O
46,AF2,123,5.107,S1O
46,AF2,124,6.083,S1O
46,AF2,125,6.571,S1O
46,AF2,126,6.083,S1O
46,AF2,127,4.618,S1O
46,AF2,128,3.153,S1O
46,AF2,129,1.200,S1O
46,AF2,130,0.712,S1O
46,AF2,131,0.712,S1O
46,AF2,132,2.177,S1O
46,AF2,133,3.153,S1O
46,AF2,134,3.642,S1O
46,AF2,135,3.642,S1O
46,AF2,136,2.665,S1O
46,AF2,137,1.689,S1O
46,AF2,138,0.712,S1O
46,AF2,139,0.224,S1O
46,AF2,140,-0.753,S1O
46,AF2,141,-1.241,S1O
46,AF2,142,-1.729,S1O
46,AF2,143,-1.729,S1O
46,AF2,144,-1.729,S1O
46,AF2,145,-2.218,S1O
46,AF2,146,-2.218,S1O
46,AF2,147,-3.194,S1O
46,AF2,148,-3.194,S1O
46,AF2,149,-2.706,S1O
46,AF2,150,-1.729,S1O
46,AF2,151,-1.241,S1O
46,AF2,152,-0.753,S1O
46,AF2,153,-0.264,S1O
46,AF2,154,0.224,S1O
46,AF2,155,0.712,S1O
46,AF2,156,1.689,S1O
46,AF2,157,1.689,S1O
46,AF2,158,1.200,S1O
46,AF2,159,1.200,S1O
46,AF2,160,1.689,S1O
46,AF2,161,3.642,S1O
46,AF2,162,6.571,S1O
46,AF2,163,8.525,S1O
46,AF2,164,9.989,S1O
46,AF2,165,9.501,S1O
46,AF2,166,8.525,S1O
46,AF2,167,7.060,S1O
46,AF2,168,6.571,S1O
46,AF2,169,6.571,S1O
46,AF2,170,7.548,S1O
46,AF2,171,8.036,S1O
46,AF2,172,8.525,S1O
46,AF2,173,9.501,S1O
46,AF2,174,9.501,S1O
46,AF2,175,9.989,S1O
46,AF2,176,9.013,S1O
46,AF2,177,7.548,S1O
46,AF2,178,6.571,S1O
46,AF2,179,5.107,S1O
46,AF2,180,5.595,S1O
46,AF2,181,6.571,S1O
46,AF2,182,8.036,S1O
46,AF2,183,9.501,S1O
46,AF2,184,10.478,S1O
46,AF2,185,9.989,S1O
46,AF2,186,9.013,S1O
46,AF2,187,7.548,S1O
46,AF2,188,6.571,S1O
46,AF2,189,6.083,S1O
46,AF2,190,6.083,S1O
46,AF2,191,6.571,S1O
46,AF2,192,6.571,S1O
46,AF2,193,6.571,S1O
46,AF2,194,6.571,S1O
46,AF2,195,6.571,S1O
46,AF2,196,7.060,S1O
46,AF2,197,7.060,S1O
46,AF2,198,7.060,S1O
46,AF2,199,6.571,S1O
46,AF2,200,6.571,S1O
46,AF2,201,7.060,S1O
46,AF2,202,8.036,S1O
46,AF2,203,8.525,S1O
46,AF2,204,7.548,S1O
46,AF2,205,6.083,S1O
46,AF2,206,4.130,S1O
46,AF2,207,2.665,S1O
46,AF2,208,2.665,S1O
46,AF2,209,3.642,S1O
46,AF2,210,5.107,S1O
46,AF2,211,6.571,S1O
46,AF2,212,6.083,S1O
46,AF2,213,5.107,S1O
46,AF2,214,2.665,S1O
46,AF2,215,0.712,S1O
46,AF2,216,-0.753,S1O
46,AF2,217,-1.241,S1O
46,AF2,218,-1.729,S1O
46,AF2,219,-2.218,S1O
46,AF2,220,-2.218,S1O
46,AF2,221,-2.218,S1O
46,AF2,222,-1.729,S1O
46,AF2,223,-2.218,S1O
46,AF2,224,-2.706,S1O
46,AF2,225,-3.682,S1O
46,AF2,226,-4.171,S1O
46,AF2,227,-3.682,S1O
46,AF2,228,-2.218,S1O
46,AF2,229,-0.753,S1O
46,AF2,230,-0.264,S1O
46,AF2,231,-0.264,S1O
46,AF2,232,-0.753,S1O
46,AF2,233,0.712,S1O
46,AF2,234,2.665,S1O
46,AF2,235,5.595,S1O
46,AF2,236,7.060,S1O
46,AF2,237,8.036,S1O
46,AF2,238,8.525,S1O
46,AF2,239,8.525,S1O
46,AF2,240,9.989,S1O
46,AF2,241,10.966,S1O
46,AF2,242,11.943,S1O
46,AF2,243,10.966,S1O
46,AF2,244,9.501,S1O
46,AF2,245,8.036,S1O
46,AF2,246,6.571,S1O
46,AF2,247,5.595,S1O
46,AF2,248,4.618,S1O
46,AF2,249,3.153,S1O
46,AF2,250,2.177,S1O
46,AF2,251,1.200,S1O
46,AF2,252,0.712,S1O
46,AF2,253,0.712,S1O
46,AF2,254,0.224,S1O
46,AF2,255,-0.264,S1O
46,FZ,0,-0.122,S1O
46,FZ,1,1.343,S1O
46,FZ,2,1.343,S1O
46,FZ,3,0.854,S1O
46,FZ,4,-0.610,S1O
46,FZ,5,-3.052,S1O
46,FZ,6,-5.005,S1O
46,FZ,7,-6.958,S1O
46,FZ,8,-7.935,S1O
46,FZ,9,-7.446,S1O
46,FZ,10,-5.005,S1O
46,FZ,11,-2.563,S1O
46,FZ,12,0.366,S1O
46,FZ,13,3.296,S1O
46,FZ,14,6.226,S1O
46,FZ,15,8.667,S1O
46,FZ,16,10.132,S1O
46,FZ,17,9.644,S1O
46,FZ,18,8.179,S1O
46,FZ,19,6.226,S1O
46,FZ,20,3.784,S1O
46,FZ,21,2.808,S1O
46,FZ,22,2.319,S1O
46,FZ,23,2.319,S1O
46,FZ,24,1.831,S1O
46,FZ,25,1.343,S1O
46,FZ,26,1.343,S1O
46,FZ,27,1.343,S1O
46,FZ,28,1.831,S1O
46,FZ,29,1.831,S1O
46,FZ,30,0.854,S1O
46,FZ,31,-0.610,S1O
46,FZ,32,-1.587,S1O
46,FZ,33,-1.099,S1O
46,FZ,34,0.854,S1O
46,FZ,35,3.296,S1O
46,FZ,36,4.761,S1O
46,FZ,37,4.272,S1O
46,FZ,38,1.831,S1O
46,FZ,39,-1.099,S1O
46,FZ,40,-4.028,S1O
46,FZ,41,-6.470,S1O
46,FZ,42,-8.423,S1O
46,FZ,43,-9.888,S1O
46,FZ,44,-9.888,S1O
46,FZ,45,-8.911,S1O
46,FZ,46,-6.958,S1O
46,FZ,47,-5.005,S1O
46,FZ,48,-3.540,S1O
46,FZ,49,-3.540,S1O
46,FZ,50,-3.052,S1O
46,FZ,51,-2.563,S1O
46,FZ,52,-1.099,S1O
46,FZ,53,0.854,S1O
46,FZ,54,1.831,S1O
46,FZ,55,1.831,S1O
46,FZ,56,1.831,S1O
46,FZ,57,1.343,S1O
46,FZ,58,1.831,S1O
46,FZ,59,2.808,S1O
46,FZ,60,3.296,S1O
46,FZ,61,3.296,S1O
46,FZ,62,2.319,S1O
46,FZ,63,1.343,S1O
46,FZ,64,0.366,S1O
46,FZ,65,-0.122,S1O
46,FZ,66,-0.610,S1O
46,FZ,67,-1.587,S1O
46,FZ,68,-3.052,S1O
46,FZ,69,-4.517,S1O
46,FZ,70,-5.981,S1O
46,FZ,71,-5.981,S1O
46,FZ,72,-5.493,S1O
46,FZ,73,-5.493,S1O
46,FZ,74,-5.005,S1O
46,FZ,75,-5.005,S1O
46,FZ,76,-4.517,S1O
46,FZ,77,-3.052,S1O
46,FZ,78,-1.587,S1O
46,FZ,79,-0.610,S1O
46,FZ,80,-0.610,S1O
46,FZ,81,-1.587,S1O
46,FZ,82,-3.052,S1O
46,FZ,83,-3.540,S1O
46,FZ,84,-2.563,S1O
46,FZ,85,-0.122,S1O
46,FZ,86,1.343,S1O
46,FZ,87,2.808,S1O
46,FZ,88,3.784,S1O
46,FZ,89,5.249,S1O
46,FZ,90,6.714,S1O
46,FZ,91,7.690,S1O
46,FZ,92,8.179,S1O
46,FZ,93,7.202,S1O
46,FZ,94,6.226,S1O
46,FZ,95,5.249,S1O
46,FZ,96,5.249,S1O
46,FZ,97,6.226,S1O
46,FZ,98,7.202,S1O
46,FZ,99,7.690,S1O
46,FZ,100,6.714,S1O
46,FZ,101,5.249,S1O
46,FZ,102,3.296,S1O
46,FZ,103,2.319,S1O
46,FZ,104,1.831,S1O
46,FZ,105,2.319,S1O
46,FZ,106,3.296,S1O
46,FZ,107,4.272,S1O
46,FZ,108,4.761,S1O
46,FZ,109,4.272,S1O
46,FZ,110,3.296,S1O
46,FZ,111,1.831,S1O
46,FZ,112,-0.610,S1O
46,FZ,113,-3.052,S1O
46,FZ,114,-5.493,S1O
46,FZ,115,-6.470,S1O
46,FZ,116,-5.981,S1O
46,FZ,117,-4.517,S1O
46,FZ,118,-2.563,S1O
46,FZ,119,-0.610,S1O
46,FZ,120,0.854,S1O
46,FZ,121,1.343,S1O
46,FZ,122,2.808,S1O
46,FZ,123,3.296,S1O
46,FZ,124,4.272,S1O
46,FZ,125,4.761,S1O
46,FZ,126,4.761,S1O
46,FZ,127,3.784,S1O
46,FZ,128,2.319,S1O
46,FZ,129,1.343,S1O
46,FZ,130,0.366,S1O
46,FZ,131,0.854,S1O
46,FZ,132,1.343,S1O
46,FZ,133,1.343,S1O
46,FZ,134,1.343,S1O
46,FZ,135,-0.122,S1O
46,FZ,136,-1.099,S1O
46,FZ,137,-1.587,S1O
46,FZ,138,-1.587,S1O
46,FZ,139,-1.099,S1O
46,FZ,140,-0.610,S1O
46,FZ,141,-1.099,S1O
46,FZ,142,-2.075,S1O
46,FZ,143,-2.563,S1O
46,FZ,144,-2.563,S1O
46,FZ,145,-2.075,S1O
46,FZ,146,-1.587,S1O
46,FZ,147,-1.587,S1O
46,FZ,148,-1.587,S1O
46,FZ,149,-1.099,S1O
46,FZ,150,-1.099,S1O
46,FZ,151,-0.122,S1O
46,FZ,152,0.366,S1O
46,FZ,153,0.854,S1O
46,FZ,154,1.343,S1O
46,FZ,155,2.319,S1O
46,FZ,156,2.808,S1O
46,FZ,157,3.296,S1O
46,FZ,158,2.319,S1O
46,FZ,159,1.831,S1O
46,FZ,160,1.343,S1O
46,FZ,161,2.319,S1O
46,FZ,162,3.784,S1O
46,FZ,163,5.737,S1O
46,FZ,164,7.202,S1O
46,FZ,165,7.202,S1O
46,FZ,166,6.714,S1O
46,FZ,167,5.249,S1O
46,FZ,168,4.272,S1O
46,FZ,169,3.784,S1O
46,FZ,170,3.296,S1O
46,FZ,171,3.296,S1O
46,FZ,172,3.784,S1O
46,FZ,173,4.761,S1O
46,FZ,174,5.737,S1O
46,FZ,175,5.737,S1O
46,FZ,176,4.272,S1O
46,FZ,177,2.319,S1O
46,FZ,178,1.343,S1O
46,FZ,179,0.854,S1O
46,FZ,180,1.343,S1O
46,FZ,181,3.296,S1O
46,FZ,182,5.249,S1O
46,FZ,183,6.226,S1O
46,FZ,184,6.714,S1O
46,FZ,185,5.737,S1O
46,FZ,186,4.761,S1O
46,FZ,187,3.784,S1O
46,FZ,188,3.784,S1O
46,FZ,189,3.296,S1O
46,FZ,190,3.784,S1O
46,FZ,191,4.272,S1O
46,FZ,192,4.761,S1O
46,FZ,193,5.737,S1O
46,FZ,194,6.226,S1O
46,FZ,195,7.202,S1O
46,FZ,196,8.179,S1O
46,FZ,197,8.667,S1O
46,FZ,198,9.155,S1O
46,FZ,199,9.155,S1O
46,FZ,200,9.155,S1O
46,FZ,201,9.155,S1O
46,FZ,202,9.155,S1O
46,FZ,203,8.179,S1O
46,FZ,204,7.202,S1O
46,FZ,205,5.737,S1O
46,FZ,206,4.272,S1O
46,FZ,207,3.296,S1O
46,FZ,208,3.784,S1O
46,FZ,209,4.272,S1O
46,FZ,210,5.249,S1O
46,FZ,211,5.249,S1O
46,FZ,212,4.761,S1O
46,FZ,213,3.296,S1O
46,FZ,214,1.343,S1O
46,FZ,215,0.366,S1O
46,FZ,216,-0.122,S1O
46,FZ,217,-0.122,S1O
46,FZ,218,-0.122,S1O
46,FZ,219,-0.122,S1O
46,FZ,220,-0.122,S1O
46,FZ,221,-0.610,S1O
46,FZ,222,-0.610,S1O
46,FZ,223,-0.610,S1O
46,FZ,224,-1.099,S1O
46,FZ,225,-1.099,S1O
46,FZ,226,-1.099,S1O
46,FZ,227,0.366,S1O
46,FZ,228,1.831,S1O
46,FZ,229,3.296,S1O
46,FZ,230,3.784,S1O
46,FZ,231,3.296,S1O
46,FZ,232,2.319,S1O
46,FZ,233,2.808,S1O
46,FZ,234,4.272,S1O
46,FZ,235,6.226,S1O
46,FZ,236,7.690,S1O
46,FZ,237,8.179,S1O
46,FZ,238,8.179,S1O
46,FZ,239,8.667,S1O
46,FZ,240,9.155,S1O
46,FZ,241,10.620,S1O
46,FZ,242,11.597,S1O
46,FZ,243,11.597,S1O
46,FZ,244,10.132,S1O
46,FZ,245,8.667,S1O
46,FZ,246,7.202,S1O
46,FZ,247,6.226,S1O
46,FZ,248,5.737,S1O
46,FZ,249,4.761,S1O
46,FZ,250,4.272,S1O
46,FZ,251,4.272,S1O
46,FZ,252,4.272,S1O
46,FZ,253,4.272,S1O
46,FZ,254,4.272,S1O
46,FZ,255,3.784,S1O
46,F4,0,-1.465,S1O
46,F4,1,-0.488,S1O
46,F4,2,-0.488,S1O
46,F4,3,-0.977,S1O
46,F4,4,-2.930,S1O
46,F4,5,-4.883,S1O
46,F4,6,-8.301,S1O
46,F4,7,-11.230,S1O
46,F4,8,-13.672,S1O
46,F4,9,-13.672,S1O
46,F4,10,-10.742,S1O
46,F4,11,-6.348,S1O
46,F4,12,-1.953,S1O
46,F4,13,3.418,S1O
46,F4,14,7.324,S1O
46,F4,15,10.742,S1O
46,F4,16,12.695,S1O
46,F4,17,12.695,S1O
46,F4,18,10.254,S1O
46,F4,19,6.348,S1O
46,F4,20,2.930,S1O
46,F4,21,0.488,S1O
46,F4,22,-0.488,S1O
46,F4,23,0.488,S1O
46,F4,24,1.953,S1O
46,F4,25,3.418,S1O
46,F4,26,4.883,S1O
46,F4,27,5.371,S1O
46,F4,28,5.371,S1O
46,F4,29,3.906,S1O
46,F4,30,1.465,S1O
46,F4,31,-0.488,S1O
46,F4,32,-0.977,S1O
46,F4,33,0.000,S1O
46,F4,34,2.930,S1O
46,F4,35,4.883,S1O
46,F4,36,5.371,S1O
46,F4,37,4.883,S1O
46,F4,38,3.418,S1O
46,F4,39,1.953,S1O
46,F4,40,0.000,S1O
46,F4,41,-1.953,S1O
46,F4,42,-3.906,S1O
46,F4,43,-6.348,S1O
46,F4,44,-7.812,S1O
46,F4,45,-8.301,S1O
46,F4,46,-7.812,S1O
46,F4,47,-6.836,S1O
46,F4,48,-6.348,S1O
46,F4,49,-6.836,S1O
46,F4,50,-6.836,S1O
46,F4,51,-5.859,S1O
46,F4,52,-4.883,S1O
46,F4,53,-4.395,S1O
46,F4,54,-4.395,S1O
46,F4,55,-4.883,S1O
46,F4,56,-4.883,S1O
46,F4,57,-4.395,S1O
46,F4,58,-2.930,S1O
46,F4,59,-0.977,S1O
46,F4,60,0.488,S1O
46,F4,61,0.977,S1O
46,F4,62,0.977,S1O
46,F4,63,0.977,S1O
46,F4,64,1.465,S1O
46,F4,65,1.953,S1O
46,F4,66,2.441,S1O
46,F4,67,1.953,S1O
46,F4,68,0.000,S1O
46,F4,69,-0.977,S1O
46,F4,70,-1.953,S1O
46,F4,71,-2.930,S1O
46,F4,72,-3.418,S1O
46,F4,73,-3.906,S1O
46,F4,74,-4.395,S1O
46,F4,75,-4.395,S1O
46,F4,76,-4.395,S1O
46,F4,77,-3.418,S1O
46,F4,78,-1.953,S1O
46,F4,79,-1.465,S1O
46,F4,80,-1.953,S1O
46,F4,81,-2.930,S1O
46,F4,82,-3.906,S1O
46,F4,83,-4.395,S1O
46,F4,84,-3.418,S1O
46,F4,85,-1.953,S1O
46,F4,86,-0.488,S1O
46,F4,87,0.488,S1O
46,F4,88,1.465,S1O
46,F4,89,2.930,S1O
46,F4,90,3.906,S1O
46,F4,91,4.883,S1O
46,F4,92,5.371,S1O
46,F4,93,5.371,S1O
46,F4,94,4.883,S1O
46,F4,95,4.395,S1O
46,F4,96,4.883,S1O
46,F4,97,6.348,S1O
46,F4,98,7.812,S1O
46,F4,99,8.789,S1O
46,F4,100,8.301,S1O
46,F4,101,6.836,S1O
46,F4,102,4.883,S1O
46,F4,103,3.418,S1O
46,F4,104,3.418,S1O
46,F4,105,4.395,S1O
46,F4,106,5.371,S1O
46,F4,107,5.371,S1O
46,F4,108,4.395,S1O
46,F4,109,2.441,S1O
46,F4,110,0.977,S1O
46,F4,111,0.000,S1O
46,F4,112,0.000,S1O
46,F4,113,-0.488,S1O
46,F4,114,-0.488,S1O
46,F4,115,-0.977,S1O
46,F4,116,-0.488,S1O
46,F4,117,0.488,S1O
46,F4,118,1.953,S1O
46,F4,119,2.930,S1O
46,F4,120,3.906,S1O
46,F4,121,3.906,S1O
46,F4,122,3.906,S1O
46,F4,123,3.906,S1O
46,F4,124,4.395,S1O
46,F4,125,4.395,S1O
46,F4,126,4.395,S1O
46,F4,127,3.418,S1O
46,F4,128,1.953,S1O
46,F4,129,0.000,S1O
46,F4,130,-0.977,S1O
46,F4,131,-0.977,S1O
46,F4,132,0.000,S1O
46,F4,133,1.465,S1O
46,F4,134,2.930,S1O
46,F4,135,2.930,S1O
46,F4,136,2.930,S1O
46,F4,137,1.953,S1O
46,F4,138,0.977,S1O
46,F4,139,-0.488,S1O
46,F4,140,-1.953,S1O
46,F4,141,-2.441,S1O
46,F4,142,-2.441,S1O
46,F4,143,-1.953,S1O
46,F4,144,-0.977,S1O
46,F4,145,-0.977,S1O
46,F4,146,-1.465,S1O
46,F4,147,-2.930,S1O
46,F4,148,-3.906,S1O
46,F4,149,-3.906,S1O
46,F4,150,-3.906,S1O
46,F4,151,-3.418,S1O
46,F4,152,-2.930,S1O
46,F4,153,-2.930,S1O
46,F4,154,-2.930,S1O
46,F4,155,-2.441,S1O
46,F4,156,-1.953,S1O
46,F4,157,-1.953,S1O
46,F4,158,-1.953,S1O
46,F4,159,-1.953,S1O
46,F4,160,-0.977,S1O
46,F4,161,0.977,S1O
46,F4,162,3.418,S1O
46,F4,163,5.371,S1O
46,F4,164,5.859,S1O
46,F4,165,5.859,S1O
46,F4,166,4.883,S1O
46,F4,167,4.395,S1O
46,F4,168,4.395,S1O
46,F4,169,4.883,S1O
46,F4,170,4.883,S1O
46,F4,171,4.883,S1O
46,F4,172,4.395,S1O
46,F4,173,5.371,S1O
46,F4,174,6.348,S1O
46,F4,175,7.324,S1O
46,F4,176,7.812,S1O
46,F4,177,7.324,S1O
46,F4,178,6.348,S1O
46,F4,179,5.371,S1O
46,F4,180,5.859,S1O
46,F4,181,6.348,S1O
46,F4,182,7.324,S1O
46,F4,183,8.301,S1O
46,F4,184,9.277,S1O
46,F4,185,9.277,S1O
46,F4,186,8.789,S1O
46,F4,187,7.812,S1O
46,F4,188,6.348,S1O
46,F4,189,5.859,S1O
46,F4,190,5.371,S1O
46,F4,191,5.859,S1O
46,F4,192,5.859,S1O
46,F4,193,6.348,S1O
46,F4,194,6.348,S1O
46,F4,195,5.859,S1O
46,F4,196,5.859,S1O
46,F4,197,5.371,S1O
46,F4,198,5.371,S1O
46,F4,199,5.859,S1O
46,F4,200,5.859,S1O
46,F4,201,6.348,S1O
46,F4,202,6.836,S1O
46,F4,203,6.836,S1O
46,F4,204,6.348,S1O
46,F4,205,4.883,S1O
46,F4,206,3.418,S1O
46,F4,207,1.953,S1O
46,F4,208,1.465,S1O
46,F4,209,1.953,S1O
46,F4,210,3.418,S1O
46,F4,211,4.395,S1O
46,F4,212,4.395,S1O
46,F4,213,3.418,S1O
46,F4,214,1.465,S1O
46,F4,215,0.000,S1O
46,F4,216,-1.465,S1O
46,F4,217,-2.441,S1O
46,F4,218,-2.930,S1O
46,F4,219,-2.930,S1O
46,F4,220,-2.930,S1O
46,F4,221,-2.441,S1O
46,F4,222,-1.465,S1O
46,F4,223,-0.977,S1O
46,F4,224,-1.465,S1O
46,F4,225,-1.953,S1O
46,F4,226,-2.930,S1O
46,F4,227,-2.930,S1O
46,F4,228,-2.441,S1O
46,F4,229,-1.953,S1O
46,F4,230,-1.465,S1O
46,F4,231,-1.465,S1O
46,F4,232,-0.977,S1O
46,F4,233,0.488,S1O
46,F4,234,2.930,S1O
46,F4,235,4.883,S1O
46,F4,236,5.371,S1O
46,F4,237,5.371,S1O
46,F4,238,5.371,S1O
46,F4,239,5.859,S1O
46,F4,240,6.836,S1O
46,F4,241,7.324,S1O
46,F4,242,7.324,S1O
46,F4,243,6.836,S1O
46,F4,244,6.348,S1O
46,F4,245,5.859,S1O
46,F4,246,5.859,S1O
46,F4,247,4.883,S1O
46,F4,248,3.418,S1O
46,F4,249,0.977,S1O
46,F4,250,-0.977,S1O
46,F4,251,-1.953,S1O
46,F4,252,-1.953,S1O
46,F4,253,-1.953,S1O
46,F4,254,-2.930,S1O
46,F4,255,-3.906,S1O
46,F3,0,0.916,S1O
46,F3,1,3.357,S1O
46,F3,2,5.310,S1O
46,F3,3,6.287,S1O
46,F3,4,4.822,S1O
46,F3,5,2.380,S1O
46,F3,6,-1.526,S1O
46,F3,7,-4.456,S1O
46,F3,8,-6.409,S1O
46,F3,9,-5.920,S1O
46,F3,10,-4.456,S1O
46,F3,11,-2.014,S1O
46,F3,12,0.916,S1O
46,F3,13,3.845,S1O
46,F3,14,6.775,S1O
46,F3,15,10.193,S1O
46,F3,16,12.634,S1O
46,F3,17,13.123,S1O
46,F3,18,11.658,S1O
46,F3,19,8.728,S1O
46,F3,20,5.310,S1O
46,F3,21,2.380,S1O
46,F3,22,0.916,S1O
46,F3,23,-0.061,S1O
46,F3,24,-0.549,S1O
46,F3,25,-1.526,S1O
46,F3,26,-2.014,S1O
46,F3,27,-1.038,S1O
46,F3,28,0.427,S1O
46,F3,29,1.404,S1O
46,F3,30,1.404,S1O
46,F3,31,0.916,S1O
46,F3,32,0.427,S1O
46,F3,33,1.404,S1O
46,F3,34,3.357,S1O
46,F3,35,5.310,S1O
46,F3,36,5.310,S1O
46,F3,37,3.357,S1O
46,F3,38,-0.061,S1O
46,F3,39,-2.991,S1O
46,F3,40,-5.432,S1O
46,F3,41,-6.897,S1O
46,F3,42,-7.874,S1O
46,F3,43,-8.850,S1O
46,F3,44,-8.362,S1O
46,F3,45,-6.897,S1O
46,F3,46,-3.967,S1O
46,F3,47,-1.526,S1O
46,F3,48,-0.061,S1O
46,F3,49,-0.061,S1O
46,F3,50,0.427,S1O
46,F3,51,1.892,S1O
46,F3,52,3.845,S1O
46,F3,53,6.287,S1O
46,F3,54,7.263,S1O
46,F3,55,6.775,S1O
46,F3,56,5.310,S1O
46,F3,57,4.822,S1O
46,F3,58,4.822,S1O
46,F3,59,5.310,S1O
46,F3,60,4.822,S1O
46,F3,61,3.845,S1O
46,F3,62,1.892,S1O
46,F3,63,0.427,S1O
46,F3,64,-0.061,S1O
46,F3,65,-0.549,S1O
46,F3,66,-1.038,S1O
46,F3,67,-2.502,S1O
46,F3,68,-4.944,S1O
46,F3,69,-5.920,S1O
46,F3,70,-6.409,S1O
46,F3,71,-4.944,S1O
46,F3,72,-3.967,S1O
46,F3,73,-2.991,S1O
46,F3,74,-2.991,S1O
46,F3,75,-2.502,S1O
46,F3,76,-2.014,S1O
46,F3,77,-0.061,S1O
46,F3,78,2.380,S1O
46,F3,79,3.357,S1O
46,F3,80,2.869,S1O
46,F3,81,1.404,S1O
46,F3,82,0.427,S1O
46,F3,83,-0.061,S1O
46,F3,84,0.427,S1O
46,F3,85,1.404,S1O
46,F3,86,2.380,S1O
46,F3,87,2.869,S1O
46,F3,88,4.333,S1O
46,F3,89,6.287,S1O
46,F3,90,8.728,S1O
46,F3,91,10.193,S1O
46,F3,92,10.193,S1O
46,F3,93,8.728,S1O
46,F3,94,6.775,S1O
46,F3,95,5.310,S1O
46,F3,96,5.310,S1O
46,F3,97,6.287,S1O
46,F3,98,7.263,S1O
46,F3,99,7.263,S1O
46,F3,100,6.287,S1O
46,F3,101,4.822,S1O
46,F3,102,3.357,S1O
46,F3,103,2.869,S1O
46,F3,104,2.869,S1O
46,F3,105,3.845,S1O
46,F3,106,4.822,S1O
46,F3,107,5.798,S1O
46,F3,108,6.775,S1O
46,F3,109,7.751,S1O
46,F3,110,6.775,S1O
46,F3,111,5.310,S1O
46,F3,112,1.892,S1O
46,F3,113,-1.526,S1O
46,F3,114,-4.456,S1O
46,F3,115,-5.432,S1O
46,F3,116,-4.456,S1O
46,F3,117,-2.502,S1O
46,F3,118,-0.061,S1O
46,F3,119,2.380,S1O
46,F3,120,3.357,S1O
46,F3,121,4.822,S1O
46,F3,122,5.798,S1O
46,F3,123,7.751,S1O
46,F3,124,9.216,S1O
46,F3,125,9.216,S1O
46,F3,126,8.240,S1O
46,F3,127,5.798,S1O
46,F3,128,3.845,S1O
46,F3,129,2.380,S1O
46,F3,130,2.869,S1O
46,F3,131,4.333,S1O
46,F3,132,5.310,S1O
46,F3,133,5.798,S1O
46,F3,134,4.822,S1O
46,F3,135,2.869,S1O
46,F3,136,0.916,S1O
46,F3,137,-0.061,S1O
46,F3,138,0.427,S1O
46,F3,139,-0.061,S1O
46,F3,140,0.427,S1O
46,F3,141,0.427,S1O
46,F3,142,-0.061,S1O
46,F3,143,-1.038,S1O
46,F3,144,-1.526,S1O
46,F3,145,-0.549,S1O
46,F3,146,0.427,S1O
46,F3,147,1.404,S1O
46,F3,148,2.380,S1O
46,F3,149,2.869,S1O
46,F3,150,3.357,S1O
46,F3,151,3.357,S1O
46,F3,152,3.357,S1O
46,F3,153,4.333,S1O
46,F3,154,5.310,S1O
46,F3,155,6.775,S1O
46,F3,156,8.240,S1O
46,F3,157,8.240,S1O
46,F3,158,7.263,S1O
46,F3,159,5.798,S1O
46,F3,160,4.333,S1O
46,F3,161,4.822,S1O
46,F3,162,5.310,S1O
46,F3,163,6.287,S1O
46,F3,164,7.751,S1O
46,F3,165,7.751,S1O
46,F3,166,7.263,S1O
46,F3,167,6.775,S1O
46,F3,168,5.798,S1O
46,F3,169,5.798,S1O
46,F3,170,6.287,S1O
46,F3,171,7.751,S1O
46,F3,172,8.728,S1O
46,F3,173,9.705,S1O
46,F3,174,10.193,S1O
46,F3,175,9.216,S1O
46,F3,176,7.751,S1O
46,F3,177,6.287,S1O
46,F3,178,5.310,S1O
46,F3,179,5.310,S1O
46,F3,180,6.287,S1O
46,F3,181,7.751,S1O
46,F3,182,8.240,S1O
46,F3,183,8.240,S1O
46,F3,184,7.263,S1O
46,F3,185,6.287,S1O
46,F3,186,5.798,S1O
46,F3,187,5.310,S1O
46,F3,188,5.310,S1O
46,F3,189,5.798,S1O
46,F3,190,6.287,S1O
46,F3,191,6.287,S1O
46,F3,192,5.798,S1O
46,F3,193,5.798,S1O
46,F3,194,5.798,S1O
46,F3,195,6.775,S1O
46,F3,196,8.240,S1O
46,F3,197,9.705,S1O
46,F3,198,11.169,S1O
46,F3,199,12.634,S1O
46,F3,200,13.123,S1O
46,F3,201,13.123,S1O
46,F3,202,12.634,S1O
46,F3,203,11.658,S1O
46,F3,204,10.681,S1O
46,F3,205,9.705,S1O
46,F3,206,8.728,S1O
46,F3,207,8.240,S1O
46,F3,208,8.240,S1O
46,F3,209,8.240,S1O
46,F3,210,8.240,S1O
46,F3,211,8.728,S1O
46,F3,212,8.240,S1O
46,F3,213,6.775,S1O
46,F3,214,4.333,S1O
46,F3,215,2.380,S1O
46,F3,216,1.404,S1O
46,F3,217,0.916,S1O
46,F3,218,1.892,S1O
46,F3,219,2.380,S1O
46,F3,220,1.892,S1O
46,F3,221,1.404,S1O
46,F3,222,0.427,S1O
46,F3,223,-1.038,S1O
46,F3,224,-1.526,S1O
46,F3,225,-2.502,S1O
46,F3,226,-2.014,S1O
46,F3,227,-0.549,S1O
46,F3,228,0.916,S1O
46,F3,229,2.869,S1O
46,F3,230,3.357,S1O
46,F3,231,2.869,S1O
46,F3,232,1.892,S1O
46,F3,233,1.892,S1O
46,F3,234,3.357,S1O
46,F3,235,5.310,S1O
46,F3,236,6.287,S1O
46,F3,237,6.775,S1O
46,F3,238,6.775,S1O
46,F3,239,7.263,S1O
46,F3,240,8.728,S1O
46,F3,241,10.681,S1O
46,F3,242,12.146,S1O
46,F3,243,12.146,S1O
46,F3,244,10.681,S1O
46,F3,245,9.216,S1O
46,F3,246,8.240,S1O
46,F3,247,7.751,S1O
46,F3,248,7.263,S1O
46,F3,249,5.798,S1O
46,F3,250,5.798,S1O
46,F3,251,5.310,S1O
46,F3,252,5.798,S1O
46,F3,253,6.775,S1O
46,F3,254,7.263,S1O
46,F3,255,6.775,S1O
46,FC6,0,-4.822,S1O
46,FC6,1,-3.845,S1O
46,FC6,2,-2.869,S1O
46,FC6,3,-1.892,S1O
46,FC6,4,-2.869,S1O
46,FC6,5,-5.310,S1O
46,FC6,6,-8.728,S1O
46,FC6,7,-12.634,S1O
46,FC6,8,-14.587,S1O
46,FC6,9,-14.587,S1O
46,FC6,10,-12.146,S1O
46,FC6,11,-8.728,S1O
46,FC6,12,-4.333,S1O
46,FC6,13,-0.427,S1O
46,FC6,14,3.967,S1O
46,FC6,15,7.874,S1O
46,FC6,16,10.315,S1O
46,FC6,17,10.315,S1O
46,FC6,18,7.874,S1O
46,FC6,19,3.967,S1O
46,FC6,20,0.061,S1O
46,FC6,21,-2.380,S1O
46,FC6,22,-2.869,S1O
46,FC6,23,-2.869,S1O
46,FC6,24,-2.380,S1O
46,FC6,25,-1.892,S1O
46,FC6,26,-1.404,S1O
46,FC6,27,-0.427,S1O
46,FC6,28,0.061,S1O
46,FC6,29,0.061,S1O
46,FC6,30,-0.916,S1O
46,FC6,31,-1.892,S1O
46,FC6,32,-1.892,S1O
46,FC6,33,-0.427,S1O
46,FC6,34,1.526,S1O
46,FC6,35,2.502,S1O
46,FC6,36,2.502,S1O
46,FC6,37,2.014,S1O
46,FC6,38,1.526,S1O
46,FC6,39,2.502,S1O
46,FC6,40,3.967,S1O
46,FC6,41,4.456,S1O
46,FC6,42,3.479,S1O
46,FC6,43,1.038,S1O
46,FC6,44,-1.892,S1O
46,FC6,45,-4.333,S1O
46,FC6,46,-5.310,S1O
46,FC6,47,-5.310,S1O
46,FC6,48,-5.310,S1O
46,FC6,49,-5.310,S1O
46,FC6,50,-5.310,S1O
46,FC6,51,-5.310,S1O
46,FC6,52,-4.822,S1O
46,FC6,53,-4.822,S1O
46,FC6,54,-5.798,S1O
46,FC6,55,-7.263,S1O
46,FC6,56,-8.240,S1O
46,FC6,57,-9.216,S1O
46,FC6,58,-8.728,S1O
46,FC6,59,-7.263,S1O
46,FC6,60,-5.798,S1O
46,FC6,61,-4.333,S1O
46,FC6,62,-2.869,S1O
46,FC6,63,-0.916,S1O
46,FC6,64,1.038,S1O
46,FC6,65,2.991,S1O
46,FC6,66,3.479,S1O
46,FC6,67,3.479,S1O
46,FC6,68,2.014,S1O
46,FC6,69,1.038,S1O
46,FC6,70,0.549,S1O
46,FC6,71,0.061,S1O
46,FC6,72,0.061,S1O
46,FC6,73,-0.427,S1O
46,FC6,74,-1.892,S1O
46,FC6,75,-2.380,S1O
46,FC6,76,-2.380,S1O
46,FC6,77,-1.404,S1O
46,FC6,78,0.549,S1O
46,FC6,79,2.014,S1O
46,FC6,80,2.502,S1O
46,FC6,81,2.014,S1O
46,FC6,82,0.549,S1O
46,FC6,83,-1.404,S1O
46,FC6,84,-1.892,S1O
46,FC6,85,-1.892,S1O
46,FC6,86,-0.916,S1O
46,FC6,87,0.061,S1O
46,FC6,88,1.526,S1O
46,FC6,89,2.502,S1O
46,FC6,90,3.479,S1O
46,FC6,91,4.456,S1O
46,FC6,92,4.456,S1O
46,FC6,93,3.967,S1O
46,FC6,94,3.479,S1O
46,FC6,95,2.991,S1O
46,FC6,96,3.479,S1O
46,FC6,97,4.944,S1O
46,FC6,98,6.897,S1O
46,FC6,99,8.850,S1O
46,FC6,100,9.827,S1O
46,FC6,101,9.338,S1O
46,FC6,102,7.385,S1O
46,FC6,103,5.920,S1O
46,FC6,104,5.432,S1O
46,FC6,105,5.920,S1O
46,FC6,106,6.409,S1O
46,FC6,107,5.920,S1O
46,FC6,108,4.456,S1O
46,FC6,109,2.991,S1O
46,FC6,110,2.502,S1O
46,FC6,111,2.991,S1O
46,FC6,112,4.456,S1O
46,FC6,113,5.432,S1O
46,FC6,114,5.920,S1O
46,FC6,115,6.409,S1O
46,FC6,116,6.897,S1O
46,FC6,117,7.874,S1O
46,FC6,118,9.827,S1O
46,FC6,119,11.292,S1O
46,FC6,120,12.268,S1O
46,FC6,121,11.780,S1O
46,FC6,122,10.803,S1O
46,FC6,123,9.338,S1O
46,FC6,124,8.362,S1O
46,FC6,125,7.874,S1O
46,FC6,126,7.385,S1O
46,FC6,127,6.897,S1O
46,FC6,128,5.432,S1O
46,FC6,129,4.456,S1O
46,FC6,130,3.967,S1O
46,FC6,131,4.456,S1O
46,FC6,132,5.920,S1O
46,FC6,133,7.385,S1O
46,FC6,134,8.362,S1O
46,FC6,135,8.850,S1O
46,FC6,136,8.362,S1O
46,FC6,137,6.897,S1O
46,FC6,138,4.944,S1O
46,FC6,139,2.991,S1O
46,FC6,140,1.038,S1O
46,FC6,141,0.549,S1O
46,FC6,142,1.526,S1O
46,FC6,143,3.479,S1O
46,FC6,144,4.456,S1O
46,FC6,145,4.944,S1O
46,FC6,146,3.479,S1O
46,FC6,147,2.014,S1O
46,FC6,148,0.549,S1O
46,FC6,149,0.549,S1O
46,FC6,150,1.038,S1O
46,FC6,151,1.038,S1O
46,FC6,152,1.038,S1O
46,FC6,153,0.549,S1O
46,FC6,154,0.061,S1O
46,FC6,155,0.549,S1O
46,FC6,156,1.526,S1O
46,FC6,157,2.014,S1O
46,FC6,158,2.014,S1O
46,FC6,159,1.526,S1O
46,FC6,160,1.526,S1O
46,FC6,161,2.991,S1O
46,FC6,162,4.944,S1O
46,FC6,163,6.409,S1O
46,FC6,164,6.897,S1O
46,FC6,165,6.897,S1O
46,FC6,166,6.897,S1O
46,FC6,167,7.874,S1O
46,FC6,168,8.850,S1O
46,FC6,169,10.315,S1O
46,FC6,170,10.315,S1O
46,FC6,171,9.827,S1O
46,FC6,172,9.338,S1O
46,FC6,173,10.315,S1O
46,FC6,174,12.756,S1O
46,FC6,175,14.709,S1O
46,FC6,176,15.686,S1O
46,FC6,177,16.174,S1O
46,FC6,178,15.686,S1O
46,FC6,179,15.198,S1O
46,FC6,180,15.198,S1O
46,FC6,181,15.198,S1O
46,FC6,182,14.709,S1O
46,FC6,183,14.709,S1O
46,FC6,184,14.709,S1O
46,FC6,185,15.686,S1O
46,FC6,186,16.174,S1O
46,FC6,187,16.174,S1O
46,FC6,188,14.709,S1O
46,FC6,189,12.756,S1O
46,FC6,190,10.803,S1O
46,FC6,191,10.315,S1O
46,FC6,192,9.827,S1O
46,FC6,193,9.827,S1O
46,FC6,194,8.850,S1O
46,FC6,195,8.362,S1O
46,FC6,196,7.874,S1O
46,FC6,197,7.874,S1O
46,FC6,198,8.850,S1O
46,FC6,199,9.827,S1O
46,FC6,200,9.827,S1O
46,FC6,201,9.338,S1O
46,FC6,202,7.874,S1O
46,FC6,203,6.897,S1O
46,FC6,204,5.920,S1O
46,FC6,205,5.920,S1O
46,FC6,206,5.432,S1O
46,FC6,207,5.432,S1O
46,FC6,208,5.920,S1O
46,FC6,209,6.409,S1O
46,FC6,210,6.897,S1O
46,FC6,211,7.385,S1O
46,FC6,212,6.897,S1O
46,FC6,213,4.944,S1O
46,FC6,214,2.502,S1O
46,FC6,215,1.038,S1O
46,FC6,216,0.549,S1O
46,FC6,217,1.038,S1O
46,FC6,218,2.014,S1O
46,FC6,219,1.526,S1O
46,FC6,220,1.038,S1O
46,FC6,221,0.549,S1O
46,FC6,222,0.549,S1O
46,FC6,223,0.061,S1O
46,FC6,224,-0.427,S1O
46,FC6,225,-0.916,S1O
46,FC6,226,-2.380,S1O
46,FC6,227,-2.869,S1O
46,FC6,228,-3.357,S1O
46,FC6,229,-3.357,S1O
46,FC6,230,-3.357,S1O
46,FC6,231,-3.845,S1O
46,FC6,232,-4.333,S1O
46,FC6,233,-4.333,S1O
46,FC6,234,-3.357,S1O
46,FC6,235,-1.892,S1O
46,FC6,236,-0.427,S1O
46,FC6,237,0.061,S1O
46,FC6,238,0.549,S1O
46,FC6,239,1.038,S1O
46,FC6,240,1.038,S1O
46,FC6,241,0.549,S1O
46,FC6,242,0.549,S1O
46,FC6,243,0.549,S1O
46,FC6,244,1.038,S1O
46,FC6,245,2.014,S1O
46,FC6,246,1.526,S1O
46,FC6,247,1.038,S1O
46,FC6,248,-0.916,S1O
46,FC6,249,-3.357,S1O
46,FC6,250,-4.822,S1O
46,FC6,251,-5.310,S1O
46,FC6,252,-5.310,S1O
46,FC6,253,-5.798,S1O
46,FC6,254,-6.775,S1O
46,FC6,255,-7.751,S1O
46,FC5,0,1.211,S1O
46,FC5,1,3.164,S1O
46,FC5,2,5.117,S1O
46,FC5,3,6.093,S1O
46,FC5,4,6.093,S1O
46,FC5,5,3.652,S1O
46,FC5,6,0.722,S1O
46,FC5,7,-2.207,S1O
46,FC5,8,-3.672,S1O
46,FC5,9,-3.184,S1O
46,FC5,10,-1.231,S1O
46,FC5,11,0.722,S1O
46,FC5,12,2.187,S1O
46,FC5,13,4.140,S1O
46,FC5,14,7.070,S1O
46,FC5,15,10.976,S1O
46,FC5,16,14.394,S1O
46,FC5,17,15.859,S1O
46,FC5,18,14.394,S1O
46,FC5,19,10.488,S1O
46,FC5,20,5.605,S1O
46,FC5,21,1.699,S1O
46,FC5,22,-1.231,S1O
46,FC5,23,-2.696,S1O
46,FC5,24,-4.161,S1O
46,FC5,25,-5.137,S1O
46,FC5,26,-5.625,S1O
46,FC5,27,-3.672,S1O
46,FC5,28,-1.231,S1O
46,FC5,29,1.699,S1O
46,FC5,30,3.164,S1O
46,FC5,31,3.164,S1O
46,FC5,32,2.675,S1O
46,FC5,33,3.164,S1O
46,FC5,34,4.628,S1O
46,FC5,35,6.093,S1O
46,FC5,36,6.582,S1O
46,FC5,37,5.117,S1O
46,FC5,38,2.675,S1O
46,FC5,39,0.722,S1O
46,FC5,40,-0.254,S1O
46,FC5,41,-0.743,S1O
46,FC5,42,-1.231,S1O
46,FC5,43,-2.696,S1O
46,FC5,44,-3.672,S1O
46,FC5,45,-3.672,S1O
46,FC5,46,-2.207,S1O
46,FC5,47,0.234,S1O
46,FC5,48,3.164,S1O
46,FC5,49,4.628,S1O
46,FC5,50,6.093,S1O
46,FC5,51,7.070,S1O
46,FC5,52,8.046,S1O
46,FC5,53,9.023,S1O
46,FC5,54,9.511,S1O
46,FC5,55,9.023,S1O
46,FC5,56,7.558,S1O
46,FC5,57,5.605,S1O
46,FC5,58,4.140,S1O
46,FC5,59,3.164,S1O
46,FC5,60,2.187,S1O
46,FC5,61,1.211,S1O
46,FC5,62,-0.254,S1O
46,FC5,63,-1.231,S1O
46,FC5,64,-1.719,S1O
46,FC5,65,-1.719,S1O
46,FC5,66,-2.207,S1O
46,FC5,67,-2.696,S1O
46,FC5,68,-3.672,S1O
46,FC5,69,-4.649,S1O
46,FC5,70,-4.649,S1O
46,FC5,71,-3.184,S1O
46,FC5,72,-1.231,S1O
46,FC5,73,0.234,S1O
46,FC5,74,1.211,S1O
46,FC5,75,0.722,S1O
46,FC5,76,0.722,S1O
46,FC5,77,1.699,S1O
46,FC5,78,3.164,S1O
46,FC5,79,4.628,S1O
46,FC5,80,4.628,S1O
46,FC5,81,4.628,S1O
46,FC5,82,3.652,S1O
46,FC5,83,3.164,S1O
46,FC5,84,3.652,S1O
46,FC5,85,3.652,S1O
46,FC5,86,4.140,S1O
46,FC5,87,5.117,S1O
46,FC5,88,6.093,S1O
46,FC5,89,7.558,S1O
46,FC5,90,9.511,S1O
46,FC5,91,10.488,S1O
46,FC5,92,10.000,S1O
46,FC5,93,9.023,S1O
46,FC5,94,7.070,S1O
46,FC5,95,6.093,S1O
46,FC5,96,5.605,S1O
46,FC5,97,6.582,S1O
46,FC5,98,7.070,S1O
46,FC5,99,6.582,S1O
46,FC5,100,6.093,S1O
46,FC5,101,5.605,S1O
46,FC5,102,5.605,S1O
46,FC5,103,5.605,S1O
46,FC5,104,6.093,S1O
46,FC5,105,6.093,S1O
46,FC5,106,5.605,S1O
46,FC5,107,4.628,S1O
46,FC5,108,4.628,S1O
46,FC5,109,4.628,S1O
46,FC5,110,4.628,S1O
46,FC5,111,3.652,S1O
46,FC5,112,2.187,S1O
46,FC5,113,0.722,S1O
46,FC5,114,-0.254,S1O
46,FC5,115,0.234,S1O
46,FC5,116,2.675,S1O
46,FC5,117,5.117,S1O
46,FC5,118,7.070,S1O
46,FC5,119,8.535,S1O
46,FC5,120,9.023,S1O
46,FC5,121,9.511,S1O
46,FC5,122,10.488,S1O
46,FC5,123,11.953,S1O
46,FC5,124,12.929,S1O
46,FC5,125,13.418,S1O
46,FC5,126,12.929,S1O
46,FC5,127,11.464,S1O
46,FC5,128,10.000,S1O
46,FC5,129,9.511,S1O
46,FC5,130,9.511,S1O
46,FC5,131,10.000,S1O
46,FC5,132,10.000,S1O
46,FC5,133,9.511,S1O
46,FC5,134,8.046,S1O
46,FC5,135,6.582,S1O
46,FC5,136,4.628,S1O
46,FC5,137,3.164,S1O
46,FC5,138,2.187,S1O
46,FC5,139,1.699,S1O
46,FC5,140,1.211,S1O
46,FC5,141,1.211,S1O
46,FC5,142,1.211,S1O
46,FC5,143,1.211,S1O
46,FC5,144,1.699,S1O
46,FC5,145,2.675,S1O
46,FC5,146,4.140,S1O
46,FC5,147,5.605,S1O
46,FC5,148,6.582,S1O
46,FC5,149,6.582,S1O
46,FC5,150,6.582,S1O
46,FC5,151,6.582,S1O
46,FC5,152,7.070,S1O
46,FC5,153,8.046,S1O
46,FC5,154,9.511,S1O
46,FC5,155,10.488,S1O
46,FC5,156,10.488,S1O
46,FC5,157,10.000,S1O
46,FC5,158,9.023,S1O
46,FC5,159,8.046,S1O
46,FC5,160,7.070,S1O
46,FC5,161,7.070,S1O
46,FC5,162,7.070,S1O
46,FC5,163,7.558,S1O
46,FC5,164,8.535,S1O
46,FC5,165,8.535,S1O
46,FC5,166,9.023,S1O
46,FC5,167,8.535,S1O
46,FC5,168,9.023,S1O
46,FC5,169,10.000,S1O
46,FC5,170,10.976,S1O
46,FC5,171,12.441,S1O
46,FC5,172,13.906,S1O
46,FC5,173,14.882,S1O
46,FC5,174,15.371,S1O
46,FC5,175,14.882,S1O
46,FC5,176,14.394,S1O
46,FC5,177,14.394,S1O
46,FC5,178,14.882,S1O
46,FC5,179,15.371,S1O
46,FC5,180,16.836,S1O
46,FC5,181,16.836,S1O
46,FC5,182,15.371,S1O
46,FC5,183,13.418,S1O
46,FC5,184,10.976,S1O
46,FC5,185,10.000,S1O
46,FC5,186,10.488,S1O
46,FC5,187,11.464,S1O
46,FC5,188,12.441,S1O
46,FC5,189,12.441,S1O
46,FC5,190,11.464,S1O
46,FC5,191,10.488,S1O
46,FC5,192,9.511,S1O
46,FC5,193,9.511,S1O
46,FC5,194,9.511,S1O
46,FC5,195,9.511,S1O
46,FC5,196,10.000,S1O
46,FC5,197,10.488,S1O
46,FC5,198,12.441,S1O
46,FC5,199,14.882,S1O
46,FC5,200,16.347,S1O
46,FC5,201,16.836,S1O
46,FC5,202,15.371,S1O
46,FC5,203,13.418,S1O
46,FC5,204,11.464,S1O
46,FC5,205,10.488,S1O
46,FC5,206,10.488,S1O
46,FC5,207,10.488,S1O
46,FC5,208,10.488,S1O
46,FC5,209,10.976,S1O
46,FC5,210,11.464,S1O
46,FC5,211,11.953,S1O
46,FC5,212,12.441,S1O
46,FC5,213,11.464,S1O
46,FC5,214,9.023,S1O
46,FC5,215,6.582,S1O
46,FC5,216,4.628,S1O
46,FC5,217,4.140,S1O
46,FC5,218,4.628,S1O
46,FC5,219,5.605,S1O
46,FC5,220,5.605,S1O
46,FC5,221,5.605,S1O
46,FC5,222,5.117,S1O
46,FC5,223,3.652,S1O
46,FC5,224,2.675,S1O
46,FC5,225,1.211,S1O
46,FC5,226,-0.254,S1O
46,FC5,227,-0.743,S1O
46,FC5,228,-0.743,S1O
46,FC5,229,0.234,S1O
46,FC5,230,1.699,S1O
46,FC5,231,2.187,S1O
46,FC5,232,2.675,S1O
46,FC5,233,2.187,S1O
46,FC5,234,2.187,S1O
46,FC5,235,2.675,S1O
46,FC5,236,2.675,S1O
46,FC5,237,3.164,S1O
46,FC5,238,3.164,S1O
46,FC5,239,3.652,S1O
46,FC5,240,5.117,S1O
46,FC5,241,6.582,S1O
46,FC5,242,9.023,S1O
46,FC5,243,10.488,S1O
46,FC5,244,10.000,S1O
46,FC5,245,9.023,S1O
46,FC5,246,7.558,S1O
46,FC5,247,7.070,S1O
46,FC5,248,6.582,S1O
46,FC5,249,6.093,S1O
46,FC5,250,5.117,S1O
46,FC5,251,5.117,S1O
46,FC5,252,5.605,S1O
46,FC5,253,6.582,S1O
46,FC5,254,8.046,S1O
46,FC5,255,8.046,S1O
46,FC2,0,-1.119,S1O
46,FC2,1,-0.631,S1O
46,FC2,2,-0.142,S1O
46,FC2,3,-0.631,S1O
46,FC2,4,-1.119,S1O
46,FC2,5,-1.607,S1O
46,FC2,6,-2.584,S1O
46,FC2,7,-3.560,S1O
46,FC2,8,-4.537,S1O
46,FC2,9,-4.537,S1O
46,FC2,10,-4.049,S1O
46,FC2,11,-2.584,S1O
46,FC2,12,-0.631,S1O
46,FC2,13,0.834,S1O
46,FC2,14,2.787,S1O
46,FC2,15,4.252,S1O
46,FC2,16,4.740,S1O
46,FC2,17,4.740,S1O
46,FC2,18,4.252,S1O
46,FC2,19,2.787,S1O
46,FC2,20,1.811,S1O
46,FC2,21,1.322,S1O
46,FC2,22,1.322,S1O
46,FC2,23,1.811,S1O
46,FC2,24,2.787,S1O
46,FC2,25,3.276,S1O
46,FC2,26,3.764,S1O
46,FC2,27,3.764,S1O
46,FC2,28,3.276,S1O
46,FC2,29,2.787,S1O
46,FC2,30,1.322,S1O
46,FC2,31,0.346,S1O
46,FC2,32,-0.142,S1O
46,FC2,33,0.346,S1O
46,FC2,34,0.834,S1O
46,FC2,35,1.322,S1O
46,FC2,36,1.811,S1O
46,FC2,37,1.811,S1O
46,FC2,38,1.322,S1O
46,FC2,39,0.346,S1O
46,FC2,40,-0.631,S1O
46,FC2,41,-2.096,S1O
46,FC2,42,-3.072,S1O
46,FC2,43,-4.537,S1O
46,FC2,44,-5.025,S1O
46,FC2,45,-5.514,S1O
46,FC2,46,-5.514,S1O
46,FC2,47,-5.514,S1O
46,FC2,48,-5.514,S1O
46,FC2,49,-5.025,S1O
46,FC2,50,-4.537,S1O
46,FC2,51,-4.049,S1O
46,FC2,52,-3.072,S1O
46,FC2,53,-2.584,S1O
46,FC2,54,-2.584,S1O
46,FC2,55,-2.584,S1O
46,FC2,56,-2.584,S1O
46,FC2,57,-2.584,S1O
46,FC2,58,-1.607,S1O
46,FC2,59,-1.119,S1O
46,FC2,60,0.346,S1O
46,FC2,61,0.834,S1O
46,FC2,62,1.322,S1O
46,FC2,63,1.811,S1O
46,FC2,64,2.299,S1O
46,FC2,65,2.299,S1O
46,FC2,66,1.811,S1O
46,FC2,67,1.322,S1O
46,FC2,68,-0.142,S1O
46,FC2,69,-0.631,S1O
46,FC2,70,-1.119,S1O
46,FC2,71,-1.119,S1O
46,FC2,72,-0.631,S1O
46,FC2,73,-0.631,S1O
46,FC2,74,-0.631,S1O
46,FC2,75,-0.631,S1O
46,FC2,76,-0.631,S1O
46,FC2,77,0.346,S1O
46,FC2,78,0.834,S1O
46,FC2,79,0.834,S1O
46,FC2,80,0.834,S1O
46,FC2,81,-0.142,S1O
46,FC2,82,-0.631,S1O
46,FC2,83,-1.119,S1O
46,FC2,84,-1.119,S1O
46,FC2,85,-0.142,S1O
46,FC2,86,0.834,S1O
46,FC2,87,1.322,S1O
46,FC2,88,1.811,S1O
46,FC2,89,1.811,S1O
46,FC2,90,2.299,S1O
46,FC2,91,2.787,S1O
46,FC2,92,3.276,S1O
46,FC2,93,2.787,S1O
46,FC2,94,3.276,S1O
46,FC2,95,2.787,S1O
46,FC2,96,3.276,S1O
46,FC2,97,3.276,S1O
46,FC2,98,3.764,S1O
46,FC2,99,4.252,S1O
46,FC2,100,3.764,S1O
46,FC2,101,2.787,S1O
46,FC2,102,1.322,S1O
46,FC2,103,0.834,S1O
46,FC2,104,0.834,S1O
46,FC2,105,1.322,S1O
46,FC2,106,1.811,S1O
46,FC2,107,2.299,S1O
46,FC2,108,1.811,S1O
46,FC2,109,1.322,S1O
46,FC2,110,0.346,S1O
46,FC2,111,-0.142,S1O
46,FC2,112,-0.631,S1O
46,FC2,113,-1.119,S1O
46,FC2,114,-1.607,S1O
46,FC2,115,-1.607,S1O
46,FC2,116,-1.607,S1O
46,FC2,117,-0.631,S1O
46,FC2,118,0.346,S1O
46,FC2,119,0.346,S1O
46,FC2,120,0.834,S1O
46,FC2,121,0.834,S1O
46,FC2,122,0.834,S1O
46,FC2,123,1.322,S1O
46,FC2,124,1.322,S1O
46,FC2,125,1.322,S1O
46,FC2,126,0.834,S1O
46,FC2,127,0.346,S1O
46,FC2,128,-0.631,S1O
46,FC2,129,-1.119,S1O
46,FC2,130,-1.607,S1O
46,FC2,131,-1.119,S1O
46,FC2,132,-1.119,S1O
46,FC2,133,-0.631,S1O
46,FC2,134,-0.631,S1O
46,FC2,135,-0.631,S1O
46,FC2,136,-0.631,S1O
46,FC2,137,-0.631,S1O
46,FC2,138,-0.631,S1O
46,FC2,139,-1.119,S1O
46,FC2,140,-1.119,S1O
46,FC2,141,-1.119,S1O
46,FC2,142,-1.119,S1O
46,FC2,143,-0.142,S1O
46,FC2,144,0.834,S1O
46,FC2,145,0.834,S1O
46,FC2,146,0.834,S1O
46,FC2,147,-0.142,S1O
46,FC2,148,-0.631,S1O
46,FC2,149,-0.631,S1O
46,FC2,150,-0.631,S1O
46,FC2,151,-0.631,S1O
46,FC2,152,-1.119,S1O
46,FC2,153,-1.607,S1O
46,FC2,154,-1.607,S1O
46,FC2,155,-1.119,S1O
46,FC2,156,-1.119,S1O
46,FC2,157,-0.631,S1O
46,FC2,158,-0.631,S1O
46,FC2,159,-1.119,S1O
46,FC2,160,-1.119,S1O
46,FC2,161,-0.631,S1O
46,FC2,162,0.346,S1O
46,FC2,163,1.322,S1O
46,FC2,164,1.322,S1O
46,FC2,165,1.322,S1O
46,FC2,166,1.322,S1O
46,FC2,167,0.834,S1O
46,FC2,168,0.346,S1O
46,FC2,169,0.346,S1O
46,FC2,170,-0.142,S1O
46,FC2,171,-0.631,S1O
46,FC2,172,-0.631,S1O
46,FC2,173,0.346,S1O
46,FC2,174,1.322,S1O
46,FC2,175,2.299,S1O
46,FC2,176,2.787,S1O
46,FC2,177,2.299,S1O
46,FC2,178,1.811,S1O
46,FC2,179,1.322,S1O
46,FC2,180,1.322,S1O
46,FC2,181,2.299,S1O
46,FC2,182,3.276,S1O
46,FC2,183,3.764,S1O
46,FC2,184,4.252,S1O
46,FC2,185,4.740,S1O
46,FC2,186,4.740,S1O
46,FC2,187,4.252,S1O
46,FC2,188,3.764,S1O
46,FC2,189,2.787,S1O
46,FC2,190,2.787,S1O
46,FC2,191,2.787,S1O
46,FC2,192,3.276,S1O
46,FC2,193,4.252,S1O
46,FC2,194,4.740,S1O
46,FC2,195,5.229,S1O
46,FC2,196,5.229,S1O
46,FC2,197,4.740,S1O
46,FC2,198,4.252,S1O
46,FC2,199,3.764,S1O
46,FC2,200,3.276,S1O
46,FC2,201,3.276,S1O
46,FC2,202,3.276,S1O
46,FC2,203,3.276,S1O
46,FC2,204,3.276,S1O
46,FC2,205,2.787,S1O
46,FC2,206,1.811,S1O
46,FC2,207,1.322,S1O
46,FC2,208,1.322,S1O
46,FC2,209,1.811,S1O
46,FC2,210,1.811,S1O
46,FC2,211,2.299,S1O
46,FC2,212,1.811,S1O
46,FC2,213,1.322,S1O
46,FC2,214,1.322,S1O
46,FC2,215,1.322,S1O
46,FC2,216,1.322,S1O
46,FC2,217,0.346,S1O
46,FC2,218,-0.142,S1O
46,FC2,219,-0.631,S1O
46,FC2,220,-1.119,S1O
46,FC2,221,-1.119,S1O
46,FC2,222,-0.631,S1O
46,FC2,223,-0.631,S1O
46,FC2,224,-0.631,S1O
46,FC2,225,-0.631,S1O
46,FC2,226,0.346,S1O
46,FC2,227,0.834,S1O
46,FC2,228,1.322,S1O
46,FC2,229,1.322,S1O
46,FC2,230,0.834,S1O
46,FC2,231,0.346,S1O
46,FC2,232,0.346,S1O
46,FC2,233,0.834,S1O
46,FC2,234,1.811,S1O
46,FC2,235,2.787,S1O
46,FC2,236,2.787,S1O
46,FC2,237,2.299,S1O
46,FC2,238,2.299,S1O
46,FC2,239,2.787,S1O
46,FC2,240,3.764,S1O
46,FC2,241,4.252,S1O
46,FC2,242,3.764,S1O
46,FC2,243,3.764,S1O
46,FC2,244,3.276,S1O
46,FC2,245,3.764,S1O
46,FC2,246,3.764,S1O
46,FC2,247,3.276,S1O
46,FC2,248,2.299,S1O
46,FC2,249,0.834,S1O
46,FC2,250,-0.142,S1O
46,FC2,251,-0.631,S1O
46,FC2,252,-0.631,S1O
46,FC2,253,-0.631,S1O
46,FC2,254,-0.631,S1O
46,FC2,255,-1.119,S1O
46,FC1,0,0.814,S1O
46,FC1,1,1.790,S1O
46,FC1,2,1.302,S1O
46,FC1,3,1.302,S1O
46,FC1,4,0.814,S1O
46,FC1,5,-0.163,S1O
46,FC1,6,-1.139,S1O
46,FC1,7,-2.604,S1O
46,FC1,8,-3.581,S1O
46,FC1,9,-4.069,S1O
46,FC1,10,-4.069,S1O
46,FC1,11,-3.092,S1O
46,FC1,12,-1.628,S1O
46,FC1,13,0.326,S1O
46,FC1,14,2.279,S1O
46,FC1,15,4.232,S1O
46,FC1,16,5.697,S1O
46,FC1,17,5.697,S1O
46,FC1,18,4.720,S1O
46,FC1,19,2.767,S1O
46,FC1,20,1.302,S1O
46,FC1,21,0.814,S1O
46,FC1,22,0.326,S1O
46,FC1,23,0.326,S1O
46,FC1,24,-0.651,S1O
46,FC1,25,-1.139,S1O
46,FC1,26,-2.116,S1O
46,FC1,27,-2.116,S1O
46,FC1,28,-1.139,S1O
46,FC1,29,-0.163,S1O
46,FC1,30,0.814,S1O
46,FC1,31,0.814,S1O
46,FC1,32,0.326,S1O
46,FC1,33,0.326,S1O
46,FC1,34,0.814,S1O
46,FC1,35,1.790,S1O
46,FC1,36,1.790,S1O
46,FC1,37,0.814,S1O
46,FC1,38,-0.163,S1O
46,FC1,39,-1.628,S1O
46,FC1,40,-3.092,S1O
46,FC1,41,-4.069,S1O
46,FC1,42,-5.046,S1O
46,FC1,43,-6.510,S1O
46,FC1,44,-6.510,S1O
46,FC1,45,-6.022,S1O
46,FC1,46,-4.069,S1O
46,FC1,47,-2.604,S1O
46,FC1,48,-1.139,S1O
46,FC1,49,-0.163,S1O
46,FC1,50,0.326,S1O
46,FC1,51,1.302,S1O
46,FC1,52,2.279,S1O
46,FC1,53,2.767,S1O
46,FC1,54,2.767,S1O
46,FC1,55,2.767,S1O
46,FC1,56,1.790,S1O
46,FC1,57,1.302,S1O
46,FC1,58,1.790,S1O
46,FC1,59,2.279,S1O
46,FC1,60,2.279,S1O
46,FC1,61,1.302,S1O
46,FC1,62,0.326,S1O
46,FC1,63,-1.139,S1O
46,FC1,64,-2.116,S1O
46,FC1,65,-2.116,S1O
46,FC1,66,-2.116,S1O
46,FC1,67,-2.116,S1O
46,FC1,68,-3.092,S1O
46,FC1,69,-4.069,S1O
46,FC1,70,-4.557,S1O
46,FC1,71,-5.046,S1O
46,FC1,72,-4.069,S1O
46,FC1,73,-3.092,S1O
46,FC1,74,-2.116,S1O
46,FC1,75,-1.628,S1O
46,FC1,76,-1.139,S1O
46,FC1,77,-0.651,S1O
46,FC1,78,0.326,S1O
46,FC1,79,0.326,S1O
46,FC1,80,-0.163,S1O
46,FC1,81,-1.139,S1O
46,FC1,82,-1.628,S1O
46,FC1,83,-1.628,S1O
46,FC1,84,-0.651,S1O
46,FC1,85,0.814,S1O
46,FC1,86,1.302,S1O
46,FC1,87,2.279,S1O
46,FC1,88,2.767,S1O
46,FC1,89,3.255,S1O
46,FC1,90,4.232,S1O
46,FC1,91,4.720,S1O
46,FC1,92,5.208,S1O
46,FC1,93,4.720,S1O
46,FC1,94,4.232,S1O
46,FC1,95,3.255,S1O
46,FC1,96,3.255,S1O
46,FC1,97,3.255,S1O
46,FC1,98,3.255,S1O
46,FC1,99,3.743,S1O
46,FC1,100,2.767,S1O
46,FC1,101,2.767,S1O
46,FC1,102,2.279,S1O
46,FC1,103,1.790,S1O
46,FC1,104,2.279,S1O
46,FC1,105,2.767,S1O
46,FC1,106,3.255,S1O
46,FC1,107,3.743,S1O
46,FC1,108,3.255,S1O
46,FC1,109,3.255,S1O
46,FC1,110,2.279,S1O
46,FC1,111,1.302,S1O
46,FC1,112,0.326,S1O
46,FC1,113,-1.139,S1O
46,FC1,114,-2.116,S1O
46,FC1,115,-2.604,S1O
46,FC1,116,-2.604,S1O
46,FC1,117,-2.116,S1O
46,FC1,118,-1.628,S1O
46,FC1,119,-1.139,S1O
46,FC1,120,-0.163,S1O
46,FC1,121,0.326,S1O
46,FC1,122,1.302,S1O
46,FC1,123,2.767,S1O
46,FC1,124,3.743,S1O
46,FC1,125,4.720,S1O
46,FC1,126,4.232,S1O
46,FC1,127,3.743,S1O
46,FC1,128,2.279,S1O
46,FC1,129,1.302,S1O
46,FC1,130,1.302,S1O
46,FC1,131,1.790,S1O
46,FC1,132,2.767,S1O
46,FC1,133,3.255,S1O
46,FC1,134,3.255,S1O
46,FC1,135,2.279,S1O
46,FC1,136,1.302,S1O
46,FC1,137,0.326,S1O
46,FC1,138,-0.163,S1O
46,FC1,139,-0.163,S1O
46,FC1,140,-0.163,S1O
46,FC1,141,-0.163,S1O
46,FC1,142,0.326,S1O
46,FC1,143,0.326,S1O
46,FC1,144,0.326,S1O
46,FC1,145,0.814,S1O
46,FC1,146,0.814,S1O
46,FC1,147,1.302,S1O
46,FC1,148,1.790,S1O
46,FC1,149,2.279,S1O
46,FC1,150,2.279,S1O
46,FC1,151,2.767,S1O
46,FC1,152,3.255,S1O
46,FC1,153,3.255,S1O
46,FC1,154,3.255,S1O
46,FC1,155,2.767,S1O
46,FC1,156,3.255,S1O
46,FC1,157,2.767,S1O
46,FC1,158,2.767,S1O
46,FC1,159,2.279,S1O
46,FC1,160,2.279,S1O
46,FC1,161,2.279,S1O
46,FC1,162,2.767,S1O
46,FC1,163,3.255,S1O
46,FC1,164,3.743,S1O
46,FC1,165,4.232,S1O
46,FC1,166,3.743,S1O
46,FC1,167,3.743,S1O
46,FC1,168,2.767,S1O
46,FC1,169,3.255,S1O
46,FC1,170,3.255,S1O
46,FC1,171,3.255,S1O
46,FC1,172,3.743,S1O
46,FC1,173,3.743,S1O
46,FC1,174,3.743,S1O
46,FC1,175,3.743,S1O
46,FC1,176,3.255,S1O
46,FC1,177,2.767,S1O
46,FC1,178,2.279,S1O
46,FC1,179,2.279,S1O
46,FC1,180,2.279,S1O
46,FC1,181,2.279,S1O
46,FC1,182,2.767,S1O
46,FC1,183,2.767,S1O
46,FC1,184,3.743,S1O
46,FC1,185,3.743,S1O
46,FC1,186,3.255,S1O
46,FC1,187,2.767,S1O
46,FC1,188,2.279,S1O
46,FC1,189,2.279,S1O
46,FC1,190,2.279,S1O
46,FC1,191,3.255,S1O
46,FC1,192,3.743,S1O
46,FC1,193,4.232,S1O
46,FC1,194,5.208,S1O
46,FC1,195,5.697,S1O
46,FC1,196,6.185,S1O
46,FC1,197,6.185,S1O
46,FC1,198,6.185,S1O
46,FC1,199,6.673,S1O
46,FC1,200,7.161,S1O
46,FC1,201,8.138,S1O
46,FC1,202,8.138,S1O
46,FC1,203,7.161,S1O
46,FC1,204,6.185,S1O
46,FC1,205,4.720,S1O
46,FC1,206,4.232,S1O
46,FC1,207,4.232,S1O
46,FC1,208,4.720,S1O
46,FC1,209,5.208,S1O
46,FC1,210,5.697,S1O
46,FC1,211,5.208,S1O
46,FC1,212,4.232,S1O
46,FC1,213,3.255,S1O
46,FC1,214,1.790,S1O
46,FC1,215,1.302,S1O
46,FC1,216,1.302,S1O
46,FC1,217,1.790,S1O
46,FC1,218,2.767,S1O
46,FC1,219,3.255,S1O
46,FC1,220,3.255,S1O
46,FC1,221,2.767,S1O
46,FC1,222,1.302,S1O
46,FC1,223,0.814,S1O
46,FC1,224,0.814,S1O
46,FC1,225,1.302,S1O
46,FC1,226,2.279,S1O
46,FC1,227,2.767,S1O
46,FC1,228,3.743,S1O
46,FC1,229,3.743,S1O
46,FC1,230,3.255,S1O
46,FC1,231,2.767,S1O
46,FC1,232,2.767,S1O
46,FC1,233,3.255,S1O
46,FC1,234,4.232,S1O
46,FC1,235,5.208,S1O
46,FC1,236,5.208,S1O
46,FC1,237,4.720,S1O
46,FC1,238,4.232,S1O
46,FC1,239,4.232,S1O
46,FC1,240,5.208,S1O
46,FC1,241,6.673,S1O
46,FC1,242,8.138,S1O
46,FC1,243,8.626,S1O
46,FC1,244,8.138,S1O
46,FC1,245,6.673,S1O
46,FC1,246,5.208,S1O
46,FC1,247,4.232,S1O
46,FC1,248,4.232,S1O
46,FC1,249,4.232,S1O
46,FC1,250,4.720,S1O
46,FC1,251,4.720,S1O
46,FC1,252,4.720,S1O
46,FC1,253,5.208,S1O
46,FC1,254,5.208,S1O
46,FC1,255,4.720,S1O
46,T8,0,-6.012,S1O
46,T8,1,-5.524,S1O
46,T8,2,-5.035,S1O
46,T8,3,-4.059,S1O
46,T8,4,-4.059,S1O
46,T8,5,-5.524,S1O
46,T8,6,-8.453,S1O
46,T8,7,-10.895,S1O
46,T8,8,-11.871,S1O
46,T8,9,-11.383,S1O
46,T8,10,-8.453,S1O
46,T8,11,-5.035,S1O
46,T8,12,-1.617,S1O
46,T8,13,2.289,S1O
46,T8,14,5.707,S1O
46,T8,15,9.125,S1O
46,T8,16,11.566,S1O
46,T8,17,12.543,S1O
46,T8,18,11.078,S1O
46,T8,19,7.660,S1O
46,T8,20,3.265,S1O
46,T8,21,-0.641,S1O
46,T8,22,-3.571,S1O
46,T8,23,-5.035,S1O
46,T8,24,-6.012,S1O
46,T8,25,-6.500,S1O
46,T8,26,-6.500,S1O
46,T8,27,-5.035,S1O
46,T8,28,-4.059,S1O
46,T8,29,-3.082,S1O
46,T8,30,-2.594,S1O
46,T8,31,-3.082,S1O
46,T8,32,-2.594,S1O
46,T8,33,-1.617,S1O
46,T8,34,0.336,S1O
46,T8,35,1.312,S1O
46,T8,36,1.312,S1O
46,T8,37,0.824,S1O
46,T8,38,0.824,S1O
46,T8,39,2.289,S1O
46,T8,40,4.730,S1O
46,T8,41,6.683,S1O
46,T8,42,6.683,S1O
46,T8,43,4.730,S1O
46,T8,44,0.824,S1O
46,T8,45,-2.106,S1O
46,T8,46,-3.571,S1O
46,T8,47,-4.059,S1O
46,T8,48,-3.571,S1O
46,T8,49,-4.059,S1O
46,T8,50,-4.547,S1O
46,T8,51,-5.035,S1O
46,T8,52,-5.524,S1O
46,T8,53,-5.524,S1O
46,T8,54,-6.012,S1O
46,T8,55,-7.477,S1O
46,T8,56,-8.942,S1O
46,T8,57,-10.406,S1O
46,T8,58,-10.406,S1O
46,T8,59,-9.430,S1O
46,T8,60,-7.965,S1O
46,T8,61,-6.012,S1O
46,T8,62,-5.035,S1O
46,T8,63,-3.571,S1O
46,T8,64,-1.617,S1O
46,T8,65,-0.153,S1O
46,T8,66,0.824,S1O
46,T8,67,0.824,S1O
46,T8,68,-0.641,S1O
46,T8,69,-2.106,S1O
46,T8,70,-3.082,S1O
46,T8,71,-3.571,S1O
46,T8,72,-3.082,S1O
46,T8,73,-3.082,S1O
46,T8,74,-3.082,S1O
46,T8,75,-3.571,S1O
46,T8,76,-3.082,S1O
46,T8,77,-2.106,S1O
46,T8,78,-0.641,S1O
46,T8,79,1.801,S1O
46,T8,80,2.777,S1O
46,T8,81,3.265,S1O
46,T8,82,1.801,S1O
46,T8,83,-0.153,S1O
46,T8,84,-1.617,S1O
46,T8,85,-2.106,S1O
46,T8,86,-1.617,S1O
46,T8,87,-0.153,S1O
46,T8,88,1.312,S1O
46,T8,89,2.289,S1O
46,T8,90,3.265,S1O
46,T8,91,4.242,S1O
46,T8,92,4.730,S1O
46,T8,93,4.242,S1O
46,T8,94,3.754,S1O
46,T8,95,2.777,S1O
46,T8,96,2.777,S1O
46,T8,97,3.265,S1O
46,T8,98,4.730,S1O
46,T8,99,6.195,S1O
46,T8,100,6.683,S1O
46,T8,101,6.683,S1O
46,T8,102,5.219,S1O
46,T8,103,3.754,S1O
46,T8,104,3.265,S1O
46,T8,105,3.265,S1O
46,T8,106,3.265,S1O
46,T8,107,2.289,S1O
46,T8,108,1.312,S1O
46,T8,109,-0.153,S1O
46,T8,110,-0.153,S1O
46,T8,111,0.336,S1O
46,T8,112,1.801,S1O
46,T8,113,3.754,S1O
46,T8,114,5.219,S1O
46,T8,115,6.683,S1O
46,T8,116,8.148,S1O
46,T8,117,10.101,S1O
46,T8,118,11.566,S1O
46,T8,119,13.031,S1O
46,T8,120,13.519,S1O
46,T8,121,13.031,S1O
46,T8,122,12.543,S1O
46,T8,123,11.078,S1O
46,T8,124,10.101,S1O
46,T8,125,8.148,S1O
46,T8,126,6.683,S1O
46,T8,127,5.707,S1O
46,T8,128,4.730,S1O
46,T8,129,3.754,S1O
46,T8,130,3.265,S1O
46,T8,131,3.265,S1O
46,T8,132,4.242,S1O
46,T8,133,6.195,S1O
46,T8,134,7.660,S1O
46,T8,135,8.148,S1O
46,T8,136,8.148,S1O
46,T8,137,6.683,S1O
46,T8,138,4.730,S1O
46,T8,139,2.777,S1O
46,T8,140,1.801,S1O
46,T8,141,1.801,S1O
46,T8,142,3.265,S1O
46,T8,143,4.730,S1O
46,T8,144,5.707,S1O
46,T8,145,5.707,S1O
46,T8,146,4.242,S1O
46,T8,147,2.777,S1O
46,T8,148,1.801,S1O
46,T8,149,1.801,S1O
46,T8,150,2.289,S1O
46,T8,151,2.777,S1O
46,T8,152,2.289,S1O
46,T8,153,1.312,S1O
46,T8,154,0.336,S1O
46,T8,155,0.336,S1O
46,T8,156,1.312,S1O
46,T8,157,2.289,S1O
46,T8,158,3.265,S1O
46,T8,159,3.754,S1O
46,T8,160,4.242,S1O
46,T8,161,5.219,S1O
46,T8,162,6.683,S1O
46,T8,163,7.172,S1O
46,T8,164,7.660,S1O
46,T8,165,7.660,S1O
46,T8,166,8.148,S1O
46,T8,167,9.613,S1O
46,T8,168,11.566,S1O
46,T8,169,13.031,S1O
46,T8,170,13.519,S1O
46,T8,171,13.519,S1O
46,T8,172,13.519,S1O
46,T8,173,14.496,S1O
46,T8,174,15.961,S1O
46,T8,175,17.914,S1O
46,T8,176,18.402,S1O
46,T8,177,17.914,S1O
46,T8,178,17.914,S1O
46,T8,179,18.402,S1O
46,T8,180,18.890,S1O
46,T8,181,19.867,S1O
46,T8,182,19.867,S1O
46,T8,183,18.890,S1O
46,T8,184,17.914,S1O
46,T8,185,17.914,S1O
46,T8,186,18.890,S1O
46,T8,187,19.379,S1O
46,T8,188,18.890,S1O
46,T8,189,17.426,S1O
46,T8,190,14.984,S1O
46,T8,191,13.519,S1O
46,T8,192,12.054,S1O
46,T8,193,11.566,S1O
46,T8,194,10.590,S1O
46,T8,195,9.613,S1O
46,T8,196,8.636,S1O
46,T8,197,8.148,S1O
46,T8,198,9.125,S1O
46,T8,199,11.078,S1O
46,T8,200,12.054,S1O
46,T8,201,11.566,S1O
46,T8,202,9.613,S1O
46,T8,203,7.172,S1O
46,T8,204,5.219,S1O
46,T8,205,4.730,S1O
46,T8,206,5.219,S1O
46,T8,207,6.195,S1O
46,T8,208,6.683,S1O
46,T8,209,7.660,S1O
46,T8,210,8.148,S1O
46,T8,211,8.148,S1O
46,T8,212,6.683,S1O
46,T8,213,4.730,S1O
46,T8,214,1.801,S1O
46,T8,215,-0.641,S1O
46,T8,216,-1.129,S1O
46,T8,217,0.336,S1O
46,T8,218,2.289,S1O
46,T8,219,2.777,S1O
46,T8,220,2.777,S1O
46,T8,221,2.289,S1O
46,T8,222,1.801,S1O
46,T8,223,1.312,S1O
46,T8,224,-0.153,S1O
46,T8,225,-1.617,S1O
46,T8,226,-4.059,S1O
46,T8,227,-6.500,S1O
46,T8,228,-7.477,S1O
46,T8,229,-7.477,S1O
46,T8,230,-6.989,S1O
46,T8,231,-6.500,S1O
46,T8,232,-6.989,S1O
46,T8,233,-7.477,S1O
46,T8,234,-7.965,S1O
46,T8,235,-7.965,S1O
46,T8,236,-6.989,S1O
46,T8,237,-5.035,S1O
46,T8,238,-4.059,S1O
46,T8,239,-4.059,S1O
46,T8,240,-4.547,S1O
46,T8,241,-5.524,S1O
46,T8,242,-6.012,S1O
46,T8,243,-5.524,S1O
46,T8,244,-4.547,S1O
46,T8,245,-3.571,S1O
46,T8,246,-3.571,S1O
46,T8,247,-4.547,S1O
46,T8,248,-6.012,S1O
46,T8,249,-7.965,S1O
46,T8,250,-8.942,S1O
46,T8,251,-8.942,S1O
46,T8,252,-9.430,S1O
46,T8,253,-9.918,S1O
46,T8,254,-10.895,S1O
46,T8,255,-11.383,S1O
46,T7,0,-1.556,S1O
46,T7,1,0.397,S1O
46,T7,2,1.862,S1O
46,T7,3,3.326,S1O
46,T7,4,3.815,S1O
46,T7,5,2.838,S1O
46,T7,6,0.397,S1O
46,T7,7,-1.556,S1O
46,T7,8,-2.045,S1O
46,T7,9,-1.068,S1O
46,T7,10,0.885,S1O
46,T7,11,3.326,S1O
46,T7,12,5.280,S1O
46,T7,13,7.233,S1O
46,T7,14,9.674,S1O
46,T7,15,13.092,S1O
46,T7,16,16.998,S1O
46,T7,17,18.463,S1O
46,T7,18,17.487,S1O
46,T7,19,12.604,S1O
46,T7,20,6.744,S1O
46,T7,21,1.373,S1O
46,T7,22,-2.533,S1O
46,T7,23,-4.486,S1O
46,T7,24,-5.951,S1O
46,T7,25,-6.927,S1O
46,T7,26,-7.416,S1O
46,T7,27,-6.927,S1O
46,T7,28,-3.998,S1O
46,T7,29,-0.580,S1O
46,T7,30,1.862,S1O
46,T7,31,2.838,S1O
46,T7,32,3.326,S1O
46,T7,33,2.838,S1O
46,T7,34,3.326,S1O
46,T7,35,4.303,S1O
46,T7,36,4.303,S1O
46,T7,37,3.326,S1O
46,T7,38,1.373,S1O
46,T7,39,-0.092,S1O
46,T7,40,-0.580,S1O
46,T7,41,-0.092,S1O
46,T7,42,0.397,S1O
46,T7,43,-0.092,S1O
46,T7,44,-1.556,S1O
46,T7,45,-2.533,S1O
46,T7,46,-2.045,S1O
46,T7,47,0.885,S1O
46,T7,48,4.303,S1O
46,T7,49,7.233,S1O
46,T7,50,8.698,S1O
46,T7,51,8.698,S1O
46,T7,52,8.209,S1O
46,T7,53,8.209,S1O
46,T7,54,8.698,S1O
46,T7,55,8.698,S1O
46,T7,56,7.233,S1O
46,T7,57,4.791,S1O
46,T7,58,1.373,S1O
46,T7,59,-0.580,S1O
46,T7,60,-1.556,S1O
46,T7,61,-2.045,S1O
46,T7,62,-2.533,S1O
46,T7,63,-3.998,S1O
46,T7,64,-4.974,S1O
46,T7,65,-6.439,S1O
46,T7,66,-6.439,S1O
46,T7,67,-5.951,S1O
46,T7,68,-5.951,S1O
46,T7,69,-5.951,S1O
46,T7,70,-5.463,S1O
46,T7,71,-4.974,S1O
46,T7,72,-3.021,S1O
46,T7,73,-1.068,S1O
46,T7,74,-0.092,S1O
46,T7,75,0.885,S1O
46,T7,76,0.885,S1O
46,T7,77,0.885,S1O
46,T7,78,0.885,S1O
46,T7,79,1.862,S1O
46,T7,80,2.838,S1O
46,T7,81,3.326,S1O
46,T7,82,3.326,S1O
46,T7,83,2.350,S1O
46,T7,84,1.862,S1O
46,T7,85,1.862,S1O
46,T7,86,2.838,S1O
46,T7,87,4.303,S1O
46,T7,88,5.768,S1O
46,T7,89,7.721,S1O
46,T7,90,8.698,S1O
46,T7,91,8.698,S1O
46,T7,92,8.209,S1O
46,T7,93,7.233,S1O
46,T7,94,5.768,S1O
46,T7,95,4.791,S1O
46,T7,96,4.303,S1O
46,T7,97,4.791,S1O
46,T7,98,5.280,S1O
46,T7,99,5.768,S1O
46,T7,100,5.768,S1O
46,T7,101,5.280,S1O
46,T7,102,5.280,S1O
46,T7,103,5.768,S1O
46,T7,104,6.256,S1O
46,T7,105,6.256,S1O
46,T7,106,5.280,S1O
46,T7,107,3.326,S1O
46,T7,108,0.885,S1O
46,T7,109,-0.092,S1O
46,T7,110,-0.580,S1O
46,T7,111,-0.580,S1O
46,T7,112,-0.580,S1O
46,T7,113,-1.068,S1O
46,T7,114,-1.556,S1O
46,T7,115,-0.580,S1O
46,T7,116,1.862,S1O
46,T7,117,5.280,S1O
46,T7,118,8.209,S1O
46,T7,119,10.162,S1O
46,T7,120,10.162,S1O
46,T7,121,10.162,S1O
46,T7,122,10.162,S1O
46,T7,123,10.651,S1O
46,T7,124,11.627,S1O
46,T7,125,12.115,S1O
46,T7,126,12.115,S1O
46,T7,127,11.139,S1O
46,T7,128,10.651,S1O
46,T7,129,10.651,S1O
46,T7,130,11.139,S1O
46,T7,131,11.627,S1O
46,T7,132,10.651,S1O
46,T7,133,9.186,S1O
46,T7,134,7.721,S1O
46,T7,135,6.256,S1O
46,T7,136,5.280,S1O
46,T7,137,3.815,S1O
46,T7,138,2.350,S1O
46,T7,139,0.397,S1O
46,T7,140,-1.068,S1O
46,T7,141,-1.556,S1O
46,T7,142,-1.068,S1O
46,T7,143,0.397,S1O
46,T7,144,2.350,S1O
46,T7,145,3.326,S1O
46,T7,146,4.791,S1O
46,T7,147,5.768,S1O
46,T7,148,6.256,S1O
46,T7,149,6.744,S1O
46,T7,150,7.233,S1O
46,T7,151,6.744,S1O
46,T7,152,6.744,S1O
46,T7,153,7.233,S1O
46,T7,154,8.209,S1O
46,T7,155,8.698,S1O
46,T7,156,8.698,S1O
46,T7,157,8.209,S1O
46,T7,158,7.233,S1O
46,T7,159,6.744,S1O
46,T7,160,6.744,S1O
46,T7,161,7.233,S1O
46,T7,162,7.721,S1O
46,T7,163,8.209,S1O
46,T7,164,8.698,S1O
46,T7,165,9.186,S1O
46,T7,166,9.674,S1O
46,T7,167,9.674,S1O
46,T7,168,10.651,S1O
46,T7,169,11.627,S1O
46,T7,170,13.580,S1O
46,T7,171,15.533,S1O
46,T7,172,17.487,S1O
46,T7,173,18.951,S1O
46,T7,174,19.440,S1O
46,T7,175,18.951,S1O
46,T7,176,18.951,S1O
46,T7,177,19.440,S1O
46,T7,178,20.905,S1O
46,T7,179,22.858,S1O
46,T7,180,23.834,S1O
46,T7,181,23.346,S1O
46,T7,182,21.393,S1O
46,T7,183,18.951,S1O
46,T7,184,16.510,S1O
46,T7,185,15.533,S1O
46,T7,186,16.022,S1O
46,T7,187,17.487,S1O
46,T7,188,18.463,S1O
46,T7,189,17.487,S1O
46,T7,190,15.533,S1O
46,T7,191,13.092,S1O
46,T7,192,11.139,S1O
46,T7,193,10.651,S1O
46,T7,194,11.139,S1O
46,T7,195,11.139,S1O
46,T7,196,11.627,S1O
46,T7,197,11.627,S1O
46,T7,198,13.092,S1O
46,T7,199,15.533,S1O
46,T7,200,17.975,S1O
46,T7,201,18.951,S1O
46,T7,202,17.975,S1O
46,T7,203,15.533,S1O
46,T7,204,12.604,S1O
46,T7,205,11.139,S1O
46,T7,206,11.139,S1O
46,T7,207,12.115,S1O
46,T7,208,13.092,S1O
46,T7,209,13.580,S1O
46,T7,210,14.557,S1O
46,T7,211,15.533,S1O
46,T7,212,16.022,S1O
46,T7,213,15.533,S1O
46,T7,214,13.580,S1O
46,T7,215,10.651,S1O
46,T7,216,7.721,S1O
46,T7,217,6.744,S1O
46,T7,218,6.744,S1O
46,T7,219,7.721,S1O
46,T7,220,8.209,S1O
46,T7,221,8.209,S1O
46,T7,222,7.233,S1O
46,T7,223,5.768,S1O
46,T7,224,3.815,S1O
46,T7,225,1.862,S1O
46,T7,226,-0.580,S1O
46,T7,227,-3.021,S1O
46,T7,228,-3.510,S1O
46,T7,229,-3.021,S1O
46,T7,230,-1.068,S1O
46,T7,231,1.373,S1O
46,T7,232,2.350,S1O
46,T7,233,2.350,S1O
46,T7,234,0.885,S1O
46,T7,235,-0.092,S1O
46,T7,236,-0.580,S1O
46,T7,237,-0.092,S1O
46,T7,238,1.373,S1O
46,T7,239,2.350,S1O
46,T7,240,3.326,S1O
46,T7,241,4.791,S1O
46,T7,242,6.256,S1O
46,T7,243,7.233,S1O
46,T7,244,7.233,S1O
46,T7,245,6.744,S1O
46,T7,246,5.280,S1O
46,T7,247,4.303,S1O
46,T7,248,3.326,S1O
46,T7,249,2.838,S1O
46,T7,250,1.862,S1O
46,T7,251,1.862,S1O
46,T7,252,2.350,S1O
46,T7,253,4.303,S1O
46,T7,254,6.256,S1O
46,T7,255,7.233,S1O
46,CZ,0,-12.034,S1O
46,CZ,1,-12.034,S1O
46,CZ,2,-10.569,S1O
46,CZ,3,-7.640,S1O
46,CZ,4,-5.198,S1O
46,CZ,5,-6.663,S1O
46,CZ,6,-10.569,S1O
46,CZ,7,-15.452,S1O
46,CZ,8,-18.382,S1O
46,CZ,9,-16.429,S1O
46,CZ,10,-11.546,S1O
46,CZ,11,-5.686,S1O
46,CZ,12,-0.804,S1O
46,CZ,13,3.103,S1O
46,CZ,14,7.497,S1O
46,CZ,15,12.380,S1O
46,CZ,16,17.751,S1O
46,CZ,17,21.169,S1O
46,CZ,18,21.169,S1O
46,CZ,19,16.774,S1O
46,CZ,20,10.427,S1O
46,CZ,21,4.079,S1O
46,CZ,22,-0.804,S1O
46,CZ,23,-5.198,S1O
46,CZ,24,-8.616,S1O
46,CZ,25,-11.546,S1O
46,CZ,26,-13.011,S1O
46,CZ,27,-12.034,S1O
46,CZ,28,-9.104,S1O
46,CZ,29,-6.175,S1O
46,CZ,30,-5.198,S1O
46,CZ,31,-5.198,S1O
46,CZ,32,-5.198,S1O
46,CZ,33,-3.733,S1O
46,CZ,34,-0.804,S1O
46,CZ,35,2.126,S1O
46,CZ,36,3.591,S1O
46,CZ,37,3.591,S1O
46,CZ,38,3.591,S1O
46,CZ,39,3.591,S1O
46,CZ,40,4.079,S1O
46,CZ,41,4.079,S1O
46,CZ,42,2.126,S1O
46,CZ,43,-0.804,S1O
46,CZ,44,-3.733,S1O
46,CZ,45,-5.198,S1O
46,CZ,46,-4.710,S1O
46,CZ,47,-2.268,S1O
46,CZ,48,-0.804,S1O
46,CZ,49,-0.315,S1O
46,CZ,50,-1.780,S1O
46,CZ,51,-2.757,S1O
46,CZ,52,-3.733,S1O
46,CZ,53,-4.222,S1O
46,CZ,54,-4.222,S1O
46,CZ,55,-4.222,S1O
46,CZ,56,-4.222,S1O
46,CZ,57,-4.222,S1O
46,CZ,58,-3.733,S1O
46,CZ,59,-3.733,S1O
46,CZ,60,-3.733,S1O
46,CZ,61,-4.710,S1O
46,CZ,62,-5.198,S1O
46,CZ,63,-5.198,S1O
46,CZ,64,-4.710,S1O
46,CZ,65,-3.733,S1O
46,CZ,66,-3.733,S1O
46,CZ,67,-4.710,S1O
46,CZ,68,-5.686,S1O
46,CZ,69,-7.151,S1O
46,CZ,70,-6.663,S1O
46,CZ,71,-5.686,S1O
46,CZ,72,-4.710,S1O
46,CZ,73,-4.710,S1O
46,CZ,74,-5.686,S1O
46,CZ,75,-7.151,S1O
46,CZ,76,-7.640,S1O
46,CZ,77,-5.686,S1O
46,CZ,78,-0.804,S1O
46,CZ,79,4.567,S1O
46,CZ,80,8.962,S1O
46,CZ,81,8.962,S1O
46,CZ,82,6.521,S1O
46,CZ,83,2.614,S1O
46,CZ,84,0.173,S1O
46,CZ,85,0.173,S1O
46,CZ,86,3.103,S1O
46,CZ,87,7.497,S1O
46,CZ,88,12.380,S1O
46,CZ,89,15.798,S1O
46,CZ,90,18.239,S1O
46,CZ,91,18.728,S1O
46,CZ,92,16.286,S1O
46,CZ,93,12.380,S1O
46,CZ,94,8.474,S1O
46,CZ,95,6.521,S1O
46,CZ,96,8.474,S1O
46,CZ,97,14.333,S1O
46,CZ,98,21.657,S1O
46,CZ,99,26.052,S1O
46,CZ,100,26.052,S1O
46,CZ,101,21.657,S1O
46,CZ,102,15.310,S1O
46,CZ,103,10.427,S1O
46,CZ,104,8.962,S1O
46,CZ,105,8.962,S1O
46,CZ,106,9.450,S1O
46,CZ,107,8.962,S1O
46,CZ,108,7.497,S1O
46,CZ,109,7.009,S1O
46,CZ,110,7.985,S1O
46,CZ,111,9.939,S1O
46,CZ,112,11.892,S1O
46,CZ,113,12.380,S1O
46,CZ,114,13.357,S1O
46,CZ,115,14.821,S1O
46,CZ,116,17.751,S1O
46,CZ,117,20.192,S1O
46,CZ,118,21.657,S1O
46,CZ,119,21.657,S1O
46,CZ,120,20.192,S1O
46,CZ,121,18.728,S1O
46,CZ,122,18.728,S1O
46,CZ,123,19.704,S1O
46,CZ,124,21.169,S1O
46,CZ,125,22.146,S1O
46,CZ,126,22.146,S1O
46,CZ,127,21.169,S1O
46,CZ,128,18.728,S1O
46,CZ,129,16.774,S1O
46,CZ,130,15.310,S1O
46,CZ,131,15.798,S1O
46,CZ,132,17.263,S1O
46,CZ,133,19.216,S1O
46,CZ,134,20.192,S1O
46,CZ,135,18.239,S1O
46,CZ,136,15.310,S1O
46,CZ,137,10.427,S1O
46,CZ,138,7.009,S1O
46,CZ,139,4.079,S1O
46,CZ,140,3.103,S1O
46,CZ,141,2.126,S1O
46,CZ,142,2.126,S1O
46,CZ,143,3.103,S1O
46,CZ,144,4.567,S1O
46,CZ,145,6.032,S1O
46,CZ,146,6.032,S1O
46,CZ,147,5.056,S1O
46,CZ,148,4.079,S1O
46,CZ,149,5.056,S1O
46,CZ,150,7.985,S1O
46,CZ,151,11.403,S1O
46,CZ,152,13.357,S1O
46,CZ,153,13.845,S1O
46,CZ,154,11.892,S1O
46,CZ,155,10.915,S1O
46,CZ,156,10.915,S1O
46,CZ,157,12.380,S1O
46,CZ,158,14.333,S1O
46,CZ,159,15.310,S1O
46,CZ,160,15.310,S1O
46,CZ,161,15.310,S1O
46,CZ,162,15.798,S1O
46,CZ,163,16.774,S1O
46,CZ,164,17.751,S1O
46,CZ,165,17.751,S1O
46,CZ,166,17.263,S1O
46,CZ,167,17.751,S1O
46,CZ,168,19.704,S1O
46,CZ,169,21.657,S1O
46,CZ,170,23.610,S1O
46,CZ,171,25.075,S1O
46,CZ,172,27.028,S1O
46,CZ,173,28.982,S1O
46,CZ,174,31.423,S1O
46,CZ,175,32.888,S1O
46,CZ,176,32.399,S1O
46,CZ,177,30.935,S1O
46,CZ,178,29.470,S1O
46,CZ,179,29.470,S1O
46,CZ,180,30.935,S1O
46,CZ,181,33.376,S1O
46,CZ,182,34.353,S1O
46,CZ,183,34.841,S1O
46,CZ,184,34.353,S1O
46,CZ,185,34.353,S1O
46,CZ,186,34.841,S1O
46,CZ,187,35.329,S1O
46,CZ,188,33.864,S1O
46,CZ,189,31.423,S1O
46,CZ,190,28.493,S1O
46,CZ,191,26.052,S1O
46,CZ,192,24.587,S1O
46,CZ,193,24.587,S1O
46,CZ,194,25.564,S1O
46,CZ,195,25.075,S1O
46,CZ,196,24.587,S1O
46,CZ,197,24.099,S1O
46,CZ,198,24.587,S1O
46,CZ,199,26.052,S1O
46,CZ,200,27.517,S1O
46,CZ,201,28.005,S1O
46,CZ,202,26.540,S1O
46,CZ,203,24.099,S1O
46,CZ,204,22.146,S1O
46,CZ,205,21.169,S1O
46,CZ,206,21.657,S1O
46,CZ,207,22.146,S1O
46,CZ,208,22.634,S1O
46,CZ,209,23.610,S1O
46,CZ,210,25.075,S1O
46,CZ,211,26.052,S1O
46,CZ,212,26.540,S1O
46,CZ,213,25.564,S1O
46,CZ,214,22.634,S1O
46,CZ,215,20.192,S1O
46,CZ,216,18.239,S1O
46,CZ,217,18.239,S1O
46,CZ,218,18.239,S1O
46,CZ,219,18.239,S1O
46,CZ,220,16.774,S1O
46,CZ,221,15.310,S1O
46,CZ,222,13.357,S1O
46,CZ,223,11.892,S1O
46,CZ,224,9.939,S1O
46,CZ,225,7.497,S1O
46,CZ,226,5.056,S1O
46,CZ,227,3.591,S1O
46,CZ,228,3.591,S1O
46,CZ,229,5.056,S1O
46,CZ,230,6.032,S1O
46,CZ,231,5.056,S1O
46,CZ,232,3.591,S1O
46,CZ,233,2.126,S1O
46,CZ,234,2.126,S1O
46,CZ,235,5.056,S1O
46,CZ,236,8.474,S1O
46,CZ,237,11.892,S1O
46,CZ,238,13.357,S1O
46,CZ,239,13.357,S1O
46,CZ,240,13.357,S1O
46,CZ,241,13.845,S1O
46,CZ,242,14.333,S1O
46,CZ,243,13.845,S1O
46,CZ,244,12.380,S1O
46,CZ,245,9.939,S1O
46,CZ,246,7.497,S1O
46,CZ,247,6.032,S1O
46,CZ,248,5.056,S1O
46,CZ,249,3.591,S1O
46,CZ,250,1.149,S1O
46,CZ,251,-1.292,S1O
46,CZ,252,-3.733,S1O
46,CZ,253,-4.222,S1O
46,CZ,254,-3.245,S1O
46,CZ,255,-2.268,S1O
46,C3,0,3.255,S1O
46,C3,1,4.232,S1O
46,C3,2,4.720,S1O
46,C3,3,5.208,S1O
46,C3,4,4.720,S1O
46,C3,5,3.255,S1O
46,C3,6,1.302,S1O
46,C3,7,-0.651,S1O
46,C3,8,-1.628,S1O
46,C3,9,-1.628,S1O
46,C3,10,-1.139,S1O
46,C3,11,-0.163,S1O
46,C3,12,0.326,S1O
46,C3,13,1.302,S1O
46,C3,14,3.255,S1O
46,C3,15,5.697,S1O
46,C3,16,7.650,S1O
46,C3,17,8.626,S1O
46,C3,18,7.650,S1O
46,C3,19,4.232,S1O
46,C3,20,0.326,S1O
46,C3,21,-2.604,S1O
46,C3,22,-4.557,S1O
46,C3,23,-5.534,S1O
46,C3,24,-5.534,S1O
46,C3,25,-5.046,S1O
46,C3,26,-4.069,S1O
46,C3,27,-3.092,S1O
46,C3,28,-1.139,S1O
46,C3,29,0.326,S1O
46,C3,30,1.302,S1O
46,C3,31,1.790,S1O
46,C3,32,1.302,S1O
46,C3,33,1.302,S1O
46,C3,34,1.302,S1O
46,C3,35,1.790,S1O
46,C3,36,1.790,S1O
46,C3,37,0.814,S1O
46,C3,38,-0.163,S1O
46,C3,39,-1.628,S1O
46,C3,40,-1.139,S1O
46,C3,41,-0.651,S1O
46,C3,42,-0.651,S1O
46,C3,43,-0.651,S1O
46,C3,44,-1.139,S1O
46,C3,45,-1.628,S1O
46,C3,46,-1.139,S1O
46,C3,47,0.326,S1O
46,C3,48,2.279,S1O
46,C3,49,4.232,S1O
46,C3,50,5.208,S1O
46,C3,51,6.185,S1O
46,C3,52,7.161,S1O
46,C3,53,8.138,S1O
46,C3,54,8.626,S1O
46,C3,55,8.138,S1O
46,C3,56,6.185,S1O
46,C3,57,3.743,S1O
46,C3,58,1.302,S1O
46,C3,59,-0.651,S1O
46,C3,60,-1.139,S1O
46,C3,61,-1.628,S1O
46,C3,62,-1.628,S1O
46,C3,63,-2.604,S1O
46,C3,64,-3.092,S1O
46,C3,65,-3.092,S1O
46,C3,66,-3.092,S1O
46,C3,67,-3.092,S1O
46,C3,68,-3.581,S1O
46,C3,69,-4.069,S1O
46,C3,70,-3.581,S1O
46,C3,71,-2.604,S1O
46,C3,72,-0.651,S1O
46,C3,73,0.326,S1O
46,C3,74,1.302,S1O
46,C3,75,1.302,S1O
46,C3,76,0.814,S1O
46,C3,77,0.814,S1O
46,C3,78,0.814,S1O
46,C3,79,1.302,S1O
46,C3,80,1.302,S1O
46,C3,81,1.302,S1O
46,C3,82,0.814,S1O
46,C3,83,0.326,S1O
46,C3,84,-0.163,S1O
46,C3,85,0.326,S1O
46,C3,86,1.302,S1O
46,C3,87,2.279,S1O
46,C3,88,3.743,S1O
46,C3,89,4.720,S1O
46,C3,90,5.697,S1O
46,C3,91,6.185,S1O
46,C3,92,6.185,S1O
46,C3,93,5.697,S1O
46,C3,94,5.208,S1O
46,C3,95,4.232,S1O
46,C3,96,3.743,S1O
46,C3,97,3.255,S1O
46,C3,98,3.255,S1O
46,C3,99,3.255,S1O
46,C3,100,2.767,S1O
46,C3,101,2.767,S1O
46,C3,102,3.255,S1O
46,C3,103,3.743,S1O
46,C3,104,3.743,S1O
46,C3,105,3.743,S1O
46,C3,106,3.255,S1O
46,C3,107,2.767,S1O
46,C3,108,1.790,S1O
46,C3,109,1.302,S1O
46,C3,110,0.814,S1O
46,C3,111,0.326,S1O
46,C3,112,0.326,S1O
46,C3,113,-0.651,S1O
46,C3,114,-0.651,S1O
46,C3,115,-0.163,S1O
46,C3,116,1.302,S1O
46,C3,117,3.255,S1O
46,C3,118,4.720,S1O
46,C3,119,6.185,S1O
46,C3,120,6.185,S1O
46,C3,121,5.208,S1O
46,C3,122,4.720,S1O
46,C3,123,4.232,S1O
46,C3,124,5.208,S1O
46,C3,125,5.697,S1O
46,C3,126,5.697,S1O
46,C3,127,5.697,S1O
46,C3,128,5.697,S1O
46,C3,129,5.697,S1O
46,C3,130,5.697,S1O
46,C3,131,6.185,S1O
46,C3,132,5.697,S1O
46,C3,133,4.720,S1O
46,C3,134,3.743,S1O
46,C3,135,2.767,S1O
46,C3,136,2.279,S1O
46,C3,137,1.302,S1O
46,C3,138,0.814,S1O
46,C3,139,0.326,S1O
46,C3,140,-0.163,S1O
46,C3,141,-0.163,S1O
46,C3,142,-0.651,S1O
46,C3,143,-0.163,S1O
46,C3,144,-0.163,S1O
46,C3,145,0.814,S1O
46,C3,146,2.279,S1O
46,C3,147,3.255,S1O
46,C3,148,3.743,S1O
46,C3,149,3.743,S1O
46,C3,150,2.767,S1O
46,C3,151,2.767,S1O
46,C3,152,2.767,S1O
46,C3,153,4.232,S1O
46,C3,154,5.208,S1O
46,C3,155,5.697,S1O
46,C3,156,5.208,S1O
46,C3,157,4.232,S1O
46,C3,158,3.255,S1O
46,C3,159,2.279,S1O
46,C3,160,2.279,S1O
46,C3,161,2.279,S1O
46,C3,162,3.255,S1O
46,C3,163,3.743,S1O
46,C3,164,4.232,S1O
46,C3,165,4.720,S1O
46,C3,166,4.720,S1O
46,C3,167,4.232,S1O
46,C3,168,4.720,S1O
46,C3,169,5.208,S1O
46,C3,170,6.673,S1O
46,C3,171,8.138,S1O
46,C3,172,8.626,S1O
46,C3,173,8.626,S1O
46,C3,174,8.138,S1O
46,C3,175,7.161,S1O
46,C3,176,7.161,S1O
46,C3,177,7.650,S1O
46,C3,178,8.138,S1O
46,C3,179,8.626,S1O
46,C3,180,8.138,S1O
46,C3,181,7.650,S1O
46,C3,182,5.697,S1O
46,C3,183,3.743,S1O
46,C3,184,2.279,S1O
46,C3,185,1.790,S1O
46,C3,186,2.279,S1O
46,C3,187,4.232,S1O
46,C3,188,5.697,S1O
46,C3,189,6.673,S1O
46,C3,190,6.185,S1O
46,C3,191,5.208,S1O
46,C3,192,4.232,S1O
46,C3,193,4.232,S1O
46,C3,194,4.232,S1O
46,C3,195,3.743,S1O
46,C3,196,3.255,S1O
46,C3,197,2.767,S1O
46,C3,198,3.255,S1O
46,C3,199,5.208,S1O
46,C3,200,7.650,S1O
46,C3,201,8.626,S1O
46,C3,202,8.138,S1O
46,C3,203,7.161,S1O
46,C3,204,5.697,S1O
46,C3,205,4.720,S1O
46,C3,206,4.720,S1O
46,C3,207,4.720,S1O
46,C3,208,4.720,S1O
46,C3,209,4.720,S1O
46,C3,210,5.208,S1O
46,C3,211,6.185,S1O
46,C3,212,6.185,S1O
46,C3,213,5.697,S1O
46,C3,214,4.232,S1O
46,C3,215,1.790,S1O
46,C3,216,0.326,S1O
46,C3,217,0.326,S1O
46,C3,218,1.790,S1O
46,C3,219,3.255,S1O
46,C3,220,4.232,S1O
46,C3,221,4.232,S1O
46,C3,222,3.255,S1O
46,C3,223,2.279,S1O
46,C3,224,2.279,S1O
46,C3,225,1.790,S1O
46,C3,226,0.326,S1O
46,C3,227,-0.651,S1O
46,C3,228,-1.628,S1O
46,C3,229,-1.628,S1O
46,C3,230,-0.651,S1O
46,C3,231,0.326,S1O
46,C3,232,1.302,S1O
46,C3,233,1.790,S1O
46,C3,234,0.814,S1O
46,C3,235,-0.163,S1O
46,C3,236,-0.651,S1O
46,C3,237,-0.651,S1O
46,C3,238,-0.651,S1O
46,C3,239,-0.651,S1O
46,C3,240,-0.163,S1O
46,C3,241,0.814,S1O
46,C3,242,1.790,S1O
46,C3,243,2.767,S1O
46,C3,244,3.255,S1O
46,C3,245,3.255,S1O
46,C3,246,2.767,S1O
46,C3,247,2.767,S1O
46,C3,248,3.255,S1O
46,C3,249,3.255,S1O
46,C3,250,3.255,S1O
46,C3,251,3.255,S1O
46,C3,252,3.743,S1O
46,C3,253,4.720,S1O
46,C3,254,6.185,S1O
46,C3,255,6.185,S1O
46,C4,0,-4.069,S1O
46,C4,1,-3.092,S1O
46,C4,2,-2.604,S1O
46,C4,3,-1.628,S1O
46,C4,4,-1.628,S1O
46,C4,5,-1.628,S1O
46,C4,6,-2.116,S1O
46,C4,7,-3.581,S1O
46,C4,8,-4.557,S1O
46,C4,9,-5.046,S1O
46,C4,10,-4.069,S1O
46,C4,11,-3.092,S1O
46,C4,12,-1.628,S1O
46,C4,13,-0.651,S1O
46,C4,14,0.326,S1O
46,C4,15,1.302,S1O
46,C4,16,1.302,S1O
46,C4,17,0.814,S1O
46,C4,18,-0.163,S1O
46,C4,19,-2.116,S1O
46,C4,20,-3.092,S1O
46,C4,21,-2.604,S1O
46,C4,22,-1.628,S1O
46,C4,23,0.326,S1O
46,C4,24,1.790,S1O
46,C4,25,2.279,S1O
46,C4,26,1.790,S1O
46,C4,27,0.326,S1O
46,C4,28,-1.139,S1O
46,C4,29,-2.116,S1O
46,C4,30,-2.604,S1O
46,C4,31,-2.604,S1O
46,C4,32,-2.116,S1O
46,C4,33,-1.628,S1O
46,C4,34,-1.139,S1O
46,C4,35,-0.651,S1O
46,C4,36,-0.651,S1O
46,C4,37,-1.139,S1O
46,C4,38,-1.139,S1O
46,C4,39,-0.163,S1O
46,C4,40,0.814,S1O
46,C4,41,2.279,S1O
46,C4,42,2.767,S1O
46,C4,43,1.302,S1O
46,C4,44,-1.139,S1O
46,C4,45,-3.092,S1O
46,C4,46,-4.557,S1O
46,C4,47,-5.534,S1O
46,C4,48,-5.046,S1O
46,C4,49,-5.046,S1O
46,C4,50,-5.046,S1O
46,C4,51,-5.046,S1O
46,C4,52,-5.046,S1O
46,C4,53,-5.046,S1O
46,C4,54,-5.046,S1O
46,C4,55,-5.046,S1O
46,C4,56,-6.022,S1O
46,C4,57,-6.999,S1O
46,C4,58,-6.999,S1O
46,C4,59,-6.510,S1O
46,C4,60,-5.046,S1O
46,C4,61,-3.092,S1O
46,C4,62,-1.139,S1O
46,C4,63,0.326,S1O
46,C4,64,1.790,S1O
46,C4,65,2.767,S1O
46,C4,66,2.767,S1O
46,C4,67,2.279,S1O
46,C4,68,1.790,S1O
46,C4,69,0.814,S1O
46,C4,70,0.326,S1O
46,C4,71,0.326,S1O
46,C4,72,0.326,S1O
46,C4,73,-0.163,S1O
46,C4,74,-0.163,S1O
46,C4,75,-0.163,S1O
46,C4,76,0.326,S1O
46,C4,77,0.814,S1O
46,C4,78,1.790,S1O
46,C4,79,2.279,S1O
46,C4,80,2.279,S1O
46,C4,81,1.790,S1O
46,C4,82,0.814,S1O
46,C4,83,-0.651,S1O
46,C4,84,-1.139,S1O
46,C4,85,-1.628,S1O
46,C4,86,-1.628,S1O
46,C4,87,-1.139,S1O
46,C4,88,-0.651,S1O
46,C4,89,-0.163,S1O
46,C4,90,0.326,S1O
46,C4,91,0.814,S1O
46,C4,92,0.814,S1O
46,C4,93,1.302,S1O
46,C4,94,1.302,S1O
46,C4,95,0.814,S1O
46,C4,96,0.326,S1O
46,C4,97,0.326,S1O
46,C4,98,0.814,S1O
46,C4,99,1.302,S1O
46,C4,100,2.279,S1O
46,C4,101,2.279,S1O
46,C4,102,1.790,S1O
46,C4,103,0.814,S1O
46,C4,104,-0.163,S1O
46,C4,105,-0.163,S1O
46,C4,106,-0.163,S1O
46,C4,107,-0.163,S1O
46,C4,108,-1.139,S1O
46,C4,109,-2.116,S1O
46,C4,110,-2.604,S1O
46,C4,111,-2.116,S1O
46,C4,112,-2.116,S1O
46,C4,113,-1.139,S1O
46,C4,114,-0.163,S1O
46,C4,115,-0.163,S1O
46,C4,116,0.814,S1O
46,C4,117,1.790,S1O
46,C4,118,2.767,S1O
46,C4,119,4.232,S1O
46,C4,120,4.232,S1O
46,C4,121,3.743,S1O
46,C4,122,3.255,S1O
46,C4,123,1.790,S1O
46,C4,124,0.814,S1O
46,C4,125,-0.163,S1O
46,C4,126,-0.651,S1O
46,C4,127,-1.139,S1O
46,C4,128,-1.628,S1O
46,C4,129,-1.628,S1O
46,C4,130,-1.628,S1O
46,C4,131,-1.139,S1O
46,C4,132,-0.651,S1O
46,C4,133,-0.163,S1O
46,C4,134,0.326,S1O
46,C4,135,0.326,S1O
46,C4,136,0.326,S1O
46,C4,137,-0.163,S1O
46,C4,138,-0.651,S1O
46,C4,139,-0.651,S1O
46,C4,140,-0.651,S1O
46,C4,141,-0.163,S1O
46,C4,142,0.814,S1O
46,C4,143,1.790,S1O
46,C4,144,2.767,S1O
46,C4,145,2.279,S1O
46,C4,146,1.302,S1O
46,C4,147,-0.163,S1O
46,C4,148,-1.139,S1O
46,C4,149,-1.139,S1O
46,C4,150,-1.139,S1O
46,C4,151,-0.163,S1O
46,C4,152,-0.651,S1O
46,C4,153,-0.651,S1O
46,C4,154,-1.139,S1O
46,C4,155,-1.628,S1O
46,C4,156,-1.628,S1O
46,C4,157,-2.116,S1O
46,C4,158,-2.116,S1O
46,C4,159,-2.116,S1O
46,C4,160,-2.116,S1O
46,C4,161,-1.139,S1O
46,C4,162,-0.651,S1O
46,C4,163,-0.651,S1O
46,C4,164,-0.163,S1O
46,C4,165,-0.651,S1O
46,C4,166,-0.651,S1O
46,C4,167,-0.163,S1O
46,C4,168,1.302,S1O
46,C4,169,1.790,S1O
46,C4,170,1.790,S1O
46,C4,171,1.302,S1O
46,C4,172,0.814,S1O
46,C4,173,1.302,S1O
46,C4,174,2.767,S1O
46,C4,175,3.743,S1O
46,C4,176,4.720,S1O
46,C4,177,4.720,S1O
46,C4,178,4.720,S1O
46,C4,179,4.232,S1O
46,C4,180,4.232,S1O
46,C4,181,4.232,S1O
46,C4,182,3.743,S1O
46,C4,183,3.743,S1O
46,C4,184,3.743,S1O
46,C4,185,4.232,S1O
46,C4,186,5.208,S1O
46,C4,187,5.697,S1O
46,C4,188,5.697,S1O
46,C4,189,4.720,S1O
46,C4,190,3.743,S1O
46,C4,191,2.767,S1O
46,C4,192,1.790,S1O
46,C4,193,1.790,S1O
46,C4,194,1.790,S1O
46,C4,195,1.302,S1O
46,C4,196,0.814,S1O
46,C4,197,0.814,S1O
46,C4,198,1.302,S1O
46,C4,199,1.790,S1O
46,C4,200,1.302,S1O
46,C4,201,0.814,S1O
46,C4,202,0.326,S1O
46,C4,203,-0.163,S1O
46,C4,204,-0.651,S1O
46,C4,205,-0.651,S1O
46,C4,206,-0.651,S1O
46,C4,207,-0.163,S1O
46,C4,208,0.326,S1O
46,C4,209,0.814,S1O
46,C4,210,1.790,S1O
46,C4,211,1.790,S1O
46,C4,212,0.814,S1O
46,C4,213,-0.651,S1O
46,C4,214,-1.628,S1O
46,C4,215,-2.116,S1O
46,C4,216,-2.116,S1O
46,C4,217,-2.116,S1O
46,C4,218,-2.116,S1O
46,C4,219,-2.116,S1O
46,C4,220,-3.092,S1O
46,C4,221,-3.092,S1O
46,C4,222,-3.092,S1O
46,C4,223,-3.092,S1O
46,C4,224,-3.092,S1O
46,C4,225,-3.581,S1O
46,C4,226,-4.069,S1O
46,C4,227,-4.069,S1O
46,C4,228,-4.069,S1O
46,C4,229,-3.581,S1O
46,C4,230,-3.581,S1O
46,C4,231,-4.557,S1O
46,C4,232,-5.046,S1O
46,C4,233,-5.534,S1O
46,C4,234,-5.534,S1O
46,C4,235,-5.534,S1O
46,C4,236,-5.046,S1O
46,C4,237,-5.046,S1O
46,C4,238,-5.046,S1O
46,C4,239,-5.046,S1O
46,C4,240,-5.046,S1O
46,C4,241,-5.046,S1O
46,C4,242,-5.046,S1O
46,C4,243,-4.557,S1O
46,C4,244,-4.069,S1O
46,C4,245,-2.604,S1O
46,C4,246,-2.116,S1O
46,C4,247,-2.116,S1O
46,C4,248,-2.604,S1O
46,C4,249,-3.581,S1O
46,C4,250,-4.557,S1O
46,C4,251,-5.046,S1O
46,C4,252,-5.046,S1O
46,C4,253,-5.046,S1O
46,C4,254,-6.022,S1O
46,C4,255,-6.022,S1O
46,CP5,0,-0.488,S1O
46,CP5,1,0.488,S1O
46,CP5,2,0.977,S1O
46,CP5,3,0.977,S1O
46,CP5,4,0.977,S1O
46,CP5,5,0.000,S1O
46,CP5,6,-1.465,S1O
46,CP5,7,-2.441,S1O
46,CP5,8,-2.441,S1O
46,CP5,9,-1.465,S1O
46,CP5,10,0.000,S1O
46,CP5,11,1.465,S1O
46,CP5,12,1.953,S1O
46,CP5,13,2.930,S1O
46,CP5,14,4.883,S1O
46,CP5,15,8.301,S1O
46,CP5,16,12.207,S1O
46,CP5,17,14.648,S1O
46,CP5,18,13.672,S1O
46,CP5,19,9.277,S1O
46,CP5,20,2.930,S1O
46,CP5,21,-3.418,S1O
46,CP5,22,-7.812,S1O
46,CP5,23,-9.766,S1O
46,CP5,24,-10.254,S1O
46,CP5,25,-10.254,S1O
46,CP5,26,-10.742,S1O
46,CP5,27,-10.254,S1O
46,CP5,28,-9.766,S1O
46,CP5,29,-7.812,S1O
46,CP5,30,-5.859,S1O
46,CP5,31,-3.418,S1O
46,CP5,32,-1.953,S1O
46,CP5,33,-0.488,S1O
46,CP5,34,0.000,S1O
46,CP5,35,-0.977,S1O
46,CP5,36,-1.953,S1O
46,CP5,37,-2.930,S1O
46,CP5,38,-3.906,S1O
46,CP5,39,-3.906,S1O
46,CP5,40,-2.930,S1O
46,CP5,41,-1.465,S1O
46,CP5,42,-0.488,S1O
46,CP5,43,-0.488,S1O
46,CP5,44,-1.953,S1O
46,CP5,45,-2.930,S1O
46,CP5,46,-3.418,S1O
46,CP5,47,-1.465,S1O
46,CP5,48,1.465,S1O
46,CP5,49,3.906,S1O
46,CP5,50,5.371,S1O
46,CP5,51,5.371,S1O
46,CP5,52,4.883,S1O
46,CP5,53,5.371,S1O
46,CP5,54,6.348,S1O
46,CP5,55,6.348,S1O
46,CP5,56,4.883,S1O
46,CP5,57,1.465,S1O
46,CP5,58,-2.441,S1O
46,CP5,59,-4.883,S1O
46,CP5,60,-5.371,S1O
46,CP5,61,-5.371,S1O
46,CP5,62,-5.371,S1O
46,CP5,63,-6.348,S1O
46,CP5,64,-7.812,S1O
46,CP5,65,-8.301,S1O
46,CP5,66,-8.301,S1O
46,CP5,67,-7.812,S1O
46,CP5,68,-7.324,S1O
46,CP5,69,-7.324,S1O
46,CP5,70,-7.812,S1O
46,CP5,71,-6.836,S1O
46,CP5,72,-4.883,S1O
46,CP5,73,-2.441,S1O
46,CP5,74,-0.977,S1O
46,CP5,75,-0.977,S1O
46,CP5,76,-1.953,S1O
46,CP5,77,-3.418,S1O
46,CP5,78,-3.906,S1O
46,CP5,79,-3.906,S1O
46,CP5,80,-2.441,S1O
46,CP5,81,-1.465,S1O
46,CP5,82,-1.465,S1O
46,CP5,83,-1.953,S1O
46,CP5,84,-2.441,S1O
46,CP5,85,-2.441,S1O
46,CP5,86,-1.953,S1O
46,CP5,87,-0.488,S1O
46,CP5,88,0.977,S1O
46,CP5,89,1.953,S1O
46,CP5,90,3.418,S1O
46,CP5,91,3.418,S1O
46,CP5,92,3.418,S1O
46,CP5,93,1.953,S1O
46,CP5,94,0.977,S1O
46,CP5,95,-0.488,S1O
46,CP5,96,-1.465,S1O
46,CP5,97,-0.977,S1O
46,CP5,98,0.000,S1O
46,CP5,99,0.488,S1O
46,CP5,100,0.488,S1O
46,CP5,101,-0.488,S1O
46,CP5,102,-0.488,S1O
46,CP5,103,0.000,S1O
46,CP5,104,0.977,S1O
46,CP5,105,1.465,S1O
46,CP5,106,0.488,S1O
46,CP5,107,-1.953,S1O
46,CP5,108,-4.883,S1O
46,CP5,109,-6.348,S1O
46,CP5,110,-6.348,S1O
46,CP5,111,-5.371,S1O
46,CP5,112,-3.906,S1O
46,CP5,113,-3.906,S1O
46,CP5,114,-4.395,S1O
46,CP5,115,-4.395,S1O
46,CP5,116,-2.930,S1O
46,CP5,117,-0.488,S1O
46,CP5,118,2.930,S1O
46,CP5,119,4.883,S1O
46,CP5,120,4.883,S1O
46,CP5,121,3.418,S1O
46,CP5,122,1.953,S1O
46,CP5,123,1.465,S1O
46,CP5,124,2.441,S1O
46,CP5,125,2.930,S1O
46,CP5,126,3.418,S1O
46,CP5,127,2.930,S1O
46,CP5,128,2.930,S1O
46,CP5,129,3.906,S1O
46,CP5,130,4.883,S1O
46,CP5,131,4.883,S1O
46,CP5,132,2.930,S1O
46,CP5,133,0.000,S1O
46,CP5,134,-1.953,S1O
46,CP5,135,-2.930,S1O
46,CP5,136,-1.953,S1O
46,CP5,137,-1.465,S1O
46,CP5,138,-2.441,S1O
46,CP5,139,-4.395,S1O
46,CP5,140,-6.836,S1O
46,CP5,141,-7.324,S1O
46,CP5,142,-6.348,S1O
46,CP5,143,-4.395,S1O
46,CP5,144,-2.441,S1O
46,CP5,145,-0.977,S1O
46,CP5,146,0.000,S1O
46,CP5,147,0.977,S1O
46,CP5,148,1.465,S1O
46,CP5,149,1.465,S1O
46,CP5,150,0.977,S1O
46,CP5,151,0.000,S1O
46,CP5,152,-0.977,S1O
46,CP5,153,-0.488,S1O
46,CP5,154,0.000,S1O
46,CP5,155,0.977,S1O
46,CP5,156,0.488,S1O
46,CP5,157,-0.488,S1O
46,CP5,158,-1.465,S1O
46,CP5,159,-1.465,S1O
46,CP5,160,-0.977,S1O
46,CP5,161,0.000,S1O
46,CP5,162,0.488,S1O
46,CP5,163,0.977,S1O
46,CP5,164,0.977,S1O
46,CP5,165,0.977,S1O
46,CP5,166,1.953,S1O
46,CP5,167,2.441,S1O
46,CP5,168,3.418,S1O
46,CP5,169,4.883,S1O
46,CP5,170,6.348,S1O
46,CP5,171,8.789,S1O
46,CP5,172,9.766,S1O
46,CP5,173,10.254,S1O
46,CP5,174,9.277,S1O
46,CP5,175,8.301,S1O
46,CP5,176,7.812,S1O
46,CP5,177,8.789,S1O
46,CP5,178,10.742,S1O
46,CP5,179,12.207,S1O
46,CP5,180,12.207,S1O
46,CP5,181,10.742,S1O
46,CP5,182,7.812,S1O
46,CP5,183,4.883,S1O
46,CP5,184,2.930,S1O
46,CP5,185,2.441,S1O
46,CP5,186,3.906,S1O
46,CP5,187,6.348,S1O
46,CP5,188,8.301,S1O
46,CP5,189,8.789,S1O
46,CP5,190,7.324,S1O
46,CP5,191,5.371,S1O
46,CP5,192,3.418,S1O
46,CP5,193,1.953,S1O
46,CP5,194,0.977,S1O
46,CP5,195,0.977,S1O
46,CP5,196,0.977,S1O
46,CP5,197,0.977,S1O
46,CP5,198,1.953,S1O
46,CP5,199,4.395,S1O
46,CP5,200,5.859,S1O
46,CP5,201,7.324,S1O
46,CP5,202,6.836,S1O
46,CP5,203,5.371,S1O
46,CP5,204,3.906,S1O
46,CP5,205,2.930,S1O
46,CP5,206,2.930,S1O
46,CP5,207,2.441,S1O
46,CP5,208,2.441,S1O
46,CP5,209,2.930,S1O
46,CP5,210,3.906,S1O
46,CP5,211,5.371,S1O
46,CP5,212,6.348,S1O
46,CP5,213,5.371,S1O
46,CP5,214,3.418,S1O
46,CP5,215,0.488,S1O
46,CP5,216,-0.977,S1O
46,CP5,217,-1.465,S1O
46,CP5,218,-0.977,S1O
46,CP5,219,0.000,S1O
46,CP5,220,0.977,S1O
46,CP5,221,0.488,S1O
46,CP5,222,0.000,S1O
46,CP5,223,-0.488,S1O
46,CP5,224,-1.465,S1O
46,CP5,225,-2.930,S1O
46,CP5,226,-5.371,S1O
46,CP5,227,-7.812,S1O
46,CP5,228,-8.789,S1O
46,CP5,229,-8.301,S1O
46,CP5,230,-6.348,S1O
46,CP5,231,-3.906,S1O
46,CP5,232,-2.930,S1O
46,CP5,233,-3.418,S1O
46,CP5,234,-5.371,S1O
46,CP5,235,-7.324,S1O
46,CP5,236,-7.812,S1O
46,CP5,237,-6.836,S1O
46,CP5,238,-5.859,S1O
46,CP5,239,-4.883,S1O
46,CP5,240,-4.883,S1O
46,CP5,241,-4.395,S1O
46,CP5,242,-3.906,S1O
46,CP5,243,-2.930,S1O
46,CP5,244,-2.930,S1O
46,CP5,245,-2.930,S1O
46,CP5,246,-3.418,S1O
46,CP5,247,-3.906,S1O
46,CP5,248,-3.906,S1O
46,CP5,249,-3.906,S1O
46,CP5,250,-4.883,S1O
46,CP5,251,-4.883,S1O
46,CP5,252,-3.906,S1O
46,CP5,253,-0.977,S1O
46,CP5,254,1.953,S1O
46,CP5,255,2.930,S1O
46,CP6,0,-2.655,S1O
46,CP6,1,-1.190,S1O
46,CP6,2,-0.214,S1O
46,CP6,3,0.275,S1O
46,CP6,4,-0.214,S1O
46,CP6,5,-2.167,S1O
46,CP6,6,-4.120,S1O
46,CP6,7,-5.585,S1O
46,CP6,8,-5.585,S1O
46,CP6,9,-4.608,S1O
46,CP6,10,-3.143,S1O
46,CP6,11,-1.678,S1O
46,CP6,12,-0.702,S1O
46,CP6,13,-0.214,S1O
46,CP6,14,0.275,S1O
46,CP6,15,1.740,S1O
46,CP6,16,2.716,S1O
46,CP6,17,3.693,S1O
46,CP6,18,3.204,S1O
46,CP6,19,1.740,S1O
46,CP6,20,-0.702,S1O
46,CP6,21,-2.167,S1O
46,CP6,22,-3.143,S1O
46,CP6,23,-3.143,S1O
46,CP6,24,-3.143,S1O
46,CP6,25,-4.120,S1O
46,CP6,26,-5.096,S1O
46,CP6,27,-5.585,S1O
46,CP6,28,-6.073,S1O
46,CP6,29,-6.561,S1O
46,CP6,30,-6.561,S1O
46,CP6,31,-6.073,S1O
46,CP6,32,-5.096,S1O
46,CP6,33,-4.120,S1O
46,CP6,34,-3.143,S1O
46,CP6,35,-2.655,S1O
46,CP6,36,-2.655,S1O
46,CP6,37,-2.655,S1O
46,CP6,38,-2.167,S1O
46,CP6,39,-0.214,S1O
46,CP6,40,2.228,S1O
46,CP6,41,4.181,S1O
46,CP6,42,4.669,S1O
46,CP6,43,3.693,S1O
46,CP6,44,0.763,S1O
46,CP6,45,-1.678,S1O
46,CP6,46,-3.632,S1O
46,CP6,47,-4.120,S1O
46,CP6,48,-4.120,S1O
46,CP6,49,-4.120,S1O
46,CP6,50,-4.120,S1O
46,CP6,51,-4.120,S1O
46,CP6,52,-4.120,S1O
46,CP6,53,-4.120,S1O
46,CP6,54,-5.096,S1O
46,CP6,55,-6.561,S1O
46,CP6,56,-8.514,S1O
46,CP6,57,-9.491,S1O
46,CP6,58,-9.979,S1O
46,CP6,59,-9.491,S1O
46,CP6,60,-8.026,S1O
46,CP6,61,-6.073,S1O
46,CP6,62,-3.632,S1O
46,CP6,63,-1.678,S1O
46,CP6,64,0.275,S1O
46,CP6,65,1.251,S1O
46,CP6,66,1.740,S1O
46,CP6,67,0.763,S1O
46,CP6,68,0.275,S1O
46,CP6,69,-0.702,S1O
46,CP6,70,-1.190,S1O
46,CP6,71,-1.190,S1O
46,CP6,72,-1.190,S1O
46,CP6,73,-1.190,S1O
46,CP6,74,-2.167,S1O
46,CP6,75,-2.167,S1O
46,CP6,76,-2.167,S1O
46,CP6,77,-1.190,S1O
46,CP6,78,0.763,S1O
46,CP6,79,1.740,S1O
46,CP6,80,2.228,S1O
46,CP6,81,1.740,S1O
46,CP6,82,0.763,S1O
46,CP6,83,-1.190,S1O
46,CP6,84,-2.167,S1O
46,CP6,85,-3.143,S1O
46,CP6,86,-3.143,S1O
46,CP6,87,-2.655,S1O
46,CP6,88,-1.678,S1O
46,CP6,89,-0.214,S1O
46,CP6,90,0.275,S1O
46,CP6,91,0.275,S1O
46,CP6,92,0.763,S1O
46,CP6,93,0.275,S1O
46,CP6,94,0.275,S1O
46,CP6,95,0.275,S1O
46,CP6,96,-0.214,S1O
46,CP6,97,-0.214,S1O
46,CP6,98,-0.214,S1O
46,CP6,99,0.763,S1O
46,CP6,100,1.251,S1O
46,CP6,101,1.251,S1O
46,CP6,102,0.763,S1O
46,CP6,103,-0.214,S1O
46,CP6,104,-1.190,S1O
46,CP6,105,-1.678,S1O
46,CP6,106,-2.167,S1O
46,CP6,107,-3.143,S1O
46,CP6,108,-4.608,S1O
46,CP6,109,-6.073,S1O
46,CP6,110,-6.561,S1O
46,CP6,111,-6.073,S1O
46,CP6,112,-4.608,S1O
46,CP6,113,-3.143,S1O
46,CP6,114,-1.190,S1O
46,CP6,115,-0.214,S1O
46,CP6,116,1.251,S1O
46,CP6,117,2.716,S1O
46,CP6,118,4.181,S1O
46,CP6,119,4.669,S1O
46,CP6,120,4.669,S1O
46,CP6,121,4.181,S1O
46,CP6,122,3.204,S1O
46,CP6,123,1.740,S1O
46,CP6,124,0.763,S1O
46,CP6,125,-0.214,S1O
46,CP6,126,-1.190,S1O
46,CP6,127,-1.678,S1O
46,CP6,128,-1.678,S1O
46,CP6,129,-1.678,S1O
46,CP6,130,-1.678,S1O
46,CP6,131,-1.190,S1O
46,CP6,132,-0.214,S1O
46,CP6,133,0.763,S1O
46,CP6,134,1.740,S1O
46,CP6,135,1.740,S1O
46,CP6,136,1.740,S1O
46,CP6,137,0.275,S1O
46,CP6,138,-1.190,S1O
46,CP6,139,-2.167,S1O
46,CP6,140,-2.655,S1O
46,CP6,141,-2.167,S1O
46,CP6,142,-0.702,S1O
46,CP6,143,0.763,S1O
46,CP6,144,1.251,S1O
46,CP6,145,0.763,S1O
46,CP6,146,-1.190,S1O
46,CP6,147,-3.143,S1O
46,CP6,148,-4.120,S1O
46,CP6,149,-4.120,S1O
46,CP6,150,-3.143,S1O
46,CP6,151,-2.167,S1O
46,CP6,152,-1.678,S1O
46,CP6,153,-2.167,S1O
46,CP6,154,-2.655,S1O
46,CP6,155,-3.632,S1O
46,CP6,156,-3.632,S1O
46,CP6,157,-3.632,S1O
46,CP6,158,-3.143,S1O
46,CP6,159,-2.167,S1O
46,CP6,160,-1.678,S1O
46,CP6,161,-1.190,S1O
46,CP6,162,-0.702,S1O
46,CP6,163,-0.702,S1O
46,CP6,164,-0.214,S1O
46,CP6,165,-0.214,S1O
46,CP6,166,0.763,S1O
46,CP6,167,1.251,S1O
46,CP6,168,2.228,S1O
46,CP6,169,2.716,S1O
46,CP6,170,2.716,S1O
46,CP6,171,2.716,S1O
46,CP6,172,3.204,S1O
46,CP6,173,4.181,S1O
46,CP6,174,5.157,S1O
46,CP6,175,5.646,S1O
46,CP6,176,6.134,S1O
46,CP6,177,6.134,S1O
46,CP6,178,6.622,S1O
46,CP6,179,7.111,S1O
46,CP6,180,7.599,S1O
46,CP6,181,7.599,S1O
46,CP6,182,7.111,S1O
46,CP6,183,6.622,S1O
46,CP6,184,6.134,S1O
46,CP6,185,7.111,S1O
46,CP6,186,8.575,S1O
46,CP6,187,9.064,S1O
46,CP6,188,8.575,S1O
46,CP6,189,7.111,S1O
46,CP6,190,4.669,S1O
46,CP6,191,2.716,S1O
46,CP6,192,1.740,S1O
46,CP6,193,1.251,S1O
46,CP6,194,0.275,S1O
46,CP6,195,-0.214,S1O
46,CP6,196,-1.190,S1O
46,CP6,197,-1.190,S1O
46,CP6,198,-0.214,S1O
46,CP6,199,0.763,S1O
46,CP6,200,1.251,S1O
46,CP6,201,1.251,S1O
46,CP6,202,-0.214,S1O
46,CP6,203,-1.190,S1O
46,CP6,204,-2.655,S1O
46,CP6,205,-2.655,S1O
46,CP6,206,-2.167,S1O
46,CP6,207,-2.167,S1O
46,CP6,208,-1.678,S1O
46,CP6,209,-1.190,S1O
46,CP6,210,-0.702,S1O
46,CP6,211,-0.214,S1O
46,CP6,212,-1.190,S1O
46,CP6,213,-2.655,S1O
46,CP6,214,-4.120,S1O
46,CP6,215,-5.096,S1O
46,CP6,216,-5.585,S1O
46,CP6,217,-5.585,S1O
46,CP6,218,-5.096,S1O
46,CP6,219,-5.096,S1O
46,CP6,220,-5.585,S1O
46,CP6,221,-5.585,S1O
46,CP6,222,-5.585,S1O
46,CP6,223,-6.073,S1O
46,CP6,224,-6.561,S1O
46,CP6,225,-8.026,S1O
46,CP6,226,-9.491,S1O
46,CP6,227,-10.956,S1O
46,CP6,228,-10.956,S1O
46,CP6,229,-10.956,S1O
46,CP6,230,-9.979,S1O
46,CP6,231,-9.491,S1O
46,CP6,232,-9.491,S1O
46,CP6,233,-10.468,S1O
46,CP6,234,-10.956,S1O
46,CP6,235,-10.956,S1O
46,CP6,236,-11.444,S1O
46,CP6,237,-10.468,S1O
46,CP6,238,-9.979,S1O
46,CP6,239,-10.468,S1O
46,CP6,240,-11.444,S1O
46,CP6,241,-12.421,S1O
46,CP6,242,-13.397,S1O
46,CP6,243,-12.909,S1O
46,CP6,244,-11.932,S1O
46,CP6,245,-10.956,S1O
46,CP6,246,-9.979,S1O
46,CP6,247,-10.468,S1O
46,CP6,248,-10.956,S1O
46,CP6,249,-11.444,S1O
46,CP6,250,-11.932,S1O
46,CP6,251,-11.932,S1O
46,CP6,252,-10.956,S1O
46,CP6,253,-10.956,S1O
46,CP6,254,-10.956,S1O
46,CP6,255,-10.956,S1O
46,CP1,0,1.272,S1O
46,CP1,1,1.760,S1O
46,CP1,2,2.248,S1O
46,CP1,3,2.248,S1O
46,CP1,4,2.248,S1O
46,CP1,5,2.248,S1O
46,CP1,6,1.272,S1O
46,CP1,7,0.295,S1O
46,CP1,8,-0.193,S1O
46,CP1,9,-0.193,S1O
46,CP1,10,-0.193,S1O
46,CP1,11,-0.193,S1O
46,CP1,12,-1.170,S1O
46,CP1,13,-1.658,S1O
46,CP1,14,-1.658,S1O
46,CP1,15,-0.682,S1O
46,CP1,16,1.272,S1O
46,CP1,17,2.736,S1O
46,CP1,18,2.736,S1O
46,CP1,19,1.272,S1O
46,CP1,20,-1.170,S1O
46,CP1,21,-2.635,S1O
46,CP1,22,-3.611,S1O
46,CP1,23,-3.611,S1O
46,CP1,24,-3.611,S1O
46,CP1,25,-3.123,S1O
46,CP1,26,-2.635,S1O
46,CP1,27,-2.635,S1O
46,CP1,28,-2.146,S1O
46,CP1,29,-1.658,S1O
46,CP1,30,-0.682,S1O
46,CP1,31,0.295,S1O
46,CP1,32,0.295,S1O
46,CP1,33,0.295,S1O
46,CP1,34,-0.193,S1O
46,CP1,35,-0.682,S1O
46,CP1,36,-1.658,S1O
46,CP1,37,-2.146,S1O
46,CP1,38,-2.146,S1O
46,CP1,39,-1.658,S1O
46,CP1,40,-0.193,S1O
46,CP1,41,1.760,S1O
46,CP1,42,2.736,S1O
46,CP1,43,3.225,S1O
46,CP1,44,3.225,S1O
46,CP1,45,2.736,S1O
46,CP1,46,3.225,S1O
46,CP1,47,3.713,S1O
46,CP1,48,4.690,S1O
46,CP1,49,5.666,S1O
46,CP1,50,6.643,S1O
46,CP1,51,6.643,S1O
46,CP1,52,6.643,S1O
46,CP1,53,6.643,S1O
46,CP1,54,6.643,S1O
46,CP1,55,5.666,S1O
46,CP1,56,4.201,S1O
46,CP1,57,2.248,S1O
46,CP1,58,-0.193,S1O
46,CP1,59,-1.658,S1O
46,CP1,60,-2.146,S1O
46,CP1,61,-1.658,S1O
46,CP1,62,-0.682,S1O
46,CP1,63,-1.170,S1O
46,CP1,64,-1.170,S1O
46,CP1,65,-1.170,S1O
46,CP1,66,-0.682,S1O
46,CP1,67,-0.682,S1O
46,CP1,68,-0.193,S1O
46,CP1,69,-0.193,S1O
46,CP1,70,0.295,S1O
46,CP1,71,0.295,S1O
46,CP1,72,1.760,S1O
46,CP1,73,2.248,S1O
46,CP1,74,3.225,S1O
46,CP1,75,2.736,S1O
46,CP1,76,1.760,S1O
46,CP1,77,0.783,S1O
46,CP1,78,0.295,S1O
46,CP1,79,0.783,S1O
46,CP1,80,0.783,S1O
46,CP1,81,0.783,S1O
46,CP1,82,0.783,S1O
46,CP1,83,-0.193,S1O
46,CP1,84,-0.682,S1O
46,CP1,85,-0.682,S1O
46,CP1,86,-0.193,S1O
46,CP1,87,0.783,S1O
46,CP1,88,1.760,S1O
46,CP1,89,2.736,S1O
46,CP1,90,3.225,S1O
46,CP1,91,3.225,S1O
46,CP1,92,3.225,S1O
46,CP1,93,2.736,S1O
46,CP1,94,2.736,S1O
46,CP1,95,2.248,S1O
46,CP1,96,1.760,S1O
46,CP1,97,1.272,S1O
46,CP1,98,0.783,S1O
46,CP1,99,0.295,S1O
46,CP1,100,0.295,S1O
46,CP1,101,-0.193,S1O
46,CP1,102,-0.193,S1O
46,CP1,103,-0.193,S1O
46,CP1,104,0.295,S1O
46,CP1,105,0.295,S1O
46,CP1,106,-0.682,S1O
46,CP1,107,-1.658,S1O
46,CP1,108,-2.635,S1O
46,CP1,109,-3.123,S1O
46,CP1,110,-2.635,S1O
46,CP1,111,-1.658,S1O
46,CP1,112,-0.682,S1O
46,CP1,113,-0.193,S1O
46,CP1,114,-0.193,S1O
46,CP1,115,0.295,S1O
46,CP1,116,1.272,S1O
46,CP1,117,2.736,S1O
46,CP1,118,4.201,S1O
46,CP1,119,4.690,S1O
46,CP1,120,4.201,S1O
46,CP1,121,3.225,S1O
46,CP1,122,2.248,S1O
46,CP1,123,1.760,S1O
46,CP1,124,1.760,S1O
46,CP1,125,1.760,S1O
46,CP1,126,1.760,S1O
46,CP1,127,2.248,S1O
46,CP1,128,2.736,S1O
46,CP1,129,3.225,S1O
46,CP1,130,3.225,S1O
46,CP1,131,3.225,S1O
46,CP1,132,2.248,S1O
46,CP1,133,1.272,S1O
46,CP1,134,0.783,S1O
46,CP1,135,0.783,S1O
46,CP1,136,1.272,S1O
46,CP1,137,1.272,S1O
46,CP1,138,0.783,S1O
46,CP1,139,-0.193,S1O
46,CP1,140,-0.682,S1O
46,CP1,141,-0.682,S1O
46,CP1,142,-0.193,S1O
46,CP1,143,0.295,S1O
46,CP1,144,0.783,S1O
46,CP1,145,1.272,S1O
46,CP1,146,1.760,S1O
46,CP1,147,2.248,S1O
46,CP1,148,2.736,S1O
46,CP1,149,2.736,S1O
46,CP1,150,2.248,S1O
46,CP1,151,1.760,S1O
46,CP1,152,1.760,S1O
46,CP1,153,2.248,S1O
46,CP1,154,3.225,S1O
46,CP1,155,2.736,S1O
46,CP1,156,2.248,S1O
46,CP1,157,0.783,S1O
46,CP1,158,0.295,S1O
46,CP1,159,0.295,S1O
46,CP1,160,0.783,S1O
46,CP1,161,1.760,S1O
46,CP1,162,2.248,S1O
46,CP1,163,2.248,S1O
46,CP1,164,2.248,S1O
46,CP1,165,1.760,S1O
46,CP1,166,1.760,S1O
46,CP1,167,2.248,S1O
46,CP1,168,2.736,S1O
46,CP1,169,4.201,S1O
46,CP1,170,5.178,S1O
46,CP1,171,6.154,S1O
46,CP1,172,6.643,S1O
46,CP1,173,6.154,S1O
46,CP1,174,4.690,S1O
46,CP1,175,3.713,S1O
46,CP1,176,3.225,S1O
46,CP1,177,3.713,S1O
46,CP1,178,4.690,S1O
46,CP1,179,5.178,S1O
46,CP1,180,5.178,S1O
46,CP1,181,4.201,S1O
46,CP1,182,2.248,S1O
46,CP1,183,0.783,S1O
46,CP1,184,-0.193,S1O
46,CP1,185,-0.193,S1O
46,CP1,186,1.272,S1O
46,CP1,187,2.248,S1O
46,CP1,188,3.713,S1O
46,CP1,189,3.713,S1O
46,CP1,190,3.225,S1O
46,CP1,191,1.760,S1O
46,CP1,192,0.783,S1O
46,CP1,193,0.295,S1O
46,CP1,194,-0.193,S1O
46,CP1,195,-0.682,S1O
46,CP1,196,-1.170,S1O
46,CP1,197,-1.658,S1O
46,CP1,198,-1.170,S1O
46,CP1,199,0.295,S1O
46,CP1,200,1.272,S1O
46,CP1,201,2.248,S1O
46,CP1,202,2.736,S1O
46,CP1,203,2.248,S1O
46,CP1,204,1.760,S1O
46,CP1,205,1.272,S1O
46,CP1,206,0.783,S1O
46,CP1,207,0.295,S1O
46,CP1,208,0.295,S1O
46,CP1,209,0.295,S1O
46,CP1,210,0.783,S1O
46,CP1,211,1.760,S1O
46,CP1,212,2.248,S1O
46,CP1,213,1.760,S1O
46,CP1,214,0.295,S1O
46,CP1,215,-0.682,S1O
46,CP1,216,-1.658,S1O
46,CP1,217,-1.658,S1O
46,CP1,218,-0.682,S1O
46,CP1,219,0.295,S1O
46,CP1,220,0.783,S1O
46,CP1,221,0.783,S1O
46,CP1,222,0.783,S1O
46,CP1,223,0.783,S1O
46,CP1,224,0.783,S1O
46,CP1,225,0.783,S1O
46,CP1,226,-0.193,S1O
46,CP1,227,-1.658,S1O
46,CP1,228,-3.123,S1O
46,CP1,229,-3.611,S1O
46,CP1,230,-2.635,S1O
46,CP1,231,-2.146,S1O
46,CP1,232,-1.170,S1O
46,CP1,233,-1.170,S1O
46,CP1,234,-1.658,S1O
46,CP1,235,-2.635,S1O
46,CP1,236,-2.635,S1O
46,CP1,237,-2.635,S1O
46,CP1,238,-2.146,S1O
46,CP1,239,-2.635,S1O
46,CP1,240,-2.635,S1O
46,CP1,241,-3.611,S1O
46,CP1,242,-3.123,S1O
46,CP1,243,-3.123,S1O
46,CP1,244,-2.635,S1O
46,CP1,245,-2.146,S1O
46,CP1,246,-2.146,S1O
46,CP1,247,-1.658,S1O
46,CP1,248,-0.682,S1O
46,CP1,249,-0.682,S1O
46,CP1,250,-0.682,S1O
46,CP1,251,-1.170,S1O
46,CP1,252,-1.170,S1O
46,CP1,253,0.295,S1O
46,CP1,254,2.248,S1O
46,CP1,255,2.736,S1O
46,CP2,0,0.092,S1O
46,CP2,1,0.580,S1O
46,CP2,2,1.556,S1O
46,CP2,3,1.556,S1O
46,CP2,4,1.068,S1O
46,CP2,5,1.068,S1O
46,CP2,6,0.580,S1O
46,CP2,7,0.580,S1O
46,CP2,8,0.580,S1O
46,CP2,9,0.092,S1O
46,CP2,10,0.092,S1O
46,CP2,11,-0.397,S1O
46,CP2,12,-1.862,S1O
46,CP2,13,-2.838,S1O
46,CP2,14,-3.326,S1O
46,CP2,15,-3.326,S1O
46,CP2,16,-2.350,S1O
46,CP2,17,-1.862,S1O
46,CP2,18,-1.373,S1O
46,CP2,19,-1.862,S1O
46,CP2,20,-1.862,S1O
46,CP2,21,-1.862,S1O
46,CP2,22,-1.373,S1O
46,CP2,23,-0.397,S1O
46,CP2,24,0.580,S1O
46,CP2,25,0.580,S1O
46,CP2,26,0.092,S1O
46,CP2,27,-0.885,S1O
46,CP2,28,-1.373,S1O
46,CP2,29,-1.862,S1O
46,CP2,30,-1.862,S1O
46,CP2,31,-1.862,S1O
46,CP2,32,-1.373,S1O
46,CP2,33,-0.885,S1O
46,CP2,34,-0.885,S1O
46,CP2,35,-0.885,S1O
46,CP2,36,-0.885,S1O
46,CP2,37,-1.373,S1O
46,CP2,38,-0.885,S1O
46,CP2,39,1.068,S1O
46,CP2,40,3.021,S1O
46,CP2,41,4.974,S1O
46,CP2,42,5.951,S1O
46,CP2,43,5.463,S1O
46,CP2,44,3.510,S1O
46,CP2,45,2.045,S1O
46,CP2,46,0.580,S1O
46,CP2,47,0.092,S1O
46,CP2,48,1.068,S1O
46,CP2,49,1.068,S1O
46,CP2,50,1.068,S1O
46,CP2,51,0.580,S1O
46,CP2,52,0.092,S1O
46,CP2,53,0.092,S1O
46,CP2,54,0.092,S1O
46,CP2,55,-0.397,S1O
46,CP2,56,-0.885,S1O
46,CP2,57,-1.862,S1O
46,CP2,58,-2.838,S1O
46,CP2,59,-2.838,S1O
46,CP2,60,-1.862,S1O
46,CP2,61,-0.397,S1O
46,CP2,62,1.556,S1O
46,CP2,63,3.021,S1O
46,CP2,64,3.510,S1O
46,CP2,65,3.998,S1O
46,CP2,66,3.998,S1O
46,CP2,67,3.998,S1O
46,CP2,68,3.998,S1O
46,CP2,69,3.998,S1O
46,CP2,70,3.998,S1O
46,CP2,71,3.510,S1O
46,CP2,72,3.021,S1O
46,CP2,73,3.021,S1O
46,CP2,74,2.533,S1O
46,CP2,75,2.533,S1O
46,CP2,76,2.533,S1O
46,CP2,77,2.533,S1O
46,CP2,78,2.533,S1O
46,CP2,79,2.533,S1O
46,CP2,80,2.533,S1O
46,CP2,81,2.533,S1O
46,CP2,82,2.045,S1O
46,CP2,83,1.068,S1O
46,CP2,84,0.092,S1O
46,CP2,85,0.092,S1O
46,CP2,86,-0.397,S1O
46,CP2,87,0.092,S1O
46,CP2,88,0.092,S1O
46,CP2,89,0.580,S1O
46,CP2,90,0.580,S1O
46,CP2,91,0.092,S1O
46,CP2,92,0.092,S1O
46,CP2,93,0.580,S1O
46,CP2,94,0.580,S1O
46,CP2,95,0.092,S1O
46,CP2,96,0.092,S1O
46,CP2,97,-0.397,S1O
46,CP2,98,-0.885,S1O
46,CP2,99,-0.885,S1O
46,CP2,100,-0.885,S1O
46,CP2,101,-0.885,S1O
46,CP2,102,-1.373,S1O
46,CP2,103,-1.862,S1O
46,CP2,104,-2.350,S1O
46,CP2,105,-2.350,S1O
46,CP2,106,-2.838,S1O
46,CP2,107,-3.326,S1O
46,CP2,108,-3.815,S1O
46,CP2,109,-4.791,S1O
46,CP2,110,-4.791,S1O
46,CP2,111,-3.815,S1O
46,CP2,112,-2.350,S1O
46,CP2,113,-0.885,S1O
46,CP2,114,0.092,S1O
46,CP2,115,0.092,S1O
46,CP2,116,0.580,S1O
46,CP2,117,1.556,S1O
46,CP2,118,2.045,S1O
46,CP2,119,2.533,S1O
46,CP2,120,2.533,S1O
46,CP2,121,1.556,S1O
46,CP2,122,0.092,S1O
46,CP2,123,-0.885,S1O
46,CP2,124,-1.862,S1O
46,CP2,125,-1.862,S1O
46,CP2,126,-1.862,S1O
46,CP2,127,-1.373,S1O
46,CP2,128,-1.373,S1O
46,CP2,129,-1.373,S1O
46,CP2,130,-1.373,S1O
46,CP2,131,-0.885,S1O
46,CP2,132,-0.885,S1O
46,CP2,133,-0.397,S1O
46,CP2,134,-0.397,S1O
46,CP2,135,-0.397,S1O
46,CP2,136,-0.885,S1O
46,CP2,137,-0.885,S1O
46,CP2,138,-1.373,S1O
46,CP2,139,-0.885,S1O
46,CP2,140,-0.885,S1O
46,CP2,141,0.092,S1O
46,CP2,142,0.092,S1O
46,CP2,143,0.580,S1O
46,CP2,144,0.092,S1O
46,CP2,145,0.092,S1O
46,CP2,146,-0.885,S1O
46,CP2,147,-1.373,S1O
46,CP2,148,-1.862,S1O
46,CP2,149,-1.862,S1O
46,CP2,150,-1.862,S1O
46,CP2,151,-0.885,S1O
46,CP2,152,-0.885,S1O
46,CP2,153,-0.397,S1O
46,CP2,154,-0.885,S1O
46,CP2,155,-1.373,S1O
46,CP2,156,-1.862,S1O
46,CP2,157,-2.350,S1O
46,CP2,158,-1.862,S1O
46,CP2,159,-1.862,S1O
46,CP2,160,-1.862,S1O
46,CP2,161,-1.862,S1O
46,CP2,162,-1.862,S1O
46,CP2,163,-2.350,S1O
46,CP2,164,-2.838,S1O
46,CP2,165,-2.838,S1O
46,CP2,166,-1.862,S1O
46,CP2,167,-1.373,S1O
46,CP2,168,-0.397,S1O
46,CP2,169,0.092,S1O
46,CP2,170,0.580,S1O
46,CP2,171,0.580,S1O
46,CP2,172,0.092,S1O
46,CP2,173,0.092,S1O
46,CP2,174,0.092,S1O
46,CP2,175,-0.397,S1O
46,CP2,176,0.092,S1O
46,CP2,177,0.580,S1O
46,CP2,178,1.068,S1O
46,CP2,179,1.556,S1O
46,CP2,180,2.045,S1O
46,CP2,181,1.556,S1O
46,CP2,182,1.068,S1O
46,CP2,183,1.068,S1O
46,CP2,184,1.068,S1O
46,CP2,185,1.556,S1O
46,CP2,186,2.533,S1O
46,CP2,187,2.533,S1O
46,CP2,188,2.533,S1O
46,CP2,189,1.068,S1O
46,CP2,190,0.092,S1O
46,CP2,191,-1.373,S1O
46,CP2,192,-1.862,S1O
46,CP2,193,-2.838,S1O
46,CP2,194,-3.326,S1O
46,CP2,195,-3.815,S1O
46,CP2,196,-3.815,S1O
46,CP2,197,-3.815,S1O
46,CP2,198,-3.815,S1O
46,CP2,199,-3.326,S1O
46,CP2,200,-2.838,S1O
46,CP2,201,-2.350,S1O
46,CP2,202,-2.838,S1O
46,CP2,203,-3.326,S1O
46,CP2,204,-3.815,S1O
46,CP2,205,-3.815,S1O
46,CP2,206,-3.326,S1O
46,CP2,207,-3.326,S1O
46,CP2,208,-3.326,S1O
46,CP2,209,-2.838,S1O
46,CP2,210,-2.838,S1O
46,CP2,211,-2.350,S1O
46,CP2,212,-2.350,S1O
46,CP2,213,-3.326,S1O
46,CP2,214,-3.815,S1O
46,CP2,215,-4.303,S1O
46,CP2,216,-4.303,S1O
46,CP2,217,-4.303,S1O
46,CP2,218,-4.303,S1O
46,CP2,219,-4.791,S1O
46,CP2,220,-5.280,S1O
46,CP2,221,-5.768,S1O
46,CP2,222,-5.280,S1O
46,CP2,223,-4.791,S1O
46,CP2,224,-4.791,S1O
46,CP2,225,-4.791,S1O
46,CP2,226,-4.791,S1O
46,CP2,227,-5.280,S1O
46,CP2,228,-5.280,S1O
46,CP2,229,-5.280,S1O
46,CP2,230,-4.791,S1O
46,CP2,231,-4.791,S1O
46,CP2,232,-5.280,S1O
46,CP2,233,-5.280,S1O
46,CP2,234,-6.256,S1O
46,CP2,235,-6.256,S1O
46,CP2,236,-6.256,S1O
46,CP2,237,-5.768,S1O
46,CP2,238,-5.768,S1O
46,CP2,239,-6.256,S1O
46,CP2,240,-6.744,S1O
46,CP2,241,-7.721,S1O
46,CP2,242,-8.209,S1O
46,CP2,243,-8.698,S1O
46,CP2,244,-7.721,S1O
46,CP2,245,-7.233,S1O
46,CP2,246,-6.744,S1O
46,CP2,247,-6.256,S1O
46,CP2,248,-6.256,S1O
46,CP2,249,-6.256,S1O
46,CP2,250,-6.744,S1O
46,CP2,251,-6.744,S1O
46,CP2,252,-6.744,S1O
46,CP2,253,-6.256,S1O
46,CP2,254,-6.256,S1O
46,CP2,255,-5.768,S1O
46,P3,0,-1.617,S1O
46,P3,1,-0.153,S1O
46,P3,2,0.336,S1O
46,P3,3,0.824,S1O
46,P3,4,0.336,S1O
46,P3,5,0.336,S1O
46,P3,6,0.336,S1O
46,P3,7,0.336,S1O
46,P3,8,0.336,S1O
46,P3,9,1.312,S1O
46,P3,10,1.801,S1O
46,P3,11,0.824,S1O
46,P3,12,-1.129,S1O
46,P3,13,-3.082,S1O
46,P3,14,-3.571,S1O
46,P3,15,-1.129,S1O
46,P3,16,2.777,S1O
46,P3,17,6.683,S1O
46,P3,18,7.660,S1O
46,P3,19,5.707,S1O
46,P3,20,1.312,S1O
46,P3,21,-3.571,S1O
46,P3,22,-7.965,S1O
46,P3,23,-9.430,S1O
46,P3,24,-9.918,S1O
46,P3,25,-9.918,S1O
46,P3,26,-10.406,S1O
46,P3,27,-11.383,S1O
46,P3,28,-12.360,S1O
46,P3,29,-11.871,S1O
46,P3,30,-9.430,S1O
46,P3,31,-6.012,S1O
46,P3,32,-3.082,S1O
46,P3,33,-1.129,S1O
46,P3,34,-1.129,S1O
46,P3,35,-3.082,S1O
46,P3,36,-4.547,S1O
46,P3,37,-6.012,S1O
46,P3,38,-5.524,S1O
46,P3,39,-3.571,S1O
46,P3,40,-1.129,S1O
46,P3,41,2.289,S1O
46,P3,42,5.219,S1O
46,P3,43,6.195,S1O
46,P3,44,5.219,S1O
46,P3,45,3.265,S1O
46,P3,46,2.289,S1O
46,P3,47,3.265,S1O
46,P3,48,5.219,S1O
46,P3,49,6.683,S1O
46,P3,50,7.172,S1O
46,P3,51,6.195,S1O
46,P3,52,5.219,S1O
46,P3,53,5.219,S1O
46,P3,54,6.195,S1O
46,P3,55,6.195,S1O
46,P3,56,4.242,S1O
46,P3,57,-0.153,S1O
46,P3,58,-4.059,S1O
46,P3,59,-5.524,S1O
46,P3,60,-4.547,S1O
46,P3,61,-2.106,S1O
46,P3,62,-0.153,S1O
46,P3,63,0.336,S1O
46,P3,64,-0.153,S1O
46,P3,65,-0.153,S1O
46,P3,66,0.336,S1O
46,P3,67,1.312,S1O
46,P3,68,1.312,S1O
46,P3,69,0.336,S1O
46,P3,70,-0.641,S1O
46,P3,71,-0.641,S1O
46,P3,72,0.336,S1O
46,P3,73,1.312,S1O
46,P3,74,2.289,S1O
46,P3,75,1.801,S1O
46,P3,76,-0.153,S1O
46,P3,77,-2.594,S1O
46,P3,78,-4.059,S1O
46,P3,79,-4.059,S1O
46,P3,80,-2.594,S1O
46,P3,81,-1.617,S1O
46,P3,82,-0.641,S1O
46,P3,83,-1.617,S1O
46,P3,84,-2.106,S1O
46,P3,85,-2.594,S1O
46,P3,86,-1.617,S1O
46,P3,87,-0.153,S1O
46,P3,88,1.312,S1O
46,P3,89,2.289,S1O
46,P3,90,2.289,S1O
46,P3,91,2.289,S1O
46,P3,92,1.801,S1O
46,P3,93,1.312,S1O
46,P3,94,-0.153,S1O
46,P3,95,-1.129,S1O
46,P3,96,-1.617,S1O
46,P3,97,-1.617,S1O
46,P3,98,-1.129,S1O
46,P3,99,-1.617,S1O
46,P3,100,-3.571,S1O
46,P3,101,-5.524,S1O
46,P3,102,-6.500,S1O
46,P3,103,-6.500,S1O
46,P3,104,-4.547,S1O
46,P3,105,-3.571,S1O
46,P3,106,-4.547,S1O
46,P3,107,-7.477,S1O
46,P3,108,-10.406,S1O
46,P3,109,-11.383,S1O
46,P3,110,-9.918,S1O
46,P3,111,-6.989,S1O
46,P3,112,-4.547,S1O
46,P3,113,-4.059,S1O
46,P3,114,-4.547,S1O
46,P3,115,-5.035,S1O
46,P3,116,-3.571,S1O
46,P3,117,-0.641,S1O
46,P3,118,2.289,S1O
46,P3,119,3.754,S1O
46,P3,120,2.289,S1O
46,P3,121,0.336,S1O
46,P3,122,-2.106,S1O
46,P3,123,-3.082,S1O
46,P3,124,-2.594,S1O
46,P3,125,-2.106,S1O
46,P3,126,-1.617,S1O
46,P3,127,-1.617,S1O
46,P3,128,-1.129,S1O
46,P3,129,-0.153,S1O
46,P3,130,0.824,S1O
46,P3,131,-0.153,S1O
46,P3,132,-2.106,S1O
46,P3,133,-4.547,S1O
46,P3,134,-6.500,S1O
46,P3,135,-6.012,S1O
46,P3,136,-4.059,S1O
46,P3,137,-3.082,S1O
46,P3,138,-4.059,S1O
46,P3,139,-6.012,S1O
46,P3,140,-7.965,S1O
46,P3,141,-7.965,S1O
46,P3,142,-6.500,S1O
46,P3,143,-4.059,S1O
46,P3,144,-2.594,S1O
46,P3,145,-1.617,S1O
46,P3,146,-0.641,S1O
46,P3,147,0.336,S1O
46,P3,148,0.336,S1O
46,P3,149,-0.153,S1O
46,P3,150,-1.617,S1O
46,P3,151,-3.082,S1O
46,P3,152,-3.571,S1O
46,P3,153,-3.571,S1O
46,P3,154,-2.594,S1O
46,P3,155,-3.082,S1O
46,P3,156,-4.547,S1O
46,P3,157,-6.012,S1O
46,P3,158,-6.989,S1O
46,P3,159,-6.500,S1O
46,P3,160,-5.035,S1O
46,P3,161,-3.571,S1O
46,P3,162,-2.594,S1O
46,P3,163,-3.082,S1O
46,P3,164,-3.571,S1O
46,P3,165,-3.571,S1O
46,P3,166,-2.594,S1O
46,P3,167,-1.617,S1O
46,P3,168,0.336,S1O
46,P3,169,2.289,S1O
46,P3,170,4.730,S1O
46,P3,171,6.195,S1O
46,P3,172,6.683,S1O
46,P3,173,5.707,S1O
46,P3,174,4.242,S1O
46,P3,175,2.777,S1O
46,P3,176,2.289,S1O
46,P3,177,3.754,S1O
46,P3,178,5.707,S1O
46,P3,179,7.172,S1O
46,P3,180,7.660,S1O
46,P3,181,6.195,S1O
46,P3,182,3.754,S1O
46,P3,183,0.824,S1O
46,P3,184,-1.129,S1O
46,P3,185,-0.641,S1O
46,P3,186,0.824,S1O
46,P3,187,3.265,S1O
46,P3,188,4.242,S1O
46,P3,189,4.242,S1O
46,P3,190,1.801,S1O
46,P3,191,-1.129,S1O
46,P3,192,-4.059,S1O
46,P3,193,-5.035,S1O
46,P3,194,-6.012,S1O
46,P3,195,-6.500,S1O
46,P3,196,-6.500,S1O
46,P3,197,-6.012,S1O
46,P3,198,-5.035,S1O
46,P3,199,-3.571,S1O
46,P3,200,-2.106,S1O
46,P3,201,-1.617,S1O
46,P3,202,-1.617,S1O
46,P3,203,-1.617,S1O
46,P3,204,-1.129,S1O
46,P3,205,-1.129,S1O
46,P3,206,-1.617,S1O
46,P3,207,-3.571,S1O
46,P3,208,-4.547,S1O
46,P3,209,-5.524,S1O
46,P3,210,-4.547,S1O
46,P3,211,-3.571,S1O
46,P3,212,-2.106,S1O
46,P3,213,-2.594,S1O
46,P3,214,-4.547,S1O
46,P3,215,-6.500,S1O
46,P3,216,-7.477,S1O
46,P3,217,-8.453,S1O
46,P3,218,-7.965,S1O
46,P3,219,-7.965,S1O
46,P3,220,-7.477,S1O
46,P3,221,-6.989,S1O
46,P3,222,-6.012,S1O
46,P3,223,-5.524,S1O
46,P3,224,-5.524,S1O
46,P3,225,-6.012,S1O
46,P3,226,-7.965,S1O
46,P3,227,-10.406,S1O
46,P3,228,-12.360,S1O
46,P3,229,-12.360,S1O
46,P3,230,-10.895,S1O
46,P3,231,-8.453,S1O
46,P3,232,-6.989,S1O
46,P3,233,-7.477,S1O
46,P3,234,-9.430,S1O
46,P3,235,-10.895,S1O
46,P3,236,-10.895,S1O
46,P3,237,-9.918,S1O
46,P3,238,-8.942,S1O
46,P3,239,-8.942,S1O
46,P3,240,-10.406,S1O
46,P3,241,-11.383,S1O
46,P3,242,-11.871,S1O
46,P3,243,-11.383,S1O
46,P3,244,-11.383,S1O
46,P3,245,-11.383,S1O
46,P3,246,-10.895,S1O
46,P3,247,-10.406,S1O
46,P3,248,-10.406,S1O
46,P3,249,-10.895,S1O
46,P3,250,-11.383,S1O
46,P3,251,-11.871,S1O
46,P3,252,-9.918,S1O
46,P3,253,-6.989,S1O
46,P3,254,-3.571,S1O
46,P3,255,-2.594,S1O
46,P4,0,1.526,S1O
46,P4,1,2.991,S1O
46,P4,2,3.479,S1O
46,P4,3,2.991,S1O
46,P4,4,2.014,S1O
46,P4,5,1.038,S1O
46,P4,6,0.549,S1O
46,P4,7,0.061,S1O
46,P4,8,0.061,S1O
46,P4,9,0.549,S1O
46,P4,10,1.038,S1O
46,P4,11,1.038,S1O
46,P4,12,0.061,S1O
46,P4,13,-1.404,S1O
46,P4,14,-1.892,S1O
46,P4,15,-1.892,S1O
46,P4,16,-0.427,S1O
46,P4,17,1.038,S1O
46,P4,18,2.014,S1O
46,P4,19,1.526,S1O
46,P4,20,-0.427,S1O
46,P4,21,-2.380,S1O
46,P4,22,-4.333,S1O
46,P4,23,-5.310,S1O
46,P4,24,-6.287,S1O
46,P4,25,-6.775,S1O
46,P4,26,-7.751,S1O
46,P4,27,-8.728,S1O
46,P4,28,-9.705,S1O
46,P4,29,-9.705,S1O
46,P4,30,-9.216,S1O
46,P4,31,-7.751,S1O
46,P4,32,-6.775,S1O
46,P4,33,-5.310,S1O
46,P4,34,-4.822,S1O
46,P4,35,-4.822,S1O
46,P4,36,-4.822,S1O
46,P4,37,-4.333,S1O
46,P4,38,-2.869,S1O
46,P4,39,0.061,S1O
46,P4,40,2.991,S1O
46,P4,41,4.944,S1O
46,P4,42,5.432,S1O
46,P4,43,3.967,S1O
46,P4,44,1.526,S1O
46,P4,45,-0.916,S1O
46,P4,46,-2.380,S1O
46,P4,47,-2.869,S1O
46,P4,48,-1.892,S1O
46,P4,49,-1.892,S1O
46,P4,50,-1.892,S1O
46,P4,51,-1.892,S1O
46,P4,52,-1.404,S1O
46,P4,53,-1.892,S1O
46,P4,54,-2.869,S1O
46,P4,55,-4.333,S1O
46,P4,56,-6.775,S1O
46,P4,57,-9.216,S1O
46,P4,58,-10.193,S1O
46,P4,59,-9.705,S1O
46,P4,60,-7.263,S1O
46,P4,61,-4.822,S1O
46,P4,62,-2.380,S1O
46,P4,63,0.061,S1O
46,P4,64,1.526,S1O
46,P4,65,2.014,S1O
46,P4,66,2.014,S1O
46,P4,67,1.526,S1O
46,P4,68,1.038,S1O
46,P4,69,1.038,S1O
46,P4,70,1.038,S1O
46,P4,71,0.549,S1O
46,P4,72,0.061,S1O
46,P4,73,-1.404,S1O
46,P4,74,-2.380,S1O
46,P4,75,-3.357,S1O
46,P4,76,-3.357,S1O
46,P4,77,-2.380,S1O
46,P4,78,-1.404,S1O
46,P4,79,-1.404,S1O
46,P4,80,-1.404,S1O
46,P4,81,-1.404,S1O
46,P4,82,-1.892,S1O
46,P4,83,-3.357,S1O
46,P4,84,-4.822,S1O
46,P4,85,-6.287,S1O
46,P4,86,-6.775,S1O
46,P4,87,-6.287,S1O
46,P4,88,-5.310,S1O
46,P4,89,-3.357,S1O
46,P4,90,-2.869,S1O
46,P4,91,-2.869,S1O
46,P4,92,-3.357,S1O
46,P4,93,-3.845,S1O
46,P4,94,-3.845,S1O
46,P4,95,-3.845,S1O
46,P4,96,-3.845,S1O
46,P4,97,-3.845,S1O
46,P4,98,-3.845,S1O
46,P4,99,-3.845,S1O
46,P4,100,-3.845,S1O
46,P4,101,-3.845,S1O
46,P4,102,-4.333,S1O
46,P4,103,-5.310,S1O
46,P4,104,-5.310,S1O
46,P4,105,-5.798,S1O
46,P4,106,-6.287,S1O
46,P4,107,-7.751,S1O
46,P4,108,-10.193,S1O
46,P4,109,-12.146,S1O
46,P4,110,-13.123,S1O
46,P4,111,-13.123,S1O
46,P4,112,-11.658,S1O
46,P4,113,-10.193,S1O
46,P4,114,-8.728,S1O
46,P4,115,-6.775,S1O
46,P4,116,-5.310,S1O
46,P4,117,-3.357,S1O
46,P4,118,-2.380,S1O
46,P4,119,-2.380,S1O
46,P4,120,-2.869,S1O
46,P4,121,-3.845,S1O
46,P4,122,-4.822,S1O
46,P4,123,-5.310,S1O
46,P4,124,-5.798,S1O
46,P4,125,-5.798,S1O
46,P4,126,-5.798,S1O
46,P4,127,-5.310,S1O
46,P4,128,-4.822,S1O
46,P4,129,-3.845,S1O
46,P4,130,-3.845,S1O
46,P4,131,-3.357,S1O
46,P4,132,-3.357,S1O
46,P4,133,-2.869,S1O
46,P4,134,-1.892,S1O
46,P4,135,-1.892,S1O
46,P4,136,-1.892,S1O
46,P4,137,-3.357,S1O
46,P4,138,-4.333,S1O
46,P4,139,-5.310,S1O
46,P4,140,-5.798,S1O
46,P4,141,-4.822,S1O
46,P4,142,-3.845,S1O
46,P4,143,-2.380,S1O
46,P4,144,-1.892,S1O
46,P4,145,-2.380,S1O
46,P4,146,-3.845,S1O
46,P4,147,-5.310,S1O
46,P4,148,-6.775,S1O
46,P4,149,-6.775,S1O
46,P4,150,-6.287,S1O
46,P4,151,-5.310,S1O
46,P4,152,-4.822,S1O
46,P4,153,-4.333,S1O
46,P4,154,-4.333,S1O
46,P4,155,-5.310,S1O
46,P4,156,-6.287,S1O
46,P4,157,-6.775,S1O
46,P4,158,-6.287,S1O
46,P4,159,-5.310,S1O
46,P4,160,-3.845,S1O
46,P4,161,-2.869,S1O
46,P4,162,-2.380,S1O
46,P4,163,-2.380,S1O
46,P4,164,-3.357,S1O
46,P4,165,-3.357,S1O
46,P4,166,-2.380,S1O
46,P4,167,-1.404,S1O
46,P4,168,0.061,S1O
46,P4,169,0.549,S1O
46,P4,170,0.061,S1O
46,P4,171,0.061,S1O
46,P4,172,0.061,S1O
46,P4,173,0.549,S1O
46,P4,174,0.549,S1O
46,P4,175,0.549,S1O
46,P4,176,0.549,S1O
46,P4,177,1.038,S1O
46,P4,178,2.014,S1O
46,P4,179,3.479,S1O
46,P4,180,3.967,S1O
46,P4,181,3.479,S1O
46,P4,182,2.014,S1O
46,P4,183,1.526,S1O
46,P4,184,1.526,S1O
46,P4,185,2.991,S1O
46,P4,186,4.944,S1O
46,P4,187,5.432,S1O
46,P4,188,4.456,S1O
46,P4,189,1.526,S1O
46,P4,190,-0.916,S1O
46,P4,191,-3.357,S1O
46,P4,192,-4.333,S1O
46,P4,193,-5.310,S1O
46,P4,194,-6.287,S1O
46,P4,195,-7.263,S1O
46,P4,196,-7.751,S1O
46,P4,197,-7.751,S1O
46,P4,198,-6.287,S1O
46,P4,199,-4.333,S1O
46,P4,200,-3.357,S1O
46,P4,201,-3.357,S1O
46,P4,202,-4.333,S1O
46,P4,203,-5.310,S1O
46,P4,204,-5.798,S1O
46,P4,205,-5.798,S1O
46,P4,206,-4.822,S1O
46,P4,207,-4.333,S1O
46,P4,208,-3.845,S1O
46,P4,209,-3.845,S1O
46,P4,210,-3.845,S1O
46,P4,211,-3.845,S1O
46,P4,212,-4.333,S1O
46,P4,213,-5.310,S1O
46,P4,214,-6.775,S1O
46,P4,215,-7.751,S1O
46,P4,216,-8.240,S1O
46,P4,217,-8.240,S1O
46,P4,218,-7.751,S1O
46,P4,219,-7.751,S1O
46,P4,220,-7.751,S1O
46,P4,221,-7.751,S1O
46,P4,222,-7.751,S1O
46,P4,223,-7.263,S1O
46,P4,224,-7.751,S1O
46,P4,225,-8.728,S1O
46,P4,226,-9.705,S1O
46,P4,227,-10.681,S1O
46,P4,228,-10.681,S1O
46,P4,229,-9.705,S1O
46,P4,230,-8.728,S1O
46,P4,231,-7.751,S1O
46,P4,232,-8.240,S1O
46,P4,233,-9.705,S1O
46,P4,234,-10.681,S1O
46,P4,235,-11.658,S1O
46,P4,236,-11.169,S1O
46,P4,237,-10.193,S1O
46,P4,238,-9.705,S1O
46,P4,239,-10.193,S1O
46,P4,240,-11.658,S1O
46,P4,241,-13.123,S1O
46,P4,242,-14.099,S1O
46,P4,243,-14.587,S1O
46,P4,244,-13.611,S1O
46,P4,245,-12.146,S1O
46,P4,246,-11.658,S1O
46,P4,247,-11.658,S1O
46,P4,248,-11.658,S1O
46,P4,249,-12.146,S1O
46,P4,250,-11.658,S1O
46,P4,251,-11.169,S1O
46,P4,252,-10.193,S1O
46,P4,253,-10.193,S1O
46,P4,254,-10.193,S1O
46,P4,255,-10.681,S1O
46,PZ,0,1.455,S1O
46,PZ,1,2.920,S1O
46,PZ,2,3.408,S1O
46,PZ,3,3.896,S1O
46,PZ,4,3.408,S1O
46,PZ,5,2.431,S1O
46,PZ,6,1.943,S1O
46,PZ,7,1.943,S1O
46,PZ,8,1.943,S1O
46,PZ,9,1.943,S1O
46,PZ,10,1.455,S1O
46,PZ,11,-0.498,S1O
46,PZ,12,-2.940,S1O
46,PZ,13,-4.893,S1O
46,PZ,14,-6.358,S1O
46,PZ,15,-6.358,S1O
46,PZ,16,-4.405,S1O
46,PZ,17,-2.452,S1O
46,PZ,18,-0.010,S1O
46,PZ,19,0.478,S1O
46,PZ,20,-0.987,S1O
46,PZ,21,-2.940,S1O
46,PZ,22,-5.381,S1O
46,PZ,23,-6.358,S1O
46,PZ,24,-6.358,S1O
46,PZ,25,-5.381,S1O
46,PZ,26,-4.893,S1O
46,PZ,27,-5.381,S1O
46,PZ,28,-5.381,S1O
46,PZ,29,-5.381,S1O
46,PZ,30,-4.405,S1O
46,PZ,31,-2.940,S1O
46,PZ,32,-1.475,S1O
46,PZ,33,-0.498,S1O
46,PZ,34,-0.498,S1O
46,PZ,35,-0.987,S1O
46,PZ,36,-1.963,S1O
46,PZ,37,-1.475,S1O
46,PZ,38,-0.010,S1O
46,PZ,39,2.431,S1O
46,PZ,40,4.873,S1O
46,PZ,41,7.314,S1O
46,PZ,42,8.779,S1O
46,PZ,43,8.779,S1O
46,PZ,44,8.291,S1O
46,PZ,45,6.826,S1O
46,PZ,46,6.337,S1O
46,PZ,47,6.337,S1O
46,PZ,48,7.314,S1O
46,PZ,49,8.779,S1O
46,PZ,50,9.267,S1O
46,PZ,51,8.779,S1O
46,PZ,52,7.802,S1O
46,PZ,53,6.826,S1O
46,PZ,54,6.826,S1O
46,PZ,55,5.849,S1O
46,PZ,56,4.873,S1O
46,PZ,57,2.920,S1O
46,PZ,58,0.478,S1O
46,PZ,59,-0.498,S1O
46,PZ,60,-0.010,S1O
46,PZ,61,1.943,S1O
46,PZ,62,4.384,S1O
46,PZ,63,5.849,S1O
46,PZ,64,6.826,S1O
46,PZ,65,6.826,S1O
46,PZ,66,7.314,S1O
46,PZ,67,7.314,S1O
46,PZ,68,7.802,S1O
46,PZ,69,7.314,S1O
46,PZ,70,6.826,S1O
46,PZ,71,5.849,S1O
46,PZ,72,5.361,S1O
46,PZ,73,5.361,S1O
46,PZ,74,4.873,S1O
46,PZ,75,4.384,S1O
46,PZ,76,3.408,S1O
46,PZ,77,2.920,S1O
46,PZ,78,1.943,S1O
46,PZ,79,1.943,S1O
46,PZ,80,2.431,S1O
46,PZ,81,2.431,S1O
46,PZ,82,2.431,S1O
46,PZ,83,1.455,S1O
46,PZ,84,0.478,S1O
46,PZ,85,-0.010,S1O
46,PZ,86,0.478,S1O
46,PZ,87,1.455,S1O
46,PZ,88,2.920,S1O
46,PZ,89,3.896,S1O
46,PZ,90,3.896,S1O
46,PZ,91,3.408,S1O
46,PZ,92,2.431,S1O
46,PZ,93,1.943,S1O
46,PZ,94,1.455,S1O
46,PZ,95,0.966,S1O
46,PZ,96,1.455,S1O
46,PZ,97,1.455,S1O
46,PZ,98,0.966,S1O
46,PZ,99,0.478,S1O
46,PZ,100,-1.475,S1O
46,PZ,101,-2.940,S1O
46,PZ,102,-3.916,S1O
46,PZ,103,-4.405,S1O
46,PZ,104,-3.916,S1O
46,PZ,105,-3.428,S1O
46,PZ,106,-3.916,S1O
46,PZ,107,-5.381,S1O
46,PZ,108,-7.334,S1O
46,PZ,109,-8.311,S1O
46,PZ,110,-8.311,S1O
46,PZ,111,-6.846,S1O
46,PZ,112,-4.893,S1O
46,PZ,113,-3.428,S1O
46,PZ,114,-2.452,S1O
46,PZ,115,-1.475,S1O
46,PZ,116,-0.010,S1O
46,PZ,117,1.455,S1O
46,PZ,118,3.408,S1O
46,PZ,119,3.896,S1O
46,PZ,120,3.896,S1O
46,PZ,121,2.431,S1O
46,PZ,122,0.966,S1O
46,PZ,123,-0.010,S1O
46,PZ,124,-0.498,S1O
46,PZ,125,-0.010,S1O
46,PZ,126,0.478,S1O
46,PZ,127,0.966,S1O
46,PZ,128,0.966,S1O
46,PZ,129,1.943,S1O
46,PZ,130,1.943,S1O
46,PZ,131,1.943,S1O
46,PZ,132,1.943,S1O
46,PZ,133,0.966,S1O
46,PZ,134,0.478,S1O
46,PZ,135,0.478,S1O
46,PZ,136,0.478,S1O
46,PZ,137,0.478,S1O
46,PZ,138,-0.498,S1O
46,PZ,139,-1.475,S1O
46,PZ,140,-2.452,S1O
46,PZ,141,-2.452,S1O
46,PZ,142,-1.963,S1O
46,PZ,143,-0.987,S1O
46,PZ,144,-0.498,S1O
46,PZ,145,-0.498,S1O
46,PZ,146,-0.987,S1O
46,PZ,147,-0.987,S1O
46,PZ,148,-1.475,S1O
46,PZ,149,-1.475,S1O
46,PZ,150,-1.475,S1O
46,PZ,151,-0.987,S1O
46,PZ,152,-0.987,S1O
46,PZ,153,-0.498,S1O
46,PZ,154,-0.498,S1O
46,PZ,155,-0.987,S1O
46,PZ,156,-2.452,S1O
46,PZ,157,-3.428,S1O
46,PZ,158,-3.916,S1O
46,PZ,159,-3.428,S1O
46,PZ,160,-2.452,S1O
46,PZ,161,-0.987,S1O
46,PZ,162,-0.498,S1O
46,PZ,163,-0.498,S1O
46,PZ,164,-1.475,S1O
46,PZ,165,-1.475,S1O
46,PZ,166,-1.475,S1O
46,PZ,167,-0.010,S1O
46,PZ,168,1.943,S1O
46,PZ,169,3.408,S1O
46,PZ,170,4.873,S1O
46,PZ,171,4.873,S1O
46,PZ,172,5.361,S1O
46,PZ,173,4.384,S1O
46,PZ,174,3.896,S1O
46,PZ,175,3.408,S1O
46,PZ,176,2.920,S1O
46,PZ,177,3.408,S1O
46,PZ,178,4.384,S1O
46,PZ,179,5.361,S1O
46,PZ,180,5.849,S1O
46,PZ,181,5.849,S1O
46,PZ,182,4.873,S1O
46,PZ,183,3.896,S1O
46,PZ,184,3.896,S1O
46,PZ,185,4.873,S1O
46,PZ,186,6.337,S1O
46,PZ,187,6.826,S1O
46,PZ,188,6.826,S1O
46,PZ,189,4.873,S1O
46,PZ,190,1.943,S1O
46,PZ,191,-0.498,S1O
46,PZ,192,-2.452,S1O
46,PZ,193,-3.916,S1O
46,PZ,194,-4.405,S1O
46,PZ,195,-5.381,S1O
46,PZ,196,-5.870,S1O
46,PZ,197,-6.358,S1O
46,PZ,198,-5.381,S1O
46,PZ,199,-4.405,S1O
46,PZ,200,-2.940,S1O
46,PZ,201,-1.963,S1O
46,PZ,202,-1.963,S1O
46,PZ,203,-2.452,S1O
46,PZ,204,-2.940,S1O
46,PZ,205,-2.940,S1O
46,PZ,206,-3.428,S1O
46,PZ,207,-3.428,S1O
46,PZ,208,-3.916,S1O
46,PZ,209,-3.916,S1O
46,PZ,210,-3.916,S1O
46,PZ,211,-3.428,S1O
46,PZ,212,-2.940,S1O
46,PZ,213,-2.940,S1O
46,PZ,214,-3.916,S1O
46,PZ,215,-5.381,S1O
46,PZ,216,-6.846,S1O
46,PZ,217,-7.334,S1O
46,PZ,218,-7.334,S1O
46,PZ,219,-6.846,S1O
46,PZ,220,-6.358,S1O
46,PZ,221,-6.358,S1O
46,PZ,222,-5.870,S1O
46,PZ,223,-5.381,S1O
46,PZ,224,-4.893,S1O
46,PZ,225,-3.916,S1O
46,PZ,226,-4.405,S1O
46,PZ,227,-5.870,S1O
46,PZ,228,-6.846,S1O
46,PZ,229,-7.334,S1O
46,PZ,230,-6.358,S1O
46,PZ,231,-5.381,S1O
46,PZ,232,-4.893,S1O
46,PZ,233,-4.893,S1O
46,PZ,234,-6.358,S1O
46,PZ,235,-7.334,S1O
46,PZ,236,-7.334,S1O
46,PZ,237,-6.358,S1O
46,PZ,238,-5.381,S1O
46,PZ,239,-5.870,S1O
46,PZ,240,-6.846,S1O
46,PZ,241,-8.799,S1O
46,PZ,242,-10.264,S1O
46,PZ,243,-11.241,S1O
46,PZ,244,-10.752,S1O
46,PZ,245,-9.288,S1O
46,PZ,246,-8.311,S1O
46,PZ,247,-7.823,S1O
46,PZ,248,-7.823,S1O
46,PZ,249,-8.799,S1O
46,PZ,250,-9.288,S1O
46,PZ,251,-9.288,S1O
46,PZ,252,-8.311,S1O
46,PZ,253,-6.846,S1O
46,PZ,254,-5.381,S1O
46,PZ,255,-5.381,S1O
46,P8,0,-1.760,S1O
46,P8,1,0.193,S1O
46,P8,2,1.658,S1O
46,P8,3,2.146,S1O
46,P8,4,1.170,S1O
46,P8,5,-1.272,S1O
46,P8,6,-4.201,S1O
46,P8,7,-6.154,S1O
46,P8,8,-6.154,S1O
46,P8,9,-4.690,S1O
46,P8,10,-2.248,S1O
46,P8,11,-0.295,S1O
46,P8,12,1.170,S1O
46,P8,13,2.635,S1O
46,P8,14,4.588,S1O
46,P8,15,7.029,S1O
46,P8,16,9.959,S1O
46,P8,17,11.912,S1O
46,P8,18,11.912,S1O
46,P8,19,9.471,S1O
46,P8,20,5.564,S1O
46,P8,21,0.682,S1O
46,P8,22,-3.713,S1O
46,P8,23,-7.131,S1O
46,P8,24,-10.061,S1O
46,P8,25,-12.502,S1O
46,P8,26,-14.455,S1O
46,P8,27,-14.943,S1O
46,P8,28,-14.455,S1O
46,P8,29,-12.990,S1O
46,P8,30,-12.014,S1O
46,P8,31,-10.549,S1O
46,P8,32,-10.061,S1O
46,P8,33,-9.084,S1O
46,P8,34,-8.108,S1O
46,P8,35,-7.131,S1O
46,P8,36,-6.154,S1O
46,P8,37,-5.178,S1O
46,P8,38,-3.225,S1O
46,P8,39,-0.783,S1O
46,P8,40,2.146,S1O
46,P8,41,4.588,S1O
46,P8,42,4.588,S1O
46,P8,43,2.635,S1O
46,P8,44,-0.783,S1O
46,P8,45,-3.713,S1O
46,P8,46,-6.154,S1O
46,P8,47,-6.643,S1O
46,P8,48,-6.154,S1O
46,P8,49,-5.666,S1O
46,P8,50,-5.178,S1O
46,P8,51,-5.178,S1O
46,P8,52,-6.154,S1O
46,P8,53,-7.131,S1O
46,P8,54,-9.084,S1O
46,P8,55,-11.037,S1O
46,P8,56,-13.479,S1O
46,P8,57,-14.943,S1O
46,P8,58,-15.432,S1O
46,P8,59,-13.967,S1O
46,P8,60,-12.014,S1O
46,P8,61,-10.061,S1O
46,P8,62,-8.596,S1O
46,P8,63,-7.131,S1O
46,P8,64,-6.643,S1O
46,P8,65,-5.666,S1O
46,P8,66,-5.666,S1O
46,P8,67,-6.154,S1O
46,P8,68,-7.131,S1O
46,P8,69,-7.131,S1O
46,P8,70,-7.131,S1O
46,P8,71,-7.131,S1O
46,P8,72,-7.619,S1O
46,P8,73,-8.596,S1O
46,P8,74,-10.061,S1O
46,P8,75,-11.037,S1O
46,P8,76,-10.549,S1O
46,P8,77,-9.084,S1O
46,P8,78,-6.643,S1O
46,P8,79,-4.690,S1O
46,P8,80,-4.201,S1O
46,P8,81,-5.178,S1O
46,P8,82,-6.643,S1O
46,P8,83,-8.108,S1O
46,P8,84,-9.084,S1O
46,P8,85,-9.084,S1O
46,P8,86,-8.596,S1O
46,P8,87,-6.643,S1O
46,P8,88,-5.178,S1O
46,P8,89,-3.713,S1O
46,P8,90,-2.736,S1O
46,P8,91,-1.760,S1O
46,P8,92,-1.760,S1O
46,P8,93,-2.248,S1O
46,P8,94,-2.736,S1O
46,P8,95,-3.225,S1O
46,P8,96,-3.713,S1O
46,P8,97,-3.713,S1O
46,P8,98,-3.225,S1O
46,P8,99,-2.248,S1O
46,P8,100,-1.760,S1O
46,P8,101,-2.248,S1O
46,P8,102,-3.225,S1O
46,P8,103,-4.690,S1O
46,P8,104,-6.154,S1O
46,P8,105,-7.131,S1O
46,P8,106,-8.108,S1O
46,P8,107,-9.084,S1O
46,P8,108,-11.037,S1O
46,P8,109,-12.502,S1O
46,P8,110,-12.990,S1O
46,P8,111,-12.990,S1O
46,P8,112,-12.014,S1O
46,P8,113,-10.549,S1O
46,P8,114,-9.084,S1O
46,P8,115,-7.131,S1O
46,P8,116,-4.690,S1O
46,P8,117,-3.225,S1O
46,P8,118,-2.248,S1O
46,P8,119,-2.248,S1O
46,P8,120,-2.736,S1O
46,P8,121,-3.713,S1O
46,P8,122,-4.201,S1O
46,P8,123,-4.690,S1O
46,P8,124,-5.666,S1O
46,P8,125,-6.643,S1O
46,P8,126,-7.131,S1O
46,P8,127,-7.619,S1O
46,P8,128,-7.131,S1O
46,P8,129,-6.643,S1O
46,P8,130,-6.643,S1O
46,P8,131,-6.154,S1O
46,P8,132,-5.178,S1O
46,P8,133,-4.201,S1O
46,P8,134,-2.736,S1O
46,P8,135,-2.248,S1O
46,P8,136,-2.248,S1O
46,P8,137,-3.713,S1O
46,P8,138,-6.154,S1O
46,P8,139,-7.619,S1O
46,P8,140,-8.596,S1O
46,P8,141,-8.596,S1O
46,P8,142,-7.619,S1O
46,P8,143,-7.131,S1O
46,P8,144,-6.643,S1O
46,P8,145,-7.131,S1O
46,P8,146,-8.596,S1O
46,P8,147,-10.061,S1O
46,P8,148,-11.037,S1O
46,P8,149,-10.549,S1O
46,P8,150,-9.084,S1O
46,P8,151,-7.131,S1O
46,P8,152,-5.666,S1O
46,P8,153,-5.666,S1O
46,P8,154,-6.154,S1O
46,P8,155,-7.131,S1O
46,P8,156,-7.619,S1O
46,P8,157,-7.131,S1O
46,P8,158,-6.154,S1O
46,P8,159,-5.178,S1O
46,P8,160,-4.690,S1O
46,P8,161,-3.713,S1O
46,P8,162,-3.713,S1O
46,P8,163,-3.225,S1O
46,P8,164,-3.225,S1O
46,P8,165,-2.736,S1O
46,P8,166,-1.760,S1O
46,P8,167,-1.272,S1O
46,P8,168,-0.295,S1O
46,P8,169,0.193,S1O
46,P8,170,0.193,S1O
46,P8,171,0.682,S1O
46,P8,172,1.658,S1O
46,P8,173,3.123,S1O
46,P8,174,4.100,S1O
46,P8,175,4.588,S1O
46,P8,176,4.588,S1O
46,P8,177,4.100,S1O
46,P8,178,4.588,S1O
46,P8,179,5.564,S1O
46,P8,180,6.053,S1O
46,P8,181,6.053,S1O
46,P8,182,5.076,S1O
46,P8,183,4.100,S1O
46,P8,184,4.100,S1O
46,P8,185,5.564,S1O
46,P8,186,7.517,S1O
46,P8,187,8.494,S1O
46,P8,188,7.029,S1O
46,P8,189,4.100,S1O
46,P8,190,0.682,S1O
46,P8,191,-2.248,S1O
46,P8,192,-3.713,S1O
46,P8,193,-4.690,S1O
46,P8,194,-4.690,S1O
46,P8,195,-5.666,S1O
46,P8,196,-6.154,S1O
46,P8,197,-6.154,S1O
46,P8,198,-5.666,S1O
46,P8,199,-4.690,S1O
46,P8,200,-3.225,S1O
46,P8,201,-3.225,S1O
46,P8,202,-3.713,S1O
46,P8,203,-5.178,S1O
46,P8,204,-6.154,S1O
46,P8,205,-6.643,S1O
46,P8,206,-6.643,S1O
46,P8,207,-6.643,S1O
46,P8,208,-6.154,S1O
46,P8,209,-5.178,S1O
46,P8,210,-4.690,S1O
46,P8,211,-4.201,S1O
46,P8,212,-4.201,S1O
46,P8,213,-5.666,S1O
46,P8,214,-7.131,S1O
46,P8,215,-8.596,S1O
46,P8,216,-9.572,S1O
46,P8,217,-10.061,S1O
46,P8,218,-10.061,S1O
46,P8,219,-9.572,S1O
46,P8,220,-9.572,S1O
46,P8,221,-9.572,S1O
46,P8,222,-9.572,S1O
46,P8,223,-10.549,S1O
46,P8,224,-12.502,S1O
46,P8,225,-14.943,S1O
46,P8,226,-17.873,S1O
46,P8,227,-19.826,S1O
46,P8,228,-20.315,S1O
46,P8,229,-19.826,S1O
46,P8,230,-18.361,S1O
46,P8,231,-17.385,S1O
46,P8,232,-16.897,S1O
46,P8,233,-17.385,S1O
46,P8,234,-18.361,S1O
46,P8,235,-18.361,S1O
46,P8,236,-18.361,S1O
46,P8,237,-17.873,S1O
46,P8,238,-16.897,S1O
46,P8,239,-17.385,S1O
46,P8,240,-18.850,S1O
46,P8,241,-20.315,S1O
46,P8,242,-21.779,S1O
46,P8,243,-22.268,S1O
46,P8,244,-21.291,S1O
46,P8,245,-20.315,S1O
46,P8,246,-20.315,S1O
46,P8,247,-20.803,S1O
46,P8,248,-21.779,S1O
46,P8,249,-21.779,S1O
46,P8,250,-21.291,S1O
46,P8,251,-20.315,S1O
46,P8,252,-18.850,S1O
46,P8,253,-18.850,S1O
46,P8,254,-19.338,S1O
46,P8,255,-19.826,S1O
46,P7,0,-4.974,S1O
46,P7,1,-3.510,S1O
46,P7,2,-4.486,S1O
46,P7,3,-5.951,S1O
46,P7,4,-7.416,S1O
46,P7,5,-8.392,S1O
46,P7,6,-7.904,S1O
46,P7,7,-6.927,S1O
46,P7,8,-5.463,S1O
46,P7,9,-3.021,S1O
46,P7,10,-0.092,S1O
46,P7,11,1.373,S1O
46,P7,12,1.862,S1O
46,P7,13,1.862,S1O
46,P7,14,2.838,S1O
46,P7,15,7.233,S1O
46,P7,16,12.604,S1O
46,P7,17,16.998,S1O
46,P7,18,17.487,S1O
46,P7,19,12.604,S1O
46,P7,20,4.303,S1O
46,P7,21,-4.486,S1O
46,P7,22,-10.834,S1O
46,P7,23,-13.763,S1O
46,P7,24,-14.740,S1O
46,P7,25,-15.717,S1O
46,P7,26,-18.646,S1O
46,P7,27,-22.552,S1O
46,P7,28,-25.970,S1O
46,P7,29,-26.947,S1O
46,P7,30,-23.529,S1O
46,P7,31,-16.693,S1O
46,P7,32,-9.857,S1O
46,P7,33,-4.486,S1O
46,P7,34,-3.021,S1O
46,P7,35,-4.486,S1O
46,P7,36,-7.416,S1O
46,P7,37,-9.857,S1O
46,P7,38,-10.834,S1O
46,P7,39,-8.881,S1O
46,P7,40,-5.463,S1O
46,P7,41,-0.580,S1O
46,P7,42,3.815,S1O
46,P7,43,5.768,S1O
46,P7,44,4.303,S1O
46,P7,45,1.373,S1O
46,P7,46,-1.556,S1O
46,P7,47,-2.045,S1O
46,P7,48,-1.068,S1O
46,P7,49,-0.580,S1O
46,P7,50,-2.045,S1O
46,P7,51,-4.974,S1O
46,P7,52,-7.416,S1O
46,P7,53,-7.416,S1O
46,P7,54,-5.951,S1O
46,P7,55,-4.974,S1O
46,P7,56,-6.927,S1O
46,P7,57,-11.810,S1O
46,P7,58,-16.205,S1O
46,P7,59,-18.158,S1O
46,P7,60,-16.693,S1O
46,P7,61,-13.763,S1O
46,P7,62,-11.810,S1O
46,P7,63,-11.810,S1O
46,P7,64,-11.810,S1O
46,P7,65,-10.345,S1O
46,P7,66,-7.904,S1O
46,P7,67,-5.951,S1O
46,P7,68,-6.439,S1O
46,P7,69,-9.369,S1O
46,P7,70,-12.787,S1O
46,P7,71,-14.740,S1O
46,P7,72,-13.763,S1O
46,P7,73,-11.322,S1O
46,P7,74,-8.881,S1O
46,P7,75,-9.369,S1O
46,P7,76,-12.299,S1O
46,P7,77,-16.205,S1O
46,P7,78,-18.646,S1O
46,P7,79,-17.670,S1O
46,P7,80,-14.740,S1O
46,P7,81,-10.345,S1O
46,P7,82,-7.416,S1O
46,P7,83,-6.927,S1O
46,P7,84,-7.416,S1O
46,P7,85,-7.904,S1O
46,P7,86,-7.416,S1O
46,P7,87,-6.439,S1O
46,P7,88,-5.951,S1O
46,P7,89,-4.486,S1O
46,P7,90,-3.021,S1O
46,P7,91,-1.556,S1O
46,P7,92,-0.580,S1O
46,P7,93,-2.533,S1O
46,P7,94,-6.927,S1O
46,P7,95,-11.810,S1O
46,P7,96,-13.763,S1O
46,P7,97,-12.299,S1O
46,P7,98,-7.904,S1O
46,P7,99,-4.486,S1O
46,P7,100,-4.486,S1O
46,P7,101,-7.416,S1O
46,P7,102,-10.834,S1O
46,P7,103,-11.322,S1O
46,P7,104,-9.369,S1O
46,P7,105,-6.927,S1O
46,P7,106,-7.416,S1O
46,P7,107,-11.322,S1O
46,P7,108,-16.693,S1O
46,P7,109,-19.623,S1O
46,P7,110,-17.670,S1O
46,P7,111,-12.787,S1O
46,P7,112,-7.904,S1O
46,P7,113,-7.416,S1O
46,P7,114,-10.834,S1O
46,P7,115,-14.740,S1O
46,P7,116,-15.228,S1O
46,P7,117,-10.834,S1O
46,P7,118,-3.998,S1O
46,P7,119,0.397,S1O
46,P7,120,-0.092,S1O
46,P7,121,-4.486,S1O
46,P7,122,-9.369,S1O
46,P7,123,-11.322,S1O
46,P7,124,-10.345,S1O
46,P7,125,-8.392,S1O
46,P7,126,-7.904,S1O
46,P7,127,-8.392,S1O
46,P7,128,-8.392,S1O
46,P7,129,-6.439,S1O
46,P7,130,-3.998,S1O
46,P7,131,-3.998,S1O
46,P7,132,-8.881,S1O
46,P7,133,-16.205,S1O
46,P7,134,-22.064,S1O
46,P7,135,-22.064,S1O
46,P7,136,-16.693,S1O
46,P7,137,-10.834,S1O
46,P7,138,-8.881,S1O
46,P7,139,-12.787,S1O
46,P7,140,-19.135,S1O
46,P7,141,-22.552,S1O
46,P7,142,-22.064,S1O
46,P7,143,-17.181,S1O
46,P7,144,-12.787,S1O
46,P7,145,-10.345,S1O
46,P7,146,-9.857,S1O
46,P7,147,-9.369,S1O
46,P7,148,-8.392,S1O
46,P7,149,-7.904,S1O
46,P7,150,-8.881,S1O
46,P7,151,-11.322,S1O
46,P7,152,-14.740,S1O
46,P7,153,-16.205,S1O
46,P7,154,-15.717,S1O
46,P7,155,-14.740,S1O
46,P7,156,-14.252,S1O
46,P7,157,-15.228,S1O
46,P7,158,-15.717,S1O
46,P7,159,-15.717,S1O
46,P7,160,-14.740,S1O
46,P7,161,-13.275,S1O
46,P7,162,-12.299,S1O
46,P7,163,-12.299,S1O
46,P7,164,-12.299,S1O
46,P7,165,-10.834,S1O
46,P7,166,-9.369,S1O
46,P7,167,-7.416,S1O
46,P7,168,-5.951,S1O
46,P7,169,-4.974,S1O
46,P7,170,-3.510,S1O
46,P7,171,-2.045,S1O
46,P7,172,-0.092,S1O
46,P7,173,0.885,S1O
46,P7,174,0.397,S1O
46,P7,175,-0.580,S1O
46,P7,176,-1.068,S1O
46,P7,177,0.397,S1O
46,P7,178,3.326,S1O
46,P7,179,6.256,S1O
46,P7,180,7.721,S1O
46,P7,181,6.744,S1O
46,P7,182,2.350,S1O
46,P7,183,-2.533,S1O
46,P7,184,-6.439,S1O
46,P7,185,-7.416,S1O
46,P7,186,-5.951,S1O
46,P7,187,-3.021,S1O
46,P7,188,0.397,S1O
46,P7,189,1.862,S1O
46,P7,190,0.397,S1O
46,P7,191,-3.510,S1O
46,P7,192,-8.392,S1O
46,P7,193,-12.299,S1O
46,P7,194,-14.740,S1O
46,P7,195,-15.228,S1O
46,P7,196,-13.763,S1O
46,P7,197,-11.322,S1O
46,P7,198,-8.392,S1O
46,P7,199,-6.439,S1O
46,P7,200,-4.974,S1O
46,P7,201,-4.486,S1O
46,P7,202,-5.463,S1O
46,P7,203,-6.439,S1O
46,P7,204,-6.927,S1O
46,P7,205,-7.416,S1O
46,P7,206,-7.416,S1O
46,P7,207,-8.392,S1O
46,P7,208,-9.857,S1O
46,P7,209,-9.857,S1O
46,P7,210,-8.881,S1O
46,P7,211,-6.439,S1O
46,P7,212,-4.486,S1O
46,P7,213,-4.486,S1O
46,P7,214,-6.927,S1O
46,P7,215,-10.345,S1O
46,P7,216,-13.275,S1O
46,P7,217,-14.740,S1O
46,P7,218,-14.252,S1O
46,P7,219,-12.787,S1O
46,P7,220,-12.299,S1O
46,P7,221,-12.787,S1O
46,P7,222,-12.787,S1O
46,P7,223,-13.275,S1O
46,P7,224,-14.252,S1O
46,P7,225,-16.693,S1O
46,P7,226,-20.599,S1O
46,P7,227,-24.994,S1O
46,P7,228,-26.947,S1O
46,P7,229,-25.482,S1O
46,P7,230,-20.599,S1O
46,P7,231,-15.717,S1O
46,P7,232,-13.275,S1O
46,P7,233,-14.740,S1O
46,P7,234,-18.646,S1O
46,P7,235,-21.576,S1O
46,P7,236,-22.064,S1O
46,P7,237,-20.111,S1O
46,P7,238,-17.670,S1O
46,P7,239,-16.693,S1O
46,P7,240,-17.670,S1O
46,P7,241,-18.646,S1O
46,P7,242,-19.623,S1O
46,P7,243,-19.623,S1O
46,P7,244,-20.111,S1O
46,P7,245,-21.088,S1O
46,P7,246,-21.576,S1O
46,P7,247,-21.576,S1O
46,P7,248,-21.088,S1O
46,P7,249,-21.576,S1O
46,P7,250,-22.552,S1O
46,P7,251,-23.529,S1O
46,P7,252,-21.576,S1O
46,P7,253,-16.693,S1O
46,P7,254,-11.322,S1O
46,P7,255,-8.392,S1O
46,PO2,0,0.661,S1O
46,PO2,1,2.614,S1O
46,PO2,2,4.079,S1O
46,PO2,3,4.079,S1O
46,PO2,4,3.591,S1O
46,PO2,5,2.126,S1O
46,PO2,6,1.638,S1O
46,PO2,7,2.126,S1O
46,PO2,8,3.103,S1O
46,PO2,9,4.079,S1O
46,PO2,10,4.567,S1O
46,PO2,11,4.079,S1O
46,PO2,12,2.126,S1O
46,PO2,13,0.661,S1O
46,PO2,14,-0.315,S1O
46,PO2,15,-0.315,S1O
46,PO2,16,2.614,S1O
46,PO2,17,5.544,S1O
46,PO2,18,7.985,S1O
46,PO2,19,7.985,S1O
46,PO2,20,5.056,S1O
46,PO2,21,1.149,S1O
46,PO2,22,-3.245,S1O
46,PO2,23,-6.663,S1O
46,PO2,24,-8.128,S1O
46,PO2,25,-9.104,S1O
46,PO2,26,-9.593,S1O
46,PO2,27,-10.569,S1O
46,PO2,28,-11.546,S1O
46,PO2,29,-12.034,S1O
46,PO2,30,-11.058,S1O
46,PO2,31,-9.104,S1O
46,PO2,32,-7.151,S1O
46,PO2,33,-5.198,S1O
46,PO2,34,-4.710,S1O
46,PO2,35,-4.710,S1O
46,PO2,36,-4.710,S1O
46,PO2,37,-3.733,S1O
46,PO2,38,-1.780,S1O
46,PO2,39,1.638,S1O
46,PO2,40,5.056,S1O
46,PO2,41,7.985,S1O
46,PO2,42,8.962,S1O
46,PO2,43,8.474,S1O
46,PO2,44,6.032,S1O
46,PO2,45,3.103,S1O
46,PO2,46,1.149,S1O
46,PO2,47,0.173,S1O
46,PO2,48,1.149,S1O
46,PO2,49,2.614,S1O
46,PO2,50,3.591,S1O
46,PO2,51,3.591,S1O
46,PO2,52,3.103,S1O
46,PO2,53,2.614,S1O
46,PO2,54,1.638,S1O
46,PO2,55,0.173,S1O
46,PO2,56,-1.780,S1O
46,PO2,57,-4.710,S1O
46,PO2,58,-6.663,S1O
46,PO2,59,-6.663,S1O
46,PO2,60,-4.710,S1O
46,PO2,61,-1.780,S1O
46,PO2,62,1.638,S1O
46,PO2,63,4.079,S1O
46,PO2,64,5.056,S1O
46,PO2,65,6.032,S1O
46,PO2,66,6.521,S1O
46,PO2,67,7.009,S1O
46,PO2,68,7.009,S1O
46,PO2,69,7.009,S1O
46,PO2,70,7.009,S1O
46,PO2,71,6.521,S1O
46,PO2,72,5.544,S1O
46,PO2,73,4.079,S1O
46,PO2,74,2.126,S1O
46,PO2,75,1.149,S1O
46,PO2,76,0.173,S1O
46,PO2,77,0.173,S1O
46,PO2,78,0.661,S1O
46,PO2,79,1.149,S1O
46,PO2,80,1.149,S1O
46,PO2,81,0.661,S1O
46,PO2,82,-0.315,S1O
46,PO2,83,-1.780,S1O
46,PO2,84,-2.757,S1O
46,PO2,85,-3.245,S1O
46,PO2,86,-2.268,S1O
46,PO2,87,-0.804,S1O
46,PO2,88,0.661,S1O
46,PO2,89,1.149,S1O
46,PO2,90,1.149,S1O
46,PO2,91,0.661,S1O
46,PO2,92,-0.315,S1O
46,PO2,93,-1.292,S1O
46,PO2,94,-1.292,S1O
46,PO2,95,-1.780,S1O
46,PO2,96,-1.292,S1O
46,PO2,97,-0.804,S1O
46,PO2,98,-0.315,S1O
46,PO2,99,-0.315,S1O
46,PO2,100,-0.804,S1O
46,PO2,101,-2.268,S1O
46,PO2,102,-3.733,S1O
46,PO2,103,-4.222,S1O
46,PO2,104,-4.222,S1O
46,PO2,105,-3.733,S1O
46,PO2,106,-4.710,S1O
46,PO2,107,-6.663,S1O
46,PO2,108,-10.081,S1O
46,PO2,109,-12.034,S1O
46,PO2,110,-12.522,S1O
46,PO2,111,-12.034,S1O
46,PO2,112,-10.081,S1O
46,PO2,113,-8.128,S1O
46,PO2,114,-6.663,S1O
46,PO2,115,-5.198,S1O
46,PO2,116,-3.245,S1O
46,PO2,117,-1.292,S1O
46,PO2,118,-0.804,S1O
46,PO2,119,0.661,S1O
46,PO2,120,0.173,S1O
46,PO2,121,-0.804,S1O
46,PO2,122,-1.780,S1O
46,PO2,123,-2.757,S1O
46,PO2,124,-3.733,S1O
46,PO2,125,-4.222,S1O
46,PO2,126,-4.222,S1O
46,PO2,127,-3.245,S1O
46,PO2,128,-2.268,S1O
46,PO2,129,-0.315,S1O
46,PO2,130,0.661,S1O
46,PO2,131,1.149,S1O
46,PO2,132,1.149,S1O
46,PO2,133,1.149,S1O
46,PO2,134,2.126,S1O
46,PO2,135,2.614,S1O
46,PO2,136,2.614,S1O
46,PO2,137,1.638,S1O
46,PO2,138,0.661,S1O
46,PO2,139,-1.292,S1O
46,PO2,140,-1.780,S1O
46,PO2,141,-1.780,S1O
46,PO2,142,-0.804,S1O
46,PO2,143,0.173,S1O
46,PO2,144,1.149,S1O
46,PO2,145,1.149,S1O
46,PO2,146,1.149,S1O
46,PO2,147,-0.804,S1O
46,PO2,148,-2.268,S1O
46,PO2,149,-3.245,S1O
46,PO2,150,-3.733,S1O
46,PO2,151,-2.757,S1O
46,PO2,152,-1.780,S1O
46,PO2,153,-1.292,S1O
46,PO2,154,-1.292,S1O
46,PO2,155,-3.245,S1O
46,PO2,156,-4.710,S1O
46,PO2,157,-5.686,S1O
46,PO2,158,-5.686,S1O
46,PO2,159,-4.222,S1O
46,PO2,160,-2.268,S1O
46,PO2,161,-1.292,S1O
46,PO2,162,-0.804,S1O
46,PO2,163,-0.804,S1O
46,PO2,164,-1.780,S1O
46,PO2,165,-1.780,S1O
46,PO2,166,-0.804,S1O
46,PO2,167,0.661,S1O
46,PO2,168,2.126,S1O
46,PO2,169,3.591,S1O
46,PO2,170,4.567,S1O
46,PO2,171,5.056,S1O
46,PO2,172,4.567,S1O
46,PO2,173,4.567,S1O
46,PO2,174,4.079,S1O
46,PO2,175,3.591,S1O
46,PO2,176,3.103,S1O
46,PO2,177,4.079,S1O
46,PO2,178,5.056,S1O
46,PO2,179,6.032,S1O
46,PO2,180,6.521,S1O
46,PO2,181,5.544,S1O
46,PO2,182,3.591,S1O
46,PO2,183,2.614,S1O
46,PO2,184,2.614,S1O
46,PO2,185,4.079,S1O
46,PO2,186,6.032,S1O
46,PO2,187,7.497,S1O
46,PO2,188,6.521,S1O
46,PO2,189,3.591,S1O
46,PO2,190,-0.315,S1O
46,PO2,191,-3.245,S1O
46,PO2,192,-5.198,S1O
46,PO2,193,-6.175,S1O
46,PO2,194,-6.663,S1O
46,PO2,195,-7.640,S1O
46,PO2,196,-9.104,S1O
46,PO2,197,-9.593,S1O
46,PO2,198,-8.128,S1O
46,PO2,199,-6.175,S1O
46,PO2,200,-4.222,S1O
46,PO2,201,-2.757,S1O
46,PO2,202,-3.245,S1O
46,PO2,203,-4.222,S1O
46,PO2,204,-5.198,S1O
46,PO2,205,-5.686,S1O
46,PO2,206,-5.686,S1O
46,PO2,207,-5.686,S1O
46,PO2,208,-5.686,S1O
46,PO2,209,-5.198,S1O
46,PO2,210,-4.710,S1O
46,PO2,211,-4.710,S1O
46,PO2,212,-4.710,S1O
46,PO2,213,-5.686,S1O
46,PO2,214,-7.151,S1O
46,PO2,215,-9.104,S1O
46,PO2,216,-10.081,S1O
46,PO2,217,-10.569,S1O
46,PO2,218,-10.569,S1O
46,PO2,219,-10.569,S1O
46,PO2,220,-10.569,S1O
46,PO2,221,-10.569,S1O
46,PO2,222,-10.081,S1O
46,PO2,223,-9.104,S1O
46,PO2,224,-8.616,S1O
46,PO2,225,-8.616,S1O
46,PO2,226,-10.081,S1O
46,PO2,227,-12.034,S1O
46,PO2,228,-13.011,S1O
46,PO2,229,-13.011,S1O
46,PO2,230,-12.034,S1O
46,PO2,231,-10.569,S1O
46,PO2,232,-10.081,S1O
46,PO2,233,-10.081,S1O
46,PO2,234,-11.546,S1O
46,PO2,235,-12.522,S1O
46,PO2,236,-13.011,S1O
46,PO2,237,-12.522,S1O
46,PO2,238,-11.546,S1O
46,PO2,239,-12.034,S1O
46,PO2,240,-13.011,S1O
46,PO2,241,-14.964,S1O
46,PO2,242,-16.917,S1O
46,PO2,243,-17.405,S1O
46,PO2,244,-16.917,S1O
46,PO2,245,-15.940,S1O
46,PO2,246,-15.452,S1O
46,PO2,247,-15.452,S1O
46,PO2,248,-16.429,S1O
46,PO2,249,-17.405,S1O
46,PO2,250,-17.893,S1O
46,PO2,251,-17.405,S1O
46,PO2,252,-16.429,S1O
46,PO2,253,-14.476,S1O
46,PO2,254,-13.499,S1O
46,PO2,255,-13.499,S1O
46,PO1,0,-2.462,S1O
46,PO1,1,-0.509,S1O
46,PO1,2,0.468,S1O
46,PO1,3,0.468,S1O
46,PO1,4,-0.509,S1O
46,PO1,5,-0.997,S1O
46,PO1,6,-1.485,S1O
46,PO1,7,-1.485,S1O
46,PO1,8,-0.020,S1O
46,PO1,9,1.444,S1O
46,PO1,10,2.421,S1O
46,PO1,11,1.933,S1O
46,PO1,12,-0.020,S1O
46,PO1,13,-2.462,S1O
46,PO1,14,-2.950,S1O
46,PO1,15,-1.485,S1O
46,PO1,16,2.421,S1O
46,PO1,17,6.816,S1O
46,PO1,18,8.769,S1O
46,PO1,19,7.304,S1O
46,PO1,20,2.909,S1O
46,PO1,21,-2.950,S1O
46,PO1,22,-7.833,S1O
46,PO1,23,-10.763,S1O
46,PO1,24,-11.739,S1O
46,PO1,25,-12.227,S1O
46,PO1,26,-13.692,S1O
46,PO1,27,-15.645,S1O
46,PO1,28,-17.110,S1O
46,PO1,29,-17.110,S1O
46,PO1,30,-14.181,S1O
46,PO1,31,-9.298,S1O
46,PO1,32,-4.903,S1O
46,PO1,33,-2.462,S1O
46,PO1,34,-2.950,S1O
46,PO1,35,-4.903,S1O
46,PO1,36,-7.345,S1O
46,PO1,37,-7.833,S1O
46,PO1,38,-6.368,S1O
46,PO1,39,-3.927,S1O
46,PO1,40,-0.020,S1O
46,PO1,41,3.398,S1O
46,PO1,42,5.839,S1O
46,PO1,43,6.816,S1O
46,PO1,44,5.839,S1O
46,PO1,45,3.886,S1O
46,PO1,46,1.933,S1O
46,PO1,47,1.444,S1O
46,PO1,48,2.909,S1O
46,PO1,49,3.886,S1O
46,PO1,50,4.374,S1O
46,PO1,51,3.398,S1O
46,PO1,52,2.421,S1O
46,PO1,53,2.421,S1O
46,PO1,54,3.398,S1O
46,PO1,55,3.886,S1O
46,PO1,56,2.421,S1O
46,PO1,57,-1.485,S1O
46,PO1,58,-5.391,S1O
46,PO1,59,-6.856,S1O
46,PO1,60,-4.903,S1O
46,PO1,61,-0.997,S1O
46,PO1,62,2.421,S1O
46,PO1,63,3.886,S1O
46,PO1,64,3.398,S1O
46,PO1,65,2.909,S1O
46,PO1,66,2.909,S1O
46,PO1,67,4.374,S1O
46,PO1,68,4.862,S1O
46,PO1,69,4.862,S1O
46,PO1,70,3.398,S1O
46,PO1,71,2.421,S1O
46,PO1,72,2.421,S1O
46,PO1,73,2.909,S1O
46,PO1,74,3.398,S1O
46,PO1,75,2.909,S1O
46,PO1,76,-0.020,S1O
46,PO1,77,-2.950,S1O
46,PO1,78,-5.391,S1O
46,PO1,79,-3.927,S1O
46,PO1,80,-2.950,S1O
46,PO1,81,-0.997,S1O
46,PO1,82,0.468,S1O
46,PO1,83,-0.020,S1O
46,PO1,84,-0.509,S1O
46,PO1,85,-0.509,S1O
46,PO1,86,0.468,S1O
46,PO1,87,2.421,S1O
46,PO1,88,3.398,S1O
46,PO1,89,3.398,S1O
46,PO1,90,2.909,S1O
46,PO1,91,2.421,S1O
46,PO1,92,1.444,S1O
46,PO1,93,0.956,S1O
46,PO1,94,-0.020,S1O
46,PO1,95,-0.997,S1O
46,PO1,96,-1.485,S1O
46,PO1,97,-1.485,S1O
46,PO1,98,-1.485,S1O
46,PO1,99,-1.973,S1O
46,PO1,100,-4.415,S1O
46,PO1,101,-7.345,S1O
46,PO1,102,-9.298,S1O
46,PO1,103,-8.809,S1O
46,PO1,104,-6.856,S1O
46,PO1,105,-4.903,S1O
46,PO1,106,-5.880,S1O
46,PO1,107,-8.809,S1O
46,PO1,108,-12.716,S1O
46,PO1,109,-14.181,S1O
46,PO1,110,-12.716,S1O
46,PO1,111,-9.298,S1O
46,PO1,112,-6.368,S1O
46,PO1,113,-5.391,S1O
46,PO1,114,-5.880,S1O
46,PO1,115,-6.368,S1O
46,PO1,116,-4.415,S1O
46,PO1,117,-0.997,S1O
46,PO1,118,2.421,S1O
46,PO1,119,3.886,S1O
46,PO1,120,2.421,S1O
46,PO1,121,-0.997,S1O
46,PO1,122,-3.438,S1O
46,PO1,123,-5.391,S1O
46,PO1,124,-4.903,S1O
46,PO1,125,-4.415,S1O
46,PO1,126,-3.927,S1O
46,PO1,127,-3.927,S1O
46,PO1,128,-2.950,S1O
46,PO1,129,-1.485,S1O
46,PO1,130,-0.509,S1O
46,PO1,131,-0.020,S1O
46,PO1,132,-1.485,S1O
46,PO1,133,-3.927,S1O
46,PO1,134,-4.903,S1O
46,PO1,135,-4.415,S1O
46,PO1,136,-3.438,S1O
46,PO1,137,-2.462,S1O
46,PO1,138,-2.950,S1O
46,PO1,139,-4.903,S1O
46,PO1,140,-6.856,S1O
46,PO1,141,-7.345,S1O
46,PO1,142,-5.880,S1O
46,PO1,143,-3.927,S1O
46,PO1,144,-2.462,S1O
46,PO1,145,-0.997,S1O
46,PO1,146,-0.020,S1O
46,PO1,147,1.444,S1O
46,PO1,148,1.933,S1O
46,PO1,149,0.956,S1O
46,PO1,150,-0.997,S1O
46,PO1,151,-2.950,S1O
46,PO1,152,-3.438,S1O
46,PO1,153,-2.950,S1O
46,PO1,154,-2.462,S1O
46,PO1,155,-3.438,S1O
46,PO1,156,-5.391,S1O
46,PO1,157,-7.833,S1O
46,PO1,158,-8.809,S1O
46,PO1,159,-8.321,S1O
46,PO1,160,-6.368,S1O
46,PO1,161,-3.927,S1O
46,PO1,162,-2.462,S1O
46,PO1,163,-2.950,S1O
46,PO1,164,-3.927,S1O
46,PO1,165,-4.415,S1O
46,PO1,166,-3.927,S1O
46,PO1,167,-2.462,S1O
46,PO1,168,0.468,S1O
46,PO1,169,3.398,S1O
46,PO1,170,6.327,S1O
46,PO1,171,8.280,S1O
46,PO1,172,7.792,S1O
46,PO1,173,6.327,S1O
46,PO1,174,4.374,S1O
46,PO1,175,2.421,S1O
46,PO1,176,2.909,S1O
46,PO1,177,4.862,S1O
46,PO1,178,7.304,S1O
46,PO1,179,9.257,S1O
46,PO1,180,9.745,S1O
46,PO1,181,7.792,S1O
46,PO1,182,4.862,S1O
46,PO1,183,2.421,S1O
46,PO1,184,1.444,S1O
46,PO1,185,1.933,S1O
46,PO1,186,4.374,S1O
46,PO1,187,6.327,S1O
46,PO1,188,6.816,S1O
46,PO1,189,4.862,S1O
46,PO1,190,1.444,S1O
46,PO1,191,-1.973,S1O
46,PO1,192,-4.903,S1O
46,PO1,193,-6.856,S1O
46,PO1,194,-7.833,S1O
46,PO1,195,-8.809,S1O
46,PO1,196,-8.321,S1O
46,PO1,197,-7.833,S1O
46,PO1,198,-6.368,S1O
46,PO1,199,-4.415,S1O
46,PO1,200,-3.438,S1O
46,PO1,201,-2.950,S1O
46,PO1,202,-2.950,S1O
46,PO1,203,-2.950,S1O
46,PO1,204,-2.462,S1O
46,PO1,205,-2.462,S1O
46,PO1,206,-3.438,S1O
46,PO1,207,-5.391,S1O
46,PO1,208,-7.345,S1O
46,PO1,209,-7.833,S1O
46,PO1,210,-6.856,S1O
46,PO1,211,-5.391,S1O
46,PO1,212,-3.927,S1O
46,PO1,213,-4.415,S1O
46,PO1,214,-5.880,S1O
46,PO1,215,-7.833,S1O
46,PO1,216,-9.298,S1O
46,PO1,217,-10.274,S1O
46,PO1,218,-10.763,S1O
46,PO1,219,-10.763,S1O
46,PO1,220,-10.763,S1O
46,PO1,221,-9.786,S1O
46,PO1,222,-9.298,S1O
46,PO1,223,-7.833,S1O
46,PO1,224,-7.345,S1O
46,PO1,225,-7.833,S1O
46,PO1,226,-10.274,S1O
46,PO1,227,-12.716,S1O
46,PO1,228,-15.157,S1O
46,PO1,229,-16.134,S1O
46,PO1,230,-14.669,S1O
46,PO1,231,-12.227,S1O
46,PO1,232,-10.274,S1O
46,PO1,233,-9.786,S1O
46,PO1,234,-11.251,S1O
46,PO1,235,-12.716,S1O
46,PO1,236,-12.716,S1O
46,PO1,237,-12.227,S1O
46,PO1,238,-11.251,S1O
46,PO1,239,-10.763,S1O
46,PO1,240,-11.739,S1O
46,PO1,241,-13.692,S1O
46,PO1,242,-15.157,S1O
46,PO1,243,-15.645,S1O
46,PO1,244,-16.134,S1O
46,PO1,245,-15.645,S1O
46,PO1,246,-15.157,S1O
46,PO1,247,-14.669,S1O
46,PO1,248,-15.157,S1O
46,PO1,249,-16.134,S1O
46,PO1,250,-17.598,S1O
46,PO1,251,-18.087,S1O
46,PO1,252,-16.134,S1O
46,PO1,253,-12.716,S1O
46,PO1,254,-9.298,S1O
46,PO1,255,-7.833,S1O
46,O2,0,-1.119,S1O
46,O2,1,0.346,S1O
46,O2,2,1.322,S1O
46,O2,3,1.322,S1O
46,O2,4,0.834,S1O
46,O2,5,-0.142,S1O
46,O2,6,-1.119,S1O
46,O2,7,-1.607,S1O
46,O2,8,-0.631,S1O
46,O2,9,0.346,S1O
46,O2,10,2.299,S1O
46,O2,11,3.764,S1O
46,O2,12,4.252,S1O
46,O2,13,4.740,S1O
46,O2,14,5.229,S1O
46,O2,15,7.182,S1O
46,O2,16,10.111,S1O
46,O2,17,12.553,S1O
46,O2,18,13.529,S1O
46,O2,19,11.576,S1O
46,O2,20,7.182,S1O
46,O2,21,1.811,S1O
46,O2,22,-3.072,S1O
46,O2,23,-7.467,S1O
46,O2,24,-10.396,S1O
46,O2,25,-12.838,S1O
46,O2,26,-14.791,S1O
46,O2,27,-16.256,S1O
46,O2,28,-16.744,S1O
46,O2,29,-15.279,S1O
46,O2,30,-12.838,S1O
46,O2,31,-10.396,S1O
46,O2,32,-8.931,S1O
46,O2,33,-7.955,S1O
46,O2,34,-7.955,S1O
46,O2,35,-7.467,S1O
46,O2,36,-6.490,S1O
46,O2,37,-4.537,S1O
46,O2,38,-1.607,S1O
46,O2,39,1.322,S1O
46,O2,40,4.740,S1O
46,O2,41,6.694,S1O
46,O2,42,7.670,S1O
46,O2,43,7.182,S1O
46,O2,44,4.740,S1O
46,O2,45,1.811,S1O
46,O2,46,-0.631,S1O
46,O2,47,-1.607,S1O
46,O2,48,-1.119,S1O
46,O2,49,-0.142,S1O
46,O2,50,0.346,S1O
46,O2,51,0.346,S1O
46,O2,52,-0.631,S1O
46,O2,53,-1.607,S1O
46,O2,54,-3.072,S1O
46,O2,55,-5.025,S1O
46,O2,56,-6.978,S1O
46,O2,57,-9.420,S1O
46,O2,58,-10.885,S1O
46,O2,59,-10.396,S1O
46,O2,60,-8.443,S1O
46,O2,61,-5.514,S1O
46,O2,62,-2.096,S1O
46,O2,63,-0.142,S1O
46,O2,64,1.322,S1O
46,O2,65,1.322,S1O
46,O2,66,0.834,S1O
46,O2,67,0.834,S1O
46,O2,68,0.834,S1O
46,O2,69,1.322,S1O
46,O2,70,1.811,S1O
46,O2,71,1.811,S1O
46,O2,72,0.834,S1O
46,O2,73,-0.631,S1O
46,O2,74,-2.584,S1O
46,O2,75,-4.537,S1O
46,O2,76,-5.514,S1O
46,O2,77,-5.514,S1O
46,O2,78,-4.537,S1O
46,O2,79,-3.560,S1O
46,O2,80,-3.072,S1O
46,O2,81,-3.560,S1O
46,O2,82,-4.537,S1O
46,O2,83,-5.514,S1O
46,O2,84,-5.514,S1O
46,O2,85,-4.537,S1O
46,O2,86,-2.584,S1O
46,O2,87,-0.142,S1O
46,O2,88,1.322,S1O
46,O2,89,1.811,S1O
46,O2,90,0.834,S1O
46,O2,91,-0.142,S1O
46,O2,92,-1.119,S1O
46,O2,93,-1.607,S1O
46,O2,94,-1.607,S1O
46,O2,95,-2.096,S1O
46,O2,96,-2.584,S1O
46,O2,97,-2.584,S1O
46,O2,98,-2.096,S1O
46,O2,99,-1.607,S1O
46,O2,100,-2.584,S1O
46,O2,101,-4.049,S1O
46,O2,102,-6.002,S1O
46,O2,103,-6.978,S1O
46,O2,104,-6.490,S1O
46,O2,105,-5.514,S1O
46,O2,106,-6.002,S1O
46,O2,107,-7.955,S1O
46,O2,108,-10.396,S1O
46,O2,109,-12.349,S1O
46,O2,110,-13.326,S1O
46,O2,111,-12.349,S1O
46,O2,112,-10.885,S1O
46,O2,113,-9.420,S1O
46,O2,114,-7.955,S1O
46,O2,115,-6.002,S1O
46,O2,116,-3.072,S1O
46,O2,117,-0.631,S1O
46,O2,118,0.834,S1O
46,O2,119,0.346,S1O
46,O2,120,-1.119,S1O
46,O2,121,-2.584,S1O
46,O2,122,-3.560,S1O
46,O2,123,-4.049,S1O
46,O2,124,-5.025,S1O
46,O2,125,-5.514,S1O
46,O2,126,-6.490,S1O
46,O2,127,-6.002,S1O
46,O2,128,-4.537,S1O
46,O2,129,-3.072,S1O
46,O2,130,-1.607,S1O
46,O2,131,-0.631,S1O
46,O2,132,0.346,S1O
46,O2,133,0.834,S1O
46,O2,134,1.811,S1O
46,O2,135,1.811,S1O
46,O2,136,1.811,S1O
46,O2,137,0.834,S1O
46,O2,138,-1.119,S1O
46,O2,139,-2.584,S1O
46,O2,140,-3.560,S1O
46,O2,141,-4.049,S1O
46,O2,142,-4.049,S1O
46,O2,143,-3.560,S1O
46,O2,144,-2.584,S1O
46,O2,145,-1.607,S1O
46,O2,146,-1.119,S1O
46,O2,147,-1.607,S1O
46,O2,148,-2.584,S1O
46,O2,149,-3.560,S1O
46,O2,150,-4.049,S1O
46,O2,151,-2.584,S1O
46,O2,152,-1.119,S1O
46,O2,153,-0.142,S1O
46,O2,154,-0.631,S1O
46,O2,155,-2.584,S1O
46,O2,156,-5.025,S1O
46,O2,157,-6.978,S1O
46,O2,158,-6.978,S1O
46,O2,159,-5.514,S1O
46,O2,160,-3.560,S1O
46,O2,161,-2.096,S1O
46,O2,162,-1.607,S1O
46,O2,163,-2.096,S1O
46,O2,164,-2.584,S1O
46,O2,165,-2.584,S1O
46,O2,166,-2.096,S1O
46,O2,167,-0.631,S1O
46,O2,168,0.834,S1O
46,O2,169,2.299,S1O
46,O2,170,3.276,S1O
46,O2,171,4.252,S1O
46,O2,172,4.252,S1O
46,O2,173,4.252,S1O
46,O2,174,4.252,S1O
46,O2,175,4.252,S1O
46,O2,176,5.229,S1O
46,O2,177,5.717,S1O
46,O2,178,6.205,S1O
46,O2,179,6.205,S1O
46,O2,180,5.717,S1O
46,O2,181,4.252,S1O
46,O2,182,2.299,S1O
46,O2,183,1.811,S1O
46,O2,184,2.299,S1O
46,O2,185,4.252,S1O
46,O2,186,7.182,S1O
46,O2,187,8.158,S1O
46,O2,188,7.670,S1O
46,O2,189,4.252,S1O
46,O2,190,0.346,S1O
46,O2,191,-3.560,S1O
46,O2,192,-5.025,S1O
46,O2,193,-6.002,S1O
46,O2,194,-6.490,S1O
46,O2,195,-7.467,S1O
46,O2,196,-7.955,S1O
46,O2,197,-8.443,S1O
46,O2,198,-6.978,S1O
46,O2,199,-4.537,S1O
46,O2,200,-2.584,S1O
46,O2,201,-2.096,S1O
46,O2,202,-3.560,S1O
46,O2,203,-5.514,S1O
46,O2,204,-6.490,S1O
46,O2,205,-6.490,S1O
46,O2,206,-6.002,S1O
46,O2,207,-5.514,S1O
46,O2,208,-5.514,S1O
46,O2,209,-5.514,S1O
46,O2,210,-5.025,S1O
46,O2,211,-4.537,S1O
46,O2,212,-4.537,S1O
46,O2,213,-5.514,S1O
46,O2,214,-6.978,S1O
46,O2,215,-8.931,S1O
46,O2,216,-10.396,S1O
46,O2,217,-11.373,S1O
46,O2,218,-11.373,S1O
46,O2,219,-11.373,S1O
46,O2,220,-11.373,S1O
46,O2,221,-11.373,S1O
46,O2,222,-11.373,S1O
46,O2,223,-10.885,S1O
46,O2,224,-11.373,S1O
46,O2,225,-12.838,S1O
46,O2,226,-14.303,S1O
46,O2,227,-16.256,S1O
46,O2,228,-17.232,S1O
46,O2,229,-17.232,S1O
46,O2,230,-16.256,S1O
46,O2,231,-14.791,S1O
46,O2,232,-14.303,S1O
46,O2,233,-14.303,S1O
46,O2,234,-15.279,S1O
46,O2,235,-16.256,S1O
46,O2,236,-16.256,S1O
46,O2,237,-15.767,S1O
46,O2,238,-14.791,S1O
46,O2,239,-14.791,S1O
46,O2,240,-15.767,S1O
46,O2,241,-17.232,S1O
46,O2,242,-18.697,S1O
46,O2,243,-19.185,S1O
46,O2,244,-19.185,S1O
46,O2,245,-19.185,S1O
46,O2,246,-19.185,S1O
46,O2,247,-20.162,S1O
46,O2,248,-21.139,S1O
46,O2,249,-22.115,S1O
46,O2,250,-22.603,S1O
46,O2,251,-22.603,S1O
46,O2,252,-22.115,S1O
46,O2,253,-21.139,S1O
46,O2,254,-20.162,S1O
46,O2,255,-20.162,S1O
46,O1,0,-4.120,S1O
46,O1,1,-1.678,S1O
46,O1,2,-1.190,S1O
46,O1,3,-1.678,S1O
46,O1,4,-4.120,S1O
46,O1,5,-7.050,S1O
46,O1,6,-9.003,S1O
46,O1,7,-9.003,S1O
46,O1,8,-6.561,S1O
46,O1,9,-2.167,S1O
46,O1,10,1.740,S1O
46,O1,11,3.693,S1O
46,O1,12,3.204,S1O
46,O1,13,2.228,S1O
46,O1,14,3.204,S1O
46,O1,15,6.134,S1O
46,O1,16,11.017,S1O
46,O1,17,14.435,S1O
46,O1,18,14.923,S1O
46,O1,19,11.993,S1O
46,O1,20,6.622,S1O
46,O1,21,-0.214,S1O
46,O1,22,-6.073,S1O
46,O1,23,-9.979,S1O
46,O1,24,-11.932,S1O
46,O1,25,-13.885,S1O
46,O1,26,-17.303,S1O
46,O1,27,-23.163,S1O
46,O1,28,-28.046,S1O
46,O1,29,-29.510,S1O
46,O1,30,-25.604,S1O
46,O1,31,-17.303,S1O
46,O1,32,-9.491,S1O
46,O1,33,-4.120,S1O
46,O1,34,-4.608,S1O
46,O1,35,-8.026,S1O
46,O1,36,-10.956,S1O
46,O1,37,-12.421,S1O
46,O1,38,-10.956,S1O
46,O1,39,-7.538,S1O
46,O1,40,-3.632,S1O
46,O1,41,1.740,S1O
46,O1,42,6.134,S1O
46,O1,43,9.064,S1O
46,O1,44,8.087,S1O
46,O1,45,4.669,S1O
46,O1,46,0.763,S1O
46,O1,47,-1.678,S1O
46,O1,48,-0.702,S1O
46,O1,49,0.763,S1O
46,O1,50,0.763,S1O
46,O1,51,-1.678,S1O
46,O1,52,-5.585,S1O
46,O1,53,-6.561,S1O
46,O1,54,-5.096,S1O
46,O1,55,-3.143,S1O
46,O1,56,-3.632,S1O
46,O1,57,-8.026,S1O
46,O1,58,-12.909,S1O
46,O1,59,-15.350,S1O
46,O1,60,-12.909,S1O
46,O1,61,-7.538,S1O
46,O1,62,-2.167,S1O
46,O1,63,-0.702,S1O
46,O1,64,-1.190,S1O
46,O1,65,-1.678,S1O
46,O1,66,-1.678,S1O
46,O1,67,-0.214,S1O
46,O1,68,0.275,S1O
46,O1,69,-0.214,S1O
46,O1,70,-1.678,S1O
46,O1,71,-2.167,S1O
46,O1,72,-1.190,S1O
46,O1,73,0.763,S1O
46,O1,74,0.763,S1O
46,O1,75,-1.678,S1O
46,O1,76,-7.050,S1O
46,O1,77,-13.397,S1O
46,O1,78,-15.839,S1O
46,O1,79,-14.374,S1O
46,O1,80,-9.491,S1O
46,O1,81,-4.608,S1O
46,O1,82,-2.167,S1O
46,O1,83,-1.678,S1O
46,O1,84,-2.167,S1O
46,O1,85,-1.678,S1O
46,O1,86,-0.214,S1O
46,O1,87,1.740,S1O
46,O1,88,2.228,S1O
46,O1,89,1.251,S1O
46,O1,90,-0.702,S1O
46,O1,91,-1.190,S1O
46,O1,92,-1.190,S1O
46,O1,93,-1.190,S1O
46,O1,94,-2.655,S1O
46,O1,95,-4.608,S1O
46,O1,96,-5.585,S1O
46,O1,97,-5.096,S1O
46,O1,98,-4.608,S1O
46,O1,99,-5.585,S1O
46,O1,100,-8.514,S1O
46,O1,101,-12.909,S1O
46,O1,102,-14.374,S1O
46,O1,103,-12.909,S1O
46,O1,104,-8.026,S1O
46,O1,105,-4.608,S1O
46,O1,106,-5.585,S1O
46,O1,107,-10.956,S1O
46,O1,108,-16.815,S1O
46,O1,109,-19.257,S1O
46,O1,110,-15.839,S1O
46,O1,111,-9.491,S1O
46,O1,112,-5.096,S1O
46,O1,113,-5.096,S1O
46,O1,114,-8.514,S1O
46,O1,115,-11.932,S1O
46,O1,116,-10.468,S1O
46,O1,117,-4.608,S1O
46,O1,118,1.740,S1O
46,O1,119,5.157,S1O
46,O1,120,3.693,S1O
46,O1,121,-1.678,S1O
46,O1,122,-7.050,S1O
46,O1,123,-9.491,S1O
46,O1,124,-9.491,S1O
46,O1,125,-8.514,S1O
46,O1,126,-8.026,S1O
46,O1,127,-8.026,S1O
46,O1,128,-7.050,S1O
46,O1,129,-4.608,S1O
46,O1,130,-1.678,S1O
46,O1,131,-0.702,S1O
46,O1,132,-2.655,S1O
46,O1,133,-5.585,S1O
46,O1,134,-8.514,S1O
46,O1,135,-8.026,S1O
46,O1,136,-6.561,S1O
46,O1,137,-5.585,S1O
46,O1,138,-6.561,S1O
46,O1,139,-8.514,S1O
46,O1,140,-9.979,S1O
46,O1,141,-9.491,S1O
46,O1,142,-8.026,S1O
46,O1,143,-6.561,S1O
46,O1,144,-5.585,S1O
46,O1,145,-4.608,S1O
46,O1,146,-2.655,S1O
46,O1,147,0.275,S1O
46,O1,148,2.716,S1O
46,O1,149,2.228,S1O
46,O1,150,-0.702,S1O
46,O1,151,-4.608,S1O
46,O1,152,-6.561,S1O
46,O1,153,-5.585,S1O
46,O1,154,-4.120,S1O
46,O1,155,-4.120,S1O
46,O1,156,-6.561,S1O
46,O1,157,-9.979,S1O
46,O1,158,-11.444,S1O
46,O1,159,-10.956,S1O
46,O1,160,-8.514,S1O
46,O1,161,-5.096,S1O
46,O1,162,-3.632,S1O
46,O1,163,-3.143,S1O
46,O1,164,-4.120,S1O
46,O1,165,-5.585,S1O
46,O1,166,-5.585,S1O
46,O1,167,-4.608,S1O
46,O1,168,-1.678,S1O
46,O1,169,3.204,S1O
46,O1,170,7.599,S1O
46,O1,171,10.040,S1O
46,O1,172,9.552,S1O
46,O1,173,6.134,S1O
46,O1,174,2.228,S1O
46,O1,175,-0.214,S1O
46,O1,176,0.763,S1O
46,O1,177,3.693,S1O
46,O1,178,7.111,S1O
46,O1,179,9.064,S1O
46,O1,180,9.552,S1O
46,O1,181,8.087,S1O
46,O1,182,5.646,S1O
46,O1,183,3.204,S1O
46,O1,184,1.740,S1O
46,O1,185,1.740,S1O
46,O1,186,3.204,S1O
46,O1,187,5.157,S1O
46,O1,188,6.134,S1O
46,O1,189,5.646,S1O
46,O1,190,3.204,S1O
46,O1,191,-0.214,S1O
46,O1,192,-3.143,S1O
46,O1,193,-5.096,S1O
46,O1,194,-6.561,S1O
46,O1,195,-7.538,S1O
46,O1,196,-7.538,S1O
46,O1,197,-7.050,S1O
46,O1,198,-5.585,S1O
46,O1,199,-5.096,S1O
46,O1,200,-5.096,S1O
46,O1,201,-5.585,S1O
46,O1,202,-5.585,S1O
46,O1,203,-3.632,S1O
46,O1,204,-1.678,S1O
46,O1,205,-1.678,S1O
46,O1,206,-3.632,S1O
46,O1,207,-7.538,S1O
46,O1,208,-9.979,S1O
46,O1,209,-10.468,S1O
46,O1,210,-8.026,S1O
46,O1,211,-4.608,S1O
46,O1,212,-2.655,S1O
46,O1,213,-2.655,S1O
46,O1,214,-4.120,S1O
46,O1,215,-6.073,S1O
46,O1,216,-8.514,S1O
46,O1,217,-10.956,S1O
46,O1,218,-12.909,S1O
46,O1,219,-13.397,S1O
46,O1,220,-12.909,S1O
46,O1,221,-11.444,S1O
46,O1,222,-9.979,S1O
46,O1,223,-8.514,S1O
46,O1,224,-8.514,S1O
46,O1,225,-9.979,S1O
46,O1,226,-13.397,S1O
46,O1,227,-18.280,S1O
46,O1,228,-22.675,S1O
46,O1,229,-24.628,S1O
46,O1,230,-22.186,S1O
46,O1,231,-17.792,S1O
46,O1,232,-13.885,S1O
46,O1,233,-12.421,S1O
46,O1,234,-13.885,S1O
46,O1,235,-16.327,S1O
46,O1,236,-17.792,S1O
46,O1,237,-17.303,S1O
46,O1,238,-16.327,S1O
46,O1,239,-15.350,S1O
46,O1,240,-15.350,S1O
46,O1,241,-16.327,S1O
46,O1,242,-16.815,S1O
46,O1,243,-17.792,S1O
46,O1,244,-18.768,S1O
46,O1,245,-19.745,S1O
46,O1,246,-19.257,S1O
46,O1,247,-18.768,S1O
46,O1,248,-19.257,S1O
46,O1,249,-21.698,S1O
46,O1,250,-25.604,S1O
46,O1,251,-28.534,S1O
46,O1,252,-27.069,S1O
46,O1,253,-21.698,S1O
46,O1,254,-14.862,S1O
46,O1,255,-11.444,S1O
46,X,0,-4.985,S1O
46,X,1,-3.520,S1O
46,X,2,-1.078,S1O
46,X,3,1.851,S1O
46,X,4,2.828,S1O
46,X,5,-0.102,S1O
46,X,6,-5.473,S1O
46,X,7,-10.356,S1O
46,X,8,-11.820,S1O
46,X,9,-8.891,S1O
46,X,10,-2.055,S1O
46,X,11,4.781,S1O
46,X,12,10.640,S1O
46,X,13,14.547,S1O
46,X,14,18.453,S1O
46,X,15,21.871,S1O
46,X,16,24.801,S1O
46,X,17,25.289,S1O
46,X,18,22.847,S1O
46,X,19,17.476,S1O
46,X,20,11.617,S1O
46,X,21,7.711,S1O
46,X,22,5.269,S1O
46,X,23,4.293,S1O
46,X,24,3.805,S1O
46,X,25,2.828,S1O
46,X,26,1.851,S1O
46,X,27,1.851,S1O
46,X,28,3.316,S1O
46,X,29,4.781,S1O
46,X,30,5.758,S1O
46,X,31,5.269,S1O
46,X,32,5.269,S1O
46,X,33,6.246,S1O
46,X,34,7.711,S1O
46,X,35,10.152,S1O
46,X,36,11.129,S1O
46,X,37,10.640,S1O
46,X,38,9.176,S1O
46,X,39,7.711,S1O
46,X,40,6.246,S1O
46,X,41,4.781,S1O
46,X,42,2.828,S1O
46,X,43,-0.102,S1O
46,X,44,-3.520,S1O
46,X,45,-5.961,S1O
46,X,46,-5.473,S1O
46,X,47,-3.520,S1O
46,X,48,-0.590,S1O
46,X,49,0.875,S1O
46,X,50,0.387,S1O
46,X,51,-1.078,S1O
46,X,52,-1.567,S1O
46,X,53,-0.590,S1O
46,X,54,0.875,S1O
46,X,55,2.828,S1O
46,X,56,3.316,S1O
46,X,57,3.316,S1O
46,X,58,2.340,S1O
46,X,59,0.387,S1O
46,X,60,-1.567,S1O
46,X,61,-4.008,S1O
46,X,62,-6.449,S1O
46,X,63,-8.891,S1O
46,X,64,-9.867,S1O
46,X,65,-9.867,S1O
46,X,66,-9.867,S1O
46,X,67,-10.356,S1O
46,X,68,-11.820,S1O
46,X,69,-13.774,S1O
46,X,70,-13.774,S1O
46,X,71,-12.797,S1O
46,X,72,-10.356,S1O
46,X,73,-8.403,S1O
46,X,74,-6.938,S1O
46,X,75,-6.938,S1O
46,X,76,-6.449,S1O
46,X,77,-4.985,S1O
46,X,78,-2.543,S1O
46,X,79,-0.102,S1O
46,X,80,1.851,S1O
46,X,81,1.851,S1O
46,X,82,0.387,S1O
46,X,83,-1.078,S1O
46,X,84,-2.055,S1O
46,X,85,-1.078,S1O
46,X,86,-0.102,S1O
46,X,87,2.340,S1O
46,X,88,5.269,S1O
46,X,89,7.711,S1O
46,X,90,9.176,S1O
46,X,91,8.687,S1O
46,X,92,5.758,S1O
46,X,93,2.340,S1O
46,X,94,0.387,S1O
46,X,95,1.363,S1O
46,X,96,4.781,S1O
46,X,97,8.687,S1O
46,X,98,10.640,S1O
46,X,99,9.664,S1O
46,X,100,6.246,S1O
46,X,101,3.316,S1O
46,X,102,1.363,S1O
46,X,103,0.387,S1O
46,X,104,-0.102,S1O
46,X,105,-1.078,S1O
46,X,106,-2.055,S1O
46,X,107,-2.543,S1O
46,X,108,-2.055,S1O
46,X,109,0.387,S1O
46,X,110,1.851,S1O
46,X,111,1.851,S1O
46,X,112,-0.590,S1O
46,X,113,-3.520,S1O
46,X,114,-4.496,S1O
46,X,115,-3.520,S1O
46,X,116,-0.590,S1O
46,X,117,2.828,S1O
46,X,118,5.269,S1O
46,X,119,6.246,S1O
46,X,120,7.222,S1O
46,X,121,8.199,S1O
46,X,122,8.687,S1O
46,X,123,9.664,S1O
46,X,124,10.152,S1O
46,X,125,10.640,S1O
46,X,126,10.152,S1O
46,X,127,8.199,S1O
46,X,128,4.781,S1O
46,X,129,1.851,S1O
46,X,130,-0.102,S1O
46,X,131,-0.590,S1O
46,X,132,1.363,S1O
46,X,133,2.340,S1O
46,X,134,1.851,S1O
46,X,135,-1.078,S1O
46,X,136,-4.496,S1O
46,X,137,-7.426,S1O
46,X,138,-8.891,S1O
46,X,139,-9.867,S1O
46,X,140,-10.844,S1O
46,X,141,-11.820,S1O
46,X,142,-12.797,S1O
46,X,143,-12.309,S1O
46,X,144,-9.867,S1O
46,X,145,-7.914,S1O
46,X,146,-6.449,S1O
46,X,147,-6.938,S1O
46,X,148,-6.938,S1O
46,X,149,-6.449,S1O
46,X,150,-4.496,S1O
46,X,151,-2.543,S1O
46,X,152,-2.055,S1O
46,X,153,-2.543,S1O
46,X,154,-3.031,S1O
46,X,155,-2.543,S1O
46,X,156,-1.078,S1O
46,X,157,-0.102,S1O
46,X,158,0.387,S1O
46,X,159,-0.102,S1O
46,X,160,0.387,S1O
46,X,161,1.851,S1O
46,X,162,3.805,S1O
46,X,163,4.781,S1O
46,X,164,3.805,S1O
46,X,165,2.828,S1O
46,X,166,1.851,S1O
46,X,167,2.828,S1O
46,X,168,4.293,S1O
46,X,169,5.269,S1O
46,X,170,5.269,S1O
46,X,171,5.269,S1O
46,X,172,6.246,S1O
46,X,173,9.176,S1O
46,X,174,11.617,S1O
46,X,175,11.617,S1O
46,X,176,9.176,S1O
46,X,177,4.781,S1O
46,X,178,1.851,S1O
46,X,179,2.828,S1O
46,X,180,6.246,S1O
46,X,181,9.664,S1O
46,X,182,11.617,S1O
46,X,183,10.152,S1O
46,X,184,7.711,S1O
46,X,185,6.246,S1O
46,X,186,6.246,S1O
46,X,187,6.734,S1O
46,X,188,6.734,S1O
46,X,189,5.758,S1O
46,X,190,3.316,S1O
46,X,191,1.363,S1O
46,X,192,0.387,S1O
46,X,193,0.387,S1O
46,X,194,0.875,S1O
46,X,195,0.875,S1O
46,X,196,0.875,S1O
46,X,197,0.875,S1O
46,X,198,2.340,S1O
46,X,199,3.805,S1O
46,X,200,5.269,S1O
46,X,201,5.269,S1O
46,X,202,3.316,S1O
46,X,203,0.875,S1O
46,X,204,-1.078,S1O
46,X,205,-2.055,S1O
46,X,206,-2.055,S1O
46,X,207,-1.567,S1O
46,X,208,-0.590,S1O
46,X,209,0.387,S1O
46,X,210,1.851,S1O
46,X,211,2.828,S1O
46,X,212,2.340,S1O
46,X,213,0.387,S1O
46,X,214,-2.543,S1O
46,X,215,-5.961,S1O
46,X,216,-7.914,S1O
46,X,217,-8.891,S1O
46,X,218,-8.891,S1O
46,X,219,-8.891,S1O
46,X,220,-9.867,S1O
46,X,221,-10.844,S1O
46,X,222,-12.309,S1O
46,X,223,-14.262,S1O
46,X,224,-16.215,S1O
46,X,225,-18.656,S1O
46,X,226,-19.145,S1O
46,X,227,-18.168,S1O
46,X,228,-15.727,S1O
46,X,229,-13.285,S1O
46,X,230,-12.797,S1O
46,X,231,-14.750,S1O
46,X,232,-16.703,S1O
46,X,233,-17.192,S1O
46,X,234,-14.750,S1O
46,X,235,-9.379,S1O
46,X,236,-4.496,S1O
46,X,237,-1.078,S1O
46,X,238,-0.590,S1O
46,X,239,-0.590,S1O
46,X,240,-0.102,S1O
46,X,241,0.387,S1O
46,X,242,0.387,S1O
46,X,243,-1.078,S1O
46,X,244,-4.008,S1O
46,X,245,-7.426,S1O
46,X,246,-9.379,S1O
46,X,247,-8.891,S1O
46,X,248,-7.426,S1O
46,X,249,-6.938,S1O
46,X,250,-8.403,S1O
46,X,251,-11.332,S1O
46,X,252,-13.774,S1O
46,X,253,-14.262,S1O
46,X,254,-13.285,S1O
46,X,255,-11.820,S1O
46,AF7,0,-1.119,S1O
46,AF7,1,2.787,S1O
46,AF7,2,5.717,S1O
46,AF7,3,5.229,S1O
46,AF7,4,1.811,S1O
46,AF7,5,-3.072,S1O
46,AF7,6,-6.490,S1O
46,AF7,7,-6.978,S1O
46,AF7,8,-4.049,S1O
46,AF7,9,-0.142,S1O
46,AF7,10,3.764,S1O
46,AF7,11,7.182,S1O
46,AF7,12,10.111,S1O
46,AF7,13,14.506,S1O
46,AF7,14,20.365,S1O
46,AF7,15,24.760,S1O
46,AF7,16,25.248,S1O
46,AF7,17,21.342,S1O
46,AF7,18,15.483,S1O
46,AF7,19,10.600,S1O
46,AF7,20,7.670,S1O
46,AF7,21,6.694,S1O
46,AF7,22,4.740,S1O
46,AF7,23,2.299,S1O
46,AF7,24,0.834,S1O
46,AF7,25,1.322,S1O
46,AF7,26,4.252,S1O
46,AF7,27,6.205,S1O
46,AF7,28,5.229,S1O
46,AF7,29,2.299,S1O
46,AF7,30,-0.631,S1O
46,AF7,31,-0.142,S1O
46,AF7,32,3.276,S1O
46,AF7,33,6.694,S1O
46,AF7,34,7.670,S1O
46,AF7,35,6.694,S1O
46,AF7,36,4.740,S1O
46,AF7,37,3.764,S1O
46,AF7,38,3.276,S1O
46,AF7,39,2.299,S1O
46,AF7,40,-0.142,S1O
46,AF7,41,-2.584,S1O
46,AF7,42,-6.978,S1O
46,AF7,43,-8.931,S1O
46,AF7,44,-8.931,S1O
46,AF7,45,-7.467,S1O
46,AF7,46,-5.514,S1O
46,AF7,47,-4.537,S1O
46,AF7,48,-4.049,S1O
46,AF7,49,-3.072,S1O
46,AF7,50,-2.584,S1O
46,AF7,51,-1.119,S1O
46,AF7,52,-0.142,S1O
46,AF7,53,1.322,S1O
46,AF7,54,1.811,S1O
46,AF7,55,2.299,S1O
46,AF7,56,2.299,S1O
46,AF7,57,2.299,S1O
46,AF7,58,1.322,S1O
46,AF7,59,0.834,S1O
46,AF7,60,-1.119,S1O
46,AF7,61,-3.560,S1O
46,AF7,62,-5.514,S1O
46,AF7,63,-7.467,S1O
46,AF7,64,-8.443,S1O
46,AF7,65,-9.420,S1O
46,AF7,66,-10.396,S1O
46,AF7,67,-11.373,S1O
46,AF7,68,-11.861,S1O
46,AF7,69,-11.861,S1O
46,AF7,70,-11.373,S1O
46,AF7,71,-10.396,S1O
46,AF7,72,-9.908,S1O
46,AF7,73,-10.885,S1O
46,AF7,74,-10.885,S1O
46,AF7,75,-9.420,S1O
46,AF7,76,-6.002,S1O
46,AF7,77,-3.072,S1O
46,AF7,78,-2.096,S1O
46,AF7,79,-2.096,S1O
46,AF7,80,-2.096,S1O
46,AF7,81,-1.607,S1O
46,AF7,82,-0.631,S1O
46,AF7,83,-1.119,S1O
46,AF7,84,-2.096,S1O
46,AF7,85,-3.072,S1O
46,AF7,86,-2.096,S1O
46,AF7,87,2.299,S1O
46,AF7,88,6.205,S1O
46,AF7,89,7.670,S1O
46,AF7,90,5.717,S1O
46,AF7,91,2.299,S1O
46,AF7,92,-0.142,S1O
46,AF7,93,-0.142,S1O
46,AF7,94,0.834,S1O
46,AF7,95,1.811,S1O
46,AF7,96,2.299,S1O
46,AF7,97,2.787,S1O
46,AF7,98,3.276,S1O
46,AF7,99,2.787,S1O
46,AF7,100,0.346,S1O
46,AF7,101,-2.096,S1O
46,AF7,102,-3.072,S1O
46,AF7,103,-2.584,S1O
46,AF7,104,-1.607,S1O
46,AF7,105,-1.607,S1O
46,AF7,106,-2.096,S1O
46,AF7,107,-1.607,S1O
46,AF7,108,0.834,S1O
46,AF7,109,2.299,S1O
46,AF7,110,0.346,S1O
46,AF7,111,-4.537,S1O
46,AF7,112,-7.955,S1O
46,AF7,113,-7.955,S1O
46,AF7,114,-5.025,S1O
46,AF7,115,-2.584,S1O
46,AF7,116,-1.607,S1O
46,AF7,117,-1.607,S1O
46,AF7,118,-1.119,S1O
46,AF7,119,0.834,S1O
46,AF7,120,3.276,S1O
46,AF7,121,5.229,S1O
46,AF7,122,6.694,S1O
46,AF7,123,7.670,S1O
46,AF7,124,8.158,S1O
46,AF7,125,6.205,S1O
46,AF7,126,3.276,S1O
46,AF7,127,0.346,S1O
46,AF7,128,-1.607,S1O
46,AF7,129,-1.607,S1O
46,AF7,130,-1.607,S1O
46,AF7,131,-1.119,S1O
46,AF7,132,-0.631,S1O
46,AF7,133,-1.607,S1O
46,AF7,134,-3.072,S1O
46,AF7,135,-6.002,S1O
46,AF7,136,-8.443,S1O
46,AF7,137,-9.908,S1O
46,AF7,138,-9.908,S1O
46,AF7,139,-9.908,S1O
46,AF7,140,-10.396,S1O
46,AF7,141,-11.373,S1O
46,AF7,142,-11.373,S1O
46,AF7,143,-10.396,S1O
46,AF7,144,-9.420,S1O
46,AF7,145,-9.908,S1O
46,AF7,146,-9.908,S1O
46,AF7,147,-8.931,S1O
46,AF7,148,-6.490,S1O
46,AF7,149,-4.049,S1O
46,AF7,150,-3.072,S1O
46,AF7,151,-4.049,S1O
46,AF7,152,-4.049,S1O
46,AF7,153,-3.560,S1O
46,AF7,154,-1.607,S1O
46,AF7,155,-0.631,S1O
46,AF7,156,-0.631,S1O
46,AF7,157,-1.119,S1O
46,AF7,158,-1.119,S1O
46,AF7,159,-0.631,S1O
46,AF7,160,-0.142,S1O
46,AF7,161,-0.142,S1O
46,AF7,162,-0.142,S1O
46,AF7,163,-0.142,S1O
46,AF7,164,0.834,S1O
46,AF7,165,1.322,S1O
46,AF7,166,1.322,S1O
46,AF7,167,0.834,S1O
46,AF7,168,0.834,S1O
46,AF7,169,1.811,S1O
46,AF7,170,3.764,S1O
46,AF7,171,5.229,S1O
46,AF7,172,6.694,S1O
46,AF7,173,7.182,S1O
46,AF7,174,6.694,S1O
46,AF7,175,4.252,S1O
46,AF7,176,1.322,S1O
46,AF7,177,-0.631,S1O
46,AF7,178,-0.142,S1O
46,AF7,179,1.322,S1O
46,AF7,180,2.787,S1O
46,AF7,181,4.740,S1O
46,AF7,182,5.717,S1O
46,AF7,183,5.717,S1O
46,AF7,184,4.740,S1O
46,AF7,185,3.276,S1O
46,AF7,186,2.299,S1O
46,AF7,187,1.811,S1O
46,AF7,188,1.811,S1O
46,AF7,189,0.834,S1O
46,AF7,190,-0.142,S1O
46,AF7,191,-1.607,S1O
46,AF7,192,-2.096,S1O
46,AF7,193,-1.607,S1O
46,AF7,194,-1.119,S1O
46,AF7,195,-1.119,S1O
46,AF7,196,-0.631,S1O
46,AF7,197,0.834,S1O
46,AF7,198,4.252,S1O
46,AF7,199,6.694,S1O
46,AF7,200,7.182,S1O
46,AF7,201,5.717,S1O
46,AF7,202,4.252,S1O
46,AF7,203,3.276,S1O
46,AF7,204,2.299,S1O
46,AF7,205,1.322,S1O
46,AF7,206,-0.142,S1O
46,AF7,207,-0.631,S1O
46,AF7,208,1.322,S1O
46,AF7,209,4.252,S1O
46,AF7,210,7.182,S1O
46,AF7,211,6.694,S1O
46,AF7,212,3.764,S1O
46,AF7,213,-0.142,S1O
46,AF7,214,-2.096,S1O
46,AF7,215,-2.584,S1O
46,AF7,216,-3.560,S1O
46,AF7,217,-5.514,S1O
46,AF7,218,-7.467,S1O
46,AF7,219,-7.955,S1O
46,AF7,220,-6.978,S1O
46,AF7,221,-6.002,S1O
46,AF7,222,-7.467,S1O
46,AF7,223,-10.885,S1O
46,AF7,224,-13.814,S1O
46,AF7,225,-13.814,S1O
46,AF7,226,-10.885,S1O
46,AF7,227,-7.467,S1O
46,AF7,228,-5.514,S1O
46,AF7,229,-6.490,S1O
46,AF7,230,-8.931,S1O
46,AF7,231,-10.885,S1O
46,AF7,232,-10.396,S1O
46,AF7,233,-7.467,S1O
46,AF7,234,-4.049,S1O
46,AF7,235,-1.607,S1O
46,AF7,236,-1.119,S1O
46,AF7,237,-0.631,S1O
46,AF7,238,0.834,S1O
46,AF7,239,3.276,S1O
46,AF7,240,5.717,S1O
46,AF7,241,6.205,S1O
46,AF7,242,4.740,S1O
46,AF7,243,2.787,S1O
46,AF7,244,0.834,S1O
46,AF7,245,-0.142,S1O
46,AF7,246,-0.631,S1O
46,AF7,247,-1.119,S1O
46,AF7,248,-2.096,S1O
46,AF7,249,-3.072,S1O
46,AF7,250,-3.560,S1O
46,AF7,251,-3.560,S1O
46,AF7,252,-3.560,S1O
46,AF7,253,-4.049,S1O
46,AF7,254,-5.025,S1O
46,AF7,255,-5.025,S1O
46,AF8,0,0.905,S1O
46,AF8,1,3.347,S1O
46,AF8,2,3.835,S1O
46,AF8,3,0.905,S1O
46,AF8,4,-4.466,S1O
46,AF8,5,-11.302,S1O
46,AF8,6,-16.673,S1O
46,AF8,7,-17.649,S1O
46,AF8,8,-14.720,S1O
46,AF8,9,-10.813,S1O
46,AF8,10,-7.884,S1O
46,AF8,11,-4.954,S1O
46,AF8,12,0.417,S1O
46,AF8,13,7.741,S1O
46,AF8,14,15.066,S1O
46,AF8,15,18.483,S1O
46,AF8,16,18.483,S1O
46,AF8,17,15.554,S1O
46,AF8,18,12.136,S1O
46,AF8,19,9.206,S1O
46,AF8,20,5.300,S1O
46,AF8,21,2.370,S1O
46,AF8,22,-0.071,S1O
46,AF8,23,-0.071,S1O
46,AF8,24,1.394,S1O
46,AF8,25,2.370,S1O
46,AF8,26,2.858,S1O
46,AF8,27,1.882,S1O
46,AF8,28,0.417,S1O
46,AF8,29,-0.071,S1O
46,AF8,30,0.417,S1O
46,AF8,31,1.882,S1O
46,AF8,32,2.858,S1O
46,AF8,33,3.835,S1O
46,AF8,34,3.347,S1O
46,AF8,35,3.347,S1O
46,AF8,36,3.835,S1O
46,AF8,37,4.323,S1O
46,AF8,38,4.323,S1O
46,AF8,39,3.835,S1O
46,AF8,40,3.347,S1O
46,AF8,41,1.882,S1O
46,AF8,42,0.417,S1O
46,AF8,43,-1.536,S1O
46,AF8,44,-2.513,S1O
46,AF8,45,-3.001,S1O
46,AF8,46,-3.489,S1O
46,AF8,47,-5.442,S1O
46,AF8,48,-6.907,S1O
46,AF8,49,-6.419,S1O
46,AF8,50,-3.489,S1O
46,AF8,51,-1.048,S1O
46,AF8,52,-1.048,S1O
46,AF8,53,-3.489,S1O
46,AF8,54,-6.907,S1O
46,AF8,55,-7.884,S1O
46,AF8,56,-6.419,S1O
46,AF8,57,-4.466,S1O
46,AF8,58,-3.977,S1O
46,AF8,59,-4.954,S1O
46,AF8,60,-3.977,S1O
46,AF8,61,-1.536,S1O
46,AF8,62,2.370,S1O
46,AF8,63,4.323,S1O
46,AF8,64,3.347,S1O
46,AF8,65,0.905,S1O
46,AF8,66,-0.559,S1O
46,AF8,67,-2.513,S1O
46,AF8,68,-3.977,S1O
46,AF8,69,-5.931,S1O
46,AF8,70,-6.419,S1O
46,AF8,71,-5.442,S1O
46,AF8,72,-3.977,S1O
46,AF8,73,-5.442,S1O
46,AF8,74,-9.349,S1O
46,AF8,75,-12.278,S1O
46,AF8,76,-10.813,S1O
46,AF8,77,-5.442,S1O
46,AF8,78,-0.071,S1O
46,AF8,79,1.394,S1O
46,AF8,80,-1.048,S1O
46,AF8,81,-4.466,S1O
46,AF8,82,-5.931,S1O
46,AF8,83,-5.442,S1O
46,AF8,84,-3.977,S1O
46,AF8,85,-3.489,S1O
46,AF8,86,-3.001,S1O
46,AF8,87,-0.071,S1O
46,AF8,88,4.812,S1O
46,AF8,89,8.718,S1O
46,AF8,90,9.206,S1O
46,AF8,91,5.300,S1O
46,AF8,92,0.417,S1O
46,AF8,93,-3.489,S1O
46,AF8,94,-3.977,S1O
46,AF8,95,-1.048,S1O
46,AF8,96,5.300,S1O
46,AF8,97,12.136,S1O
46,AF8,98,16.530,S1O
46,AF8,99,16.042,S1O
46,AF8,100,10.671,S1O
46,AF8,101,4.812,S1O
46,AF8,102,1.394,S1O
46,AF8,103,1.882,S1O
46,AF8,104,3.347,S1O
46,AF8,105,3.835,S1O
46,AF8,106,3.347,S1O
46,AF8,107,2.858,S1O
46,AF8,108,3.835,S1O
46,AF8,109,3.835,S1O
46,AF8,110,1.882,S1O
46,AF8,111,-0.559,S1O
46,AF8,112,-2.024,S1O
46,AF8,113,-0.071,S1O
46,AF8,114,2.858,S1O
46,AF8,115,4.323,S1O
46,AF8,116,3.835,S1O
46,AF8,117,4.323,S1O
46,AF8,118,5.788,S1O
46,AF8,119,7.253,S1O
46,AF8,120,6.765,S1O
46,AF8,121,4.323,S1O
46,AF8,122,2.858,S1O
46,AF8,123,3.835,S1O
46,AF8,124,6.765,S1O
46,AF8,125,8.230,S1O
46,AF8,126,6.765,S1O
46,AF8,127,3.835,S1O
46,AF8,128,1.882,S1O
46,AF8,129,1.882,S1O
46,AF8,130,2.370,S1O
46,AF8,131,2.858,S1O
46,AF8,132,3.347,S1O
46,AF8,133,3.835,S1O
46,AF8,134,4.323,S1O
46,AF8,135,3.835,S1O
46,AF8,136,2.370,S1O
46,AF8,137,0.417,S1O
46,AF8,138,-1.048,S1O
46,AF8,139,-2.024,S1O
46,AF8,140,-3.001,S1O
46,AF8,141,-3.977,S1O
46,AF8,142,-4.954,S1O
46,AF8,143,-5.931,S1O
46,AF8,144,-6.907,S1O
46,AF8,145,-7.884,S1O
46,AF8,146,-7.884,S1O
46,AF8,147,-6.419,S1O
46,AF8,148,-4.954,S1O
46,AF8,149,-4.954,S1O
46,AF8,150,-5.931,S1O
46,AF8,151,-6.419,S1O
46,AF8,152,-4.466,S1O
46,AF8,153,-1.536,S1O
46,AF8,154,-0.071,S1O
46,AF8,155,-1.536,S1O
46,AF8,156,-4.466,S1O
46,AF8,157,-5.931,S1O
46,AF8,158,-4.954,S1O
46,AF8,159,-2.024,S1O
46,AF8,160,1.882,S1O
46,AF8,161,5.300,S1O
46,AF8,162,6.276,S1O
46,AF8,163,4.812,S1O
46,AF8,164,2.370,S1O
46,AF8,165,0.905,S1O
46,AF8,166,1.882,S1O
46,AF8,167,3.347,S1O
46,AF8,168,4.812,S1O
46,AF8,169,4.323,S1O
46,AF8,170,4.812,S1O
46,AF8,171,6.765,S1O
46,AF8,172,10.183,S1O
46,AF8,173,12.136,S1O
46,AF8,174,11.648,S1O
46,AF8,175,9.206,S1O
46,AF8,176,8.230,S1O
46,AF8,177,10.183,S1O
46,AF8,178,13.601,S1O
46,AF8,179,14.089,S1O
46,AF8,180,12.624,S1O
46,AF8,181,10.671,S1O
46,AF8,182,11.648,S1O
46,AF8,183,14.577,S1O
46,AF8,184,17.019,S1O
46,AF8,185,16.530,S1O
46,AF8,186,13.601,S1O
46,AF8,187,10.671,S1O
46,AF8,188,9.206,S1O
46,AF8,189,8.718,S1O
46,AF8,190,8.230,S1O
46,AF8,191,6.765,S1O
46,AF8,192,4.812,S1O
46,AF8,193,4.812,S1O
46,AF8,194,4.812,S1O
46,AF8,195,5.300,S1O
46,AF8,196,4.812,S1O
46,AF8,197,4.323,S1O
46,AF8,198,3.835,S1O
46,AF8,199,3.835,S1O
46,AF8,200,4.323,S1O
46,AF8,201,6.276,S1O
46,AF8,202,8.718,S1O
46,AF8,203,10.183,S1O
46,AF8,204,8.718,S1O
46,AF8,205,4.323,S1O
46,AF8,206,0.417,S1O
46,AF8,207,-1.048,S1O
46,AF8,208,0.417,S1O
46,AF8,209,2.858,S1O
46,AF8,210,4.812,S1O
46,AF8,211,3.835,S1O
46,AF8,212,1.882,S1O
46,AF8,213,0.417,S1O
46,AF8,214,-1.048,S1O
46,AF8,215,-2.024,S1O
46,AF8,216,-3.489,S1O
46,AF8,217,-4.466,S1O
46,AF8,218,-4.954,S1O
46,AF8,219,-3.977,S1O
46,AF8,220,-1.536,S1O
46,AF8,221,-1.048,S1O
46,AF8,222,-3.001,S1O
46,AF8,223,-7.395,S1O
46,AF8,224,-10.813,S1O
46,AF8,225,-10.813,S1O
46,AF8,226,-8.860,S1O
46,AF8,227,-6.907,S1O
46,AF8,228,-6.907,S1O
46,AF8,229,-8.860,S1O
46,AF8,230,-9.349,S1O
46,AF8,231,-8.860,S1O
46,AF8,232,-6.907,S1O
46,AF8,233,-5.931,S1O
46,AF8,234,-4.954,S1O
46,AF8,235,-3.489,S1O
46,AF8,236,-0.559,S1O
46,AF8,237,3.347,S1O
46,AF8,238,5.788,S1O
46,AF8,239,4.812,S1O
46,AF8,240,2.858,S1O
46,AF8,241,2.370,S1O
46,AF8,242,3.835,S1O
46,AF8,243,5.300,S1O
46,AF8,244,4.812,S1O
46,AF8,245,2.858,S1O
46,AF8,246,-0.071,S1O
46,AF8,247,-1.536,S1O
46,AF8,248,-2.024,S1O
46,AF8,249,-2.513,S1O
46,AF8,250,-3.489,S1O
46,AF8,251,-4.954,S1O
46,AF8,252,-5.931,S1O
46,AF8,253,-7.395,S1O
46,AF8,254,-9.349,S1O
46,AF8,255,-10.325,S1O
46,F5,0,2.136,S1O
46,F5,1,5.066,S1O
46,F5,2,7.019,S1O
46,F5,3,6.531,S1O
46,F5,4,3.113,S1O
46,F5,5,-1.282,S1O
46,F5,6,-4.211,S1O
46,F5,7,-5.188,S1O
46,F5,8,-4.211,S1O
46,F5,9,-2.747,S1O
46,F5,10,-1.282,S1O
46,F5,11,0.183,S1O
46,F5,12,3.113,S1O
46,F5,13,7.019,S1O
46,F5,14,11.902,S1O
46,F5,15,15.808,S1O
46,F5,16,17.273,S1O
46,F5,17,14.832,S1O
46,F5,18,10.437,S1O
46,F5,19,6.531,S1O
46,F5,20,4.089,S1O
46,F5,21,3.113,S1O
46,F5,22,0.671,S1O
46,F5,23,-1.770,S1O
46,F5,24,-4.211,S1O
46,F5,25,-3.723,S1O
46,F5,26,-1.282,S1O
46,F5,27,1.648,S1O
46,F5,28,3.113,S1O
46,F5,29,2.136,S1O
46,F5,30,0.183,S1O
46,F5,31,0.671,S1O
46,F5,32,3.113,S1O
46,F5,33,6.042,S1O
46,F5,34,6.531,S1O
46,F5,35,5.066,S1O
46,F5,36,3.113,S1O
46,F5,37,1.648,S1O
46,F5,38,0.671,S1O
46,F5,39,-0.793,S1O
46,F5,40,-3.235,S1O
46,F5,41,-5.188,S1O
46,F5,42,-7.141,S1O
46,F5,43,-7.629,S1O
46,F5,44,-5.676,S1O
46,F5,45,-3.235,S1O
46,F5,46,-1.770,S1O
46,F5,47,-1.282,S1O
46,F5,48,-0.793,S1O
46,F5,49,0.671,S1O
46,F5,50,3.113,S1O
46,F5,51,5.554,S1O
46,F5,52,6.042,S1O
46,F5,53,6.042,S1O
46,F5,54,5.554,S1O
46,F5,55,5.554,S1O
46,F5,56,6.042,S1O
46,F5,57,6.042,S1O
46,F5,58,5.066,S1O
46,F5,59,3.601,S1O
46,F5,60,2.136,S1O
46,F5,61,0.671,S1O
46,F5,62,-0.305,S1O
46,F5,63,-0.793,S1O
46,F5,64,-1.770,S1O
46,F5,65,-2.258,S1O
46,F5,66,-3.723,S1O
46,F5,67,-4.700,S1O
46,F5,68,-6.165,S1O
46,F5,69,-6.165,S1O
46,F5,70,-4.700,S1O
46,F5,71,-3.235,S1O
46,F5,72,-2.258,S1O
46,F5,73,-2.747,S1O
46,F5,74,-2.747,S1O
46,F5,75,-1.282,S1O
46,F5,76,2.136,S1O
46,F5,77,4.089,S1O
46,F5,78,4.578,S1O
46,F5,79,3.601,S1O
46,F5,80,2.136,S1O
46,F5,81,2.136,S1O
46,F5,82,2.625,S1O
46,F5,83,3.601,S1O
46,F5,84,3.601,S1O
46,F5,85,3.113,S1O
46,F5,86,3.113,S1O
46,F5,87,4.578,S1O
46,F5,88,7.019,S1O
46,F5,89,8.972,S1O
46,F5,90,9.949,S1O
46,F5,91,8.972,S1O
46,F5,92,7.996,S1O
46,F5,93,7.019,S1O
46,F5,94,6.531,S1O
46,F5,95,6.531,S1O
46,F5,96,6.531,S1O
46,F5,97,7.019,S1O
46,F5,98,7.019,S1O
46,F5,99,6.531,S1O
46,F5,100,5.066,S1O
46,F5,101,4.089,S1O
46,F5,102,3.601,S1O
46,F5,103,3.601,S1O
46,F5,104,4.578,S1O
46,F5,105,4.578,S1O
46,F5,106,4.578,S1O
46,F5,107,5.554,S1O
46,F5,108,7.019,S1O
46,F5,109,7.996,S1O
46,F5,110,6.531,S1O
46,F5,111,3.113,S1O
46,F5,112,-0.305,S1O
46,F5,113,-2.258,S1O
46,F5,114,-1.770,S1O
46,F5,115,-0.305,S1O
46,F5,116,1.648,S1O
46,F5,117,4.089,S1O
46,F5,118,6.042,S1O
46,F5,119,7.507,S1O
46,F5,120,8.484,S1O
46,F5,121,9.949,S1O
46,F5,122,11.902,S1O
46,F5,123,13.367,S1O
46,F5,124,13.855,S1O
46,F5,125,11.902,S1O
46,F5,126,9.460,S1O
46,F5,127,7.019,S1O
46,F5,128,6.042,S1O
46,F5,129,6.531,S1O
46,F5,130,7.019,S1O
46,F5,131,7.019,S1O
46,F5,132,7.019,S1O
46,F5,133,6.042,S1O
46,F5,134,4.578,S1O
46,F5,135,2.625,S1O
46,F5,136,0.183,S1O
46,F5,137,-0.793,S1O
46,F5,138,0.183,S1O
46,F5,139,1.160,S1O
46,F5,140,1.160,S1O
46,F5,141,-0.793,S1O
46,F5,142,-1.770,S1O
46,F5,143,-1.282,S1O
46,F5,144,0.183,S1O
46,F5,145,1.160,S1O
46,F5,146,1.648,S1O
46,F5,147,2.625,S1O
46,F5,148,4.089,S1O
46,F5,149,5.066,S1O
46,F5,150,5.554,S1O
46,F5,151,5.066,S1O
46,F5,152,6.042,S1O
46,F5,153,7.019,S1O
46,F5,154,8.972,S1O
46,F5,155,9.949,S1O
46,F5,156,9.460,S1O
46,F5,157,8.484,S1O
46,F5,158,7.507,S1O
46,F5,159,7.507,S1O
46,F5,160,7.019,S1O
46,F5,161,7.019,S1O
46,F5,162,6.531,S1O
46,F5,163,7.019,S1O
46,F5,164,7.996,S1O
46,F5,165,8.484,S1O
46,F5,166,7.996,S1O
46,F5,167,7.019,S1O
46,F5,168,7.019,S1O
46,F5,169,8.484,S1O
46,F5,170,10.437,S1O
46,F5,171,11.902,S1O
46,F5,172,12.878,S1O
46,F5,173,13.855,S1O
46,F5,174,12.878,S1O
46,F5,175,11.414,S1O
46,F5,176,10.437,S1O
46,F5,177,9.949,S1O
46,F5,178,10.925,S1O
46,F5,179,11.902,S1O
46,F5,180,12.390,S1O
46,F5,181,11.902,S1O
46,F5,182,11.414,S1O
46,F5,183,10.925,S1O
46,F5,184,9.949,S1O
46,F5,185,9.460,S1O
46,F5,186,8.972,S1O
46,F5,187,9.460,S1O
46,F5,188,9.949,S1O
46,F5,189,9.460,S1O
46,F5,190,8.484,S1O
46,F5,191,7.507,S1O
46,F5,192,7.019,S1O
46,F5,193,7.507,S1O
46,F5,194,7.996,S1O
46,F5,195,8.484,S1O
46,F5,196,9.460,S1O
46,F5,197,11.414,S1O
46,F5,198,13.855,S1O
46,F5,199,15.808,S1O
46,F5,200,15.320,S1O
46,F5,201,13.855,S1O
46,F5,202,12.390,S1O
46,F5,203,11.902,S1O
46,F5,204,11.414,S1O
46,F5,205,10.437,S1O
46,F5,206,8.972,S1O
46,F5,207,8.484,S1O
46,F5,208,9.460,S1O
46,F5,209,11.414,S1O
46,F5,210,12.878,S1O
46,F5,211,11.902,S1O
46,F5,212,8.972,S1O
46,F5,213,6.042,S1O
46,F5,214,4.089,S1O
46,F5,215,3.601,S1O
46,F5,216,3.113,S1O
46,F5,217,2.625,S1O
46,F5,218,1.648,S1O
46,F5,219,1.648,S1O
46,F5,220,2.136,S1O
46,F5,221,2.136,S1O
46,F5,222,1.160,S1O
46,F5,223,-1.282,S1O
46,F5,224,-3.235,S1O
46,F5,225,-3.235,S1O
46,F5,226,-1.770,S1O
46,F5,227,-0.305,S1O
46,F5,228,1.648,S1O
46,F5,229,1.648,S1O
46,F5,230,0.671,S1O
46,F5,231,-0.305,S1O
46,F5,232,0.671,S1O
46,F5,233,2.625,S1O
46,F5,234,4.089,S1O
46,F5,235,4.089,S1O
46,F5,236,3.601,S1O
46,F5,237,4.089,S1O
46,F5,238,6.042,S1O
46,F5,239,8.484,S1O
46,F5,240,10.925,S1O
46,F5,241,11.902,S1O
46,F5,242,11.414,S1O
46,F5,243,10.437,S1O
46,F5,244,9.949,S1O
46,F5,245,9.949,S1O
46,F5,246,9.460,S1O
46,F5,247,7.996,S1O
46,F5,248,6.042,S1O
46,F5,249,4.578,S1O
46,F5,250,5.066,S1O
46,F5,251,6.042,S1O
46,F5,252,7.019,S1O
46,F5,253,7.019,S1O
46,F5,254,6.042,S1O
46,F5,255,4.089,S1O
46,F6,0,-2.645,S1O
46,F6,1,-1.668,S1O
46,F6,2,-1.180,S1O
46,F6,3,-1.668,S1O
46,F6,4,-6.063,S1O
46,F6,5,-11.434,S1O
46,F6,6,-16.317,S1O
46,F6,7,-18.270,S1O
46,F6,8,-17.293,S1O
46,F6,9,-14.852,S1O
46,F6,10,-11.434,S1O
46,F6,11,-6.551,S1O
46,F6,12,-0.203,S1O
46,F6,13,6.632,S1O
46,F6,14,12.492,S1O
46,F6,15,15.422,S1O
46,F6,16,14.445,S1O
46,F6,17,10.050,S1O
46,F6,18,5.168,S1O
46,F6,19,1.261,S1O
46,F6,20,-1.180,S1O
46,F6,21,-2.645,S1O
46,F6,22,-3.133,S1O
46,F6,23,-2.645,S1O
46,F6,24,-0.692,S1O
46,F6,25,1.261,S1O
46,F6,26,2.726,S1O
46,F6,27,2.726,S1O
46,F6,28,0.773,S1O
46,F6,29,-1.668,S1O
46,F6,30,-2.645,S1O
46,F6,31,-1.180,S1O
46,F6,32,1.750,S1O
46,F6,33,3.215,S1O
46,F6,34,2.726,S1O
46,F6,35,2.726,S1O
46,F6,36,3.215,S1O
46,F6,37,4.191,S1O
46,F6,38,4.191,S1O
46,F6,39,2.726,S1O
46,F6,40,0.285,S1O
46,F6,41,-1.668,S1O
46,F6,42,-3.133,S1O
46,F6,43,-4.598,S1O
46,F6,44,-6.063,S1O
46,F6,45,-7.039,S1O
46,F6,46,-7.039,S1O
46,F6,47,-7.039,S1O
46,F6,48,-7.039,S1O
46,F6,49,-7.039,S1O
46,F6,50,-6.551,S1O
46,F6,51,-6.063,S1O
46,F6,52,-6.063,S1O
46,F6,53,-7.039,S1O
46,F6,54,-8.016,S1O
46,F6,55,-8.993,S1O
46,F6,56,-8.016,S1O
46,F6,57,-6.551,S1O
46,F6,58,-5.086,S1O
46,F6,59,-4.110,S1O
46,F6,60,-3.621,S1O
46,F6,61,-2.645,S1O
46,F6,62,-0.692,S1O
46,F6,63,1.261,S1O
46,F6,64,2.726,S1O
46,F6,65,3.215,S1O
46,F6,66,2.726,S1O
46,F6,67,2.238,S1O
46,F6,68,0.773,S1O
46,F6,69,-0.692,S1O
46,F6,70,-1.668,S1O
46,F6,71,-2.157,S1O
46,F6,72,-2.157,S1O
46,F6,73,-3.621,S1O
46,F6,74,-4.598,S1O
46,F6,75,-5.086,S1O
46,F6,76,-3.133,S1O
46,F6,77,-1.180,S1O
46,F6,78,1.261,S1O
46,F6,79,0.773,S1O
46,F6,80,-0.692,S1O
46,F6,81,-2.645,S1O
46,F6,82,-3.133,S1O
46,F6,83,-2.645,S1O
46,F6,84,-1.180,S1O
46,F6,85,-0.203,S1O
46,F6,86,0.285,S1O
46,F6,87,1.261,S1O
46,F6,88,3.215,S1O
46,F6,89,4.191,S1O
46,F6,90,4.679,S1O
46,F6,91,4.679,S1O
46,F6,92,3.703,S1O
46,F6,93,2.726,S1O
46,F6,94,2.238,S1O
46,F6,95,2.726,S1O
46,F6,96,5.656,S1O
46,F6,97,9.562,S1O
46,F6,98,12.980,S1O
46,F6,99,13.468,S1O
46,F6,100,10.539,S1O
46,F6,101,7.121,S1O
46,F6,102,5.168,S1O
46,F6,103,6.632,S1O
46,F6,104,8.586,S1O
46,F6,105,8.586,S1O
46,F6,106,6.632,S1O
46,F6,107,4.679,S1O
46,F6,108,4.679,S1O
46,F6,109,5.656,S1O
46,F6,110,5.656,S1O
46,F6,111,4.191,S1O
46,F6,112,3.703,S1O
46,F6,113,4.191,S1O
46,F6,114,6.632,S1O
46,F6,115,7.609,S1O
46,F6,116,7.609,S1O
46,F6,117,7.121,S1O
46,F6,118,8.097,S1O
46,F6,119,10.050,S1O
46,F6,120,10.539,S1O
46,F6,121,9.562,S1O
46,F6,122,8.097,S1O
46,F6,123,7.609,S1O
46,F6,124,8.097,S1O
46,F6,125,8.586,S1O
46,F6,126,6.632,S1O
46,F6,127,4.191,S1O
46,F6,128,1.750,S1O
46,F6,129,2.238,S1O
46,F6,130,3.703,S1O
46,F6,131,5.656,S1O
46,F6,132,6.632,S1O
46,F6,133,7.609,S1O
46,F6,134,8.586,S1O
46,F6,135,9.562,S1O
46,F6,136,8.586,S1O
46,F6,137,5.656,S1O
46,F6,138,2.238,S1O
46,F6,139,-0.203,S1O
46,F6,140,-0.203,S1O
46,F6,141,0.773,S1O
46,F6,142,1.750,S1O
46,F6,143,2.238,S1O
46,F6,144,1.750,S1O
46,F6,145,0.285,S1O
46,F6,146,-0.692,S1O
46,F6,147,-0.692,S1O
46,F6,148,-0.203,S1O
46,F6,149,-0.203,S1O
46,F6,150,-1.668,S1O
46,F6,151,-2.157,S1O
46,F6,152,-2.157,S1O
46,F6,153,-1.180,S1O
46,F6,154,0.773,S1O
46,F6,155,1.261,S1O
46,F6,156,1.261,S1O
46,F6,157,-0.203,S1O
46,F6,158,0.285,S1O
46,F6,159,2.238,S1O
46,F6,160,4.679,S1O
46,F6,161,7.121,S1O
46,F6,162,7.609,S1O
46,F6,163,6.632,S1O
46,F6,164,6.632,S1O
46,F6,165,7.609,S1O
46,F6,166,9.074,S1O
46,F6,167,10.050,S1O
46,F6,168,10.050,S1O
46,F6,169,9.562,S1O
46,F6,170,9.562,S1O
46,F6,171,10.050,S1O
46,F6,172,11.515,S1O
46,F6,173,13.468,S1O
46,F6,174,14.445,S1O
46,F6,175,14.445,S1O
46,F6,176,14.933,S1O
46,F6,177,15.422,S1O
46,F6,178,15.910,S1O
46,F6,179,14.933,S1O
46,F6,180,13.468,S1O
46,F6,181,12.980,S1O
46,F6,182,14.445,S1O
46,F6,183,16.398,S1O
46,F6,184,17.375,S1O
46,F6,185,15.910,S1O
46,F6,186,13.957,S1O
46,F6,187,12.492,S1O
46,F6,188,12.004,S1O
46,F6,189,11.515,S1O
46,F6,190,11.515,S1O
46,F6,191,10.050,S1O
46,F6,192,9.074,S1O
46,F6,193,8.586,S1O
46,F6,194,8.586,S1O
46,F6,195,8.097,S1O
46,F6,196,8.097,S1O
46,F6,197,8.097,S1O
46,F6,198,9.074,S1O
46,F6,199,9.562,S1O
46,F6,200,9.562,S1O
46,F6,201,8.586,S1O
46,F6,202,8.586,S1O
46,F6,203,9.074,S1O
46,F6,204,8.586,S1O
46,F6,205,7.121,S1O
46,F6,206,4.679,S1O
46,F6,207,3.703,S1O
46,F6,208,5.168,S1O
46,F6,209,8.097,S1O
46,F6,210,8.586,S1O
46,F6,211,7.609,S1O
46,F6,212,4.679,S1O
46,F6,213,2.726,S1O
46,F6,214,1.750,S1O
46,F6,215,2.238,S1O
46,F6,216,2.238,S1O
46,F6,217,0.285,S1O
46,F6,218,-1.180,S1O
46,F6,219,-1.180,S1O
46,F6,220,0.773,S1O
46,F6,221,2.238,S1O
46,F6,222,2.238,S1O
46,F6,223,0.285,S1O
46,F6,224,-2.157,S1O
46,F6,225,-3.133,S1O
46,F6,226,-2.645,S1O
46,F6,227,-1.668,S1O
46,F6,228,-1.668,S1O
46,F6,229,-2.645,S1O
46,F6,230,-3.133,S1O
46,F6,231,-2.157,S1O
46,F6,232,0.285,S1O
46,F6,233,2.238,S1O
46,F6,234,3.215,S1O
46,F6,235,3.703,S1O
46,F6,236,4.191,S1O
46,F6,237,5.168,S1O
46,F6,238,6.144,S1O
46,F6,239,6.144,S1O
46,F6,240,5.656,S1O
46,F6,241,5.656,S1O
46,F6,242,6.144,S1O
46,F6,243,7.609,S1O
46,F6,244,7.609,S1O
46,F6,245,6.144,S1O
46,F6,246,3.703,S1O
46,F6,247,0.773,S1O
46,F6,248,-1.180,S1O
46,F6,249,-2.157,S1O
46,F6,250,-2.157,S1O
46,F6,251,-2.645,S1O
46,F6,252,-4.110,S1O
46,F6,253,-6.063,S1O
46,F6,254,-7.528,S1O
46,F6,255,-8.016,S1O
46,FT7,0,-2.492,S1O
46,FT7,1,-0.051,S1O
46,FT7,2,2.879,S1O
46,FT7,3,5.320,S1O
46,FT7,4,5.320,S1O
46,FT7,5,3.367,S1O
46,FT7,6,-0.539,S1O
46,FT7,7,-3.469,S1O
46,FT7,8,-4.445,S1O
46,FT7,9,-3.469,S1O
46,FT7,10,-0.539,S1O
46,FT7,11,1.902,S1O
46,FT7,12,3.367,S1O
46,FT7,13,5.320,S1O
46,FT7,14,8.250,S1O
46,FT7,15,12.644,S1O
46,FT7,16,16.551,S1O
46,FT7,17,18.016,S1O
46,FT7,18,16.062,S1O
46,FT7,19,11.180,S1O
46,FT7,20,5.320,S1O
46,FT7,21,0.926,S1O
46,FT7,22,-1.516,S1O
46,FT7,23,-3.469,S1O
46,FT7,24,-4.934,S1O
46,FT7,25,-6.399,S1O
46,FT7,26,-6.887,S1O
46,FT7,27,-5.422,S1O
46,FT7,28,-2.004,S1O
46,FT7,29,1.414,S1O
46,FT7,30,3.367,S1O
46,FT7,31,3.367,S1O
46,FT7,32,2.879,S1O
46,FT7,33,3.367,S1O
46,FT7,34,4.344,S1O
46,FT7,35,6.297,S1O
46,FT7,36,6.785,S1O
46,FT7,37,5.809,S1O
46,FT7,38,3.367,S1O
46,FT7,39,1.414,S1O
46,FT7,40,0.437,S1O
46,FT7,41,-0.051,S1O
46,FT7,42,-1.027,S1O
46,FT7,43,-2.981,S1O
46,FT7,44,-4.934,S1O
46,FT7,45,-5.422,S1O
46,FT7,46,-3.957,S1O
46,FT7,47,-1.027,S1O
46,FT7,48,2.391,S1O
46,FT7,49,4.832,S1O
46,FT7,50,5.809,S1O
46,FT7,51,6.297,S1O
46,FT7,52,7.273,S1O
46,FT7,53,8.250,S1O
46,FT7,54,9.226,S1O
46,FT7,55,8.738,S1O
46,FT7,56,7.762,S1O
46,FT7,57,5.809,S1O
46,FT7,58,4.344,S1O
46,FT7,59,3.367,S1O
46,FT7,60,2.879,S1O
46,FT7,61,1.902,S1O
46,FT7,62,0.437,S1O
46,FT7,63,-1.516,S1O
46,FT7,64,-2.492,S1O
46,FT7,65,-2.981,S1O
46,FT7,66,-2.981,S1O
46,FT7,67,-2.981,S1O
46,FT7,68,-3.469,S1O
46,FT7,69,-4.445,S1O
46,FT7,70,-4.934,S1O
46,FT7,71,-3.957,S1O
46,FT7,72,-2.004,S1O
46,FT7,73,-0.051,S1O
46,FT7,74,0.926,S1O
46,FT7,75,1.414,S1O
46,FT7,76,1.414,S1O
46,FT7,77,2.391,S1O
46,FT7,78,3.367,S1O
46,FT7,79,4.832,S1O
46,FT7,80,5.809,S1O
46,FT7,81,5.320,S1O
46,FT7,82,4.832,S1O
46,FT7,83,4.344,S1O
46,FT7,84,4.344,S1O
46,FT7,85,4.344,S1O
46,FT7,86,4.832,S1O
46,FT7,87,5.809,S1O
46,FT7,88,7.273,S1O
46,FT7,89,8.738,S1O
46,FT7,90,10.203,S1O
46,FT7,91,11.180,S1O
46,FT7,92,10.691,S1O
46,FT7,93,9.226,S1O
46,FT7,94,7.762,S1O
46,FT7,95,7.273,S1O
46,FT7,96,7.273,S1O
46,FT7,97,8.250,S1O
46,FT7,98,8.250,S1O
46,FT7,99,8.250,S1O
46,FT7,100,7.273,S1O
46,FT7,101,7.273,S1O
46,FT7,102,7.273,S1O
46,FT7,103,7.273,S1O
46,FT7,104,7.273,S1O
46,FT7,105,6.785,S1O
46,FT7,106,5.320,S1O
46,FT7,107,4.344,S1O
46,FT7,108,4.344,S1O
46,FT7,109,4.832,S1O
46,FT7,110,5.320,S1O
46,FT7,111,4.344,S1O
46,FT7,112,2.391,S1O
46,FT7,113,0.926,S1O
46,FT7,114,0.437,S1O
46,FT7,115,1.902,S1O
46,FT7,116,5.320,S1O
46,FT7,117,8.250,S1O
46,FT7,118,10.691,S1O
46,FT7,119,11.668,S1O
46,FT7,120,11.668,S1O
46,FT7,121,12.156,S1O
46,FT7,122,13.621,S1O
46,FT7,123,15.086,S1O
46,FT7,124,16.551,S1O
46,FT7,125,17.039,S1O
46,FT7,126,16.062,S1O
46,FT7,127,14.598,S1O
46,FT7,128,13.133,S1O
46,FT7,129,12.644,S1O
46,FT7,130,12.644,S1O
46,FT7,131,12.156,S1O
46,FT7,132,12.156,S1O
46,FT7,133,11.180,S1O
46,FT7,134,9.715,S1O
46,FT7,135,7.762,S1O
46,FT7,136,5.809,S1O
46,FT7,137,3.855,S1O
46,FT7,138,2.391,S1O
46,FT7,139,0.926,S1O
46,FT7,140,0.926,S1O
46,FT7,141,0.437,S1O
46,FT7,142,0.437,S1O
46,FT7,143,0.926,S1O
46,FT7,144,1.414,S1O
46,FT7,145,2.391,S1O
46,FT7,146,4.344,S1O
46,FT7,147,5.809,S1O
46,FT7,148,7.273,S1O
46,FT7,149,7.762,S1O
46,FT7,150,7.273,S1O
46,FT7,151,7.762,S1O
46,FT7,152,8.250,S1O
46,FT7,153,9.715,S1O
46,FT7,154,10.691,S1O
46,FT7,155,11.668,S1O
46,FT7,156,12.156,S1O
46,FT7,157,11.180,S1O
46,FT7,158,10.203,S1O
46,FT7,159,9.226,S1O
46,FT7,160,8.250,S1O
46,FT7,161,8.250,S1O
46,FT7,162,8.250,S1O
46,FT7,163,8.738,S1O
46,FT7,164,9.226,S1O
46,FT7,165,9.715,S1O
46,FT7,166,9.715,S1O
46,FT7,167,9.715,S1O
46,FT7,168,9.715,S1O
46,FT7,169,10.691,S1O
46,FT7,170,12.644,S1O
46,FT7,171,15.086,S1O
46,FT7,172,17.039,S1O
46,FT7,173,18.504,S1O
46,FT7,174,18.992,S1O
46,FT7,175,18.504,S1O
46,FT7,176,18.016,S1O
46,FT7,177,18.016,S1O
46,FT7,178,18.504,S1O
46,FT7,179,19.969,S1O
46,FT7,180,20.945,S1O
46,FT7,181,21.434,S1O
46,FT7,182,19.969,S1O
46,FT7,183,18.016,S1O
46,FT7,184,16.062,S1O
46,FT7,185,14.598,S1O
46,FT7,186,15.086,S1O
46,FT7,187,15.574,S1O
46,FT7,188,15.574,S1O
46,FT7,189,14.109,S1O
46,FT7,190,12.644,S1O
46,FT7,191,11.180,S1O
46,FT7,192,10.691,S1O
46,FT7,193,10.691,S1O
46,FT7,194,11.668,S1O
46,FT7,195,11.668,S1O
46,FT7,196,12.156,S1O
46,FT7,197,12.644,S1O
46,FT7,198,14.109,S1O
46,FT7,199,16.551,S1O
46,FT7,200,18.504,S1O
46,FT7,201,18.992,S1O
46,FT7,202,17.039,S1O
46,FT7,203,14.598,S1O
46,FT7,204,12.156,S1O
46,FT7,205,11.180,S1O
46,FT7,206,11.180,S1O
46,FT7,207,11.668,S1O
46,FT7,208,12.156,S1O
46,FT7,209,12.644,S1O
46,FT7,210,13.621,S1O
46,FT7,211,14.598,S1O
46,FT7,212,14.598,S1O
46,FT7,213,13.621,S1O
46,FT7,214,10.691,S1O
46,FT7,215,7.273,S1O
46,FT7,216,5.320,S1O
46,FT7,217,3.855,S1O
46,FT7,218,4.344,S1O
46,FT7,219,4.832,S1O
46,FT7,220,4.832,S1O
46,FT7,221,4.832,S1O
46,FT7,222,4.344,S1O
46,FT7,223,3.367,S1O
46,FT7,224,1.414,S1O
46,FT7,225,-0.539,S1O
46,FT7,226,-2.004,S1O
46,FT7,227,-2.981,S1O
46,FT7,228,-2.492,S1O
46,FT7,229,-1.516,S1O
46,FT7,230,-0.051,S1O
46,FT7,231,0.437,S1O
46,FT7,232,0.437,S1O
46,FT7,233,-0.051,S1O
46,FT7,234,0.437,S1O
46,FT7,235,0.926,S1O
46,FT7,236,1.902,S1O
46,FT7,237,2.391,S1O
46,FT7,238,2.879,S1O
46,FT7,239,3.367,S1O
46,FT7,240,5.320,S1O
46,FT7,241,7.273,S1O
46,FT7,242,9.226,S1O
46,FT7,243,10.203,S1O
46,FT7,244,9.715,S1O
46,FT7,245,8.250,S1O
46,FT7,246,6.785,S1O
46,FT7,247,6.297,S1O
46,FT7,248,6.297,S1O
46,FT7,249,5.320,S1O
46,FT7,250,3.855,S1O
46,FT7,251,2.879,S1O
46,FT7,252,3.367,S1O
46,FT7,253,4.344,S1O
46,FT7,254,5.809,S1O
46,FT7,255,6.297,S1O
46,FT8,0,-5.493,S1O
46,FT8,1,-4.517,S1O
46,FT8,2,-3.052,S1O
46,FT8,3,-2.563,S1O
46,FT8,4,-4.028,S1O
46,FT8,5,-6.958,S1O
46,FT8,6,-10.864,S1O
46,FT8,7,-15.259,S1O
46,FT8,8,-16.724,S1O
46,FT8,9,-15.747,S1O
46,FT8,10,-12.817,S1O
46,FT8,11,-8.911,S1O
46,FT8,12,-4.028,S1O
46,FT8,13,0.366,S1O
46,FT8,14,5.249,S1O
46,FT8,15,9.644,S1O
46,FT8,16,12.085,S1O
46,FT8,17,12.573,S1O
46,FT8,18,10.132,S1O
46,FT8,19,6.226,S1O
46,FT8,20,1.831,S1O
46,FT8,21,-1.099,S1O
46,FT8,22,-3.052,S1O
46,FT8,23,-4.028,S1O
46,FT8,24,-4.517,S1O
46,FT8,25,-4.028,S1O
46,FT8,26,-3.540,S1O
46,FT8,27,-2.563,S1O
46,FT8,28,-1.587,S1O
46,FT8,29,-1.099,S1O
46,FT8,30,-2.075,S1O
46,FT8,31,-2.563,S1O
46,FT8,32,-1.587,S1O
46,FT8,33,-0.122,S1O
46,FT8,34,2.319,S1O
46,FT8,35,3.296,S1O
46,FT8,36,2.808,S1O
46,FT8,37,1.831,S1O
46,FT8,38,1.343,S1O
46,FT8,39,2.808,S1O
46,FT8,40,5.249,S1O
46,FT8,41,6.714,S1O
46,FT8,42,5.249,S1O
46,FT8,43,2.319,S1O
46,FT8,44,-1.099,S1O
46,FT8,45,-3.052,S1O
46,FT8,46,-3.540,S1O
46,FT8,47,-3.540,S1O
46,FT8,48,-3.540,S1O
46,FT8,49,-4.517,S1O
46,FT8,50,-5.493,S1O
46,FT8,51,-5.493,S1O
46,FT8,52,-5.005,S1O
46,FT8,53,-5.005,S1O
46,FT8,54,-5.981,S1O
46,FT8,55,-7.935,S1O
46,FT8,56,-9.399,S1O
46,FT8,57,-10.376,S1O
46,FT8,58,-9.888,S1O
46,FT8,59,-8.911,S1O
46,FT8,60,-7.935,S1O
46,FT8,61,-6.958,S1O
46,FT8,62,-5.981,S1O
46,FT8,63,-3.540,S1O
46,FT8,64,-1.099,S1O
46,FT8,65,1.831,S1O
46,FT8,66,2.808,S1O
46,FT8,67,2.808,S1O
46,FT8,68,0.854,S1O
46,FT8,69,-0.122,S1O
46,FT8,70,-1.587,S1O
46,FT8,71,-1.587,S1O
46,FT8,72,-1.587,S1O
46,FT8,73,-2.075,S1O
46,FT8,74,-3.052,S1O
46,FT8,75,-4.028,S1O
46,FT8,76,-3.540,S1O
46,FT8,77,-1.587,S1O
46,FT8,78,0.366,S1O
46,FT8,79,2.319,S1O
46,FT8,80,2.808,S1O
46,FT8,81,1.831,S1O
46,FT8,82,-0.122,S1O
46,FT8,83,-1.587,S1O
46,FT8,84,-2.075,S1O
46,FT8,85,-1.587,S1O
46,FT8,86,-0.122,S1O
46,FT8,87,1.343,S1O
46,FT8,88,2.808,S1O
46,FT8,89,4.272,S1O
46,FT8,90,4.761,S1O
46,FT8,91,4.761,S1O
46,FT8,92,4.761,S1O
46,FT8,93,3.784,S1O
46,FT8,94,2.808,S1O
46,FT8,95,2.808,S1O
46,FT8,96,4.272,S1O
46,FT8,97,7.202,S1O
46,FT8,98,10.620,S1O
46,FT8,99,12.573,S1O
46,FT8,100,12.573,S1O
46,FT8,101,10.620,S1O
46,FT8,102,7.690,S1O
46,FT8,103,5.737,S1O
46,FT8,104,5.249,S1O
46,FT8,105,6.226,S1O
46,FT8,106,7.202,S1O
46,FT8,107,6.714,S1O
46,FT8,108,5.249,S1O
46,FT8,109,4.272,S1O
46,FT8,110,3.784,S1O
46,FT8,111,4.761,S1O
46,FT8,112,6.226,S1O
46,FT8,113,7.202,S1O
46,FT8,114,7.690,S1O
46,FT8,115,9.155,S1O
46,FT8,116,11.108,S1O
46,FT8,117,13.062,S1O
46,FT8,118,15.503,S1O
46,FT8,119,16.479,S1O
46,FT8,120,15.991,S1O
46,FT8,121,15.503,S1O
46,FT8,122,14.038,S1O
46,FT8,123,13.062,S1O
46,FT8,124,12.085,S1O
46,FT8,125,11.597,S1O
46,FT8,126,10.620,S1O
46,FT8,127,10.132,S1O
46,FT8,128,9.155,S1O
46,FT8,129,8.179,S1O
46,FT8,130,7.690,S1O
46,FT8,131,8.179,S1O
46,FT8,132,8.667,S1O
46,FT8,133,10.132,S1O
46,FT8,134,11.597,S1O
46,FT8,135,12.573,S1O
46,FT8,136,12.085,S1O
46,FT8,137,10.132,S1O
46,FT8,138,7.690,S1O
46,FT8,139,4.761,S1O
46,FT8,140,2.808,S1O
46,FT8,141,2.319,S1O
46,FT8,142,2.808,S1O
46,FT8,143,4.272,S1O
46,FT8,144,5.737,S1O
46,FT8,145,6.226,S1O
46,FT8,146,5.249,S1O
46,FT8,147,4.272,S1O
46,FT8,148,3.784,S1O
46,FT8,149,3.296,S1O
46,FT8,150,3.784,S1O
46,FT8,151,3.784,S1O
46,FT8,152,3.296,S1O
46,FT8,153,2.808,S1O
46,FT8,154,2.808,S1O
46,FT8,155,3.296,S1O
46,FT8,156,4.272,S1O
46,FT8,157,4.761,S1O
46,FT8,158,5.249,S1O
46,FT8,159,5.737,S1O
46,FT8,160,6.226,S1O
46,FT8,161,7.690,S1O
46,FT8,162,8.667,S1O
46,FT8,163,9.644,S1O
46,FT8,164,9.155,S1O
46,FT8,165,9.155,S1O
46,FT8,166,10.132,S1O
46,FT8,167,12.085,S1O
46,FT8,168,14.038,S1O
46,FT8,169,15.503,S1O
46,FT8,170,15.503,S1O
46,FT8,171,15.015,S1O
46,FT8,172,15.015,S1O
46,FT8,173,16.479,S1O
46,FT8,174,19.409,S1O
46,FT8,175,21.362,S1O
46,FT8,176,22.339,S1O
46,FT8,177,22.339,S1O
46,FT8,178,22.339,S1O
46,FT8,179,22.339,S1O
46,FT8,180,22.827,S1O
46,FT8,181,22.827,S1O
46,FT8,182,22.339,S1O
46,FT8,183,21.851,S1O
46,FT8,184,21.851,S1O
46,FT8,185,21.851,S1O
46,FT8,186,22.339,S1O
46,FT8,187,21.851,S1O
46,FT8,188,20.874,S1O
46,FT8,189,18.921,S1O
46,FT8,190,16.968,S1O
46,FT8,191,16.479,S1O
46,FT8,192,15.503,S1O
46,FT8,193,15.015,S1O
46,FT8,194,13.550,S1O
46,FT8,195,12.573,S1O
46,FT8,196,12.085,S1O
46,FT8,197,12.085,S1O
46,FT8,198,13.550,S1O
46,FT8,199,14.526,S1O
46,FT8,200,14.526,S1O
46,FT8,201,14.038,S1O
46,FT8,202,12.085,S1O
46,FT8,203,10.620,S1O
46,FT8,204,9.155,S1O
46,FT8,205,8.179,S1O
46,FT8,206,7.690,S1O
46,FT8,207,7.690,S1O
46,FT8,208,8.667,S1O
46,FT8,209,10.132,S1O
46,FT8,210,12.085,S1O
46,FT8,211,12.573,S1O
46,FT8,212,11.108,S1O
46,FT8,213,7.690,S1O
46,FT8,214,4.272,S1O
46,FT8,215,2.808,S1O
46,FT8,216,2.808,S1O
46,FT8,217,3.784,S1O
46,FT8,218,4.761,S1O
46,FT8,219,4.761,S1O
46,FT8,220,4.272,S1O
46,FT8,221,3.784,S1O
46,FT8,222,3.784,S1O
46,FT8,223,3.296,S1O
46,FT8,224,2.319,S1O
46,FT8,225,0.366,S1O
46,FT8,226,-2.563,S1O
46,FT8,227,-3.540,S1O
46,FT8,228,-4.028,S1O
46,FT8,229,-3.540,S1O
46,FT8,230,-3.540,S1O
46,FT8,231,-4.028,S1O
46,FT8,232,-4.517,S1O
46,FT8,233,-4.517,S1O
46,FT8,234,-3.540,S1O
46,FT8,235,-2.563,S1O
46,FT8,236,-1.099,S1O
46,FT8,237,-0.122,S1O
46,FT8,238,0.366,S1O
46,FT8,239,0.366,S1O
46,FT8,240,0.854,S1O
46,FT8,241,0.366,S1O
46,FT8,242,0.366,S1O
46,FT8,243,0.366,S1O
46,FT8,244,0.854,S1O
46,FT8,245,1.343,S1O
46,FT8,246,0.854,S1O
46,FT8,247,-0.610,S1O
46,FT8,248,-3.052,S1O
46,FT8,249,-5.493,S1O
46,FT8,250,-6.958,S1O
46,FT8,251,-7.446,S1O
46,FT8,252,-6.958,S1O
46,FT8,253,-6.958,S1O
46,FT8,254,-7.935,S1O
46,FT8,255,-8.911,S1O
46,FPZ,0,-1.943,S1O
46,FPZ,1,0.010,S1O
46,FPZ,2,1.475,S1O
46,FPZ,3,1.475,S1O
46,FPZ,4,0.010,S1O
46,FPZ,5,-3.896,S1O
46,FPZ,6,-7.802,S1O
46,FPZ,7,-11.220,S1O
46,FPZ,8,-11.709,S1O
46,FPZ,9,-9.267,S1O
46,FPZ,10,-4.873,S1O
46,FPZ,11,0.010,S1O
46,FPZ,12,5.870,S1O
46,FPZ,13,10.752,S1O
46,FPZ,14,15.635,S1O
46,FPZ,15,19.541,S1O
46,FPZ,16,21.495,S1O
46,FPZ,17,21.006,S1O
46,FPZ,18,18.077,S1O
46,FPZ,19,13.682,S1O
46,FPZ,20,9.288,S1O
46,FPZ,21,5.870,S1O
46,FPZ,22,3.916,S1O
46,FPZ,23,2.940,S1O
46,FPZ,24,2.940,S1O
46,FPZ,25,2.940,S1O
46,FPZ,26,3.916,S1O
46,FPZ,27,4.405,S1O
46,FPZ,28,4.405,S1O
46,FPZ,29,3.428,S1O
46,FPZ,30,1.963,S1O
46,FPZ,31,0.498,S1O
46,FPZ,32,0.498,S1O
46,FPZ,33,2.452,S1O
46,FPZ,34,5.381,S1O
46,FPZ,35,7.823,S1O
46,FPZ,36,8.799,S1O
46,FPZ,37,7.823,S1O
46,FPZ,38,6.846,S1O
46,FPZ,39,4.893,S1O
46,FPZ,40,3.428,S1O
46,FPZ,41,1.963,S1O
46,FPZ,42,-0.966,S1O
46,FPZ,43,-3.896,S1O
46,FPZ,44,-5.361,S1O
46,FPZ,45,-5.849,S1O
46,FPZ,46,-4.384,S1O
46,FPZ,47,-2.920,S1O
46,FPZ,48,-2.431,S1O
46,FPZ,49,-2.920,S1O
46,FPZ,50,-3.896,S1O
46,FPZ,51,-4.384,S1O
46,FPZ,52,-3.896,S1O
46,FPZ,53,-2.431,S1O
46,FPZ,54,-0.966,S1O
46,FPZ,55,0.498,S1O
46,FPZ,56,1.475,S1O
46,FPZ,57,1.963,S1O
46,FPZ,58,1.963,S1O
46,FPZ,59,1.963,S1O
46,FPZ,60,1.475,S1O
46,FPZ,61,0.010,S1O
46,FPZ,62,-1.455,S1O
46,FPZ,63,-2.920,S1O
46,FPZ,64,-3.896,S1O
46,FPZ,65,-3.896,S1O
46,FPZ,66,-3.896,S1O
46,FPZ,67,-4.384,S1O
46,FPZ,68,-4.873,S1O
46,FPZ,69,-5.849,S1O
46,FPZ,70,-6.337,S1O
46,FPZ,71,-6.826,S1O
46,FPZ,72,-6.826,S1O
46,FPZ,73,-6.826,S1O
46,FPZ,74,-7.802,S1O
46,FPZ,75,-7.802,S1O
46,FPZ,76,-6.826,S1O
46,FPZ,77,-4.873,S1O
46,FPZ,78,-2.431,S1O
46,FPZ,79,0.010,S1O
46,FPZ,80,0.987,S1O
46,FPZ,81,0.010,S1O
46,FPZ,82,-0.478,S1O
46,FPZ,83,-0.966,S1O
46,FPZ,84,0.010,S1O
46,FPZ,85,1.963,S1O
46,FPZ,86,3.428,S1O
46,FPZ,87,5.381,S1O
46,FPZ,88,7.334,S1O
46,FPZ,89,10.264,S1O
46,FPZ,90,12.705,S1O
46,FPZ,91,12.705,S1O
46,FPZ,92,11.241,S1O
46,FPZ,93,7.823,S1O
46,FPZ,94,4.893,S1O
46,FPZ,95,4.405,S1O
46,FPZ,96,6.358,S1O
46,FPZ,97,10.264,S1O
46,FPZ,98,13.682,S1O
46,FPZ,99,14.659,S1O
46,FPZ,100,12.705,S1O
46,FPZ,101,9.288,S1O
46,FPZ,102,5.870,S1O
46,FPZ,103,3.916,S1O
46,FPZ,104,3.916,S1O
46,FPZ,105,5.381,S1O
46,FPZ,106,6.358,S1O
46,FPZ,107,6.846,S1O
46,FPZ,108,6.358,S1O
46,FPZ,109,5.381,S1O
46,FPZ,110,3.916,S1O
46,FPZ,111,1.475,S1O
46,FPZ,112,-0.966,S1O
46,FPZ,113,-3.896,S1O
46,FPZ,114,-4.873,S1O
46,FPZ,115,-4.384,S1O
46,FPZ,116,-2.920,S1O
46,FPZ,117,0.010,S1O
46,FPZ,118,1.963,S1O
46,FPZ,119,3.428,S1O
46,FPZ,120,3.916,S1O
46,FPZ,121,4.893,S1O
46,FPZ,122,5.381,S1O
46,FPZ,123,6.846,S1O
46,FPZ,124,8.311,S1O
46,FPZ,125,8.799,S1O
46,FPZ,126,7.823,S1O
46,FPZ,127,5.381,S1O
46,FPZ,128,2.452,S1O
46,FPZ,129,0.987,S1O
46,FPZ,130,0.498,S1O
46,FPZ,131,2.452,S1O
46,FPZ,132,4.405,S1O
46,FPZ,133,5.381,S1O
46,FPZ,134,4.893,S1O
46,FPZ,135,3.428,S1O
46,FPZ,136,1.475,S1O
46,FPZ,137,-0.478,S1O
46,FPZ,138,-1.455,S1O
46,FPZ,139,-1.943,S1O
46,FPZ,140,-2.920,S1O
46,FPZ,141,-3.408,S1O
46,FPZ,142,-3.896,S1O
46,FPZ,143,-3.408,S1O
46,FPZ,144,-2.920,S1O
46,FPZ,145,-2.920,S1O
46,FPZ,146,-2.920,S1O
46,FPZ,147,-3.408,S1O
46,FPZ,148,-2.920,S1O
46,FPZ,149,-1.455,S1O
46,FPZ,150,0.987,S1O
46,FPZ,151,2.940,S1O
46,FPZ,152,3.428,S1O
46,FPZ,153,2.940,S1O
46,FPZ,154,2.452,S1O
46,FPZ,155,2.940,S1O
46,FPZ,156,4.405,S1O
46,FPZ,157,5.870,S1O
46,FPZ,158,6.358,S1O
46,FPZ,159,5.870,S1O
46,FPZ,160,5.381,S1O
46,FPZ,161,6.358,S1O
46,FPZ,162,8.799,S1O
46,FPZ,163,10.752,S1O
46,FPZ,164,12.705,S1O
46,FPZ,165,11.729,S1O
46,FPZ,166,10.264,S1O
46,FPZ,167,8.799,S1O
46,FPZ,168,7.823,S1O
46,FPZ,169,8.799,S1O
46,FPZ,170,9.776,S1O
46,FPZ,171,11.241,S1O
46,FPZ,172,12.217,S1O
46,FPZ,173,13.682,S1O
46,FPZ,174,14.659,S1O
46,FPZ,175,14.170,S1O
46,FPZ,176,12.705,S1O
46,FPZ,177,9.776,S1O
46,FPZ,178,6.846,S1O
46,FPZ,179,5.381,S1O
46,FPZ,180,6.846,S1O
46,FPZ,181,9.288,S1O
46,FPZ,182,12.217,S1O
46,FPZ,183,13.682,S1O
46,FPZ,184,13.194,S1O
46,FPZ,185,11.241,S1O
46,FPZ,186,9.776,S1O
46,FPZ,187,8.799,S1O
46,FPZ,188,7.823,S1O
46,FPZ,189,7.334,S1O
46,FPZ,190,6.846,S1O
46,FPZ,191,5.870,S1O
46,FPZ,192,4.893,S1O
46,FPZ,193,4.893,S1O
46,FPZ,194,5.870,S1O
46,FPZ,195,6.358,S1O
46,FPZ,196,6.846,S1O
46,FPZ,197,6.358,S1O
46,FPZ,198,6.358,S1O
46,FPZ,199,6.846,S1O
46,FPZ,200,7.823,S1O
46,FPZ,201,8.799,S1O
46,FPZ,202,9.288,S1O
46,FPZ,203,9.288,S1O
46,FPZ,204,7.823,S1O
46,FPZ,205,6.358,S1O
46,FPZ,206,4.893,S1O
46,FPZ,207,3.916,S1O
46,FPZ,208,4.405,S1O
46,FPZ,209,5.870,S1O
46,FPZ,210,7.334,S1O
46,FPZ,211,8.799,S1O
46,FPZ,212,8.311,S1O
46,FPZ,213,6.358,S1O
46,FPZ,214,2.940,S1O
46,FPZ,215,0.987,S1O
46,FPZ,216,-0.478,S1O
46,FPZ,217,-0.966,S1O
46,FPZ,218,-0.478,S1O
46,FPZ,219,-0.966,S1O
46,FPZ,220,-1.943,S1O
46,FPZ,221,-2.431,S1O
46,FPZ,222,-2.920,S1O
46,FPZ,223,-3.408,S1O
46,FPZ,224,-4.873,S1O
46,FPZ,225,-6.826,S1O
46,FPZ,226,-7.802,S1O
46,FPZ,227,-7.314,S1O
46,FPZ,228,-5.361,S1O
46,FPZ,229,-3.408,S1O
46,FPZ,230,-2.431,S1O
46,FPZ,231,-2.920,S1O
46,FPZ,232,-3.408,S1O
46,FPZ,233,-2.920,S1O
46,FPZ,234,0.010,S1O
46,FPZ,235,3.428,S1O
46,FPZ,236,6.846,S1O
46,FPZ,237,8.799,S1O
46,FPZ,238,9.776,S1O
46,FPZ,239,10.264,S1O
46,FPZ,240,11.729,S1O
46,FPZ,241,12.705,S1O
46,FPZ,242,12.705,S1O
46,FPZ,243,11.729,S1O
46,FPZ,244,9.288,S1O
46,FPZ,245,6.846,S1O
46,FPZ,246,4.893,S1O
46,FPZ,247,3.916,S1O
46,FPZ,248,2.940,S1O
46,FPZ,249,1.963,S1O
46,FPZ,250,0.987,S1O
46,FPZ,251,0.010,S1O
46,FPZ,252,-0.478,S1O
46,FPZ,253,-0.478,S1O
46,FPZ,254,-0.478,S1O
46,FPZ,255,-1.455,S1O
46,FC4,0,-3.184,S1O
46,FC4,1,-2.207,S1O
46,FC4,2,-1.231,S1O
46,FC4,3,-1.231,S1O
46,FC4,4,-1.719,S1O
46,FC4,5,-3.184,S1O
46,FC4,6,-5.137,S1O
46,FC4,7,-7.579,S1O
46,FC4,8,-9.043,S1O
46,FC4,9,-9.043,S1O
46,FC4,10,-7.579,S1O
46,FC4,11,-4.649,S1O
46,FC4,12,-2.207,S1O
46,FC4,13,0.722,S1O
46,FC4,14,3.164,S1O
46,FC4,15,5.117,S1O
46,FC4,16,6.582,S1O
46,FC4,17,6.093,S1O
46,FC4,18,4.628,S1O
46,FC4,19,2.187,S1O
46,FC4,20,0.234,S1O
46,FC4,21,-0.743,S1O
46,FC4,22,-0.254,S1O
46,FC4,23,0.722,S1O
46,FC4,24,2.187,S1O
46,FC4,25,2.675,S1O
46,FC4,26,3.164,S1O
46,FC4,27,2.675,S1O
46,FC4,28,2.187,S1O
46,FC4,29,1.211,S1O
46,FC4,30,-0.254,S1O
46,FC4,31,-0.743,S1O
46,FC4,32,-0.743,S1O
46,FC4,33,0.234,S1O
46,FC4,34,1.211,S1O
46,FC4,35,2.187,S1O
46,FC4,36,2.187,S1O
46,FC4,37,1.699,S1O
46,FC4,38,1.211,S1O
46,FC4,39,1.211,S1O
46,FC4,40,1.211,S1O
46,FC4,41,1.211,S1O
46,FC4,42,-0.254,S1O
46,FC4,43,-2.207,S1O
46,FC4,44,-4.161,S1O
46,FC4,45,-5.137,S1O
46,FC4,46,-5.625,S1O
46,FC4,47,-5.625,S1O
46,FC4,48,-5.625,S1O
46,FC4,49,-5.625,S1O
46,FC4,50,-5.137,S1O
46,FC4,51,-4.649,S1O
46,FC4,52,-4.161,S1O
46,FC4,53,-4.161,S1O
46,FC4,54,-4.649,S1O
46,FC4,55,-5.137,S1O
46,FC4,56,-6.114,S1O
46,FC4,57,-5.625,S1O
46,FC4,58,-4.649,S1O
46,FC4,59,-3.184,S1O
46,FC4,60,-1.719,S1O
46,FC4,61,-0.743,S1O
46,FC4,62,0.234,S1O
46,FC4,63,1.211,S1O
46,FC4,64,2.675,S1O
46,FC4,65,3.164,S1O
46,FC4,66,3.652,S1O
46,FC4,67,3.164,S1O
46,FC4,68,1.699,S1O
46,FC4,69,0.722,S1O
46,FC4,70,0.234,S1O
46,FC4,71,-0.254,S1O
46,FC4,72,0.234,S1O
46,FC4,73,-0.254,S1O
46,FC4,74,-0.254,S1O
46,FC4,75,-0.254,S1O
46,FC4,76,-0.254,S1O
46,FC4,77,0.722,S1O
46,FC4,78,1.211,S1O
46,FC4,79,1.699,S1O
46,FC4,80,1.211,S1O
46,FC4,81,0.234,S1O
46,FC4,82,-0.743,S1O
46,FC4,83,-1.719,S1O
46,FC4,84,-1.719,S1O
46,FC4,85,-0.743,S1O
46,FC4,86,-0.254,S1O
46,FC4,87,0.722,S1O
46,FC4,88,1.699,S1O
46,FC4,89,2.187,S1O
46,FC4,90,2.187,S1O
46,FC4,91,3.164,S1O
46,FC4,92,3.164,S1O
46,FC4,93,3.164,S1O
46,FC4,94,3.652,S1O
46,FC4,95,3.164,S1O
46,FC4,96,3.652,S1O
46,FC4,97,4.140,S1O
46,FC4,98,4.628,S1O
46,FC4,99,5.605,S1O
46,FC4,100,6.093,S1O
46,FC4,101,5.117,S1O
46,FC4,102,4.140,S1O
46,FC4,103,3.164,S1O
46,FC4,104,2.675,S1O
46,FC4,105,3.164,S1O
46,FC4,106,3.652,S1O
46,FC4,107,3.652,S1O
46,FC4,108,2.675,S1O
46,FC4,109,1.699,S1O
46,FC4,110,0.722,S1O
46,FC4,111,0.722,S1O
46,FC4,112,1.211,S1O
46,FC4,113,1.211,S1O
46,FC4,114,1.211,S1O
46,FC4,115,0.722,S1O
46,FC4,116,1.211,S1O
46,FC4,117,2.187,S1O
46,FC4,118,3.652,S1O
46,FC4,119,4.628,S1O
46,FC4,120,5.117,S1O
46,FC4,121,4.628,S1O
46,FC4,122,4.140,S1O
46,FC4,123,3.164,S1O
46,FC4,124,3.164,S1O
46,FC4,125,2.675,S1O
46,FC4,126,2.187,S1O
46,FC4,127,2.187,S1O
46,FC4,128,0.722,S1O
46,FC4,129,-0.254,S1O
46,FC4,130,-0.743,S1O
46,FC4,131,-0.254,S1O
46,FC4,132,0.234,S1O
46,FC4,133,1.699,S1O
46,FC4,134,2.187,S1O
46,FC4,135,2.675,S1O
46,FC4,136,2.675,S1O
46,FC4,137,2.187,S1O
46,FC4,138,1.211,S1O
46,FC4,139,-0.254,S1O
46,FC4,140,-0.743,S1O
46,FC4,141,-0.743,S1O
46,FC4,142,-0.254,S1O
46,FC4,143,1.211,S1O
46,FC4,144,2.675,S1O
46,FC4,145,3.164,S1O
46,FC4,146,2.187,S1O
46,FC4,147,0.722,S1O
46,FC4,148,-0.743,S1O
46,FC4,149,-1.231,S1O
46,FC4,150,-0.743,S1O
46,FC4,151,-0.743,S1O
46,FC4,152,-1.231,S1O
46,FC4,153,-1.719,S1O
46,FC4,154,-1.719,S1O
46,FC4,155,-1.231,S1O
46,FC4,156,-0.743,S1O
46,FC4,157,-0.743,S1O
46,FC4,158,-0.743,S1O
46,FC4,159,-1.231,S1O
46,FC4,160,-1.231,S1O
46,FC4,161,0.234,S1O
46,FC4,162,1.699,S1O
46,FC4,163,3.164,S1O
46,FC4,164,3.164,S1O
46,FC4,165,3.164,S1O
46,FC4,166,3.164,S1O
46,FC4,167,3.164,S1O
46,FC4,168,4.140,S1O
46,FC4,169,4.628,S1O
46,FC4,170,4.140,S1O
46,FC4,171,3.164,S1O
46,FC4,172,3.164,S1O
46,FC4,173,3.652,S1O
46,FC4,174,5.605,S1O
46,FC4,175,7.070,S1O
46,FC4,176,8.046,S1O
46,FC4,177,7.558,S1O
46,FC4,178,7.070,S1O
46,FC4,179,6.582,S1O
46,FC4,180,6.582,S1O
46,FC4,181,6.582,S1O
46,FC4,182,6.582,S1O
46,FC4,183,6.582,S1O
46,FC4,184,7.070,S1O
46,FC4,185,8.046,S1O
46,FC4,186,8.535,S1O
46,FC4,187,8.046,S1O
46,FC4,188,7.558,S1O
46,FC4,189,6.582,S1O
46,FC4,190,5.605,S1O
46,FC4,191,5.117,S1O
46,FC4,192,5.117,S1O
46,FC4,193,5.605,S1O
46,FC4,194,5.117,S1O
46,FC4,195,5.117,S1O
46,FC4,196,5.117,S1O
46,FC4,197,5.117,S1O
46,FC4,198,5.605,S1O
46,FC4,199,5.605,S1O
46,FC4,200,5.605,S1O
46,FC4,201,5.117,S1O
46,FC4,202,5.117,S1O
46,FC4,203,4.628,S1O
46,FC4,204,4.140,S1O
46,FC4,205,3.652,S1O
46,FC4,206,3.164,S1O
46,FC4,207,2.675,S1O
46,FC4,208,3.164,S1O
46,FC4,209,3.652,S1O
46,FC4,210,4.628,S1O
46,FC4,211,4.628,S1O
46,FC4,212,3.652,S1O
46,FC4,213,2.187,S1O
46,FC4,214,0.722,S1O
46,FC4,215,0.234,S1O
46,FC4,216,0.234,S1O
46,FC4,217,0.234,S1O
46,FC4,218,-0.254,S1O
46,FC4,219,-0.743,S1O
46,FC4,220,-1.231,S1O
46,FC4,221,-0.743,S1O
46,FC4,222,-0.743,S1O
46,FC4,223,0.234,S1O
46,FC4,224,0.234,S1O
46,FC4,225,-0.254,S1O
46,FC4,226,-0.743,S1O
46,FC4,227,-0.743,S1O
46,FC4,228,-0.254,S1O
46,FC4,229,-0.254,S1O
46,FC4,230,-0.254,S1O
46,FC4,231,-1.231,S1O
46,FC4,232,-1.231,S1O
46,FC4,233,-1.231,S1O
46,FC4,234,-0.743,S1O
46,FC4,235,0.234,S1O
46,FC4,236,0.722,S1O
46,FC4,237,1.211,S1O
46,FC4,238,1.211,S1O
46,FC4,239,1.211,S1O
46,FC4,240,2.187,S1O
46,FC4,241,2.187,S1O
46,FC4,242,2.187,S1O
46,FC4,243,1.699,S1O
46,FC4,244,1.699,S1O
46,FC4,245,2.187,S1O
46,FC4,246,2.675,S1O
46,FC4,247,2.675,S1O
46,FC4,248,1.211,S1O
46,FC4,249,-0.254,S1O
46,FC4,250,-1.719,S1O
46,FC4,251,-2.207,S1O
46,FC4,252,-2.207,S1O
46,FC4,253,-1.719,S1O
46,FC4,254,-2.696,S1O
46,FC4,255,-3.672,S1O
46,FC3,0,3.845,S1O
46,FC3,1,5.310,S1O
46,FC3,2,6.287,S1O
46,FC3,3,6.287,S1O
46,FC3,4,4.333,S1O
46,FC3,5,1.404,S1O
46,FC3,6,-1.526,S1O
46,FC3,7,-2.991,S1O
46,FC3,8,-2.991,S1O
46,FC3,9,-2.991,S1O
46,FC3,10,-2.014,S1O
46,FC3,11,-1.038,S1O
46,FC3,12,0.427,S1O
46,FC3,13,3.357,S1O
46,FC3,14,7.263,S1O
46,FC3,15,10.193,S1O
46,FC3,16,11.169,S1O
46,FC3,17,10.193,S1O
46,FC3,18,7.751,S1O
46,FC3,19,4.822,S1O
46,FC3,20,1.892,S1O
46,FC3,21,0.427,S1O
46,FC3,22,-1.526,S1O
46,FC3,23,-2.991,S1O
46,FC3,24,-3.967,S1O
46,FC3,25,-4.456,S1O
46,FC3,26,-2.502,S1O
46,FC3,27,-0.549,S1O
46,FC3,28,1.404,S1O
46,FC3,29,1.404,S1O
46,FC3,30,0.916,S1O
46,FC3,31,0.916,S1O
46,FC3,32,1.892,S1O
46,FC3,33,3.357,S1O
46,FC3,34,4.333,S1O
46,FC3,35,3.845,S1O
46,FC3,36,2.380,S1O
46,FC3,37,0.916,S1O
46,FC3,38,-0.549,S1O
46,FC3,39,-1.526,S1O
46,FC3,40,-2.502,S1O
46,FC3,41,-4.456,S1O
46,FC3,42,-5.920,S1O
46,FC3,43,-5.920,S1O
46,FC3,44,-4.456,S1O
46,FC3,45,-2.502,S1O
46,FC3,46,-1.038,S1O
46,FC3,47,-0.061,S1O
46,FC3,48,0.916,S1O
46,FC3,49,2.380,S1O
46,FC3,50,4.333,S1O
46,FC3,51,5.798,S1O
46,FC3,52,7.263,S1O
46,FC3,53,7.263,S1O
46,FC3,54,6.775,S1O
46,FC3,55,5.798,S1O
46,FC3,56,4.822,S1O
46,FC3,57,3.845,S1O
46,FC3,58,2.869,S1O
46,FC3,59,1.892,S1O
46,FC3,60,0.916,S1O
46,FC3,61,-0.549,S1O
46,FC3,62,-0.549,S1O
46,FC3,63,-1.038,S1O
46,FC3,64,-1.038,S1O
46,FC3,65,-1.526,S1O
46,FC3,66,-2.502,S1O
46,FC3,67,-3.967,S1O
46,FC3,68,-4.944,S1O
46,FC3,69,-4.456,S1O
46,FC3,70,-3.479,S1O
46,FC3,71,-2.014,S1O
46,FC3,72,-1.038,S1O
46,FC3,73,-0.549,S1O
46,FC3,74,-0.549,S1O
46,FC3,75,-0.549,S1O
46,FC3,76,0.427,S1O
46,FC3,77,1.892,S1O
46,FC3,78,2.380,S1O
46,FC3,79,2.380,S1O
46,FC3,80,1.892,S1O
46,FC3,81,1.404,S1O
46,FC3,82,1.404,S1O
46,FC3,83,1.892,S1O
46,FC3,84,1.892,S1O
46,FC3,85,1.892,S1O
46,FC3,86,1.892,S1O
46,FC3,87,3.845,S1O
46,FC3,88,5.798,S1O
46,FC3,89,8.240,S1O
46,FC3,90,9.705,S1O
46,FC3,91,9.705,S1O
46,FC3,92,8.240,S1O
46,FC3,93,6.775,S1O
46,FC3,94,5.798,S1O
46,FC3,95,5.310,S1O
46,FC3,96,5.310,S1O
46,FC3,97,5.310,S1O
46,FC3,98,5.310,S1O
46,FC3,99,4.822,S1O
46,FC3,100,4.822,S1O
46,FC3,101,4.333,S1O
46,FC3,102,3.845,S1O
46,FC3,103,4.333,S1O
46,FC3,104,4.333,S1O
46,FC3,105,4.333,S1O
46,FC3,106,4.333,S1O
46,FC3,107,4.333,S1O
46,FC3,108,5.310,S1O
46,FC3,109,5.310,S1O
46,FC3,110,4.822,S1O
46,FC3,111,2.869,S1O
46,FC3,112,-0.061,S1O
46,FC3,113,-1.526,S1O
46,FC3,114,-2.014,S1O
46,FC3,115,-1.526,S1O
46,FC3,116,-0.061,S1O
46,FC3,117,1.892,S1O
46,FC3,118,3.357,S1O
46,FC3,119,4.822,S1O
46,FC3,120,5.310,S1O
46,FC3,121,6.287,S1O
46,FC3,122,7.263,S1O
46,FC3,123,8.240,S1O
46,FC3,124,8.240,S1O
46,FC3,125,7.751,S1O
46,FC3,126,6.775,S1O
46,FC3,127,5.798,S1O
46,FC3,128,5.310,S1O
46,FC3,129,5.310,S1O
46,FC3,130,5.798,S1O
46,FC3,131,6.287,S1O
46,FC3,132,6.287,S1O
46,FC3,133,6.287,S1O
46,FC3,134,5.310,S1O
46,FC3,135,3.845,S1O
46,FC3,136,1.892,S1O
46,FC3,137,0.916,S1O
46,FC3,138,0.916,S1O
46,FC3,139,1.892,S1O
46,FC3,140,1.892,S1O
46,FC3,141,0.916,S1O
46,FC3,142,-0.061,S1O
46,FC3,143,-0.061,S1O
46,FC3,144,1.404,S1O
46,FC3,145,2.869,S1O
46,FC3,146,3.845,S1O
46,FC3,147,4.333,S1O
46,FC3,148,4.822,S1O
46,FC3,149,4.822,S1O
46,FC3,150,4.822,S1O
46,FC3,151,4.822,S1O
46,FC3,152,5.310,S1O
46,FC3,153,6.287,S1O
46,FC3,154,7.263,S1O
46,FC3,155,8.240,S1O
46,FC3,156,8.240,S1O
46,FC3,157,6.775,S1O
46,FC3,158,5.310,S1O
46,FC3,159,3.845,S1O
46,FC3,160,3.845,S1O
46,FC3,161,4.822,S1O
46,FC3,162,5.310,S1O
46,FC3,163,6.287,S1O
46,FC3,164,6.775,S1O
46,FC3,165,6.775,S1O
46,FC3,166,6.775,S1O
46,FC3,167,6.287,S1O
46,FC3,168,6.287,S1O
46,FC3,169,6.775,S1O
46,FC3,170,7.751,S1O
46,FC3,171,8.728,S1O
46,FC3,172,9.216,S1O
46,FC3,173,9.705,S1O
46,FC3,174,9.705,S1O
46,FC3,175,9.216,S1O
46,FC3,176,8.728,S1O
46,FC3,177,8.240,S1O
46,FC3,178,8.240,S1O
46,FC3,179,8.728,S1O
46,FC3,180,8.728,S1O
46,FC3,181,8.240,S1O
46,FC3,182,7.263,S1O
46,FC3,183,5.798,S1O
46,FC3,184,4.822,S1O
46,FC3,185,5.310,S1O
46,FC3,186,6.287,S1O
46,FC3,187,7.263,S1O
46,FC3,188,7.751,S1O
46,FC3,189,7.263,S1O
46,FC3,190,6.775,S1O
46,FC3,191,6.287,S1O
46,FC3,192,6.287,S1O
46,FC3,193,6.775,S1O
46,FC3,194,6.775,S1O
46,FC3,195,6.775,S1O
46,FC3,196,7.263,S1O
46,FC3,197,8.240,S1O
46,FC3,198,10.193,S1O
46,FC3,199,12.146,S1O
46,FC3,200,12.634,S1O
46,FC3,201,12.146,S1O
46,FC3,202,10.681,S1O
46,FC3,203,9.705,S1O
46,FC3,204,9.705,S1O
46,FC3,205,9.216,S1O
46,FC3,206,8.240,S1O
46,FC3,207,7.263,S1O
46,FC3,208,7.263,S1O
46,FC3,209,7.751,S1O
46,FC3,210,8.728,S1O
46,FC3,211,9.216,S1O
46,FC3,212,7.263,S1O
46,FC3,213,5.310,S1O
46,FC3,214,3.357,S1O
46,FC3,215,2.869,S1O
46,FC3,216,3.357,S1O
46,FC3,217,3.357,S1O
46,FC3,218,3.845,S1O
46,FC3,219,4.333,S1O
46,FC3,220,4.822,S1O
46,FC3,221,4.333,S1O
46,FC3,222,3.357,S1O
46,FC3,223,1.892,S1O
46,FC3,224,-0.061,S1O
46,FC3,225,-0.549,S1O
46,FC3,226,-0.061,S1O
46,FC3,227,0.916,S1O
46,FC3,228,1.892,S1O
46,FC3,229,1.892,S1O
46,FC3,230,1.892,S1O
46,FC3,231,2.380,S1O
46,FC3,232,2.869,S1O
46,FC3,233,3.845,S1O
46,FC3,234,3.845,S1O
46,FC3,235,3.357,S1O
46,FC3,236,2.869,S1O
46,FC3,237,2.869,S1O
46,FC3,238,3.357,S1O
46,FC3,239,4.822,S1O
46,FC3,240,6.775,S1O
46,FC3,241,7.751,S1O
46,FC3,242,8.728,S1O
46,FC3,243,8.240,S1O
46,FC3,244,7.751,S1O
46,FC3,245,7.263,S1O
46,FC3,246,6.775,S1O
46,FC3,247,6.287,S1O
46,FC3,248,5.798,S1O
46,FC3,249,4.822,S1O
46,FC3,250,4.822,S1O
46,FC3,251,5.798,S1O
46,FC3,252,7.263,S1O
46,FC3,253,8.728,S1O
46,FC3,254,8.240,S1O
46,FC3,255,6.775,S1O
46,C6,0,-4.456,S1O
46,C6,1,-2.502,S1O
46,C6,2,-1.526,S1O
46,C6,3,-1.526,S1O
46,C6,4,-2.991,S1O
46,C6,5,-5.432,S1O
46,C6,6,-7.874,S1O
46,C6,7,-8.850,S1O
46,C6,8,-8.850,S1O
46,C6,9,-7.385,S1O
46,C6,10,-5.432,S1O
46,C6,11,-3.967,S1O
46,C6,12,-2.014,S1O
46,C6,13,0.916,S1O
46,C6,14,3.845,S1O
46,C6,15,6.287,S1O
46,C6,16,6.775,S1O
46,C6,17,4.333,S1O
46,C6,18,1.404,S1O
46,C6,19,-1.038,S1O
46,C6,20,-1.526,S1O
46,C6,21,-1.526,S1O
46,C6,22,-2.014,S1O
46,C6,23,-2.014,S1O
46,C6,24,-2.502,S1O
46,C6,25,-2.991,S1O
46,C6,26,-2.502,S1O
46,C6,27,-2.014,S1O
46,C6,28,-2.991,S1O
46,C6,29,-3.967,S1O
46,C6,30,-4.944,S1O
46,C6,31,-4.456,S1O
46,C6,32,-2.502,S1O
46,C6,33,-0.549,S1O
46,C6,34,0.427,S1O
46,C6,35,-0.549,S1O
46,C6,36,-1.526,S1O
46,C6,37,-1.038,S1O
46,C6,38,0.916,S1O
46,C6,39,3.357,S1O
46,C6,40,5.310,S1O
46,C6,41,4.822,S1O
46,C6,42,2.869,S1O
46,C6,43,-0.061,S1O
46,C6,44,-2.502,S1O
46,C6,45,-3.479,S1O
46,C6,46,-3.479,S1O
46,C6,47,-4.456,S1O
46,C6,48,-4.944,S1O
46,C6,49,-5.432,S1O
46,C6,50,-4.944,S1O
46,C6,51,-4.456,S1O
46,C6,52,-4.456,S1O
46,C6,53,-5.432,S1O
46,C6,54,-6.897,S1O
46,C6,55,-8.850,S1O
46,C6,56,-9.827,S1O
46,C6,57,-9.827,S1O
46,C6,58,-9.338,S1O
46,C6,59,-8.362,S1O
46,C6,60,-6.897,S1O
46,C6,61,-5.432,S1O
46,C6,62,-2.991,S1O
46,C6,63,-0.549,S1O
46,C6,64,1.404,S1O
46,C6,65,1.892,S1O
46,C6,66,1.404,S1O
46,C6,67,0.427,S1O
46,C6,68,0.427,S1O
46,C6,69,0.427,S1O
46,C6,70,0.427,S1O
46,C6,71,-0.061,S1O
46,C6,72,-1.038,S1O
46,C6,73,-1.526,S1O
46,C6,74,-1.526,S1O
46,C6,75,-1.526,S1O
46,C6,76,-0.549,S1O
46,C6,77,0.916,S1O
46,C6,78,2.380,S1O
46,C6,79,3.357,S1O
46,C6,80,2.869,S1O
46,C6,81,1.892,S1O
46,C6,82,-0.061,S1O
46,C6,83,-1.526,S1O
46,C6,84,-2.502,S1O
46,C6,85,-2.502,S1O
46,C6,86,-2.014,S1O
46,C6,87,-1.038,S1O
46,C6,88,-0.061,S1O
46,C6,89,0.427,S1O
46,C6,90,1.404,S1O
46,C6,91,1.892,S1O
46,C6,92,2.380,S1O
46,C6,93,2.380,S1O
46,C6,94,1.892,S1O
46,C6,95,1.404,S1O
46,C6,96,1.404,S1O
46,C6,97,2.869,S1O
46,C6,98,4.333,S1O
46,C6,99,4.822,S1O
46,C6,100,4.333,S1O
46,C6,101,3.357,S1O
46,C6,102,2.380,S1O
46,C6,103,2.380,S1O
46,C6,104,2.380,S1O
46,C6,105,2.380,S1O
46,C6,106,1.404,S1O
46,C6,107,-0.061,S1O
46,C6,108,-1.038,S1O
46,C6,109,-1.038,S1O
46,C6,110,-0.549,S1O
46,C6,111,-0.061,S1O
46,C6,112,0.916,S1O
46,C6,113,1.892,S1O
46,C6,114,3.357,S1O
46,C6,115,5.310,S1O
46,C6,116,6.775,S1O
46,C6,117,7.751,S1O
46,C6,118,8.240,S1O
46,C6,119,9.216,S1O
46,C6,120,9.216,S1O
46,C6,121,9.216,S1O
46,C6,122,7.751,S1O
46,C6,123,5.798,S1O
46,C6,124,4.333,S1O
46,C6,125,3.357,S1O
46,C6,126,3.357,S1O
46,C6,127,3.357,S1O
46,C6,128,2.869,S1O
46,C6,129,1.892,S1O
46,C6,130,1.892,S1O
46,C6,131,2.380,S1O
46,C6,132,3.845,S1O
46,C6,133,5.310,S1O
46,C6,134,5.798,S1O
46,C6,135,5.798,S1O
46,C6,136,4.822,S1O
46,C6,137,3.357,S1O
46,C6,138,1.892,S1O
46,C6,139,0.916,S1O
46,C6,140,0.916,S1O
46,C6,141,2.380,S1O
46,C6,142,3.845,S1O
46,C6,143,4.822,S1O
46,C6,144,4.333,S1O
46,C6,145,1.892,S1O
46,C6,146,-0.061,S1O
46,C6,147,-0.549,S1O
46,C6,148,0.916,S1O
46,C6,149,1.892,S1O
46,C6,150,1.404,S1O
46,C6,151,-0.061,S1O
46,C6,152,-1.038,S1O
46,C6,153,-1.038,S1O
46,C6,154,-0.061,S1O
46,C6,155,-0.061,S1O
46,C6,156,-0.061,S1O
46,C6,157,-0.549,S1O
46,C6,158,-0.061,S1O
46,C6,159,1.404,S1O
46,C6,160,2.869,S1O
46,C6,161,3.845,S1O
46,C6,162,3.357,S1O
46,C6,163,2.869,S1O
46,C6,164,2.380,S1O
46,C6,165,3.845,S1O
46,C6,166,6.287,S1O
46,C6,167,7.263,S1O
46,C6,168,7.751,S1O
46,C6,169,7.263,S1O
46,C6,170,6.775,S1O
46,C6,171,7.263,S1O
46,C6,172,8.728,S1O
46,C6,173,10.681,S1O
46,C6,174,11.658,S1O
46,C6,175,12.146,S1O
46,C6,176,12.634,S1O
46,C6,177,13.123,S1O
46,C6,178,14.099,S1O
46,C6,179,14.099,S1O
46,C6,180,13.123,S1O
46,C6,181,12.146,S1O
46,C6,182,11.658,S1O
46,C6,183,12.146,S1O
46,C6,184,13.123,S1O
46,C6,185,14.099,S1O
46,C6,186,14.099,S1O
46,C6,187,13.123,S1O
46,C6,188,12.146,S1O
46,C6,189,11.169,S1O
46,C6,190,10.681,S1O
46,C6,191,9.705,S1O
46,C6,192,8.240,S1O
46,C6,193,6.775,S1O
46,C6,194,6.287,S1O
46,C6,195,6.287,S1O
46,C6,196,6.775,S1O
46,C6,197,6.775,S1O
46,C6,198,7.751,S1O
46,C6,199,8.240,S1O
46,C6,200,7.751,S1O
46,C6,201,6.775,S1O
46,C6,202,4.822,S1O
46,C6,203,4.333,S1O
46,C6,204,3.845,S1O
46,C6,205,3.357,S1O
46,C6,206,3.357,S1O
46,C6,207,3.845,S1O
46,C6,208,4.822,S1O
46,C6,209,5.798,S1O
46,C6,210,6.287,S1O
46,C6,211,5.310,S1O
46,C6,212,2.869,S1O
46,C6,213,0.427,S1O
46,C6,214,-0.549,S1O
46,C6,215,-0.061,S1O
46,C6,216,0.916,S1O
46,C6,217,0.916,S1O
46,C6,218,-0.061,S1O
46,C6,219,-0.549,S1O
46,C6,220,0.427,S1O
46,C6,221,0.916,S1O
46,C6,222,0.916,S1O
46,C6,223,-0.061,S1O
46,C6,224,-2.014,S1O
46,C6,225,-3.479,S1O
46,C6,226,-4.456,S1O
46,C6,227,-4.456,S1O
46,C6,228,-3.967,S1O
46,C6,229,-4.456,S1O
46,C6,230,-4.944,S1O
46,C6,231,-5.432,S1O
46,C6,232,-5.920,S1O
46,C6,233,-5.432,S1O
46,C6,234,-5.920,S1O
46,C6,235,-5.920,S1O
46,C6,236,-5.432,S1O
46,C6,237,-4.456,S1O
46,C6,238,-3.479,S1O
46,C6,239,-3.967,S1O
46,C6,240,-4.944,S1O
46,C6,241,-6.409,S1O
46,C6,242,-5.432,S1O
46,C6,243,-3.967,S1O
46,C6,244,-2.014,S1O
46,C6,245,-1.526,S1O
46,C6,246,-2.502,S1O
46,C6,247,-3.967,S1O
46,C6,248,-5.432,S1O
46,C6,249,-5.920,S1O
46,C6,250,-5.920,S1O
46,C6,251,-5.920,S1O
46,C6,252,-6.409,S1O
46,C6,253,-7.385,S1O
46,C6,254,-7.874,S1O
46,C6,255,-7.385,S1O
46,C5,0,2.167,S1O
46,C5,1,3.632,S1O
46,C5,2,5.096,S1O
46,C5,3,5.585,S1O
46,C5,4,3.632,S1O
46,C5,5,0.214,S1O
46,C5,6,-2.228,S1O
46,C5,7,-2.716,S1O
46,C5,8,-1.740,S1O
46,C5,9,0.214,S1O
46,C5,10,0.702,S1O
46,C5,11,0.702,S1O
46,C5,12,2.167,S1O
46,C5,13,5.096,S1O
46,C5,14,9.491,S1O
46,C5,15,13.397,S1O
46,C5,16,14.862,S1O
46,C5,17,13.397,S1O
46,C5,18,9.979,S1O
46,C5,19,5.096,S1O
46,C5,20,0.702,S1O
46,C5,21,-3.204,S1O
46,C5,22,-5.646,S1O
46,C5,23,-7.599,S1O
46,C5,24,-8.575,S1O
46,C5,25,-8.575,S1O
46,C5,26,-6.622,S1O
46,C5,27,-4.181,S1O
46,C5,28,-2.228,S1O
46,C5,29,-0.275,S1O
46,C5,30,0.214,S1O
46,C5,31,1.190,S1O
46,C5,32,1.678,S1O
46,C5,33,2.655,S1O
46,C5,34,3.143,S1O
46,C5,35,2.167,S1O
46,C5,36,1.190,S1O
46,C5,37,-0.275,S1O
46,C5,38,-0.275,S1O
46,C5,39,-0.275,S1O
46,C5,40,0.214,S1O
46,C5,41,-0.275,S1O
46,C5,42,-1.251,S1O
46,C5,43,-2.716,S1O
46,C5,44,-3.693,S1O
46,C5,45,-3.204,S1O
46,C5,46,-0.763,S1O
46,C5,47,1.678,S1O
46,C5,48,3.632,S1O
46,C5,49,5.096,S1O
46,C5,50,5.585,S1O
46,C5,51,6.561,S1O
46,C5,52,8.026,S1O
46,C5,53,9.003,S1O
46,C5,54,8.514,S1O
46,C5,55,7.050,S1O
46,C5,56,4.120,S1O
46,C5,57,1.678,S1O
46,C5,58,0.702,S1O
46,C5,59,-0.275,S1O
46,C5,60,-1.251,S1O
46,C5,61,-3.693,S1O
46,C5,62,-4.669,S1O
46,C5,63,-5.646,S1O
46,C5,64,-5.157,S1O
46,C5,65,-5.157,S1O
46,C5,66,-5.646,S1O
46,C5,67,-6.622,S1O
46,C5,68,-6.622,S1O
46,C5,69,-6.134,S1O
46,C5,70,-4.669,S1O
46,C5,71,-2.716,S1O
46,C5,72,-1.251,S1O
46,C5,73,-0.275,S1O
46,C5,74,0.214,S1O
46,C5,75,0.214,S1O
46,C5,76,0.214,S1O
46,C5,77,0.702,S1O
46,C5,78,1.190,S1O
46,C5,79,1.678,S1O
46,C5,80,1.678,S1O
46,C5,81,1.678,S1O
46,C5,82,0.702,S1O
46,C5,83,0.702,S1O
46,C5,84,0.702,S1O
46,C5,85,1.190,S1O
46,C5,86,2.655,S1O
46,C5,87,4.120,S1O
46,C5,88,5.585,S1O
46,C5,89,7.538,S1O
46,C5,90,8.026,S1O
46,C5,91,7.538,S1O
46,C5,92,6.561,S1O
46,C5,93,5.096,S1O
46,C5,94,4.120,S1O
46,C5,95,3.632,S1O
46,C5,96,3.632,S1O
46,C5,97,4.120,S1O
46,C5,98,4.120,S1O
46,C5,99,3.632,S1O
46,C5,100,3.632,S1O
46,C5,101,3.632,S1O
46,C5,102,5.096,S1O
46,C5,103,5.585,S1O
46,C5,104,6.073,S1O
46,C5,105,5.096,S1O
46,C5,106,3.143,S1O
46,C5,107,1.678,S1O
46,C5,108,0.702,S1O
46,C5,109,0.702,S1O
46,C5,110,0.214,S1O
46,C5,111,-0.763,S1O
46,C5,112,-1.251,S1O
46,C5,113,-1.740,S1O
46,C5,114,-0.763,S1O
46,C5,115,1.190,S1O
46,C5,116,3.632,S1O
46,C5,117,6.073,S1O
46,C5,118,7.538,S1O
46,C5,119,8.026,S1O
46,C5,120,7.538,S1O
46,C5,121,7.538,S1O
46,C5,122,8.514,S1O
46,C5,123,9.491,S1O
46,C5,124,9.979,S1O
46,C5,125,9.491,S1O
46,C5,126,8.514,S1O
46,C5,127,8.514,S1O
46,C5,128,9.003,S1O
46,C5,129,9.979,S1O
46,C5,130,9.979,S1O
46,C5,131,9.003,S1O
46,C5,132,7.538,S1O
46,C5,133,6.561,S1O
46,C5,134,6.073,S1O
46,C5,135,5.096,S1O
46,C5,136,3.143,S1O
46,C5,137,0.702,S1O
46,C5,138,-0.763,S1O
46,C5,139,-0.763,S1O
46,C5,140,-0.275,S1O
46,C5,141,-0.275,S1O
46,C5,142,-0.763,S1O
46,C5,143,-0.275,S1O
46,C5,144,1.190,S1O
46,C5,145,3.632,S1O
46,C5,146,5.096,S1O
46,C5,147,5.096,S1O
46,C5,148,4.608,S1O
46,C5,149,4.120,S1O
46,C5,150,4.120,S1O
46,C5,151,5.096,S1O
46,C5,152,6.073,S1O
46,C5,153,6.561,S1O
46,C5,154,6.561,S1O
46,C5,155,6.561,S1O
46,C5,156,6.073,S1O
46,C5,157,5.585,S1O
46,C5,158,4.608,S1O
46,C5,159,4.120,S1O
46,C5,160,4.120,S1O
46,C5,161,4.608,S1O
46,C5,162,5.585,S1O
46,C5,163,6.073,S1O
46,C5,164,6.073,S1O
46,C5,165,6.561,S1O
46,C5,166,6.561,S1O
46,C5,167,7.050,S1O
46,C5,168,8.514,S1O
46,C5,169,9.979,S1O
46,C5,170,11.932,S1O
46,C5,171,12.909,S1O
46,C5,172,13.397,S1O
46,C5,173,12.909,S1O
46,C5,174,12.421,S1O
46,C5,175,11.932,S1O
46,C5,176,12.909,S1O
46,C5,177,14.374,S1O
46,C5,178,15.839,S1O
46,C5,179,16.327,S1O
46,C5,180,15.839,S1O
46,C5,181,13.885,S1O
46,C5,182,10.956,S1O
46,C5,183,8.514,S1O
46,C5,184,7.538,S1O
46,C5,185,8.514,S1O
46,C5,186,10.468,S1O
46,C5,187,11.444,S1O
46,C5,188,10.956,S1O
46,C5,189,9.979,S1O
46,C5,190,8.514,S1O
46,C5,191,8.026,S1O
46,C5,192,8.026,S1O
46,C5,193,7.538,S1O
46,C5,194,6.561,S1O
46,C5,195,5.585,S1O
46,C5,196,5.585,S1O
46,C5,197,7.538,S1O
46,C5,198,10.468,S1O
46,C5,199,12.421,S1O
46,C5,200,12.909,S1O
46,C5,201,11.444,S1O
46,C5,202,9.979,S1O
46,C5,203,9.003,S1O
46,C5,204,9.003,S1O
46,C5,205,8.026,S1O
46,C5,206,7.538,S1O
46,C5,207,6.561,S1O
46,C5,208,7.050,S1O
46,C5,209,9.003,S1O
46,C5,210,10.956,S1O
46,C5,211,11.932,S1O
46,C5,212,9.979,S1O
46,C5,213,7.050,S1O
46,C5,214,4.608,S1O
46,C5,215,3.143,S1O
46,C5,216,3.632,S1O
46,C5,217,4.120,S1O
46,C5,218,4.120,S1O
46,C5,219,4.120,S1O
46,C5,220,4.120,S1O
46,C5,221,4.120,S1O
46,C5,222,3.632,S1O
46,C5,223,2.655,S1O
46,C5,224,0.702,S1O
46,C5,225,-0.763,S1O
46,C5,226,-2.228,S1O
46,C5,227,-2.716,S1O
46,C5,228,-2.716,S1O
46,C5,229,-1.251,S1O
46,C5,230,-0.275,S1O
46,C5,231,0.702,S1O
46,C5,232,0.214,S1O
46,C5,233,-0.275,S1O
46,C5,234,-1.251,S1O
46,C5,235,-1.740,S1O
46,C5,236,-1.740,S1O
46,C5,237,-1.251,S1O
46,C5,238,-1.251,S1O
46,C5,239,-0.763,S1O
46,C5,240,1.190,S1O
46,C5,241,3.143,S1O
46,C5,242,4.120,S1O
46,C5,243,4.120,S1O
46,C5,244,3.143,S1O
46,C5,245,3.143,S1O
46,C5,246,3.632,S1O
46,C5,247,4.120,S1O
46,C5,248,3.143,S1O
46,C5,249,1.190,S1O
46,C5,250,0.214,S1O
46,C5,251,1.190,S1O
46,C5,252,4.608,S1O
46,C5,253,7.050,S1O
46,C5,254,7.050,S1O
46,C5,255,4.608,S1O
46,F2,0,-0.102,S1O
46,F2,1,0.875,S1O
46,F2,2,0.387,S1O
46,F2,3,-1.078,S1O
46,F2,4,-3.520,S1O
46,F2,5,-6.449,S1O
46,F2,6,-8.891,S1O
46,F2,7,-9.867,S1O
46,F2,8,-9.867,S1O
46,F2,9,-8.403,S1O
46,F2,10,-5.473,S1O
46,F2,11,-2.055,S1O
46,F2,12,1.851,S1O
46,F2,13,5.758,S1O
46,F2,14,9.664,S1O
46,F2,15,11.617,S1O
46,F2,16,12.105,S1O
46,F2,17,10.152,S1O
46,F2,18,7.711,S1O
46,F2,19,5.758,S1O
46,F2,20,3.805,S1O
46,F2,21,2.828,S1O
46,F2,22,2.340,S1O
46,F2,23,2.340,S1O
46,F2,24,3.805,S1O
46,F2,25,5.269,S1O
46,F2,26,6.734,S1O
46,F2,27,6.734,S1O
46,F2,28,4.781,S1O
46,F2,29,2.340,S1O
46,F2,30,-0.102,S1O
46,F2,31,-0.590,S1O
46,F2,32,0.387,S1O
46,F2,33,2.828,S1O
46,F2,34,4.293,S1O
46,F2,35,4.781,S1O
46,F2,36,4.781,S1O
46,F2,37,3.805,S1O
46,F2,38,2.340,S1O
46,F2,39,-0.102,S1O
46,F2,40,-3.031,S1O
46,F2,41,-5.961,S1O
46,F2,42,-8.403,S1O
46,F2,43,-8.891,S1O
46,F2,44,-8.403,S1O
46,F2,45,-7.426,S1O
46,F2,46,-6.449,S1O
46,F2,47,-6.449,S1O
46,F2,48,-6.449,S1O
46,F2,49,-5.961,S1O
46,F2,50,-4.496,S1O
46,F2,51,-3.031,S1O
46,F2,52,-1.567,S1O
46,F2,53,-1.567,S1O
46,F2,54,-1.567,S1O
46,F2,55,-1.567,S1O
46,F2,56,-1.078,S1O
46,F2,57,0.875,S1O
46,F2,58,2.340,S1O
46,F2,59,2.828,S1O
46,F2,60,2.828,S1O
46,F2,61,1.851,S1O
46,F2,62,1.851,S1O
46,F2,63,1.851,S1O
46,F2,64,2.340,S1O
46,F2,65,1.851,S1O
46,F2,66,0.387,S1O
46,F2,67,-0.590,S1O
46,F2,68,-2.543,S1O
46,F2,69,-3.520,S1O
46,F2,70,-4.496,S1O
46,F2,71,-4.496,S1O
46,F2,72,-4.496,S1O
46,F2,73,-4.985,S1O
46,F2,74,-5.473,S1O
46,F2,75,-4.985,S1O
46,F2,76,-4.008,S1O
46,F2,77,-2.055,S1O
46,F2,78,-1.078,S1O
46,F2,79,-1.567,S1O
46,F2,80,-3.031,S1O
46,F2,81,-4.496,S1O
46,F2,82,-4.008,S1O
46,F2,83,-2.055,S1O
46,F2,84,-0.590,S1O
46,F2,85,0.387,S1O
46,F2,86,0.875,S1O
46,F2,87,2.340,S1O
46,F2,88,3.805,S1O
46,F2,89,5.758,S1O
46,F2,90,7.222,S1O
46,F2,91,7.222,S1O
46,F2,92,6.734,S1O
46,F2,93,6.246,S1O
46,F2,94,6.246,S1O
46,F2,95,6.734,S1O
46,F2,96,7.222,S1O
46,F2,97,7.711,S1O
46,F2,98,8.199,S1O
46,F2,99,7.711,S1O
46,F2,100,6.246,S1O
46,F2,101,4.293,S1O
46,F2,102,2.340,S1O
46,F2,103,2.340,S1O
46,F2,104,3.316,S1O
46,F2,105,4.293,S1O
46,F2,106,4.293,S1O
46,F2,107,3.805,S1O
46,F2,108,2.828,S1O
46,F2,109,1.851,S1O
46,F2,110,0.875,S1O
46,F2,111,-0.590,S1O
46,F2,112,-3.031,S1O
46,F2,113,-4.496,S1O
46,F2,114,-4.985,S1O
46,F2,115,-4.008,S1O
46,F2,116,-3.031,S1O
46,F2,117,-1.567,S1O
46,F2,118,-0.590,S1O
46,F2,119,0.875,S1O
46,F2,120,1.851,S1O
46,F2,121,2.828,S1O
46,F2,122,3.316,S1O
46,F2,123,3.805,S1O
46,F2,124,4.293,S1O
46,F2,125,4.781,S1O
46,F2,126,4.293,S1O
46,F2,127,2.340,S1O
46,F2,128,-0.102,S1O
46,F2,129,-1.078,S1O
46,F2,130,-0.590,S1O
46,F2,131,0.387,S1O
46,F2,132,0.875,S1O
46,F2,133,0.875,S1O
46,F2,134,0.387,S1O
46,F2,135,-0.102,S1O
46,F2,136,-0.102,S1O
46,F2,137,-0.102,S1O
46,F2,138,-1.078,S1O
46,F2,139,-2.055,S1O
46,F2,140,-3.520,S1O
46,F2,141,-3.520,S1O
46,F2,142,-2.543,S1O
46,F2,143,-1.078,S1O
46,F2,144,-1.078,S1O
46,F2,145,-2.055,S1O
46,F2,146,-3.031,S1O
46,F2,147,-3.520,S1O
46,F2,148,-3.031,S1O
46,F2,149,-2.543,S1O
46,F2,150,-2.055,S1O
46,F2,151,-2.543,S1O
46,F2,152,-3.031,S1O
46,F2,153,-2.055,S1O
46,F2,154,-0.590,S1O
46,F2,155,0.387,S1O
46,F2,156,-0.102,S1O
46,F2,157,-1.567,S1O
46,F2,158,-2.055,S1O
46,F2,159,-0.590,S1O
46,F2,160,1.363,S1O
46,F2,161,3.805,S1O
46,F2,162,5.269,S1O
46,F2,163,6.246,S1O
46,F2,164,6.246,S1O
46,F2,165,5.758,S1O
46,F2,166,5.269,S1O
46,F2,167,4.293,S1O
46,F2,168,3.316,S1O
46,F2,169,2.828,S1O
46,F2,170,2.828,S1O
46,F2,171,2.828,S1O
46,F2,172,4.293,S1O
46,F2,173,5.269,S1O
46,F2,174,5.758,S1O
46,F2,175,5.269,S1O
46,F2,176,3.805,S1O
46,F2,177,2.340,S1O
46,F2,178,2.340,S1O
46,F2,179,2.828,S1O
46,F2,180,3.805,S1O
46,F2,181,5.269,S1O
46,F2,182,6.246,S1O
46,F2,183,7.222,S1O
46,F2,184,7.711,S1O
46,F2,185,7.222,S1O
46,F2,186,5.758,S1O
46,F2,187,4.293,S1O
46,F2,188,4.293,S1O
46,F2,189,4.781,S1O
46,F2,190,5.269,S1O
46,F2,191,5.758,S1O
46,F2,192,6.246,S1O
46,F2,193,6.734,S1O
46,F2,194,7.711,S1O
46,F2,195,7.711,S1O
46,F2,196,7.711,S1O
46,F2,197,6.734,S1O
46,F2,198,6.246,S1O
46,F2,199,6.246,S1O
46,F2,200,7.222,S1O
46,F2,201,7.711,S1O
46,F2,202,7.711,S1O
46,F2,203,6.734,S1O
46,F2,204,4.781,S1O
46,F2,205,3.316,S1O
46,F2,206,2.340,S1O
46,F2,207,1.851,S1O
46,F2,208,2.828,S1O
46,F2,209,3.805,S1O
46,F2,210,4.781,S1O
46,F2,211,4.293,S1O
46,F2,212,3.316,S1O
46,F2,213,1.851,S1O
46,F2,214,0.387,S1O
46,F2,215,-0.102,S1O
46,F2,216,-0.590,S1O
46,F2,217,-1.567,S1O
46,F2,218,-2.543,S1O
46,F2,219,-3.031,S1O
46,F2,220,-2.055,S1O
46,F2,221,-1.078,S1O
46,F2,222,-0.590,S1O
46,F2,223,-1.567,S1O
46,F2,224,-2.543,S1O
46,F2,225,-2.543,S1O
46,F2,226,-1.078,S1O
46,F2,227,0.387,S1O
46,F2,228,1.363,S1O
46,F2,229,0.387,S1O
46,F2,230,-0.590,S1O
46,F2,231,-0.102,S1O
46,F2,232,2.340,S1O
46,F2,233,5.269,S1O
46,F2,234,6.734,S1O
46,F2,235,6.734,S1O
46,F2,236,6.246,S1O
46,F2,237,6.734,S1O
46,F2,238,8.687,S1O
46,F2,239,10.152,S1O
46,F2,240,10.152,S1O
46,F2,241,9.176,S1O
46,F2,242,8.687,S1O
46,F2,243,8.687,S1O
46,F2,244,9.176,S1O
46,F2,245,8.687,S1O
46,F2,246,7.222,S1O
46,F2,247,5.269,S1O
46,F2,248,3.805,S1O
46,F2,249,2.828,S1O
46,F2,250,2.828,S1O
46,F2,251,2.340,S1O
46,F2,252,1.851,S1O
46,F2,253,0.387,S1O
46,F2,254,-0.590,S1O
46,F2,255,-1.078,S1O
46,F1,0,0.214,S1O
46,F1,1,1.678,S1O
46,F1,2,2.655,S1O
46,F1,3,2.655,S1O
46,F1,4,1.190,S1O
46,F1,5,-1.251,S1O
46,F1,6,-4.181,S1O
46,F1,7,-6.622,S1O
46,F1,8,-7.111,S1O
46,F1,9,-6.622,S1O
46,F1,10,-4.669,S1O
46,F1,11,-2.716,S1O
46,F1,12,0.214,S1O
46,F1,13,3.143,S1O
46,F1,14,6.073,S1O
46,F1,15,8.514,S1O
46,F1,16,9.979,S1O
46,F1,17,9.979,S1O
46,F1,18,8.514,S1O
46,F1,19,6.073,S1O
46,F1,20,4.120,S1O
46,F1,21,2.655,S1O
46,F1,22,1.678,S1O
46,F1,23,1.190,S1O
46,F1,24,0.214,S1O
46,F1,25,-1.251,S1O
46,F1,26,-1.251,S1O
46,F1,27,-0.763,S1O
46,F1,28,0.214,S1O
46,F1,29,0.214,S1O
46,F1,30,-0.275,S1O
46,F1,31,-1.251,S1O
46,F1,32,-1.740,S1O
46,F1,33,-0.275,S1O
46,F1,34,2.167,S1O
46,F1,35,4.120,S1O
46,F1,36,4.608,S1O
46,F1,37,2.655,S1O
46,F1,38,-0.275,S1O
46,F1,39,-3.204,S1O
46,F1,40,-5.646,S1O
46,F1,41,-7.599,S1O
46,F1,42,-9.552,S1O
46,F1,43,-11.017,S1O
46,F1,44,-10.529,S1O
46,F1,45,-9.064,S1O
46,F1,46,-5.646,S1O
46,F1,47,-3.204,S1O
46,F1,48,-1.740,S1O
46,F1,49,-1.740,S1O
46,F1,50,-1.740,S1O
46,F1,51,-0.275,S1O
46,F1,52,1.190,S1O
46,F1,53,3.143,S1O
46,F1,54,4.120,S1O
46,F1,55,4.120,S1O
46,F1,56,3.143,S1O
46,F1,57,2.655,S1O
46,F1,58,3.143,S1O
46,F1,59,3.632,S1O
46,F1,60,3.632,S1O
46,F1,61,3.143,S1O
46,F1,62,2.167,S1O
46,F1,63,0.702,S1O
46,F1,64,-0.275,S1O
46,F1,65,-0.763,S1O
46,F1,66,-1.740,S1O
46,F1,67,-3.204,S1O
46,F1,68,-5.157,S1O
46,F1,69,-6.622,S1O
46,F1,70,-6.622,S1O
46,F1,71,-6.134,S1O
46,F1,72,-5.157,S1O
46,F1,73,-5.157,S1O
46,F1,74,-5.157,S1O
46,F1,75,-5.157,S1O
46,F1,76,-4.669,S1O
46,F1,77,-2.716,S1O
46,F1,78,-0.763,S1O
46,F1,79,0.214,S1O
46,F1,80,-0.275,S1O
46,F1,81,-1.740,S1O
46,F1,82,-2.716,S1O
46,F1,83,-3.204,S1O
46,F1,84,-2.228,S1O
46,F1,85,-0.275,S1O
46,F1,86,1.190,S1O
46,F1,87,2.655,S1O
46,F1,88,4.120,S1O
46,F1,89,6.073,S1O
46,F1,90,8.026,S1O
46,F1,91,9.491,S1O
46,F1,92,9.003,S1O
46,F1,93,8.026,S1O
46,F1,94,6.073,S1O
46,F1,95,5.096,S1O
46,F1,96,5.096,S1O
46,F1,97,6.561,S1O
46,F1,98,7.538,S1O
46,F1,99,7.538,S1O
46,F1,100,7.050,S1O
46,F1,101,5.585,S1O
46,F1,102,3.632,S1O
46,F1,103,2.655,S1O
46,F1,104,2.655,S1O
46,F1,105,3.143,S1O
46,F1,106,4.120,S1O
46,F1,107,5.096,S1O
46,F1,108,6.561,S1O
46,F1,109,6.561,S1O
46,F1,110,6.073,S1O
46,F1,111,3.632,S1O
46,F1,112,0.702,S1O
46,F1,113,-2.716,S1O
46,F1,114,-5.157,S1O
46,F1,115,-6.134,S1O
46,F1,116,-5.157,S1O
46,F1,117,-3.693,S1O
46,F1,118,-1.740,S1O
46,F1,119,0.214,S1O
46,F1,120,1.190,S1O
46,F1,121,2.167,S1O
46,F1,122,3.632,S1O
46,F1,123,5.096,S1O
46,F1,124,6.561,S1O
46,F1,125,6.561,S1O
46,F1,126,6.073,S1O
46,F1,127,4.608,S1O
46,F1,128,2.167,S1O
46,F1,129,0.702,S1O
46,F1,130,0.702,S1O
46,F1,131,1.678,S1O
46,F1,132,3.143,S1O
46,F1,133,3.632,S1O
46,F1,134,2.655,S1O
46,F1,135,1.190,S1O
46,F1,136,-0.763,S1O
46,F1,137,-1.251,S1O
46,F1,138,-1.251,S1O
46,F1,139,-0.763,S1O
46,F1,140,-0.763,S1O
46,F1,141,-0.763,S1O
46,F1,142,-1.740,S1O
46,F1,143,-2.228,S1O
46,F1,144,-2.228,S1O
46,F1,145,-1.740,S1O
46,F1,146,-0.763,S1O
46,F1,147,-0.275,S1O
46,F1,148,0.214,S1O
46,F1,149,1.190,S1O
46,F1,150,1.190,S1O
46,F1,151,1.678,S1O
46,F1,152,2.167,S1O
46,F1,153,2.167,S1O
46,F1,154,3.143,S1O
46,F1,155,4.608,S1O
46,F1,156,5.585,S1O
46,F1,157,5.585,S1O
46,F1,158,4.608,S1O
46,F1,159,3.632,S1O
46,F1,160,3.143,S1O
46,F1,161,3.143,S1O
46,F1,162,4.608,S1O
46,F1,163,6.073,S1O
46,F1,164,7.538,S1O
46,F1,165,8.026,S1O
46,F1,166,7.050,S1O
46,F1,167,5.096,S1O
46,F1,168,4.608,S1O
46,F1,169,4.120,S1O
46,F1,170,4.120,S1O
46,F1,171,5.096,S1O
46,F1,172,6.073,S1O
46,F1,173,7.050,S1O
46,F1,174,8.026,S1O
46,F1,175,7.050,S1O
46,F1,176,5.096,S1O
46,F1,177,2.655,S1O
46,F1,178,1.190,S1O
46,F1,179,0.702,S1O
46,F1,180,2.167,S1O
46,F1,181,4.120,S1O
46,F1,182,5.096,S1O
46,F1,183,6.073,S1O
46,F1,184,5.585,S1O
46,F1,185,4.608,S1O
46,F1,186,4.120,S1O
46,F1,187,3.632,S1O
46,F1,188,3.632,S1O
46,F1,189,3.632,S1O
46,F1,190,4.120,S1O
46,F1,191,4.608,S1O
46,F1,192,4.608,S1O
46,F1,193,5.096,S1O
46,F1,194,5.585,S1O
46,F1,195,6.561,S1O
46,F1,196,8.026,S1O
46,F1,197,9.003,S1O
46,F1,198,9.979,S1O
46,F1,199,10.468,S1O
46,F1,200,10.956,S1O
46,F1,201,10.956,S1O
46,F1,202,10.468,S1O
46,F1,203,9.491,S1O
46,F1,204,8.514,S1O
46,F1,205,7.050,S1O
46,F1,206,5.585,S1O
46,F1,207,5.585,S1O
46,F1,208,5.585,S1O
46,F1,209,6.073,S1O
46,F1,210,6.561,S1O
46,F1,211,6.561,S1O
46,F1,212,5.585,S1O
46,F1,213,3.632,S1O
46,F1,214,2.167,S1O
46,F1,215,0.702,S1O
46,F1,216,0.214,S1O
46,F1,217,0.214,S1O
46,F1,218,0.702,S1O
46,F1,219,0.702,S1O
46,F1,220,0.702,S1O
46,F1,221,0.702,S1O
46,F1,222,-0.275,S1O
46,F1,223,-0.763,S1O
46,F1,224,-1.740,S1O
46,F1,225,-1.740,S1O
46,F1,226,-1.251,S1O
46,F1,227,0.214,S1O
46,F1,228,2.655,S1O
46,F1,229,4.120,S1O
46,F1,230,4.120,S1O
46,F1,231,3.143,S1O
46,F1,232,2.655,S1O
46,F1,233,3.143,S1O
46,F1,234,4.608,S1O
46,F1,235,6.561,S1O
46,F1,236,8.026,S1O
46,F1,237,8.026,S1O
46,F1,238,8.026,S1O
46,F1,239,8.514,S1O
46,F1,240,9.491,S1O
46,F1,241,11.444,S1O
46,F1,242,12.421,S1O
46,F1,243,11.932,S1O
46,F1,244,10.956,S1O
46,F1,245,9.491,S1O
46,F1,246,7.538,S1O
46,F1,247,7.050,S1O
46,F1,248,6.561,S1O
46,F1,249,6.073,S1O
46,F1,250,5.585,S1O
46,F1,251,5.096,S1O
46,F1,252,5.585,S1O
46,F1,253,6.073,S1O
46,F1,254,6.073,S1O
46,F1,255,5.585,S1O
46,TP8,0,-3.835,S1O
46,TP8,1,-2.370,S1O
46,TP8,2,-0.417,S1O
46,TP8,3,0.071,S1O
46,TP8,4,-0.905,S1O
46,TP8,5,-3.835,S1O
46,TP8,6,-6.765,S1O
46,TP8,7,-8.718,S1O
46,TP8,8,-9.206,S1O
46,TP8,9,-7.253,S1O
46,TP8,10,-3.835,S1O
46,TP8,11,-0.905,S1O
46,TP8,12,1.536,S1O
46,TP8,13,3.489,S1O
46,TP8,14,6.419,S1O
46,TP8,15,9.349,S1O
46,TP8,16,12.278,S1O
46,TP8,17,13.743,S1O
46,TP8,18,12.767,S1O
46,TP8,19,9.349,S1O
46,TP8,20,4.466,S1O
46,TP8,21,0.559,S1O
46,TP8,22,-3.347,S1O
46,TP8,23,-5.300,S1O
46,TP8,24,-7.253,S1O
46,TP8,25,-9.206,S1O
46,TP8,26,-9.694,S1O
46,TP8,27,-9.694,S1O
46,TP8,28,-8.230,S1O
46,TP8,29,-7.253,S1O
46,TP8,30,-6.276,S1O
46,TP8,31,-5.300,S1O
46,TP8,32,-4.812,S1O
46,TP8,33,-3.835,S1O
46,TP8,34,-2.370,S1O
46,TP8,35,-1.394,S1O
46,TP8,36,-1.394,S1O
46,TP8,37,-0.905,S1O
46,TP8,38,0.071,S1O
46,TP8,39,2.024,S1O
46,TP8,40,3.977,S1O
46,TP8,41,5.931,S1O
46,TP8,42,5.442,S1O
46,TP8,43,3.001,S1O
46,TP8,44,0.071,S1O
46,TP8,45,-2.370,S1O
46,TP8,46,-3.835,S1O
46,TP8,47,-3.835,S1O
46,TP8,48,-3.347,S1O
46,TP8,49,-3.347,S1O
46,TP8,50,-3.347,S1O
46,TP8,51,-3.347,S1O
46,TP8,52,-3.835,S1O
46,TP8,53,-4.812,S1O
46,TP8,54,-6.276,S1O
46,TP8,55,-8.230,S1O
46,TP8,56,-10.183,S1O
46,TP8,57,-11.648,S1O
46,TP8,58,-11.648,S1O
46,TP8,59,-10.183,S1O
46,TP8,60,-9.206,S1O
46,TP8,61,-7.741,S1O
46,TP8,62,-6.276,S1O
46,TP8,63,-4.812,S1O
46,TP8,64,-3.347,S1O
46,TP8,65,-2.370,S1O
46,TP8,66,-1.882,S1O
46,TP8,67,-2.858,S1O
46,TP8,68,-3.835,S1O
46,TP8,69,-4.323,S1O
46,TP8,70,-4.323,S1O
46,TP8,71,-3.835,S1O
46,TP8,72,-3.347,S1O
46,TP8,73,-3.835,S1O
46,TP8,74,-4.812,S1O
46,TP8,75,-5.300,S1O
46,TP8,76,-5.300,S1O
46,TP8,77,-3.347,S1O
46,TP8,78,-1.394,S1O
46,TP8,79,0.559,S1O
46,TP8,80,1.536,S1O
46,TP8,81,1.048,S1O
46,TP8,82,-0.417,S1O
46,TP8,83,-1.882,S1O
46,TP8,84,-3.347,S1O
46,TP8,85,-4.323,S1O
46,TP8,86,-3.347,S1O
46,TP8,87,-1.394,S1O
46,TP8,88,-0.417,S1O
46,TP8,89,1.536,S1O
46,TP8,90,2.513,S1O
46,TP8,91,3.001,S1O
46,TP8,92,3.001,S1O
46,TP8,93,3.001,S1O
46,TP8,94,2.513,S1O
46,TP8,95,2.024,S1O
46,TP8,96,1.536,S1O
46,TP8,97,2.024,S1O
46,TP8,98,2.513,S1O
46,TP8,99,3.977,S1O
46,TP8,100,4.466,S1O
46,TP8,101,3.977,S1O
46,TP8,102,2.513,S1O
46,TP8,103,1.536,S1O
46,TP8,104,0.559,S1O
46,TP8,105,0.071,S1O
46,TP8,106,-0.417,S1O
46,TP8,107,-1.882,S1O
46,TP8,108,-3.347,S1O
46,TP8,109,-4.812,S1O
46,TP8,110,-4.812,S1O
46,TP8,111,-4.323,S1O
46,TP8,112,-3.347,S1O
46,TP8,113,-1.882,S1O
46,TP8,114,-0.905,S1O
46,TP8,115,1.048,S1O
46,TP8,116,3.001,S1O
46,TP8,117,5.442,S1O
46,TP8,118,6.907,S1O
46,TP8,119,7.395,S1O
46,TP8,120,6.907,S1O
46,TP8,121,6.419,S1O
46,TP8,122,5.442,S1O
46,TP8,123,4.466,S1O
46,TP8,124,3.489,S1O
46,TP8,125,2.513,S1O
46,TP8,126,1.536,S1O
46,TP8,127,0.559,S1O
46,TP8,128,0.071,S1O
46,TP8,129,0.071,S1O
46,TP8,130,0.559,S1O
46,TP8,131,1.048,S1O
46,TP8,132,2.024,S1O
46,TP8,133,3.489,S1O
46,TP8,134,4.954,S1O
46,TP8,135,5.442,S1O
46,TP8,136,4.466,S1O
46,TP8,137,2.513,S1O
46,TP8,138,0.071,S1O
46,TP8,139,-1.882,S1O
46,TP8,140,-3.347,S1O
46,TP8,141,-2.858,S1O
46,TP8,142,-1.882,S1O
46,TP8,143,-0.417,S1O
46,TP8,144,0.071,S1O
46,TP8,145,-0.905,S1O
46,TP8,146,-2.858,S1O
46,TP8,147,-4.323,S1O
46,TP8,148,-4.812,S1O
46,TP8,149,-3.835,S1O
46,TP8,150,-2.370,S1O
46,TP8,151,-0.905,S1O
46,TP8,152,-0.417,S1O
46,TP8,153,-0.905,S1O
46,TP8,154,-1.394,S1O
46,TP8,155,-1.882,S1O
46,TP8,156,-1.394,S1O
46,TP8,157,-0.905,S1O
46,TP8,158,-0.417,S1O
46,TP8,159,0.559,S1O
46,TP8,160,1.536,S1O
46,TP8,161,2.513,S1O
46,TP8,162,3.001,S1O
46,TP8,163,3.489,S1O
46,TP8,164,3.001,S1O
46,TP8,165,3.001,S1O
46,TP8,166,3.977,S1O
46,TP8,167,4.954,S1O
46,TP8,168,6.419,S1O
46,TP8,169,6.907,S1O
46,TP8,170,6.907,S1O
46,TP8,171,7.395,S1O
46,TP8,172,8.372,S1O
46,TP8,173,9.837,S1O
46,TP8,174,11.302,S1O
46,TP8,175,12.278,S1O
46,TP8,176,12.278,S1O
46,TP8,177,12.278,S1O
46,TP8,178,12.278,S1O
46,TP8,179,13.255,S1O
46,TP8,180,13.743,S1O
46,TP8,181,13.743,S1O
46,TP8,182,12.278,S1O
46,TP8,183,10.813,S1O
46,TP8,184,10.325,S1O
46,TP8,185,11.790,S1O
46,TP8,186,12.767,S1O
46,TP8,187,13.255,S1O
46,TP8,188,11.790,S1O
46,TP8,189,9.349,S1O
46,TP8,190,6.907,S1O
46,TP8,191,5.442,S1O
46,TP8,192,4.466,S1O
46,TP8,193,3.977,S1O
46,TP8,194,3.489,S1O
46,TP8,195,2.513,S1O
46,TP8,196,2.024,S1O
46,TP8,197,2.513,S1O
46,TP8,198,3.489,S1O
46,TP8,199,4.466,S1O
46,TP8,200,4.466,S1O
46,TP8,201,3.489,S1O
46,TP8,202,2.024,S1O
46,TP8,203,0.559,S1O
46,TP8,204,0.071,S1O
46,TP8,205,-0.417,S1O
46,TP8,206,-0.905,S1O
46,TP8,207,-0.905,S1O
46,TP8,208,-0.417,S1O
46,TP8,209,0.559,S1O
46,TP8,210,1.536,S1O
46,TP8,211,1.536,S1O
46,TP8,212,1.048,S1O
46,TP8,213,-0.905,S1O
46,TP8,214,-2.858,S1O
46,TP8,215,-4.323,S1O
46,TP8,216,-4.323,S1O
46,TP8,217,-3.835,S1O
46,TP8,218,-2.858,S1O
46,TP8,219,-2.858,S1O
46,TP8,220,-2.858,S1O
46,TP8,221,-3.347,S1O
46,TP8,222,-3.347,S1O
46,TP8,223,-4.323,S1O
46,TP8,224,-6.276,S1O
46,TP8,225,-9.206,S1O
46,TP8,226,-12.136,S1O
46,TP8,227,-14.089,S1O
46,TP8,228,-14.577,S1O
46,TP8,229,-13.601,S1O
46,TP8,230,-13.112,S1O
46,TP8,231,-12.136,S1O
46,TP8,232,-12.136,S1O
46,TP8,233,-11.648,S1O
46,TP8,234,-12.136,S1O
46,TP8,235,-12.136,S1O
46,TP8,236,-11.648,S1O
46,TP8,237,-11.159,S1O
46,TP8,238,-10.671,S1O
46,TP8,239,-11.159,S1O
46,TP8,240,-12.136,S1O
46,TP8,241,-13.112,S1O
46,TP8,242,-14.089,S1O
46,TP8,243,-14.089,S1O
46,TP8,244,-13.112,S1O
46,TP8,245,-12.136,S1O
46,TP8,246,-12.136,S1O
46,TP8,247,-12.624,S1O
46,TP8,248,-13.601,S1O
46,TP8,249,-14.577,S1O
46,TP8,250,-14.577,S1O
46,TP8,251,-14.089,S1O
46,TP8,252,-13.112,S1O
46,TP8,253,-13.112,S1O
46,TP8,254,-13.601,S1O
46,TP8,255,-14.089,S1O
46,TP7,0,-2.981,S1O
46,TP7,1,-2.004,S1O
46,TP7,2,-1.027,S1O
46,TP7,3,-0.539,S1O
46,TP7,4,-0.539,S1O
46,TP7,5,-1.516,S1O
46,TP7,6,-2.981,S1O
46,TP7,7,-3.957,S1O
46,TP7,8,-3.957,S1O
46,TP7,9,-2.004,S1O
46,TP7,10,0.437,S1O
46,TP7,11,2.879,S1O
46,TP7,12,4.344,S1O
46,TP7,13,5.809,S1O
46,TP7,14,8.738,S1O
46,TP7,15,12.644,S1O
46,TP7,16,17.039,S1O
46,TP7,17,18.992,S1O
46,TP7,18,17.527,S1O
46,TP7,19,11.668,S1O
46,TP7,20,4.344,S1O
46,TP7,21,-2.004,S1O
46,TP7,22,-5.910,S1O
46,TP7,23,-7.863,S1O
46,TP7,24,-8.840,S1O
46,TP7,25,-10.305,S1O
46,TP7,26,-11.770,S1O
46,TP7,27,-11.770,S1O
46,TP7,28,-10.305,S1O
46,TP7,29,-7.863,S1O
46,TP7,30,-5.422,S1O
46,TP7,31,-3.469,S1O
46,TP7,32,-2.004,S1O
46,TP7,33,-0.539,S1O
46,TP7,34,-0.051,S1O
46,TP7,35,0.437,S1O
46,TP7,36,-0.539,S1O
46,TP7,37,-1.516,S1O
46,TP7,38,-2.981,S1O
46,TP7,39,-2.981,S1O
46,TP7,40,-2.492,S1O
46,TP7,41,-0.539,S1O
46,TP7,42,0.926,S1O
46,TP7,43,0.437,S1O
46,TP7,44,-1.027,S1O
46,TP7,45,-2.492,S1O
46,TP7,46,-2.004,S1O
46,TP7,47,-0.051,S1O
46,TP7,48,2.879,S1O
46,TP7,49,5.320,S1O
46,TP7,50,5.320,S1O
46,TP7,51,3.855,S1O
46,TP7,52,2.391,S1O
46,TP7,53,2.391,S1O
46,TP7,54,3.367,S1O
46,TP7,55,1.902,S1O
46,TP7,56,1.414,S1O
46,TP7,57,-2.004,S1O
46,TP7,58,-5.422,S1O
46,TP7,59,-6.887,S1O
46,TP7,60,-6.887,S1O
46,TP7,61,-5.910,S1O
46,TP7,62,-6.399,S1O
46,TP7,63,-7.375,S1O
46,TP7,64,-8.840,S1O
46,TP7,65,-8.840,S1O
46,TP7,66,-8.840,S1O
46,TP7,67,-7.863,S1O
46,TP7,68,-7.863,S1O
46,TP7,69,-8.352,S1O
46,TP7,70,-8.840,S1O
46,TP7,71,-8.352,S1O
46,TP7,72,-6.887,S1O
46,TP7,73,-4.445,S1O
46,TP7,74,-2.981,S1O
46,TP7,75,-2.981,S1O
46,TP7,76,-4.445,S1O
46,TP7,77,-5.910,S1O
46,TP7,78,-6.399,S1O
46,TP7,79,-5.422,S1O
46,TP7,80,-3.957,S1O
46,TP7,81,-2.492,S1O
46,TP7,82,-2.004,S1O
46,TP7,83,-2.492,S1O
46,TP7,84,-2.492,S1O
46,TP7,85,-2.004,S1O
46,TP7,86,-1.027,S1O
46,TP7,87,-0.051,S1O
46,TP7,88,1.414,S1O
46,TP7,89,2.879,S1O
46,TP7,90,3.855,S1O
46,TP7,91,4.344,S1O
46,TP7,92,3.855,S1O
46,TP7,93,2.391,S1O
46,TP7,94,0.926,S1O
46,TP7,95,-1.027,S1O
46,TP7,96,-1.516,S1O
46,TP7,97,-0.539,S1O
46,TP7,98,0.926,S1O
46,TP7,99,1.902,S1O
46,TP7,100,1.902,S1O
46,TP7,101,0.926,S1O
46,TP7,102,0.437,S1O
46,TP7,103,0.926,S1O
46,TP7,104,1.902,S1O
46,TP7,105,2.391,S1O
46,TP7,106,0.926,S1O
46,TP7,107,-2.492,S1O
46,TP7,108,-5.422,S1O
46,TP7,109,-7.375,S1O
46,TP7,110,-6.887,S1O
46,TP7,111,-5.422,S1O
46,TP7,112,-4.445,S1O
46,TP7,113,-4.445,S1O
46,TP7,114,-5.422,S1O
46,TP7,115,-5.422,S1O
46,TP7,116,-3.469,S1O
46,TP7,117,-0.051,S1O
46,TP7,118,3.367,S1O
46,TP7,119,4.832,S1O
46,TP7,120,4.832,S1O
46,TP7,121,3.855,S1O
46,TP7,122,2.879,S1O
46,TP7,123,2.879,S1O
46,TP7,124,4.344,S1O
46,TP7,125,5.320,S1O
46,TP7,126,5.320,S1O
46,TP7,127,4.344,S1O
46,TP7,128,4.344,S1O
46,TP7,129,4.832,S1O
46,TP7,130,6.297,S1O
46,TP7,131,6.297,S1O
46,TP7,132,4.832,S1O
46,TP7,133,1.414,S1O
46,TP7,134,-1.027,S1O
46,TP7,135,-1.516,S1O
46,TP7,136,-1.027,S1O
46,TP7,137,-1.027,S1O
46,TP7,138,-2.004,S1O
46,TP7,139,-4.934,S1O
46,TP7,140,-7.375,S1O
46,TP7,141,-8.352,S1O
46,TP7,142,-7.375,S1O
46,TP7,143,-4.934,S1O
46,TP7,144,-2.492,S1O
46,TP7,145,-1.027,S1O
46,TP7,146,-0.539,S1O
46,TP7,147,-0.051,S1O
46,TP7,148,0.926,S1O
46,TP7,149,1.414,S1O
46,TP7,150,0.926,S1O
46,TP7,151,-0.051,S1O
46,TP7,152,-1.027,S1O
46,TP7,153,-1.027,S1O
46,TP7,154,-0.539,S1O
46,TP7,155,-0.051,S1O
46,TP7,156,-0.051,S1O
46,TP7,157,-0.539,S1O
46,TP7,158,-1.027,S1O
46,TP7,159,-1.027,S1O
46,TP7,160,-0.539,S1O
46,TP7,161,-0.051,S1O
46,TP7,162,0.926,S1O
46,TP7,163,1.414,S1O
46,TP7,164,1.902,S1O
46,TP7,165,2.391,S1O
46,TP7,166,2.879,S1O
46,TP7,167,3.855,S1O
46,TP7,168,4.832,S1O
46,TP7,169,5.809,S1O
46,TP7,170,7.762,S1O
46,TP7,171,9.715,S1O
46,TP7,172,11.668,S1O
46,TP7,173,12.644,S1O
46,TP7,174,12.644,S1O
46,TP7,175,12.156,S1O
46,TP7,176,12.156,S1O
46,TP7,177,13.133,S1O
46,TP7,178,15.086,S1O
46,TP7,179,17.039,S1O
46,TP7,180,17.527,S1O
46,TP7,181,16.551,S1O
46,TP7,182,13.621,S1O
46,TP7,183,10.203,S1O
46,TP7,184,8.250,S1O
46,TP7,185,8.250,S1O
46,TP7,186,9.715,S1O
46,TP7,187,12.156,S1O
46,TP7,188,13.133,S1O
46,TP7,189,12.644,S1O
46,TP7,190,10.203,S1O
46,TP7,191,7.273,S1O
46,TP7,192,4.832,S1O
46,TP7,193,3.855,S1O
46,TP7,194,3.367,S1O
46,TP7,195,3.367,S1O
46,TP7,196,3.367,S1O
46,TP7,197,4.344,S1O
46,TP7,198,5.809,S1O
46,TP7,199,8.738,S1O
46,TP7,200,10.691,S1O
46,TP7,201,11.668,S1O
46,TP7,202,10.203,S1O
46,TP7,203,8.250,S1O
46,TP7,204,6.297,S1O
46,TP7,205,5.320,S1O
46,TP7,206,4.832,S1O
46,TP7,207,5.320,S1O
46,TP7,208,5.809,S1O
46,TP7,209,6.785,S1O
46,TP7,210,8.250,S1O
46,TP7,211,9.715,S1O
46,TP7,212,10.203,S1O
46,TP7,213,9.226,S1O
46,TP7,214,6.785,S1O
46,TP7,215,3.367,S1O
46,TP7,216,1.414,S1O
46,TP7,217,0.437,S1O
46,TP7,218,1.414,S1O
46,TP7,219,1.902,S1O
46,TP7,220,1.902,S1O
46,TP7,221,1.414,S1O
46,TP7,222,0.437,S1O
46,TP7,223,-1.027,S1O
46,TP7,224,-2.492,S1O
46,TP7,225,-4.934,S1O
46,TP7,226,-8.352,S1O
46,TP7,227,-10.793,S1O
46,TP7,228,-11.770,S1O
46,TP7,229,-10.793,S1O
46,TP7,230,-7.863,S1O
46,TP7,231,-4.445,S1O
46,TP7,232,-2.981,S1O
46,TP7,233,-3.957,S1O
46,TP7,234,-5.910,S1O
46,TP7,235,-7.375,S1O
46,TP7,236,-7.863,S1O
46,TP7,237,-6.399,S1O
46,TP7,238,-4.934,S1O
46,TP7,239,-3.469,S1O
46,TP7,240,-2.981,S1O
46,TP7,241,-2.492,S1O
46,TP7,242,-2.004,S1O
46,TP7,243,-1.516,S1O
46,TP7,244,-2.004,S1O
46,TP7,245,-2.981,S1O
46,TP7,246,-3.957,S1O
46,TP7,247,-4.445,S1O
46,TP7,248,-4.934,S1O
46,TP7,249,-5.910,S1O
46,TP7,250,-6.887,S1O
46,TP7,251,-6.887,S1O
46,TP7,252,-5.422,S1O
46,TP7,253,-2.981,S1O
46,TP7,254,-0.051,S1O
46,TP7,255,0.926,S1O
46,AFZ,0,-1.251,S1O
46,AFZ,1,0.702,S1O
46,AFZ,2,1.190,S1O
46,AFZ,3,1.678,S1O
46,AFZ,4,0.214,S1O
46,AFZ,5,-3.204,S1O
46,AFZ,6,-7.111,S1O
46,AFZ,7,-10.529,S1O
46,AFZ,8,-11.505,S1O
46,AFZ,9,-9.552,S1O
46,AFZ,10,-5.646,S1O
46,AFZ,11,-1.251,S1O
46,AFZ,12,3.143,S1O
46,AFZ,13,6.561,S1O
46,AFZ,14,9.979,S1O
46,AFZ,15,12.909,S1O
46,AFZ,16,14.374,S1O
46,AFZ,17,14.374,S1O
46,AFZ,18,11.932,S1O
46,AFZ,19,8.514,S1O
46,AFZ,20,5.585,S1O
46,AFZ,21,3.632,S1O
46,AFZ,22,3.143,S1O
46,AFZ,23,2.655,S1O
46,AFZ,24,3.143,S1O
46,AFZ,25,2.655,S1O
46,AFZ,26,2.655,S1O
46,AFZ,27,2.655,S1O
46,AFZ,28,2.655,S1O
46,AFZ,29,2.167,S1O
46,AFZ,30,0.702,S1O
46,AFZ,31,-1.251,S1O
46,AFZ,32,-1.251,S1O
46,AFZ,33,0.214,S1O
46,AFZ,34,2.655,S1O
46,AFZ,35,5.096,S1O
46,AFZ,36,6.073,S1O
46,AFZ,37,5.096,S1O
46,AFZ,38,2.655,S1O
46,AFZ,39,0.214,S1O
46,AFZ,40,-2.228,S1O
46,AFZ,41,-4.181,S1O
46,AFZ,42,-6.622,S1O
46,AFZ,43,-8.575,S1O
46,AFZ,44,-9.064,S1O
46,AFZ,45,-8.575,S1O
46,AFZ,46,-6.622,S1O
46,AFZ,47,-5.157,S1O
46,AFZ,48,-4.669,S1O
46,AFZ,49,-5.157,S1O
46,AFZ,50,-5.157,S1O
46,AFZ,51,-4.669,S1O
46,AFZ,52,-2.716,S1O
46,AFZ,53,-0.763,S1O
46,AFZ,54,1.190,S1O
46,AFZ,55,1.678,S1O
46,AFZ,56,1.190,S1O
46,AFZ,57,1.190,S1O
46,AFZ,58,2.167,S1O
46,AFZ,59,3.143,S1O
46,AFZ,60,3.143,S1O
46,AFZ,61,2.655,S1O
46,AFZ,62,1.190,S1O
46,AFZ,63,-0.275,S1O
46,AFZ,64,-1.251,S1O
46,AFZ,65,-1.251,S1O
46,AFZ,66,-1.740,S1O
46,AFZ,67,-2.716,S1O
46,AFZ,68,-4.181,S1O
46,AFZ,69,-5.157,S1O
46,AFZ,70,-6.134,S1O
46,AFZ,71,-6.622,S1O
46,AFZ,72,-6.622,S1O
46,AFZ,73,-6.622,S1O
46,AFZ,74,-7.111,S1O
46,AFZ,75,-7.111,S1O
46,AFZ,76,-6.622,S1O
46,AFZ,77,-4.669,S1O
46,AFZ,78,-2.716,S1O
46,AFZ,79,-1.251,S1O
46,AFZ,80,-1.251,S1O
46,AFZ,81,-2.228,S1O
46,AFZ,82,-3.204,S1O
46,AFZ,83,-2.716,S1O
46,AFZ,84,-1.740,S1O
46,AFZ,85,0.214,S1O
46,AFZ,86,2.167,S1O
46,AFZ,87,3.632,S1O
46,AFZ,88,5.585,S1O
46,AFZ,89,7.050,S1O
46,AFZ,90,9.003,S1O
46,AFZ,91,9.979,S1O
46,AFZ,92,9.979,S1O
46,AFZ,93,8.514,S1O
46,AFZ,94,6.561,S1O
46,AFZ,95,6.561,S1O
46,AFZ,96,7.050,S1O
46,AFZ,97,9.003,S1O
46,AFZ,98,10.468,S1O
46,AFZ,99,10.956,S1O
46,AFZ,100,9.003,S1O
46,AFZ,101,7.050,S1O
46,AFZ,102,5.096,S1O
46,AFZ,103,3.632,S1O
46,AFZ,104,3.632,S1O
46,AFZ,105,4.608,S1O
46,AFZ,106,5.585,S1O
46,AFZ,107,6.073,S1O
46,AFZ,108,6.073,S1O
46,AFZ,109,5.096,S1O
46,AFZ,110,4.120,S1O
46,AFZ,111,1.678,S1O
46,AFZ,112,-0.763,S1O
46,AFZ,113,-3.693,S1O
46,AFZ,114,-5.646,S1O
46,AFZ,115,-5.646,S1O
46,AFZ,116,-4.181,S1O
46,AFZ,117,-1.740,S1O
46,AFZ,118,0.214,S1O
46,AFZ,119,1.678,S1O
46,AFZ,120,2.655,S1O
46,AFZ,121,3.143,S1O
46,AFZ,122,4.608,S1O
46,AFZ,123,6.073,S1O
46,AFZ,124,7.050,S1O
46,AFZ,125,7.538,S1O
46,AFZ,126,7.050,S1O
46,AFZ,127,5.096,S1O
46,AFZ,128,3.143,S1O
46,AFZ,129,1.678,S1O
46,AFZ,130,1.190,S1O
46,AFZ,131,1.678,S1O
46,AFZ,132,2.655,S1O
46,AFZ,133,3.143,S1O
46,AFZ,134,3.143,S1O
46,AFZ,135,2.167,S1O
46,AFZ,136,0.702,S1O
46,AFZ,137,0.214,S1O
46,AFZ,138,-0.275,S1O
46,AFZ,139,0.214,S1O
46,AFZ,140,-0.763,S1O
46,AFZ,141,-0.763,S1O
46,AFZ,142,-1.740,S1O
46,AFZ,143,-1.740,S1O
46,AFZ,144,-2.228,S1O
46,AFZ,145,-2.228,S1O
46,AFZ,146,-2.228,S1O
46,AFZ,147,-2.716,S1O
46,AFZ,148,-2.228,S1O
46,AFZ,149,-1.251,S1O
46,AFZ,150,0.214,S1O
46,AFZ,151,1.678,S1O
46,AFZ,152,2.167,S1O
46,AFZ,153,2.655,S1O
46,AFZ,154,3.143,S1O
46,AFZ,155,3.632,S1O
46,AFZ,156,5.096,S1O
46,AFZ,157,5.096,S1O
46,AFZ,158,4.608,S1O
46,AFZ,159,4.120,S1O
46,AFZ,160,4.608,S1O
46,AFZ,161,6.073,S1O
46,AFZ,162,8.514,S1O
46,AFZ,163,10.468,S1O
46,AFZ,164,11.932,S1O
46,AFZ,165,11.444,S1O
46,AFZ,166,10.468,S1O
46,AFZ,167,9.003,S1O
46,AFZ,168,8.514,S1O
46,AFZ,169,8.026,S1O
46,AFZ,170,8.514,S1O
46,AFZ,171,9.003,S1O
46,AFZ,172,9.979,S1O
46,AFZ,173,10.956,S1O
46,AFZ,174,11.932,S1O
46,AFZ,175,10.956,S1O
46,AFZ,176,9.491,S1O
46,AFZ,177,7.050,S1O
46,AFZ,178,5.096,S1O
46,AFZ,179,4.608,S1O
46,AFZ,180,5.096,S1O
46,AFZ,181,7.538,S1O
46,AFZ,182,9.003,S1O
46,AFZ,183,10.468,S1O
46,AFZ,184,10.468,S1O
46,AFZ,185,9.491,S1O
46,AFZ,186,8.514,S1O
46,AFZ,187,7.050,S1O
46,AFZ,188,6.561,S1O
46,AFZ,189,6.561,S1O
46,AFZ,190,6.561,S1O
46,AFZ,191,6.561,S1O
46,AFZ,192,7.050,S1O
46,AFZ,193,7.050,S1O
46,AFZ,194,7.050,S1O
46,AFZ,195,7.538,S1O
46,AFZ,196,8.514,S1O
46,AFZ,197,9.491,S1O
46,AFZ,198,9.979,S1O
46,AFZ,199,9.979,S1O
46,AFZ,200,10.468,S1O
46,AFZ,201,10.956,S1O
46,AFZ,202,10.956,S1O
46,AFZ,203,10.956,S1O
46,AFZ,204,9.491,S1O
46,AFZ,205,8.026,S1O
46,AFZ,206,6.073,S1O
46,AFZ,207,5.096,S1O
46,AFZ,208,5.096,S1O
46,AFZ,209,6.073,S1O
46,AFZ,210,8.026,S1O
46,AFZ,211,8.514,S1O
46,AFZ,212,8.026,S1O
46,AFZ,213,6.073,S1O
46,AFZ,214,3.632,S1O
46,AFZ,215,1.678,S1O
46,AFZ,216,0.702,S1O
46,AFZ,217,0.214,S1O
46,AFZ,218,0.702,S1O
46,AFZ,219,0.702,S1O
46,AFZ,220,0.214,S1O
46,AFZ,221,0.214,S1O
46,AFZ,222,-0.763,S1O
46,AFZ,223,-1.740,S1O
46,AFZ,224,-2.716,S1O
46,AFZ,225,-3.204,S1O
46,AFZ,226,-3.204,S1O
46,AFZ,227,-1.740,S1O
46,AFZ,228,0.702,S1O
46,AFZ,229,2.655,S1O
46,AFZ,230,3.143,S1O
46,AFZ,231,2.167,S1O
46,AFZ,232,1.190,S1O
46,AFZ,233,2.167,S1O
46,AFZ,234,4.120,S1O
46,AFZ,235,7.050,S1O
46,AFZ,236,9.003,S1O
46,AFZ,237,9.979,S1O
46,AFZ,238,9.979,S1O
46,AFZ,239,10.468,S1O
46,AFZ,240,11.932,S1O
46,AFZ,241,13.397,S1O
46,AFZ,242,14.374,S1O
46,AFZ,243,13.885,S1O
46,AFZ,244,11.932,S1O
46,AFZ,245,9.979,S1O
46,AFZ,246,9.003,S1O
46,AFZ,247,8.026,S1O
46,AFZ,248,7.050,S1O
46,AFZ,249,5.585,S1O
46,AFZ,250,5.096,S1O
46,AFZ,251,4.120,S1O
46,AFZ,252,4.120,S1O
46,AFZ,253,4.608,S1O
46,AFZ,254,4.608,S1O
46,AFZ,255,4.120,S1O
46,CP3,0,1.780,S1O
46,CP3,1,2.268,S1O
46,CP3,2,2.268,S1O
46,CP3,3,2.757,S1O
46,CP3,4,2.268,S1O
46,CP3,5,1.292,S1O
46,CP3,6,-0.173,S1O
46,CP3,7,-1.638,S1O
46,CP3,8,-1.638,S1O
46,CP3,9,-0.661,S1O
46,CP3,10,0.315,S1O
46,CP3,11,0.315,S1O
46,CP3,12,-0.173,S1O
46,CP3,13,-0.173,S1O
46,CP3,14,1.780,S1O
46,CP3,15,5.198,S1O
46,CP3,16,8.128,S1O
46,CP3,17,9.104,S1O
46,CP3,18,7.640,S1O
46,CP3,19,3.733,S1O
46,CP3,20,-1.149,S1O
46,CP3,21,-4.567,S1O
46,CP3,22,-6.521,S1O
46,CP3,23,-7.497,S1O
46,CP3,24,-7.497,S1O
46,CP3,25,-7.009,S1O
46,CP3,26,-6.521,S1O
46,CP3,27,-5.544,S1O
46,CP3,28,-4.567,S1O
46,CP3,29,-3.591,S1O
46,CP3,30,-2.614,S1O
46,CP3,31,-1.149,S1O
46,CP3,32,-0.661,S1O
46,CP3,33,0.315,S1O
46,CP3,34,0.315,S1O
46,CP3,35,-0.661,S1O
46,CP3,36,-2.126,S1O
46,CP3,37,-3.591,S1O
46,CP3,38,-4.079,S1O
46,CP3,39,-3.591,S1O
46,CP3,40,-2.614,S1O
46,CP3,41,-1.149,S1O
46,CP3,42,-0.173,S1O
46,CP3,43,-0.173,S1O
46,CP3,44,-0.661,S1O
46,CP3,45,-1.149,S1O
46,CP3,46,-0.661,S1O
46,CP3,47,1.292,S1O
46,CP3,48,3.245,S1O
46,CP3,49,5.198,S1O
46,CP3,50,6.175,S1O
46,CP3,51,6.663,S1O
46,CP3,52,6.663,S1O
46,CP3,53,7.151,S1O
46,CP3,54,7.640,S1O
46,CP3,55,7.151,S1O
46,CP3,56,4.710,S1O
46,CP3,57,1.292,S1O
46,CP3,58,-1.638,S1O
46,CP3,59,-3.103,S1O
46,CP3,60,-3.591,S1O
46,CP3,61,-3.591,S1O
46,CP3,62,-4.079,S1O
46,CP3,63,-5.056,S1O
46,CP3,64,-5.544,S1O
46,CP3,65,-5.544,S1O
46,CP3,66,-5.544,S1O
46,CP3,67,-5.544,S1O
46,CP3,68,-5.544,S1O
46,CP3,69,-5.544,S1O
46,CP3,70,-5.056,S1O
46,CP3,71,-3.103,S1O
46,CP3,72,-1.149,S1O
46,CP3,73,0.804,S1O
46,CP3,74,1.292,S1O
46,CP3,75,0.804,S1O
46,CP3,76,-0.173,S1O
46,CP3,77,-1.149,S1O
46,CP3,78,-1.149,S1O
46,CP3,79,-0.661,S1O
46,CP3,80,-0.661,S1O
46,CP3,81,-0.661,S1O
46,CP3,82,-1.149,S1O
46,CP3,83,-1.638,S1O
46,CP3,84,-2.126,S1O
46,CP3,85,-1.638,S1O
46,CP3,86,-1.149,S1O
46,CP3,87,-0.173,S1O
46,CP3,88,1.292,S1O
46,CP3,89,2.268,S1O
46,CP3,90,3.245,S1O
46,CP3,91,3.733,S1O
46,CP3,92,3.733,S1O
46,CP3,93,2.757,S1O
46,CP3,94,1.780,S1O
46,CP3,95,1.292,S1O
46,CP3,96,0.315,S1O
46,CP3,97,0.804,S1O
46,CP3,98,0.804,S1O
46,CP3,99,0.804,S1O
46,CP3,100,0.804,S1O
46,CP3,101,0.315,S1O
46,CP3,102,-0.173,S1O
46,CP3,103,0.804,S1O
46,CP3,104,1.292,S1O
46,CP3,105,1.292,S1O
46,CP3,106,0.315,S1O
46,CP3,107,-1.638,S1O
46,CP3,108,-3.591,S1O
46,CP3,109,-4.079,S1O
46,CP3,110,-4.079,S1O
46,CP3,111,-3.103,S1O
46,CP3,112,-2.126,S1O
46,CP3,113,-2.126,S1O
46,CP3,114,-2.614,S1O
46,CP3,115,-2.126,S1O
46,CP3,116,-0.173,S1O
46,CP3,117,2.757,S1O
46,CP3,118,4.710,S1O
46,CP3,119,5.686,S1O
46,CP3,120,4.710,S1O
46,CP3,121,3.245,S1O
46,CP3,122,2.268,S1O
46,CP3,123,2.268,S1O
46,CP3,124,3.245,S1O
46,CP3,125,3.245,S1O
46,CP3,126,2.757,S1O
46,CP3,127,2.757,S1O
46,CP3,128,3.245,S1O
46,CP3,129,3.733,S1O
46,CP3,130,4.710,S1O
46,CP3,131,4.222,S1O
46,CP3,132,2.268,S1O
46,CP3,133,0.315,S1O
46,CP3,134,-0.661,S1O
46,CP3,135,-0.173,S1O
46,CP3,136,0.315,S1O
46,CP3,137,0.315,S1O
46,CP3,138,-0.661,S1O
46,CP3,139,-2.614,S1O
46,CP3,140,-3.591,S1O
46,CP3,141,-3.103,S1O
46,CP3,142,-2.126,S1O
46,CP3,143,-1.149,S1O
46,CP3,144,-0.661,S1O
46,CP3,145,0.315,S1O
46,CP3,146,1.292,S1O
46,CP3,147,2.268,S1O
46,CP3,148,2.757,S1O
46,CP3,149,2.268,S1O
46,CP3,150,1.292,S1O
46,CP3,151,0.804,S1O
46,CP3,152,1.292,S1O
46,CP3,153,2.268,S1O
46,CP3,154,3.245,S1O
46,CP3,155,2.757,S1O
46,CP3,156,1.780,S1O
46,CP3,157,0.315,S1O
46,CP3,158,-0.173,S1O
46,CP3,159,0.315,S1O
46,CP3,160,0.804,S1O
46,CP3,161,1.292,S1O
46,CP3,162,1.292,S1O
46,CP3,163,1.780,S1O
46,CP3,164,2.268,S1O
46,CP3,165,2.757,S1O
46,CP3,166,2.757,S1O
46,CP3,167,2.757,S1O
46,CP3,168,3.733,S1O
46,CP3,169,5.198,S1O
46,CP3,170,7.151,S1O
46,CP3,171,9.104,S1O
46,CP3,172,9.104,S1O
46,CP3,173,8.128,S1O
46,CP3,174,6.663,S1O
46,CP3,175,6.175,S1O
46,CP3,176,6.175,S1O
46,CP3,177,7.151,S1O
46,CP3,178,8.616,S1O
46,CP3,179,9.104,S1O
46,CP3,180,8.616,S1O
46,CP3,181,6.663,S1O
46,CP3,182,4.222,S1O
46,CP3,183,1.780,S1O
46,CP3,184,0.315,S1O
46,CP3,185,0.315,S1O
46,CP3,186,1.780,S1O
46,CP3,187,4.222,S1O
46,CP3,188,6.175,S1O
46,CP3,189,6.175,S1O
46,CP3,190,5.198,S1O
46,CP3,191,3.733,S1O
46,CP3,192,2.268,S1O
46,CP3,193,1.780,S1O
46,CP3,194,1.292,S1O
46,CP3,195,0.315,S1O
46,CP3,196,-0.173,S1O
46,CP3,197,-0.173,S1O
46,CP3,198,1.292,S1O
46,CP3,199,3.245,S1O
46,CP3,200,4.710,S1O
46,CP3,201,5.198,S1O
46,CP3,202,4.710,S1O
46,CP3,203,3.733,S1O
46,CP3,204,3.245,S1O
46,CP3,205,3.245,S1O
46,CP3,206,2.757,S1O
46,CP3,207,1.780,S1O
46,CP3,208,1.292,S1O
46,CP3,209,1.780,S1O
46,CP3,210,3.245,S1O
46,CP3,211,4.222,S1O
46,CP3,212,4.222,S1O
46,CP3,213,3.245,S1O
46,CP3,214,0.804,S1O
46,CP3,215,-1.149,S1O
46,CP3,216,-1.638,S1O
46,CP3,217,-1.149,S1O
46,CP3,218,-0.173,S1O
46,CP3,219,0.315,S1O
46,CP3,220,0.804,S1O
46,CP3,221,0.804,S1O
46,CP3,222,0.804,S1O
46,CP3,223,0.804,S1O
46,CP3,224,0.315,S1O
46,CP3,225,-1.149,S1O
46,CP3,226,-3.103,S1O
46,CP3,227,-4.567,S1O
46,CP3,228,-5.544,S1O
46,CP3,229,-5.056,S1O
46,CP3,230,-3.103,S1O
46,CP3,231,-2.126,S1O
46,CP3,232,-1.638,S1O
46,CP3,233,-2.614,S1O
46,CP3,234,-4.567,S1O
46,CP3,235,-5.544,S1O
46,CP3,236,-5.056,S1O
46,CP3,237,-4.567,S1O
46,CP3,238,-4.079,S1O
46,CP3,239,-4.079,S1O
46,CP3,240,-4.079,S1O
46,CP3,241,-3.591,S1O
46,CP3,242,-3.103,S1O
46,CP3,243,-2.126,S1O
46,CP3,244,-2.126,S1O
46,CP3,245,-2.126,S1O
46,CP3,246,-2.126,S1O
46,CP3,247,-1.638,S1O
46,CP3,248,-1.149,S1O
46,CP3,249,-1.149,S1O
46,CP3,250,-1.638,S1O
46,CP3,251,-2.126,S1O
46,CP3,252,-0.661,S1O
46,CP3,253,1.780,S1O
46,CP3,254,3.733,S1O
46,CP3,255,3.733,S1O
46,CP4,0,-1.241,S1O
46,CP4,1,0.224,S1O
46,CP4,2,0.712,S1O
46,CP4,3,0.712,S1O
46,CP4,4,0.224,S1O
46,CP4,5,-0.753,S1O
46,CP4,6,-1.729,S1O
46,CP4,7,-2.218,S1O
46,CP4,8,-2.218,S1O
46,CP4,9,-2.218,S1O
46,CP4,10,-1.729,S1O
46,CP4,11,-1.729,S1O
46,CP4,12,-2.218,S1O
46,CP4,13,-2.218,S1O
46,CP4,14,-2.706,S1O
46,CP4,15,-2.706,S1O
46,CP4,16,-2.706,S1O
46,CP4,17,-2.706,S1O
46,CP4,18,-3.682,S1O
46,CP4,19,-4.171,S1O
46,CP4,20,-4.659,S1O
46,CP4,21,-3.682,S1O
46,CP4,22,-2.218,S1O
46,CP4,23,-0.753,S1O
46,CP4,24,0.224,S1O
46,CP4,25,0.224,S1O
46,CP4,26,-0.753,S1O
46,CP4,27,-1.729,S1O
46,CP4,28,-3.194,S1O
46,CP4,29,-4.171,S1O
46,CP4,30,-4.171,S1O
46,CP4,31,-3.682,S1O
46,CP4,32,-3.194,S1O
46,CP4,33,-1.729,S1O
46,CP4,34,-1.241,S1O
46,CP4,35,-1.729,S1O
46,CP4,36,-2.218,S1O
46,CP4,37,-2.706,S1O
46,CP4,38,-2.218,S1O
46,CP4,39,0.224,S1O
46,CP4,40,2.665,S1O
46,CP4,41,4.130,S1O
46,CP4,42,4.618,S1O
46,CP4,43,3.642,S1O
46,CP4,44,1.200,S1O
46,CP4,45,-1.241,S1O
46,CP4,46,-3.194,S1O
46,CP4,47,-3.682,S1O
46,CP4,48,-3.682,S1O
46,CP4,49,-3.682,S1O
46,CP4,50,-3.194,S1O
46,CP4,51,-2.706,S1O
46,CP4,52,-2.706,S1O
46,CP4,53,-3.194,S1O
46,CP4,54,-3.682,S1O
46,CP4,55,-5.147,S1O
46,CP4,56,-6.124,S1O
46,CP4,57,-7.100,S1O
46,CP4,58,-7.589,S1O
46,CP4,59,-6.612,S1O
46,CP4,60,-5.147,S1O
46,CP4,61,-3.194,S1O
46,CP4,62,-0.753,S1O
46,CP4,63,1.200,S1O
46,CP4,64,2.665,S1O
46,CP4,65,3.642,S1O
46,CP4,66,3.642,S1O
46,CP4,67,2.665,S1O
46,CP4,68,2.177,S1O
46,CP4,69,1.689,S1O
46,CP4,70,1.689,S1O
46,CP4,71,1.200,S1O
46,CP4,72,1.200,S1O
46,CP4,73,0.224,S1O
46,CP4,74,0.224,S1O
46,CP4,75,0.224,S1O
46,CP4,76,1.200,S1O
46,CP4,77,1.689,S1O
46,CP4,78,2.177,S1O
46,CP4,79,2.665,S1O
46,CP4,80,2.665,S1O
46,CP4,81,2.665,S1O
46,CP4,82,1.689,S1O
46,CP4,83,0.224,S1O
46,CP4,84,-1.241,S1O
46,CP4,85,-2.706,S1O
46,CP4,86,-3.194,S1O
46,CP4,87,-2.218,S1O
46,CP4,88,-1.241,S1O
46,CP4,89,-0.264,S1O
46,CP4,90,0.224,S1O
46,CP4,91,-0.264,S1O
46,CP4,92,0.224,S1O
46,CP4,93,0.224,S1O
46,CP4,94,0.224,S1O
46,CP4,95,0.224,S1O
46,CP4,96,-0.264,S1O
46,CP4,97,-0.753,S1O
46,CP4,98,-0.753,S1O
46,CP4,99,-0.264,S1O
46,CP4,100,0.224,S1O
46,CP4,101,0.224,S1O
46,CP4,102,-0.264,S1O
46,CP4,103,-1.729,S1O
46,CP4,104,-2.218,S1O
46,CP4,105,-2.218,S1O
46,CP4,106,-2.218,S1O
46,CP4,107,-3.194,S1O
46,CP4,108,-4.171,S1O
46,CP4,109,-5.147,S1O
46,CP4,110,-5.636,S1O
46,CP4,111,-5.147,S1O
46,CP4,112,-3.682,S1O
46,CP4,113,-2.218,S1O
46,CP4,114,-0.753,S1O
46,CP4,115,0.224,S1O
46,CP4,116,1.689,S1O
46,CP4,117,2.665,S1O
46,CP4,118,3.642,S1O
46,CP4,119,3.642,S1O
46,CP4,120,3.153,S1O
46,CP4,121,2.177,S1O
46,CP4,122,1.200,S1O
46,CP4,123,0.224,S1O
46,CP4,124,-0.753,S1O
46,CP4,125,-1.729,S1O
46,CP4,126,-2.218,S1O
46,CP4,127,-2.218,S1O
46,CP4,128,-2.218,S1O
46,CP4,129,-2.218,S1O
46,CP4,130,-2.218,S1O
46,CP4,131,-1.729,S1O
46,CP4,132,-1.241,S1O
46,CP4,133,-0.753,S1O
46,CP4,134,-0.264,S1O
46,CP4,135,-0.264,S1O
46,CP4,136,-0.264,S1O
46,CP4,137,-0.753,S1O
46,CP4,138,-1.729,S1O
46,CP4,139,-1.729,S1O
46,CP4,140,-1.241,S1O
46,CP4,141,-0.753,S1O
46,CP4,142,0.224,S1O
46,CP4,143,1.200,S1O
46,CP4,144,1.200,S1O
46,CP4,145,-0.264,S1O
46,CP4,146,-1.241,S1O
46,CP4,147,-2.706,S1O
46,CP4,148,-3.194,S1O
46,CP4,149,-2.706,S1O
46,CP4,150,-2.218,S1O
46,CP4,151,-1.729,S1O
46,CP4,152,-1.729,S1O
46,CP4,153,-1.729,S1O
46,CP4,154,-2.706,S1O
46,CP4,155,-3.194,S1O
46,CP4,156,-3.682,S1O
46,CP4,157,-3.682,S1O
46,CP4,158,-3.682,S1O
46,CP4,159,-3.194,S1O
46,CP4,160,-2.706,S1O
46,CP4,161,-2.218,S1O
46,CP4,162,-2.218,S1O
46,CP4,163,-2.218,S1O
46,CP4,164,-2.706,S1O
46,CP4,165,-2.218,S1O
46,CP4,166,-1.241,S1O
46,CP4,167,0.224,S1O
46,CP4,168,1.200,S1O
46,CP4,169,1.200,S1O
46,CP4,170,0.224,S1O
46,CP4,171,0.224,S1O
46,CP4,172,0.224,S1O
46,CP4,173,1.200,S1O
46,CP4,174,1.689,S1O
46,CP4,175,2.177,S1O
46,CP4,176,1.689,S1O
46,CP4,177,1.689,S1O
46,CP4,178,2.665,S1O
46,CP4,179,3.153,S1O
46,CP4,180,4.130,S1O
46,CP4,181,3.642,S1O
46,CP4,182,3.153,S1O
46,CP4,183,2.665,S1O
46,CP4,184,3.153,S1O
46,CP4,185,4.130,S1O
46,CP4,186,5.107,S1O
46,CP4,187,5.107,S1O
46,CP4,188,4.130,S1O
46,CP4,189,2.665,S1O
46,CP4,190,1.200,S1O
46,CP4,191,0.224,S1O
46,CP4,192,-0.264,S1O
46,CP4,193,-1.241,S1O
46,CP4,194,-1.729,S1O
46,CP4,195,-2.706,S1O
46,CP4,196,-2.706,S1O
46,CP4,197,-2.706,S1O
46,CP4,198,-2.218,S1O
46,CP4,199,-1.241,S1O
46,CP4,200,-0.753,S1O
46,CP4,201,-1.241,S1O
46,CP4,202,-2.218,S1O
46,CP4,203,-2.706,S1O
46,CP4,204,-3.194,S1O
46,CP4,205,-3.194,S1O
46,CP4,206,-3.194,S1O
46,CP4,207,-2.706,S1O
46,CP4,208,-2.218,S1O
46,CP4,209,-1.729,S1O
46,CP4,210,-1.241,S1O
46,CP4,211,-1.729,S1O
46,CP4,212,-2.706,S1O
46,CP4,213,-3.682,S1O
46,CP4,214,-4.659,S1O
46,CP4,215,-5.147,S1O
46,CP4,216,-5.636,S1O
46,CP4,217,-5.636,S1O
46,CP4,218,-5.636,S1O
46,CP4,219,-6.124,S1O
46,CP4,220,-6.612,S1O
46,CP4,221,-6.124,S1O
46,CP4,222,-6.124,S1O
46,CP4,223,-5.636,S1O
46,CP4,224,-6.124,S1O
46,CP4,225,-6.612,S1O
46,CP4,226,-7.589,S1O
46,CP4,227,-8.077,S1O
46,CP4,228,-7.589,S1O
46,CP4,229,-7.100,S1O
46,CP4,230,-6.612,S1O
46,CP4,231,-7.100,S1O
46,CP4,232,-8.077,S1O
46,CP4,233,-9.054,S1O
46,CP4,234,-9.542,S1O
46,CP4,235,-9.542,S1O
46,CP4,236,-9.054,S1O
46,CP4,237,-8.565,S1O
46,CP4,238,-8.565,S1O
46,CP4,239,-9.542,S1O
46,CP4,240,-10.518,S1O
46,CP4,241,-11.495,S1O
46,CP4,242,-11.983,S1O
46,CP4,243,-11.007,S1O
46,CP4,244,-9.542,S1O
46,CP4,245,-8.565,S1O
46,CP4,246,-7.589,S1O
46,CP4,247,-7.589,S1O
46,CP4,248,-8.077,S1O
46,CP4,249,-9.054,S1O
46,CP4,250,-9.054,S1O
46,CP4,251,-9.054,S1O
46,CP4,252,-9.054,S1O
46,CP4,253,-9.054,S1O
46,CP4,254,-9.054,S1O
46,CP4,255,-9.054,S1O
46,P5,0,-3.469,S1O
46,P5,1,-2.492,S1O
46,P5,2,-2.981,S1O
46,P5,3,-2.492,S1O
46,P5,4,-2.492,S1O
46,P5,5,-2.981,S1O
46,P5,6,-3.469,S1O
46,P5,7,-3.957,S1O
46,P5,8,-2.492,S1O
46,P5,9,0.437,S1O
46,P5,10,2.391,S1O
46,P5,11,1.902,S1O
46,P5,12,0.437,S1O
46,P5,13,-1.027,S1O
46,P5,14,0.926,S1O
46,P5,15,5.809,S1O
46,P5,16,11.180,S1O
46,P5,17,14.109,S1O
46,P5,18,12.644,S1O
46,P5,19,7.273,S1O
46,P5,20,0.437,S1O
46,P5,21,-5.422,S1O
46,P5,22,-9.328,S1O
46,P5,23,-11.281,S1O
46,P5,24,-12.258,S1O
46,P5,25,-13.234,S1O
46,P5,26,-14.699,S1O
46,P5,27,-17.141,S1O
46,P5,28,-18.117,S1O
46,P5,29,-17.141,S1O
46,P5,30,-14.211,S1O
46,P5,31,-9.328,S1O
46,P5,32,-4.445,S1O
46,P5,33,-1.516,S1O
46,P5,34,-2.004,S1O
46,P5,35,-3.957,S1O
46,P5,36,-6.399,S1O
46,P5,37,-8.352,S1O
46,P5,38,-7.863,S1O
46,P5,39,-5.910,S1O
46,P5,40,-2.981,S1O
46,P5,41,0.437,S1O
46,P5,42,3.367,S1O
46,P5,43,3.855,S1O
46,P5,44,2.391,S1O
46,P5,45,-0.051,S1O
46,P5,46,-0.539,S1O
46,P5,47,0.437,S1O
46,P5,48,2.879,S1O
46,P5,49,4.344,S1O
46,P5,50,3.367,S1O
46,P5,51,1.902,S1O
46,P5,52,0.926,S1O
46,P5,53,1.902,S1O
46,P5,54,3.367,S1O
46,P5,55,3.367,S1O
46,P5,56,-0.051,S1O
46,P5,57,-4.934,S1O
46,P5,58,-8.840,S1O
46,P5,59,-9.328,S1O
46,P5,60,-7.375,S1O
46,P5,61,-6.399,S1O
46,P5,62,-6.399,S1O
46,P5,63,-7.375,S1O
46,P5,64,-7.375,S1O
46,P5,65,-5.910,S1O
46,P5,66,-3.957,S1O
46,P5,67,-3.469,S1O
46,P5,68,-4.934,S1O
46,P5,69,-6.399,S1O
46,P5,70,-7.863,S1O
46,P5,71,-6.887,S1O
46,P5,72,-4.934,S1O
46,P5,73,-2.492,S1O
46,P5,74,-2.004,S1O
46,P5,75,-3.469,S1O
46,P5,76,-5.910,S1O
46,P5,77,-8.352,S1O
46,P5,78,-9.328,S1O
46,P5,79,-8.352,S1O
46,P5,80,-6.399,S1O
46,P5,81,-4.445,S1O
46,P5,82,-3.957,S1O
46,P5,83,-4.445,S1O
46,P5,84,-4.934,S1O
46,P5,85,-4.934,S1O
46,P5,86,-4.445,S1O
46,P5,87,-2.981,S1O
46,P5,88,-2.004,S1O
46,P5,89,-0.539,S1O
46,P5,90,0.437,S1O
46,P5,91,1.414,S1O
46,P5,92,0.926,S1O
46,P5,93,-0.539,S1O
46,P5,94,-3.469,S1O
46,P5,95,-5.910,S1O
46,P5,96,-5.910,S1O
46,P5,97,-4.445,S1O
46,P5,98,-2.981,S1O
46,P5,99,-2.492,S1O
46,P5,100,-3.957,S1O
46,P5,101,-6.887,S1O
46,P5,102,-7.375,S1O
46,P5,103,-6.399,S1O
46,P5,104,-3.957,S1O
46,P5,105,-3.469,S1O
46,P5,106,-5.910,S1O
46,P5,107,-9.816,S1O
46,P5,108,-12.746,S1O
46,P5,109,-12.746,S1O
46,P5,110,-10.305,S1O
46,P5,111,-6.887,S1O
46,P5,112,-4.934,S1O
46,P5,113,-5.910,S1O
46,P5,114,-7.863,S1O
46,P5,115,-8.840,S1O
46,P5,116,-6.887,S1O
46,P5,117,-2.492,S1O
46,P5,118,1.414,S1O
46,P5,119,2.391,S1O
46,P5,120,0.926,S1O
46,P5,121,-2.004,S1O
46,P5,122,-4.445,S1O
46,P5,123,-4.934,S1O
46,P5,124,-3.469,S1O
46,P5,125,-2.981,S1O
46,P5,126,-3.469,S1O
46,P5,127,-3.957,S1O
46,P5,128,-2.981,S1O
46,P5,129,-1.027,S1O
46,P5,130,0.437,S1O
46,P5,131,-0.539,S1O
46,P5,132,-5.422,S1O
46,P5,133,-9.816,S1O
46,P5,134,-12.258,S1O
46,P5,135,-10.793,S1O
46,P5,136,-6.887,S1O
46,P5,137,-4.934,S1O
46,P5,138,-6.399,S1O
46,P5,139,-9.816,S1O
46,P5,140,-12.746,S1O
46,P5,141,-12.258,S1O
46,P5,142,-10.305,S1O
46,P5,143,-7.863,S1O
46,P5,144,-5.910,S1O
46,P5,145,-4.934,S1O
46,P5,146,-3.469,S1O
46,P5,147,-2.004,S1O
46,P5,148,-1.027,S1O
46,P5,149,-2.004,S1O
46,P5,150,-4.934,S1O
46,P5,151,-7.375,S1O
46,P5,152,-7.863,S1O
46,P5,153,-6.887,S1O
46,P5,154,-5.422,S1O
46,P5,155,-5.910,S1O
46,P5,156,-7.863,S1O
46,P5,157,-9.816,S1O
46,P5,158,-9.816,S1O
46,P5,159,-8.840,S1O
46,P5,160,-7.375,S1O
46,P5,161,-6.399,S1O
46,P5,162,-6.399,S1O
46,P5,163,-6.399,S1O
46,P5,164,-6.399,S1O
46,P5,165,-4.934,S1O
46,P5,166,-3.957,S1O
46,P5,167,-2.981,S1O
46,P5,168,-1.516,S1O
46,P5,169,0.437,S1O
46,P5,170,2.879,S1O
46,P5,171,5.320,S1O
46,P5,172,5.809,S1O
46,P5,173,4.832,S1O
46,P5,174,2.879,S1O
46,P5,175,1.902,S1O
46,P5,176,2.391,S1O
46,P5,177,4.832,S1O
46,P5,178,6.785,S1O
46,P5,179,8.250,S1O
46,P5,180,7.762,S1O
46,P5,181,5.809,S1O
46,P5,182,2.879,S1O
46,P5,183,-0.539,S1O
46,P5,184,-3.469,S1O
46,P5,185,-3.469,S1O
46,P5,186,-2.004,S1O
46,P5,187,0.926,S1O
46,P5,188,3.367,S1O
46,P5,189,3.367,S1O
46,P5,190,1.414,S1O
46,P5,191,-2.004,S1O
46,P5,192,-4.934,S1O
46,P5,193,-6.887,S1O
46,P5,194,-7.863,S1O
46,P5,195,-8.352,S1O
46,P5,196,-7.863,S1O
46,P5,197,-6.887,S1O
46,P5,198,-4.934,S1O
46,P5,199,-2.981,S1O
46,P5,200,-1.516,S1O
46,P5,201,-1.516,S1O
46,P5,202,-2.004,S1O
46,P5,203,-2.004,S1O
46,P5,204,-2.004,S1O
46,P5,205,-2.492,S1O
46,P5,206,-3.469,S1O
46,P5,207,-4.934,S1O
46,P5,208,-6.399,S1O
46,P5,209,-6.399,S1O
46,P5,210,-4.445,S1O
46,P5,211,-2.492,S1O
46,P5,212,-1.516,S1O
46,P5,213,-2.981,S1O
46,P5,214,-5.422,S1O
46,P5,215,-8.352,S1O
46,P5,216,-9.816,S1O
46,P5,217,-9.816,S1O
46,P5,218,-9.816,S1O
46,P5,219,-9.328,S1O
46,P5,220,-8.352,S1O
46,P5,221,-7.863,S1O
46,P5,222,-7.375,S1O
46,P5,223,-6.887,S1O
46,P5,224,-7.863,S1O
46,P5,225,-9.816,S1O
46,P5,226,-13.234,S1O
46,P5,227,-15.676,S1O
46,P5,228,-17.141,S1O
46,P5,229,-15.676,S1O
46,P5,230,-12.746,S1O
46,P5,231,-9.816,S1O
46,P5,232,-8.840,S1O
46,P5,233,-10.793,S1O
46,P5,234,-13.234,S1O
46,P5,235,-14.699,S1O
46,P5,236,-14.699,S1O
46,P5,237,-13.234,S1O
46,P5,238,-11.770,S1O
46,P5,239,-11.770,S1O
46,P5,240,-12.258,S1O
46,P5,241,-12.746,S1O
46,P5,242,-12.746,S1O
46,P5,243,-12.746,S1O
46,P5,244,-13.723,S1O
46,P5,245,-14.211,S1O
46,P5,246,-14.211,S1O
46,P5,247,-12.746,S1O
46,P5,248,-12.258,S1O
46,P5,249,-13.723,S1O
46,P5,250,-15.188,S1O
46,P5,251,-15.676,S1O
46,P5,252,-12.746,S1O
46,P5,253,-7.375,S1O
46,P5,254,-2.981,S1O
46,P5,255,-2.492,S1O
46,P6,0,1.038,S1O
46,P6,1,3.479,S1O
46,P6,2,3.967,S1O
46,P6,3,3.479,S1O
46,P6,4,2.014,S1O
46,P6,5,0.061,S1O
46,P6,6,-1.404,S1O
46,P6,7,-2.380,S1O
46,P6,8,-1.404,S1O
46,P6,9,-0.427,S1O
46,P6,10,0.549,S1O
46,P6,11,1.038,S1O
46,P6,12,0.549,S1O
46,P6,13,0.061,S1O
46,P6,14,1.038,S1O
46,P6,15,2.502,S1O
46,P6,16,4.944,S1O
46,P6,17,6.897,S1O
46,P6,18,6.897,S1O
46,P6,19,5.432,S1O
46,P6,20,2.014,S1O
46,P6,21,-1.404,S1O
46,P6,22,-3.357,S1O
46,P6,23,-5.310,S1O
46,P6,24,-7.263,S1O
46,P6,25,-8.728,S1O
46,P6,26,-10.193,S1O
46,P6,27,-10.681,S1O
46,P6,28,-10.681,S1O
46,P6,29,-10.193,S1O
46,P6,30,-9.705,S1O
46,P6,31,-8.728,S1O
46,P6,32,-7.263,S1O
46,P6,33,-5.798,S1O
46,P6,34,-5.310,S1O
46,P6,35,-4.333,S1O
46,P6,36,-4.333,S1O
46,P6,37,-3.845,S1O
46,P6,38,-1.892,S1O
46,P6,39,0.549,S1O
46,P6,40,3.967,S1O
46,P6,41,5.920,S1O
46,P6,42,5.920,S1O
46,P6,43,3.967,S1O
46,P6,44,1.038,S1O
46,P6,45,-1.892,S1O
46,P6,46,-3.357,S1O
46,P6,47,-3.845,S1O
46,P6,48,-3.357,S1O
46,P6,49,-2.380,S1O
46,P6,50,-2.380,S1O
46,P6,51,-2.380,S1O
46,P6,52,-2.380,S1O
46,P6,53,-3.357,S1O
46,P6,54,-5.310,S1O
46,P6,55,-7.751,S1O
46,P6,56,-9.705,S1O
46,P6,57,-11.658,S1O
46,P6,58,-11.658,S1O
46,P6,59,-10.681,S1O
46,P6,60,-8.240,S1O
46,P6,61,-6.287,S1O
46,P6,62,-3.845,S1O
46,P6,63,-1.892,S1O
46,P6,64,0.061,S1O
46,P6,65,0.549,S1O
46,P6,66,0.549,S1O
46,P6,67,0.061,S1O
46,P6,68,-0.427,S1O
46,P6,69,-0.427,S1O
46,P6,70,-0.427,S1O
46,P6,71,-0.427,S1O
46,P6,72,-1.404,S1O
46,P6,73,-2.869,S1O
46,P6,74,-3.845,S1O
46,P6,75,-4.333,S1O
46,P6,76,-3.357,S1O
46,P6,77,-1.892,S1O
46,P6,78,-0.427,S1O
46,P6,79,0.061,S1O
46,P6,80,-0.427,S1O
46,P6,81,-0.916,S1O
46,P6,82,-2.380,S1O
46,P6,83,-4.333,S1O
46,P6,84,-5.798,S1O
46,P6,85,-6.775,S1O
46,P6,86,-6.287,S1O
46,P6,87,-5.310,S1O
46,P6,88,-3.357,S1O
46,P6,89,-1.892,S1O
46,P6,90,-1.892,S1O
46,P6,91,-1.892,S1O
46,P6,92,-2.380,S1O
46,P6,93,-2.380,S1O
46,P6,94,-1.892,S1O
46,P6,95,-2.380,S1O
46,P6,96,-2.380,S1O
46,P6,97,-2.869,S1O
46,P6,98,-2.380,S1O
46,P6,99,-1.892,S1O
46,P6,100,-1.404,S1O
46,P6,101,-1.892,S1O
46,P6,102,-3.357,S1O
46,P6,103,-4.333,S1O
46,P6,104,-4.822,S1O
46,P6,105,-5.310,S1O
46,P6,106,-5.798,S1O
46,P6,107,-7.751,S1O
46,P6,108,-9.705,S1O
46,P6,109,-11.658,S1O
46,P6,110,-11.658,S1O
46,P6,111,-11.169,S1O
46,P6,112,-9.705,S1O
46,P6,113,-8.728,S1O
46,P6,114,-7.263,S1O
46,P6,115,-5.310,S1O
46,P6,116,-3.357,S1O
46,P6,117,-1.404,S1O
46,P6,118,-0.427,S1O
46,P6,119,-0.427,S1O
46,P6,120,-1.404,S1O
46,P6,121,-1.892,S1O
46,P6,122,-2.380,S1O
46,P6,123,-3.357,S1O
46,P6,124,-4.333,S1O
46,P6,125,-5.310,S1O
46,P6,126,-5.798,S1O
46,P6,127,-5.310,S1O
46,P6,128,-4.822,S1O
46,P6,129,-4.333,S1O
46,P6,130,-4.333,S1O
46,P6,131,-4.333,S1O
46,P6,132,-3.357,S1O
46,P6,133,-2.380,S1O
46,P6,134,-0.916,S1O
46,P6,135,-0.427,S1O
46,P6,136,-1.404,S1O
46,P6,137,-2.380,S1O
46,P6,138,-3.845,S1O
46,P6,139,-4.333,S1O
46,P6,140,-4.822,S1O
46,P6,141,-4.333,S1O
46,P6,142,-3.357,S1O
46,P6,143,-2.380,S1O
46,P6,144,-2.380,S1O
46,P6,145,-2.869,S1O
46,P6,146,-4.333,S1O
46,P6,147,-6.287,S1O
46,P6,148,-7.751,S1O
46,P6,149,-7.263,S1O
46,P6,150,-6.287,S1O
46,P6,151,-4.822,S1O
46,P6,152,-4.333,S1O
46,P6,153,-4.333,S1O
46,P6,154,-5.310,S1O
46,P6,155,-5.798,S1O
46,P6,156,-5.798,S1O
46,P6,157,-5.798,S1O
46,P6,158,-4.822,S1O
46,P6,159,-3.845,S1O
46,P6,160,-3.357,S1O
46,P6,161,-2.380,S1O
46,P6,162,-2.380,S1O
46,P6,163,-1.892,S1O
46,P6,164,-2.380,S1O
46,P6,165,-1.892,S1O
46,P6,166,-1.404,S1O
46,P6,167,-0.427,S1O
46,P6,168,0.061,S1O
46,P6,169,0.549,S1O
46,P6,170,0.549,S1O
46,P6,171,0.549,S1O
46,P6,172,1.038,S1O
46,P6,173,2.014,S1O
46,P6,174,2.502,S1O
46,P6,175,2.014,S1O
46,P6,176,2.014,S1O
46,P6,177,2.502,S1O
46,P6,178,3.479,S1O
46,P6,179,4.944,S1O
46,P6,180,5.432,S1O
46,P6,181,4.456,S1O
46,P6,182,3.479,S1O
46,P6,183,2.502,S1O
46,P6,184,3.479,S1O
46,P6,185,5.432,S1O
46,P6,186,7.385,S1O
46,P6,187,7.385,S1O
46,P6,188,5.432,S1O
46,P6,189,2.502,S1O
46,P6,190,-0.427,S1O
46,P6,191,-2.380,S1O
46,P6,192,-3.357,S1O
46,P6,193,-4.333,S1O
46,P6,194,-5.310,S1O
46,P6,195,-6.287,S1O
46,P6,196,-6.775,S1O
46,P6,197,-6.287,S1O
46,P6,198,-4.822,S1O
46,P6,199,-3.357,S1O
46,P6,200,-2.380,S1O
46,P6,201,-2.380,S1O
46,P6,202,-3.357,S1O
46,P6,203,-4.333,S1O
46,P6,204,-5.310,S1O
46,P6,205,-5.310,S1O
46,P6,206,-5.310,S1O
46,P6,207,-4.822,S1O
46,P6,208,-4.333,S1O
46,P6,209,-3.845,S1O
46,P6,210,-3.357,S1O
46,P6,211,-3.357,S1O
46,P6,212,-3.845,S1O
46,P6,213,-5.310,S1O
46,P6,214,-7.263,S1O
46,P6,215,-8.728,S1O
46,P6,216,-9.216,S1O
46,P6,217,-9.705,S1O
46,P6,218,-9.705,S1O
46,P6,219,-9.705,S1O
46,P6,220,-9.216,S1O
46,P6,221,-9.216,S1O
46,P6,222,-8.728,S1O
46,P6,223,-8.728,S1O
46,P6,224,-10.193,S1O
46,P6,225,-11.658,S1O
46,P6,226,-13.123,S1O
46,P6,227,-14.587,S1O
46,P6,228,-14.099,S1O
46,P6,229,-13.611,S1O
46,P6,230,-12.146,S1O
46,P6,231,-11.658,S1O
46,P6,232,-11.658,S1O
46,P6,233,-12.634,S1O
46,P6,234,-13.611,S1O
46,P6,235,-14.587,S1O
46,P6,236,-14.099,S1O
46,P6,237,-13.123,S1O
46,P6,238,-13.123,S1O
46,P6,239,-13.611,S1O
46,P6,240,-15.076,S1O
46,P6,241,-16.541,S1O
46,P6,242,-17.517,S1O
46,P6,243,-18.005,S1O
46,P6,244,-17.029,S1O
46,P6,245,-16.052,S1O
46,P6,246,-16.052,S1O
46,P6,247,-16.052,S1O
46,P6,248,-17.029,S1O
46,P6,249,-17.029,S1O
46,P6,250,-16.052,S1O
46,P6,251,-15.564,S1O
46,P6,252,-14.587,S1O
46,P6,253,-14.099,S1O
46,P6,254,-14.099,S1O
46,P6,255,-14.587,S1O
46,C1,0,1.567,S1O
46,C1,1,2.055,S1O
46,C1,2,2.543,S1O
46,C1,3,2.543,S1O
46,C1,4,2.055,S1O
46,C1,5,1.078,S1O
46,C1,6,0.102,S1O
46,C1,7,-0.875,S1O
46,C1,8,-1.363,S1O
46,C1,9,-1.363,S1O
46,C1,10,-0.875,S1O
46,C1,11,-0.875,S1O
46,C1,12,-0.875,S1O
46,C1,13,-0.387,S1O
46,C1,14,0.590,S1O
46,C1,15,2.055,S1O
46,C1,16,3.031,S1O
46,C1,17,2.543,S1O
46,C1,18,1.567,S1O
46,C1,19,0.590,S1O
46,C1,20,-0.875,S1O
46,C1,21,-1.363,S1O
46,C1,22,-1.363,S1O
46,C1,23,-1.851,S1O
46,C1,24,-1.851,S1O
46,C1,25,-2.340,S1O
46,C1,26,-1.363,S1O
46,C1,27,-0.875,S1O
46,C1,28,0.102,S1O
46,C1,29,1.078,S1O
46,C1,30,1.078,S1O
46,C1,31,1.078,S1O
46,C1,32,0.590,S1O
46,C1,33,0.590,S1O
46,C1,34,0.590,S1O
46,C1,35,0.590,S1O
46,C1,36,0.590,S1O
46,C1,37,0.102,S1O
46,C1,38,-0.387,S1O
46,C1,39,-0.387,S1O
46,C1,40,-0.387,S1O
46,C1,41,0.102,S1O
46,C1,42,-0.387,S1O
46,C1,43,-0.387,S1O
46,C1,44,-0.387,S1O
46,C1,45,0.102,S1O
46,C1,46,0.590,S1O
46,C1,47,1.567,S1O
46,C1,48,2.543,S1O
46,C1,49,3.031,S1O
46,C1,50,3.520,S1O
46,C1,51,4.008,S1O
46,C1,52,4.496,S1O
46,C1,53,4.496,S1O
46,C1,54,4.496,S1O
46,C1,55,4.008,S1O
46,C1,56,3.031,S1O
46,C1,57,1.567,S1O
46,C1,58,0.102,S1O
46,C1,59,-0.387,S1O
46,C1,60,-0.875,S1O
46,C1,61,-0.875,S1O
46,C1,62,-0.875,S1O
46,C1,63,-1.363,S1O
46,C1,64,-1.363,S1O
46,C1,65,-1.363,S1O
46,C1,66,-1.363,S1O
46,C1,67,-1.851,S1O
46,C1,68,-1.851,S1O
46,C1,69,-1.851,S1O
46,C1,70,-1.363,S1O
46,C1,71,-0.387,S1O
46,C1,72,0.590,S1O
46,C1,73,0.590,S1O
46,C1,74,0.590,S1O
46,C1,75,0.590,S1O
46,C1,76,0.590,S1O
46,C1,77,0.590,S1O
46,C1,78,0.590,S1O
46,C1,79,0.102,S1O
46,C1,80,0.102,S1O
46,C1,81,0.102,S1O
46,C1,82,-0.387,S1O
46,C1,83,-0.387,S1O
46,C1,84,-0.387,S1O
46,C1,85,0.102,S1O
46,C1,86,0.590,S1O
46,C1,87,1.567,S1O
46,C1,88,2.055,S1O
46,C1,89,2.543,S1O
46,C1,90,3.031,S1O
46,C1,91,3.031,S1O
46,C1,92,3.031,S1O
46,C1,93,3.031,S1O
46,C1,94,2.543,S1O
46,C1,95,2.055,S1O
46,C1,96,2.055,S1O
46,C1,97,1.567,S1O
46,C1,98,1.567,S1O
46,C1,99,1.567,S1O
46,C1,100,1.567,S1O
46,C1,101,1.567,S1O
46,C1,102,1.567,S1O
46,C1,103,1.567,S1O
46,C1,104,1.567,S1O
46,C1,105,2.055,S1O
46,C1,106,1.567,S1O
46,C1,107,1.078,S1O
46,C1,108,1.078,S1O
46,C1,109,1.078,S1O
46,C1,110,1.078,S1O
46,C1,111,1.078,S1O
46,C1,112,0.590,S1O
46,C1,113,-0.387,S1O
46,C1,114,-0.387,S1O
46,C1,115,-0.875,S1O
46,C1,116,0.102,S1O
46,C1,117,1.567,S1O
46,C1,118,2.543,S1O
46,C1,119,2.543,S1O
46,C1,120,2.055,S1O
46,C1,121,2.055,S1O
46,C1,122,2.055,S1O
46,C1,123,2.055,S1O
46,C1,124,2.543,S1O
46,C1,125,3.031,S1O
46,C1,126,3.031,S1O
46,C1,127,3.031,S1O
46,C1,128,2.543,S1O
46,C1,129,2.543,S1O
46,C1,130,2.543,S1O
46,C1,131,2.543,S1O
46,C1,132,2.543,S1O
46,C1,133,2.055,S1O
46,C1,134,2.055,S1O
46,C1,135,1.567,S1O
46,C1,136,1.567,S1O
46,C1,137,1.078,S1O
46,C1,138,0.590,S1O
46,C1,139,0.590,S1O
46,C1,140,0.590,S1O
46,C1,141,0.590,S1O
46,C1,142,0.590,S1O
46,C1,143,0.590,S1O
46,C1,144,0.590,S1O
46,C1,145,1.078,S1O
46,C1,146,1.567,S1O
46,C1,147,2.055,S1O
46,C1,148,2.055,S1O
46,C1,149,2.055,S1O
46,C1,150,1.567,S1O
46,C1,151,1.567,S1O
46,C1,152,2.055,S1O
46,C1,153,3.031,S1O
46,C1,154,3.520,S1O
46,C1,155,3.520,S1O
46,C1,156,3.031,S1O
46,C1,157,2.055,S1O
46,C1,158,1.567,S1O
46,C1,159,1.567,S1O
46,C1,160,1.078,S1O
46,C1,161,1.567,S1O
46,C1,162,1.567,S1O
46,C1,163,2.543,S1O
46,C1,164,2.543,S1O
46,C1,165,2.543,S1O
46,C1,166,2.543,S1O
46,C1,167,2.055,S1O
46,C1,168,2.055,S1O
46,C1,169,2.543,S1O
46,C1,170,3.031,S1O
46,C1,171,3.520,S1O
46,C1,172,4.008,S1O
46,C1,173,4.008,S1O
46,C1,174,3.520,S1O
46,C1,175,3.031,S1O
46,C1,176,3.031,S1O
46,C1,177,3.031,S1O
46,C1,178,3.520,S1O
46,C1,179,3.520,S1O
46,C1,180,3.031,S1O
46,C1,181,2.543,S1O
46,C1,182,1.567,S1O
46,C1,183,0.590,S1O
46,C1,184,0.102,S1O
46,C1,185,0.102,S1O
46,C1,186,0.590,S1O
46,C1,187,1.567,S1O
46,C1,188,2.055,S1O
46,C1,189,2.543,S1O
46,C1,190,2.055,S1O
46,C1,191,1.567,S1O
46,C1,192,1.567,S1O
46,C1,193,2.055,S1O
46,C1,194,1.567,S1O
46,C1,195,1.567,S1O
46,C1,196,1.078,S1O
46,C1,197,1.078,S1O
46,C1,198,2.055,S1O
46,C1,199,3.031,S1O
46,C1,200,3.520,S1O
46,C1,201,3.520,S1O
46,C1,202,3.520,S1O
46,C1,203,3.031,S1O
46,C1,204,3.031,S1O
46,C1,205,3.031,S1O
46,C1,206,2.543,S1O
46,C1,207,2.055,S1O
46,C1,208,2.055,S1O
46,C1,209,2.055,S1O
46,C1,210,2.543,S1O
46,C1,211,3.031,S1O
46,C1,212,3.520,S1O
46,C1,213,2.543,S1O
46,C1,214,1.567,S1O
46,C1,215,0.590,S1O
46,C1,216,-0.387,S1O
46,C1,217,0.590,S1O
46,C1,218,1.078,S1O
46,C1,219,1.567,S1O
46,C1,220,1.567,S1O
46,C1,221,1.567,S1O
46,C1,222,1.567,S1O
46,C1,223,2.055,S1O
46,C1,224,1.567,S1O
46,C1,225,1.567,S1O
46,C1,226,1.078,S1O
46,C1,227,0.590,S1O
46,C1,228,0.102,S1O
46,C1,229,-0.387,S1O
46,C1,230,0.102,S1O
46,C1,231,0.590,S1O
46,C1,232,1.078,S1O
46,C1,233,1.078,S1O
46,C1,234,0.590,S1O
46,C1,235,0.590,S1O
46,C1,236,0.590,S1O
46,C1,237,0.590,S1O
46,C1,238,0.590,S1O
46,C1,239,0.590,S1O
46,C1,240,0.590,S1O
46,C1,241,1.567,S1O
46,C1,242,2.055,S1O
46,C1,243,2.055,S1O
46,C1,244,1.567,S1O
46,C1,245,1.567,S1O
46,C1,246,1.078,S1O
46,C1,247,1.567,S1O
46,C1,248,2.543,S1O
46,C1,249,2.543,S1O
46,C1,250,2.543,S1O
46,C1,251,2.055,S1O
46,C1,252,2.543,S1O
46,C1,253,3.031,S1O
46,C1,254,3.031,S1O
46,C1,255,3.520,S1O
46,C2,0,-1.333,S1O
46,C2,1,-0.844,S1O
46,C2,2,-0.356,S1O
46,C2,3,-0.844,S1O
46,C2,4,-0.356,S1O
46,C2,5,0.132,S1O
46,C2,6,0.132,S1O
46,C2,7,-0.356,S1O
46,C2,8,-0.844,S1O
46,C2,9,-1.333,S1O
46,C2,10,-1.333,S1O
46,C2,11,-1.333,S1O
46,C2,12,-0.844,S1O
46,C2,13,-0.356,S1O
46,C2,14,-0.356,S1O
46,C2,15,-0.356,S1O
46,C2,16,0.132,S1O
46,C2,17,-0.356,S1O
46,C2,18,-0.356,S1O
46,C2,19,-0.844,S1O
46,C2,20,-0.844,S1O
46,C2,21,-0.356,S1O
46,C2,22,0.621,S1O
46,C2,23,1.597,S1O
46,C2,24,2.574,S1O
46,C2,25,2.574,S1O
46,C2,26,2.085,S1O
46,C2,27,1.109,S1O
46,C2,28,0.132,S1O
46,C2,29,-0.844,S1O
46,C2,30,-1.333,S1O
46,C2,31,-0.844,S1O
46,C2,32,-0.356,S1O
46,C2,33,0.132,S1O
46,C2,34,-0.356,S1O
46,C2,35,-0.844,S1O
46,C2,36,-0.844,S1O
46,C2,37,-0.844,S1O
46,C2,38,-0.356,S1O
46,C2,39,0.621,S1O
46,C2,40,1.597,S1O
46,C2,41,2.574,S1O
46,C2,42,2.085,S1O
46,C2,43,1.597,S1O
46,C2,44,0.132,S1O
46,C2,45,-1.333,S1O
46,C2,46,-2.309,S1O
46,C2,47,-3.286,S1O
46,C2,48,-2.797,S1O
46,C2,49,-2.309,S1O
46,C2,50,-2.309,S1O
46,C2,51,-1.821,S1O
46,C2,52,-1.821,S1O
46,C2,53,-1.821,S1O
46,C2,54,-1.821,S1O
46,C2,55,-1.821,S1O
46,C2,56,-2.309,S1O
46,C2,57,-2.309,S1O
46,C2,58,-2.309,S1O
46,C2,59,-2.309,S1O
46,C2,60,-1.333,S1O
46,C2,61,-0.356,S1O
46,C2,62,1.109,S1O
46,C2,63,2.085,S1O
46,C2,64,2.574,S1O
46,C2,65,3.062,S1O
46,C2,66,2.574,S1O
46,C2,67,2.085,S1O
46,C2,68,1.597,S1O
46,C2,69,1.597,S1O
46,C2,70,2.085,S1O
46,C2,71,2.085,S1O
46,C2,72,1.597,S1O
46,C2,73,1.109,S1O
46,C2,74,1.109,S1O
46,C2,75,1.597,S1O
46,C2,76,2.085,S1O
46,C2,77,2.085,S1O
46,C2,78,2.085,S1O
46,C2,79,2.085,S1O
46,C2,80,1.597,S1O
46,C2,81,1.597,S1O
46,C2,82,1.109,S1O
46,C2,83,0.132,S1O
46,C2,84,0.132,S1O
46,C2,85,-0.356,S1O
46,C2,86,0.132,S1O
46,C2,87,0.132,S1O
46,C2,88,0.132,S1O
46,C2,89,0.132,S1O
46,C2,90,0.132,S1O
46,C2,91,0.621,S1O
46,C2,92,1.109,S1O
46,C2,93,1.109,S1O
46,C2,94,1.109,S1O
46,C2,95,0.621,S1O
46,C2,96,0.132,S1O
46,C2,97,0.132,S1O
46,C2,98,0.621,S1O
46,C2,99,1.109,S1O
46,C2,100,1.597,S1O
46,C2,101,1.109,S1O
46,C2,102,0.132,S1O
46,C2,103,-0.356,S1O
46,C2,104,-0.844,S1O
46,C2,105,-0.844,S1O
46,C2,106,-0.844,S1O
46,C2,107,-0.356,S1O
46,C2,108,-0.356,S1O
46,C2,109,-0.844,S1O
46,C2,110,-0.844,S1O
46,C2,111,-0.356,S1O
46,C2,112,-0.356,S1O
46,C2,113,0.132,S1O
46,C2,114,0.132,S1O
46,C2,115,-0.356,S1O
46,C2,116,0.132,S1O
46,C2,117,0.621,S1O
46,C2,118,1.597,S1O
46,C2,119,1.597,S1O
46,C2,120,2.085,S1O
46,C2,121,1.597,S1O
46,C2,122,1.109,S1O
46,C2,123,0.621,S1O
46,C2,124,-0.356,S1O
46,C2,125,-0.844,S1O
46,C2,126,-0.844,S1O
46,C2,127,-1.333,S1O
46,C2,128,-1.821,S1O
46,C2,129,-1.821,S1O
46,C2,130,-2.309,S1O
46,C2,131,-1.821,S1O
46,C2,132,-1.333,S1O
46,C2,133,-0.844,S1O
46,C2,134,-0.844,S1O
46,C2,135,-0.844,S1O
46,C2,136,-0.844,S1O
46,C2,137,-1.333,S1O
46,C2,138,-0.844,S1O
46,C2,139,-0.356,S1O
46,C2,140,0.132,S1O
46,C2,141,0.621,S1O
46,C2,142,1.109,S1O
46,C2,143,1.109,S1O
46,C2,144,1.109,S1O
46,C2,145,0.621,S1O
46,C2,146,0.132,S1O
46,C2,147,-0.356,S1O
46,C2,148,-0.844,S1O
46,C2,149,-0.844,S1O
46,C2,150,-0.356,S1O
46,C2,151,-0.356,S1O
46,C2,152,-0.844,S1O
46,C2,153,-1.333,S1O
46,C2,154,-1.333,S1O
46,C2,155,-1.333,S1O
46,C2,156,-1.333,S1O
46,C2,157,-1.333,S1O
46,C2,158,-1.333,S1O
46,C2,159,-1.333,S1O
46,C2,160,-1.333,S1O
46,C2,161,-0.844,S1O
46,C2,162,-0.844,S1O
46,C2,163,-0.844,S1O
46,C2,164,-1.333,S1O
46,C2,165,-1.333,S1O
46,C2,166,-0.844,S1O
46,C2,167,-0.356,S1O
46,C2,168,0.621,S1O
46,C2,169,0.621,S1O
46,C2,170,0.132,S1O
46,C2,171,-0.356,S1O
46,C2,172,-0.844,S1O
46,C2,173,0.132,S1O
46,C2,174,0.621,S1O
46,C2,175,1.597,S1O
46,C2,176,2.085,S1O
46,C2,177,1.597,S1O
46,C2,178,1.597,S1O
46,C2,179,1.597,S1O
46,C2,180,1.597,S1O
46,C2,181,1.597,S1O
46,C2,182,1.109,S1O
46,C2,183,1.597,S1O
46,C2,184,1.597,S1O
46,C2,185,2.574,S1O
46,C2,186,3.062,S1O
46,C2,187,3.062,S1O
46,C2,188,2.574,S1O
46,C2,189,2.085,S1O
46,C2,190,1.597,S1O
46,C2,191,1.109,S1O
46,C2,192,1.109,S1O
46,C2,193,1.109,S1O
46,C2,194,0.621,S1O
46,C2,195,0.621,S1O
46,C2,196,0.621,S1O
46,C2,197,0.132,S1O
46,C2,198,0.132,S1O
46,C2,199,0.132,S1O
46,C2,200,0.132,S1O
46,C2,201,0.132,S1O
46,C2,202,0.132,S1O
46,C2,203,0.132,S1O
46,C2,204,0.132,S1O
46,C2,205,-0.356,S1O
46,C2,206,-0.844,S1O
46,C2,207,-0.356,S1O
46,C2,208,-0.356,S1O
46,C2,209,0.621,S1O
46,C2,210,0.621,S1O
46,C2,211,0.621,S1O
46,C2,212,0.132,S1O
46,C2,213,-0.356,S1O
46,C2,214,-0.844,S1O
46,C2,215,-0.356,S1O
46,C2,216,-0.356,S1O
46,C2,217,-0.356,S1O
46,C2,218,-0.844,S1O
46,C2,219,-0.844,S1O
46,C2,220,-1.333,S1O
46,C2,221,-1.333,S1O
46,C2,222,-1.821,S1O
46,C2,223,-1.333,S1O
46,C2,224,-1.333,S1O
46,C2,225,-1.333,S1O
46,C2,226,-1.333,S1O
46,C2,227,-1.333,S1O
46,C2,228,-0.356,S1O
46,C2,229,-0.844,S1O
46,C2,230,-0.844,S1O
46,C2,231,-1.333,S1O
46,C2,232,-1.333,S1O
46,C2,233,-1.333,S1O
46,C2,234,-1.821,S1O
46,C2,235,-1.333,S1O
46,C2,236,-1.821,S1O
46,C2,237,-1.333,S1O
46,C2,238,-1.333,S1O
46,C2,239,-1.333,S1O
46,C2,240,-1.333,S1O
46,C2,241,-1.821,S1O
46,C2,242,-1.821,S1O
46,C2,243,-1.333,S1O
46,C2,244,-1.333,S1O
46,C2,245,-0.356,S1O
46,C2,246,-0.356,S1O
46,C2,247,-0.356,S1O
46,C2,248,-1.333,S1O
46,C2,249,-1.333,S1O
46,C2,250,-1.333,S1O
46,C2,251,-1.821,S1O
46,C2,252,-2.309,S1O
46,C2,253,-2.309,S1O
46,C2,254,-2.309,S1O
46,C2,255,-2.309,S1O
46,PO7,0,-2.920,S1O
46,PO7,1,-4.384,S1O
46,PO7,2,-7.314,S1O
46,PO7,3,-7.802,S1O
46,PO7,4,-8.291,S1O
46,PO7,5,-9.755,S1O
46,PO7,6,-11.220,S1O
46,PO7,7,-11.220,S1O
46,PO7,8,-6.826,S1O
46,PO7,9,0.010,S1O
46,PO7,10,4.405,S1O
46,PO7,11,3.916,S1O
46,PO7,12,-0.478,S1O
46,PO7,13,-3.408,S1O
46,PO7,14,-0.966,S1O
46,PO7,15,6.358,S1O
46,PO7,16,15.147,S1O
46,PO7,17,19.053,S1O
46,PO7,18,17.100,S1O
46,PO7,19,9.776,S1O
46,PO7,20,0.987,S1O
46,PO7,21,-6.337,S1O
46,PO7,22,-11.220,S1O
46,PO7,23,-13.173,S1O
46,PO7,24,-14.150,S1O
46,PO7,25,-16.591,S1O
46,PO7,26,-21.474,S1O
46,PO7,27,-28.798,S1O
46,PO7,28,-35.146,S1O
46,PO7,29,-35.634,S1O
46,PO7,30,-28.798,S1O
46,PO7,31,-16.591,S1O
46,PO7,32,-5.361,S1O
46,PO7,33,0.010,S1O
46,PO7,34,-1.943,S1O
46,PO7,35,-7.314,S1O
46,PO7,36,-12.197,S1O
46,PO7,37,-14.638,S1O
46,PO7,38,-14.150,S1O
46,PO7,39,-11.709,S1O
46,PO7,40,-6.826,S1O
46,PO7,41,0.498,S1O
46,PO7,42,7.334,S1O
46,PO7,43,9.776,S1O
46,PO7,44,7.334,S1O
46,PO7,45,0.987,S1O
46,PO7,46,-3.408,S1O
46,PO7,47,-3.408,S1O
46,PO7,48,-0.966,S1O
46,PO7,49,-0.478,S1O
46,PO7,50,-4.873,S1O
46,PO7,51,-10.244,S1O
46,PO7,52,-11.709,S1O
46,PO7,53,-7.802,S1O
46,PO7,54,-2.920,S1O
46,PO7,55,-1.943,S1O
46,PO7,56,-7.802,S1O
46,PO7,57,-16.103,S1O
46,PO7,58,-20.986,S1O
46,PO7,59,-19.033,S1O
46,PO7,60,-13.662,S1O
46,PO7,61,-10.732,S1O
46,PO7,62,-10.732,S1O
46,PO7,63,-11.220,S1O
46,PO7,64,-8.779,S1O
46,PO7,65,-3.896,S1O
46,PO7,66,0.498,S1O
46,PO7,67,0.498,S1O
46,PO7,68,-3.896,S1O
46,PO7,69,-9.267,S1O
46,PO7,70,-12.197,S1O
46,PO7,71,-12.197,S1O
46,PO7,72,-8.779,S1O
46,PO7,73,-5.849,S1O
46,PO7,74,-4.873,S1O
46,PO7,75,-7.802,S1O
46,PO7,76,-13.173,S1O
46,PO7,77,-19.033,S1O
46,PO7,78,-21.962,S1O
46,PO7,79,-19.521,S1O
46,PO7,80,-13.662,S1O
46,PO7,81,-7.314,S1O
46,PO7,82,-3.896,S1O
46,PO7,83,-2.920,S1O
46,PO7,84,-3.408,S1O
46,PO7,85,-3.408,S1O
46,PO7,86,-3.408,S1O
46,PO7,87,-3.408,S1O
46,PO7,88,-4.384,S1O
46,PO7,89,-4.384,S1O
46,PO7,90,-2.431,S1O
46,PO7,91,0.498,S1O
46,PO7,92,1.475,S1O
46,PO7,93,-2.920,S1O
46,PO7,94,-10.244,S1O
46,PO7,95,-16.103,S1O
46,PO7,96,-16.591,S1O
46,PO7,97,-11.220,S1O
46,PO7,98,-4.384,S1O
46,PO7,99,-2.920,S1O
46,PO7,100,-7.802,S1O
46,PO7,101,-14.638,S1O
46,PO7,102,-17.080,S1O
46,PO7,103,-13.662,S1O
46,PO7,104,-7.802,S1O
46,PO7,105,-5.849,S1O
46,PO7,106,-10.244,S1O
46,PO7,107,-18.056,S1O
46,PO7,108,-23.427,S1O
46,PO7,109,-21.962,S1O
46,PO7,110,-15.127,S1O
46,PO7,111,-7.802,S1O
46,PO7,112,-5.361,S1O
46,PO7,113,-8.779,S1O
46,PO7,114,-15.127,S1O
46,PO7,115,-19.033,S1O
46,PO7,116,-16.591,S1O
46,PO7,117,-8.779,S1O
46,PO7,118,0.010,S1O
46,PO7,119,3.428,S1O
46,PO7,120,0.498,S1O
46,PO7,121,-6.337,S1O
46,PO7,122,-11.220,S1O
46,PO7,123,-12.197,S1O
46,PO7,124,-10.732,S1O
46,PO7,125,-10.244,S1O
46,PO7,126,-11.709,S1O
46,PO7,127,-13.173,S1O
46,PO7,128,-10.732,S1O
46,PO7,129,-5.361,S1O
46,PO7,130,-1.455,S1O
46,PO7,131,-4.384,S1O
46,PO7,132,-14.150,S1O
46,PO7,133,-24.892,S1O
46,PO7,134,-29.287,S1O
46,PO7,135,-23.427,S1O
46,PO7,136,-13.662,S1O
46,PO7,137,-7.802,S1O
46,PO7,138,-9.755,S1O
46,PO7,139,-16.591,S1O
46,PO7,140,-21.474,S1O
46,PO7,141,-20.986,S1O
46,PO7,142,-17.080,S1O
46,PO7,143,-14.150,S1O
46,PO7,144,-14.150,S1O
46,PO7,145,-13.662,S1O
46,PO7,146,-10.244,S1O
46,PO7,147,-5.361,S1O
46,PO7,148,-2.431,S1O
46,PO7,149,-4.384,S1O
46,PO7,150,-10.732,S1O
46,PO7,151,-16.103,S1O
46,PO7,152,-16.591,S1O
46,PO7,153,-14.150,S1O
46,PO7,154,-12.197,S1O
46,PO7,155,-14.150,S1O
46,PO7,156,-17.568,S1O
46,PO7,157,-19.521,S1O
46,PO7,158,-18.545,S1O
46,PO7,159,-15.615,S1O
46,PO7,160,-13.662,S1O
46,PO7,161,-13.662,S1O
46,PO7,162,-14.150,S1O
46,PO7,163,-13.173,S1O
46,PO7,164,-11.220,S1O
46,PO7,165,-8.779,S1O
46,PO7,166,-7.802,S1O
46,PO7,167,-7.802,S1O
46,PO7,168,-7.314,S1O
46,PO7,169,-3.896,S1O
46,PO7,170,0.010,S1O
46,PO7,171,2.452,S1O
46,PO7,172,1.963,S1O
46,PO7,173,-1.455,S1O
46,PO7,174,-4.873,S1O
46,PO7,175,-5.361,S1O
46,PO7,176,-3.408,S1O
46,PO7,177,0.498,S1O
46,PO7,178,4.405,S1O
46,PO7,179,6.846,S1O
46,PO7,180,7.334,S1O
46,PO7,181,6.358,S1O
46,PO7,182,3.428,S1O
46,PO7,183,-1.455,S1O
46,PO7,184,-6.337,S1O
46,PO7,185,-8.779,S1O
46,PO7,186,-6.826,S1O
46,PO7,187,-1.943,S1O
46,PO7,188,2.452,S1O
46,PO7,189,3.428,S1O
46,PO7,190,0.498,S1O
46,PO7,191,-4.873,S1O
46,PO7,192,-10.244,S1O
46,PO7,193,-14.150,S1O
46,PO7,194,-15.127,S1O
46,PO7,195,-15.127,S1O
46,PO7,196,-13.173,S1O
46,PO7,197,-10.732,S1O
46,PO7,198,-7.802,S1O
46,PO7,199,-6.337,S1O
46,PO7,200,-6.826,S1O
46,PO7,201,-7.802,S1O
46,PO7,202,-7.802,S1O
46,PO7,203,-5.361,S1O
46,PO7,204,-3.896,S1O
46,PO7,205,-4.384,S1O
46,PO7,206,-7.314,S1O
46,PO7,207,-12.197,S1O
46,PO7,208,-15.127,S1O
46,PO7,209,-14.150,S1O
46,PO7,210,-10.244,S1O
46,PO7,211,-5.849,S1O
46,PO7,212,-4.384,S1O
46,PO7,213,-5.849,S1O
46,PO7,214,-8.779,S1O
46,PO7,215,-11.709,S1O
46,PO7,216,-13.662,S1O
46,PO7,217,-15.127,S1O
46,PO7,218,-16.591,S1O
46,PO7,219,-17.080,S1O
46,PO7,220,-17.080,S1O
46,PO7,221,-15.615,S1O
46,PO7,222,-13.662,S1O
46,PO7,223,-12.197,S1O
46,PO7,224,-12.685,S1O
46,PO7,225,-15.615,S1O
46,PO7,226,-21.962,S1O
46,PO7,227,-27.822,S1O
46,PO7,228,-30.752,S1O
46,PO7,229,-27.822,S1O
46,PO7,230,-20.498,S1O
46,PO7,231,-14.150,S1O
46,PO7,232,-12.197,S1O
46,PO7,233,-16.103,S1O
46,PO7,234,-20.986,S1O
46,PO7,235,-23.427,S1O
46,PO7,236,-21.962,S1O
46,PO7,237,-19.521,S1O
46,PO7,238,-18.545,S1O
46,PO7,239,-20.009,S1O
46,PO7,240,-21.474,S1O
46,PO7,241,-20.986,S1O
46,PO7,242,-20.498,S1O
46,PO7,243,-20.986,S1O
46,PO7,244,-23.427,S1O
46,PO7,245,-24.892,S1O
46,PO7,246,-24.404,S1O
46,PO7,247,-21.962,S1O
46,PO7,248,-21.474,S1O
46,PO7,249,-24.892,S1O
46,PO7,250,-29.775,S1O
46,PO7,251,-30.752,S1O
46,PO7,252,-24.892,S1O
46,PO7,253,-14.638,S1O
46,PO7,254,-6.826,S1O
46,PO7,255,-6.826,S1O
46,PO8,0,2.146,S1O
46,PO8,1,4.588,S1O
46,PO8,2,5.076,S1O
46,PO8,3,4.100,S1O
46,PO8,4,2.146,S1O
46,PO8,5,0.682,S1O
46,PO8,6,-0.295,S1O
46,PO8,7,-0.295,S1O
46,PO8,8,1.170,S1O
46,PO8,9,2.146,S1O
46,PO8,10,3.123,S1O
46,PO8,11,3.611,S1O
46,PO8,12,3.611,S1O
46,PO8,13,4.100,S1O
46,PO8,14,6.053,S1O
46,PO8,15,8.982,S1O
46,PO8,16,12.889,S1O
46,PO8,17,14.842,S1O
46,PO8,18,13.865,S1O
46,PO8,19,10.447,S1O
46,PO8,20,5.076,S1O
46,PO8,21,0.193,S1O
46,PO8,22,-3.713,S1O
46,PO8,23,-7.131,S1O
46,PO8,24,-10.061,S1O
46,PO8,25,-12.990,S1O
46,PO8,26,-15.432,S1O
46,PO8,27,-16.408,S1O
46,PO8,28,-15.432,S1O
46,PO8,29,-13.479,S1O
46,PO8,30,-11.037,S1O
46,PO8,31,-9.084,S1O
46,PO8,32,-8.596,S1O
46,PO8,33,-8.596,S1O
46,PO8,34,-9.084,S1O
46,PO8,35,-8.596,S1O
46,PO8,36,-7.619,S1O
46,PO8,37,-5.666,S1O
46,PO8,38,-2.248,S1O
46,PO8,39,1.658,S1O
46,PO8,40,4.588,S1O
46,PO8,41,6.053,S1O
46,PO8,42,5.076,S1O
46,PO8,43,2.635,S1O
46,PO8,44,-0.783,S1O
46,PO8,45,-3.225,S1O
46,PO8,46,-5.178,S1O
46,PO8,47,-5.666,S1O
46,PO8,48,-5.666,S1O
46,PO8,49,-5.178,S1O
46,PO8,50,-4.201,S1O
46,PO8,51,-2.736,S1O
46,PO8,52,-2.736,S1O
46,PO8,53,-3.713,S1O
46,PO8,54,-6.643,S1O
46,PO8,55,-10.549,S1O
46,PO8,56,-12.990,S1O
46,PO8,57,-13.967,S1O
46,PO8,58,-12.990,S1O
46,PO8,59,-11.037,S1O
46,PO8,60,-8.596,S1O
46,PO8,61,-6.643,S1O
46,PO8,62,-4.690,S1O
46,PO8,63,-2.736,S1O
46,PO8,64,-1.272,S1O
46,PO8,65,-0.295,S1O
46,PO8,66,-0.295,S1O
46,PO8,67,-0.783,S1O
46,PO8,68,-1.272,S1O
46,PO8,69,-1.272,S1O
46,PO8,70,-1.272,S1O
46,PO8,71,-1.760,S1O
46,PO8,72,-3.225,S1O
46,PO8,73,-5.178,S1O
46,PO8,74,-6.643,S1O
46,PO8,75,-7.619,S1O
46,PO8,76,-7.619,S1O
46,PO8,77,-6.154,S1O
46,PO8,78,-5.178,S1O
46,PO8,79,-4.201,S1O
46,PO8,80,-3.713,S1O
46,PO8,81,-5.178,S1O
46,PO8,82,-7.131,S1O
46,PO8,83,-9.084,S1O
46,PO8,84,-10.549,S1O
46,PO8,85,-10.061,S1O
46,PO8,86,-7.619,S1O
46,PO8,87,-4.690,S1O
46,PO8,88,-2.248,S1O
46,PO8,89,-1.760,S1O
46,PO8,90,-2.736,S1O
46,PO8,91,-3.713,S1O
46,PO8,92,-4.201,S1O
46,PO8,93,-3.713,S1O
46,PO8,94,-3.713,S1O
46,PO8,95,-4.201,S1O
46,PO8,96,-4.201,S1O
46,PO8,97,-4.201,S1O
46,PO8,98,-2.736,S1O
46,PO8,99,-2.248,S1O
46,PO8,100,-2.736,S1O
46,PO8,101,-4.690,S1O
46,PO8,102,-6.154,S1O
46,PO8,103,-6.643,S1O
46,PO8,104,-6.154,S1O
46,PO8,105,-6.643,S1O
46,PO8,106,-8.596,S1O
46,PO8,107,-12.014,S1O
46,PO8,108,-14.943,S1O
46,PO8,109,-15.432,S1O
46,PO8,110,-14.943,S1O
46,PO8,111,-13.967,S1O
46,PO8,112,-13.967,S1O
46,PO8,113,-13.479,S1O
46,PO8,114,-12.014,S1O
46,PO8,115,-9.084,S1O
46,PO8,116,-5.666,S1O
46,PO8,117,-3.713,S1O
46,PO8,118,-3.713,S1O
46,PO8,119,-4.201,S1O
46,PO8,120,-5.178,S1O
46,PO8,121,-5.666,S1O
46,PO8,122,-6.154,S1O
46,PO8,123,-8.108,S1O
46,PO8,124,-10.061,S1O
46,PO8,125,-11.525,S1O
46,PO8,126,-11.037,S1O
46,PO8,127,-9.084,S1O
46,PO8,128,-7.131,S1O
46,PO8,129,-6.643,S1O
46,PO8,130,-7.131,S1O
46,PO8,131,-7.131,S1O
46,PO8,132,-6.154,S1O
46,PO8,133,-4.201,S1O
46,PO8,134,-2.248,S1O
46,PO8,135,-2.248,S1O
46,PO8,136,-3.225,S1O
46,PO8,137,-4.690,S1O
46,PO8,138,-6.154,S1O
46,PO8,139,-7.131,S1O
46,PO8,140,-8.108,S1O
46,PO8,141,-8.108,S1O
46,PO8,142,-7.619,S1O
46,PO8,143,-6.643,S1O
46,PO8,144,-6.154,S1O
46,PO8,145,-6.154,S1O
46,PO8,146,-7.131,S1O
46,PO8,147,-9.084,S1O
46,PO8,148,-10.061,S1O
46,PO8,149,-10.549,S1O
46,PO8,150,-9.572,S1O
46,PO8,151,-7.131,S1O
46,PO8,152,-5.666,S1O
46,PO8,153,-4.690,S1O
46,PO8,154,-5.178,S1O
46,PO8,155,-6.643,S1O
46,PO8,156,-7.619,S1O
46,PO8,157,-8.108,S1O
46,PO8,158,-7.131,S1O
46,PO8,159,-6.154,S1O
46,PO8,160,-4.690,S1O
46,PO8,161,-3.713,S1O
46,PO8,162,-4.201,S1O
46,PO8,163,-4.690,S1O
46,PO8,164,-4.690,S1O
46,PO8,165,-4.690,S1O
46,PO8,166,-3.225,S1O
46,PO8,167,-1.760,S1O
46,PO8,168,-1.272,S1O
46,PO8,169,-1.760,S1O
46,PO8,170,-1.760,S1O
46,PO8,171,-1.760,S1O
46,PO8,172,-0.783,S1O
46,PO8,173,0.682,S1O
46,PO8,174,1.170,S1O
46,PO8,175,0.682,S1O
46,PO8,176,0.193,S1O
46,PO8,177,-0.295,S1O
46,PO8,178,0.682,S1O
46,PO8,179,2.146,S1O
46,PO8,180,2.635,S1O
46,PO8,181,1.658,S1O
46,PO8,182,0.193,S1O
46,PO8,183,-0.295,S1O
46,PO8,184,1.170,S1O
46,PO8,185,4.100,S1O
46,PO8,186,6.541,S1O
46,PO8,187,6.541,S1O
46,PO8,188,4.588,S1O
46,PO8,189,0.682,S1O
46,PO8,190,-3.225,S1O
46,PO8,191,-5.178,S1O
46,PO8,192,-6.643,S1O
46,PO8,193,-7.619,S1O
46,PO8,194,-9.084,S1O
46,PO8,195,-10.549,S1O
46,PO8,196,-11.037,S1O
46,PO8,197,-9.572,S1O
46,PO8,198,-7.131,S1O
46,PO8,199,-5.178,S1O
46,PO8,200,-4.690,S1O
46,PO8,201,-5.666,S1O
46,PO8,202,-7.619,S1O
46,PO8,203,-8.596,S1O
46,PO8,204,-8.596,S1O
46,PO8,205,-7.619,S1O
46,PO8,206,-7.619,S1O
46,PO8,207,-8.108,S1O
46,PO8,208,-9.084,S1O
46,PO8,209,-10.061,S1O
46,PO8,210,-9.572,S1O
46,PO8,211,-9.084,S1O
46,PO8,212,-10.061,S1O
46,PO8,213,-11.037,S1O
46,PO8,214,-12.990,S1O
46,PO8,215,-14.455,S1O
46,PO8,216,-15.432,S1O
46,PO8,217,-15.432,S1O
46,PO8,218,-15.432,S1O
46,PO8,219,-15.432,S1O
46,PO8,220,-14.455,S1O
46,PO8,221,-13.967,S1O
46,PO8,222,-13.479,S1O
46,PO8,223,-14.455,S1O
46,PO8,224,-15.920,S1O
46,PO8,225,-18.361,S1O
46,PO8,226,-20.315,S1O
46,PO8,227,-21.779,S1O
46,PO8,228,-21.779,S1O
46,PO8,229,-20.315,S1O
46,PO8,230,-19.338,S1O
46,PO8,231,-18.361,S1O
46,PO8,232,-18.361,S1O
46,PO8,233,-19.338,S1O
46,PO8,234,-20.803,S1O
46,PO8,235,-21.779,S1O
46,PO8,236,-21.779,S1O
46,PO8,237,-20.315,S1O
46,PO8,238,-19.826,S1O
46,PO8,239,-20.315,S1O
46,PO8,240,-22.268,S1O
46,PO8,241,-24.221,S1O
46,PO8,242,-25.197,S1O
46,PO8,243,-25.197,S1O
46,PO8,244,-24.221,S1O
46,PO8,245,-24.221,S1O
46,PO8,246,-25.197,S1O
46,PO8,247,-26.174,S1O
46,PO8,248,-26.662,S1O
46,PO8,249,-25.686,S1O
46,PO8,250,-23.733,S1O
46,PO8,251,-22.756,S1O
46,PO8,252,-22.756,S1O
46,PO8,253,-23.244,S1O
46,PO8,254,-23.733,S1O
46,PO8,255,-23.733,S1O
46,FCZ,0,0.427,S1O
46,FCZ,1,0.427,S1O
46,FCZ,2,0.427,S1O
46,FCZ,3,-0.549,S1O
46,FCZ,4,-1.038,S1O
46,FCZ,5,-1.526,S1O
46,FCZ,6,-2.502,S1O
46,FCZ,7,-2.991,S1O
46,FCZ,8,-2.991,S1O
46,FCZ,9,-2.502,S1O
46,FCZ,10,-2.014,S1O
46,FCZ,11,-1.038,S1O
46,FCZ,12,0.427,S1O
46,FCZ,13,1.404,S1O
46,FCZ,14,2.869,S1O
46,FCZ,15,3.357,S1O
46,FCZ,16,4.333,S1O
46,FCZ,17,4.333,S1O
46,FCZ,18,4.333,S1O
46,FCZ,19,3.845,S1O
46,FCZ,20,3.357,S1O
46,FCZ,21,2.869,S1O
46,FCZ,22,1.892,S1O
46,FCZ,23,1.404,S1O
46,FCZ,24,1.404,S1O
46,FCZ,25,1.404,S1O
46,FCZ,26,1.404,S1O
46,FCZ,27,2.380,S1O
46,FCZ,28,2.380,S1O
46,FCZ,29,2.380,S1O
46,FCZ,30,1.404,S1O
46,FCZ,31,0.916,S1O
46,FCZ,32,0.427,S1O
46,FCZ,33,0.427,S1O
46,FCZ,34,1.404,S1O
46,FCZ,35,2.380,S1O
46,FCZ,36,3.357,S1O
46,FCZ,37,3.357,S1O
46,FCZ,38,2.380,S1O
46,FCZ,39,0.427,S1O
46,FCZ,40,-1.526,S1O
46,FCZ,41,-3.479,S1O
46,FCZ,42,-4.944,S1O
46,FCZ,43,-5.432,S1O
46,FCZ,44,-5.432,S1O
46,FCZ,45,-4.456,S1O
46,FCZ,46,-2.991,S1O
46,FCZ,47,-2.502,S1O
46,FCZ,48,-2.014,S1O
46,FCZ,49,-2.014,S1O
46,FCZ,50,-2.014,S1O
46,FCZ,51,-1.526,S1O
46,FCZ,52,-0.549,S1O
46,FCZ,53,0.427,S1O
46,FCZ,54,0.916,S1O
46,FCZ,55,0.916,S1O
46,FCZ,56,1.404,S1O
46,FCZ,57,1.404,S1O
46,FCZ,58,1.892,S1O
46,FCZ,59,2.380,S1O
46,FCZ,60,2.380,S1O
46,FCZ,61,2.380,S1O
46,FCZ,62,1.892,S1O
46,FCZ,63,1.404,S1O
46,FCZ,64,1.404,S1O
46,FCZ,65,1.404,S1O
46,FCZ,66,0.916,S1O
46,FCZ,67,-0.061,S1O
46,FCZ,68,-1.038,S1O
46,FCZ,69,-2.014,S1O
46,FCZ,70,-2.014,S1O
46,FCZ,71,-1.526,S1O
46,FCZ,72,-1.526,S1O
46,FCZ,73,-1.038,S1O
46,FCZ,74,-1.038,S1O
46,FCZ,75,-1.038,S1O
46,FCZ,76,-0.549,S1O
46,FCZ,77,0.427,S1O
46,FCZ,78,1.404,S1O
46,FCZ,79,1.404,S1O
46,FCZ,80,0.916,S1O
46,FCZ,81,0.427,S1O
46,FCZ,82,-0.549,S1O
46,FCZ,83,-0.549,S1O
46,FCZ,84,0.427,S1O
46,FCZ,85,1.404,S1O
46,FCZ,86,1.892,S1O
46,FCZ,87,2.380,S1O
46,FCZ,88,2.380,S1O
46,FCZ,89,2.869,S1O
46,FCZ,90,3.357,S1O
46,FCZ,91,3.845,S1O
46,FCZ,92,3.845,S1O
46,FCZ,93,3.845,S1O
46,FCZ,94,3.357,S1O
46,FCZ,95,3.357,S1O
46,FCZ,96,3.357,S1O
46,FCZ,97,3.845,S1O
46,FCZ,98,4.333,S1O
46,FCZ,99,4.333,S1O
46,FCZ,100,4.333,S1O
46,FCZ,101,3.357,S1O
46,FCZ,102,2.869,S1O
46,FCZ,103,2.380,S1O
46,FCZ,104,1.892,S1O
46,FCZ,105,1.892,S1O
46,FCZ,106,2.380,S1O
46,FCZ,107,3.357,S1O
46,FCZ,108,3.357,S1O
46,FCZ,109,3.357,S1O
46,FCZ,110,2.869,S1O
46,FCZ,111,1.892,S1O
46,FCZ,112,0.427,S1O
46,FCZ,113,-1.038,S1O
46,FCZ,114,-2.502,S1O
46,FCZ,115,-2.991,S1O
46,FCZ,116,-2.991,S1O
46,FCZ,117,-2.502,S1O
46,FCZ,118,-2.014,S1O
46,FCZ,119,-1.526,S1O
46,FCZ,120,-1.038,S1O
46,FCZ,121,-0.061,S1O
46,FCZ,122,0.916,S1O
46,FCZ,123,1.404,S1O
46,FCZ,124,2.380,S1O
46,FCZ,125,2.869,S1O
46,FCZ,126,3.357,S1O
46,FCZ,127,2.869,S1O
46,FCZ,128,1.892,S1O
46,FCZ,129,0.916,S1O
46,FCZ,130,0.916,S1O
46,FCZ,131,0.916,S1O
46,FCZ,132,1.404,S1O
46,FCZ,133,1.404,S1O
46,FCZ,134,0.916,S1O
46,FCZ,135,0.427,S1O
46,FCZ,136,-0.061,S1O
46,FCZ,137,-0.061,S1O
46,FCZ,138,0.427,S1O
46,FCZ,139,0.427,S1O
46,FCZ,140,0.427,S1O
46,FCZ,141,0.427,S1O
46,FCZ,142,-0.061,S1O
46,FCZ,143,0.427,S1O
46,FCZ,144,0.916,S1O
46,FCZ,145,1.404,S1O
46,FCZ,146,1.892,S1O
46,FCZ,147,1.892,S1O
46,FCZ,148,1.404,S1O
46,FCZ,149,1.404,S1O
46,FCZ,150,1.404,S1O
46,FCZ,151,1.404,S1O
46,FCZ,152,0.916,S1O
46,FCZ,153,0.916,S1O
46,FCZ,154,0.916,S1O
46,FCZ,155,1.404,S1O
46,FCZ,156,1.892,S1O
46,FCZ,157,1.892,S1O
46,FCZ,158,1.404,S1O
46,FCZ,159,0.916,S1O
46,FCZ,160,0.427,S1O
46,FCZ,161,0.916,S1O
46,FCZ,162,1.404,S1O
46,FCZ,163,2.380,S1O
46,FCZ,164,3.357,S1O
46,FCZ,165,3.357,S1O
46,FCZ,166,2.869,S1O
46,FCZ,167,2.380,S1O
46,FCZ,168,1.404,S1O
46,FCZ,169,0.427,S1O
46,FCZ,170,-0.061,S1O
46,FCZ,171,-0.061,S1O
46,FCZ,172,-0.061,S1O
46,FCZ,173,0.916,S1O
46,FCZ,174,1.404,S1O
46,FCZ,175,1.404,S1O
46,FCZ,176,1.404,S1O
46,FCZ,177,0.916,S1O
46,FCZ,178,-0.061,S1O
46,FCZ,179,-0.061,S1O
46,FCZ,180,0.427,S1O
46,FCZ,181,1.892,S1O
46,FCZ,182,3.357,S1O
46,FCZ,183,4.333,S1O
46,FCZ,184,4.822,S1O
46,FCZ,185,3.845,S1O
46,FCZ,186,2.869,S1O
46,FCZ,187,2.380,S1O
46,FCZ,188,2.380,S1O
46,FCZ,189,2.380,S1O
46,FCZ,190,2.869,S1O
46,FCZ,191,2.869,S1O
46,FCZ,192,3.357,S1O
46,FCZ,193,3.845,S1O
46,FCZ,194,4.822,S1O
46,FCZ,195,5.798,S1O
46,FCZ,196,6.287,S1O
46,FCZ,197,6.287,S1O
46,FCZ,198,5.798,S1O
46,FCZ,199,5.310,S1O
46,FCZ,200,4.822,S1O
46,FCZ,201,4.822,S1O
46,FCZ,202,4.822,S1O
46,FCZ,203,4.822,S1O
46,FCZ,204,4.333,S1O
46,FCZ,205,3.357,S1O
46,FCZ,206,3.357,S1O
46,FCZ,207,3.357,S1O
46,FCZ,208,3.357,S1O
46,FCZ,209,3.845,S1O
46,FCZ,210,3.357,S1O
46,FCZ,211,3.357,S1O
46,FCZ,212,3.357,S1O
46,FCZ,213,2.869,S1O
46,FCZ,214,2.869,S1O
46,FCZ,215,2.869,S1O
46,FCZ,216,2.869,S1O
46,FCZ,217,2.380,S1O
46,FCZ,218,1.892,S1O
46,FCZ,219,1.404,S1O
46,FCZ,220,1.404,S1O
46,FCZ,221,1.404,S1O
46,FCZ,222,1.404,S1O
46,FCZ,223,1.404,S1O
46,FCZ,224,1.404,S1O
46,FCZ,225,1.892,S1O
46,FCZ,226,2.380,S1O
46,FCZ,227,3.357,S1O
46,FCZ,228,3.845,S1O
46,FCZ,229,3.845,S1O
46,FCZ,230,3.357,S1O
46,FCZ,231,3.357,S1O
46,FCZ,232,2.869,S1O
46,FCZ,233,3.357,S1O
46,FCZ,234,4.333,S1O
46,FCZ,235,4.822,S1O
46,FCZ,236,4.822,S1O
46,FCZ,237,5.310,S1O
46,FCZ,238,5.310,S1O
46,FCZ,239,5.798,S1O
46,FCZ,240,6.775,S1O
46,FCZ,241,7.751,S1O
46,FCZ,242,7.751,S1O
46,FCZ,243,7.751,S1O
46,FCZ,244,7.263,S1O
46,FCZ,245,6.287,S1O
46,FCZ,246,5.798,S1O
46,FCZ,247,4.822,S1O
46,FCZ,248,3.845,S1O
46,FCZ,249,3.357,S1O
46,FCZ,250,2.869,S1O
46,FCZ,251,2.869,S1O
46,FCZ,252,3.357,S1O
46,FCZ,253,3.845,S1O
46,FCZ,254,3.357,S1O
46,FCZ,255,3.357,S1O
46,POZ,0,0.427,S1O
46,POZ,1,2.380,S1O
46,POZ,2,2.869,S1O
46,POZ,3,2.869,S1O
46,POZ,4,1.892,S1O
46,POZ,5,0.916,S1O
46,POZ,6,0.427,S1O
46,POZ,7,0.916,S1O
46,POZ,8,2.380,S1O
46,POZ,9,3.357,S1O
46,POZ,10,3.845,S1O
46,POZ,11,2.380,S1O
46,POZ,12,-0.061,S1O
46,POZ,13,-2.502,S1O
46,POZ,14,-3.479,S1O
46,POZ,15,-2.014,S1O
46,POZ,16,1.404,S1O
46,POZ,17,4.822,S1O
46,POZ,18,6.775,S1O
46,POZ,19,6.287,S1O
46,POZ,20,2.380,S1O
46,POZ,21,-2.014,S1O
46,POZ,22,-6.409,S1O
46,POZ,23,-8.850,S1O
46,POZ,24,-10.315,S1O
46,POZ,25,-10.315,S1O
46,POZ,26,-10.803,S1O
46,POZ,27,-12.268,S1O
46,POZ,28,-13.245,S1O
46,POZ,29,-13.245,S1O
46,POZ,30,-11.292,S1O
46,POZ,31,-7.874,S1O
46,POZ,32,-4.944,S1O
46,POZ,33,-2.991,S1O
46,POZ,34,-3.479,S1O
46,POZ,35,-4.456,S1O
46,POZ,36,-5.432,S1O
46,POZ,37,-4.944,S1O
46,POZ,38,-2.991,S1O
46,POZ,39,-0.061,S1O
46,POZ,40,3.357,S1O
46,POZ,41,6.287,S1O
46,POZ,42,8.240,S1O
46,POZ,43,8.240,S1O
46,POZ,44,7.263,S1O
46,POZ,45,4.822,S1O
46,POZ,46,3.357,S1O
46,POZ,47,3.357,S1O
46,POZ,48,4.822,S1O
46,POZ,49,6.287,S1O
46,POZ,50,6.775,S1O
46,POZ,51,5.798,S1O
46,POZ,52,4.822,S1O
46,POZ,53,4.333,S1O
46,POZ,54,4.333,S1O
46,POZ,55,3.845,S1O
46,POZ,56,1.892,S1O
46,POZ,57,-1.038,S1O
46,POZ,58,-3.967,S1O
46,POZ,59,-4.944,S1O
46,POZ,60,-2.991,S1O
46,POZ,61,0.427,S1O
46,POZ,62,3.357,S1O
46,POZ,63,5.310,S1O
46,POZ,64,5.798,S1O
46,POZ,65,5.798,S1O
46,POZ,66,6.287,S1O
46,POZ,67,6.775,S1O
46,POZ,68,6.775,S1O
46,POZ,69,6.775,S1O
46,POZ,70,6.287,S1O
46,POZ,71,5.310,S1O
46,POZ,72,5.310,S1O
46,POZ,73,4.822,S1O
46,POZ,74,4.333,S1O
46,POZ,75,2.869,S1O
46,POZ,76,0.916,S1O
46,POZ,77,-0.549,S1O
46,POZ,78,-1.526,S1O
46,POZ,79,-1.038,S1O
46,POZ,80,0.427,S1O
46,POZ,81,1.404,S1O
46,POZ,82,1.404,S1O
46,POZ,83,0.427,S1O
46,POZ,84,-0.549,S1O
46,POZ,85,-0.061,S1O
46,POZ,86,0.916,S1O
46,POZ,87,2.380,S1O
46,POZ,88,3.357,S1O
46,POZ,89,3.845,S1O
46,POZ,90,3.357,S1O
46,POZ,91,2.380,S1O
46,POZ,92,1.404,S1O
46,POZ,93,0.916,S1O
46,POZ,94,0.427,S1O
46,POZ,95,-0.061,S1O
46,POZ,96,-0.549,S1O
46,POZ,97,-0.549,S1O
46,POZ,98,-0.549,S1O
46,POZ,99,-1.038,S1O
46,POZ,100,-2.991,S1O
46,POZ,101,-5.432,S1O
46,POZ,102,-6.897,S1O
46,POZ,103,-6.897,S1O
46,POZ,104,-5.432,S1O
46,POZ,105,-4.456,S1O
46,POZ,106,-5.432,S1O
46,POZ,107,-7.874,S1O
46,POZ,108,-10.803,S1O
46,POZ,109,-12.756,S1O
46,POZ,110,-11.780,S1O
46,POZ,111,-9.827,S1O
46,POZ,112,-7.385,S1O
46,POZ,113,-5.920,S1O
46,POZ,114,-5.920,S1O
46,POZ,115,-4.944,S1O
46,POZ,116,-2.991,S1O
46,POZ,117,-0.061,S1O
46,POZ,118,2.380,S1O
46,POZ,119,3.357,S1O
46,POZ,120,1.892,S1O
46,POZ,121,-0.061,S1O
46,POZ,122,-2.014,S1O
46,POZ,123,-2.991,S1O
46,POZ,124,-2.991,S1O
46,POZ,125,-2.502,S1O
46,POZ,126,-2.014,S1O
46,POZ,127,-2.014,S1O
46,POZ,128,-1.038,S1O
46,POZ,129,-0.061,S1O
46,POZ,130,0.916,S1O
46,POZ,131,1.404,S1O
46,POZ,132,1.404,S1O
46,POZ,133,0.427,S1O
46,POZ,134,0.427,S1O
46,POZ,135,0.427,S1O
46,POZ,136,0.916,S1O
46,POZ,137,0.427,S1O
46,POZ,138,-1.038,S1O
46,POZ,139,-2.502,S1O
46,POZ,140,-3.967,S1O
46,POZ,141,-3.967,S1O
46,POZ,142,-2.991,S1O
46,POZ,143,-1.526,S1O
46,POZ,144,-0.549,S1O
46,POZ,145,-0.061,S1O
46,POZ,146,0.427,S1O
46,POZ,147,0.427,S1O
46,POZ,148,0.427,S1O
46,POZ,149,-0.061,S1O
46,POZ,150,-1.526,S1O
46,POZ,151,-2.014,S1O
46,POZ,152,-2.014,S1O
46,POZ,153,-1.526,S1O
46,POZ,154,-1.038,S1O
46,POZ,155,-2.014,S1O
46,POZ,156,-3.967,S1O
46,POZ,157,-5.920,S1O
46,POZ,158,-6.897,S1O
46,POZ,159,-5.920,S1O
46,POZ,160,-3.967,S1O
46,POZ,161,-2.502,S1O
46,POZ,162,-1.526,S1O
46,POZ,163,-2.014,S1O
46,POZ,164,-2.502,S1O
46,POZ,165,-2.991,S1O
46,POZ,166,-2.502,S1O
46,POZ,167,-0.549,S1O
46,POZ,168,1.404,S1O
46,POZ,169,3.845,S1O
46,POZ,170,6.287,S1O
46,POZ,171,7.263,S1O
46,POZ,172,6.775,S1O
46,POZ,173,5.798,S1O
46,POZ,174,4.333,S1O
46,POZ,175,3.357,S1O
46,POZ,176,3.357,S1O
46,POZ,177,5.310,S1O
46,POZ,178,7.263,S1O
46,POZ,179,8.728,S1O
46,POZ,180,8.728,S1O
46,POZ,181,7.263,S1O
46,POZ,182,4.822,S1O
46,POZ,183,2.869,S1O
46,POZ,184,2.380,S1O
46,POZ,185,3.845,S1O
46,POZ,186,6.287,S1O
46,POZ,187,7.263,S1O
46,POZ,188,7.263,S1O
46,POZ,189,4.333,S1O
46,POZ,190,0.916,S1O
46,POZ,191,-2.502,S1O
46,POZ,192,-4.944,S1O
46,POZ,193,-6.409,S1O
46,POZ,194,-7.385,S1O
46,POZ,195,-8.362,S1O
46,POZ,196,-8.850,S1O
46,POZ,197,-8.362,S1O
46,POZ,198,-6.897,S1O
46,POZ,199,-4.944,S1O
46,POZ,200,-3.479,S1O
46,POZ,201,-2.991,S1O
46,POZ,202,-3.479,S1O
46,POZ,203,-3.479,S1O
46,POZ,204,-3.479,S1O
46,POZ,205,-3.967,S1O
46,POZ,206,-4.456,S1O
46,POZ,207,-5.920,S1O
46,POZ,208,-6.897,S1O
46,POZ,209,-6.897,S1O
46,POZ,210,-5.920,S1O
46,POZ,211,-4.944,S1O
46,POZ,212,-4.456,S1O
46,POZ,213,-4.944,S1O
46,POZ,214,-6.897,S1O
46,POZ,215,-8.362,S1O
46,POZ,216,-9.827,S1O
46,POZ,217,-10.315,S1O
46,POZ,218,-10.315,S1O
46,POZ,219,-10.803,S1O
46,POZ,220,-11.292,S1O
46,POZ,221,-10.803,S1O
46,POZ,222,-10.315,S1O
46,POZ,223,-8.850,S1O
46,POZ,224,-7.874,S1O
46,POZ,225,-8.362,S1O
46,POZ,226,-9.827,S1O
46,POZ,227,-12.268,S1O
46,POZ,228,-13.733,S1O
46,POZ,229,-14.221,S1O
46,POZ,230,-13.245,S1O
46,POZ,231,-11.292,S1O
46,POZ,232,-10.315,S1O
46,POZ,233,-10.315,S1O
46,POZ,234,-11.292,S1O
46,POZ,235,-12.268,S1O
46,POZ,236,-12.268,S1O
46,POZ,237,-11.780,S1O
46,POZ,238,-10.803,S1O
46,POZ,239,-11.292,S1O
46,POZ,240,-12.268,S1O
46,POZ,241,-13.733,S1O
46,POZ,242,-15.198,S1O
46,POZ,243,-16.174,S1O
46,POZ,244,-16.174,S1O
46,POZ,245,-15.686,S1O
46,POZ,246,-14.709,S1O
46,POZ,247,-14.709,S1O
46,POZ,248,-15.198,S1O
46,POZ,249,-16.174,S1O
46,POZ,250,-17.639,S1O
46,POZ,251,-18.127,S1O
46,POZ,252,-16.174,S1O
46,POZ,253,-13.733,S1O
46,POZ,254,-11.780,S1O
46,POZ,255,-11.292,S1O
46,OZ,0,-2.614,S1O
46,OZ,1,-0.661,S1O
46,OZ,2,0.315,S1O
46,OZ,3,0.315,S1O
46,OZ,4,-0.661,S1O
46,OZ,5,-2.614,S1O
46,OZ,6,-4.567,S1O
46,OZ,7,-5.056,S1O
46,OZ,8,-3.591,S1O
46,OZ,9,-0.661,S1O
46,OZ,10,1.780,S1O
46,OZ,11,3.245,S1O
46,OZ,12,3.733,S1O
46,OZ,13,3.733,S1O
46,OZ,14,5.198,S1O
46,OZ,15,7.151,S1O
46,OZ,16,10.081,S1O
46,OZ,17,13.011,S1O
46,OZ,18,13.499,S1O
46,OZ,19,11.546,S1O
46,OZ,20,7.151,S1O
46,OZ,21,1.292,S1O
46,OZ,22,-4.079,S1O
46,OZ,23,-8.474,S1O
46,OZ,24,-11.403,S1O
46,OZ,25,-13.357,S1O
46,OZ,26,-15.798,S1O
46,OZ,27,-18.239,S1O
46,OZ,28,-20.192,S1O
46,OZ,29,-20.192,S1O
46,OZ,30,-17.751,S1O
46,OZ,31,-13.357,S1O
46,OZ,32,-9.450,S1O
46,OZ,33,-7.497,S1O
46,OZ,34,-7.497,S1O
46,OZ,35,-8.474,S1O
46,OZ,36,-8.474,S1O
46,OZ,37,-7.497,S1O
46,OZ,38,-5.056,S1O
46,OZ,39,-1.149,S1O
46,OZ,40,2.268,S1O
46,OZ,41,6.175,S1O
46,OZ,42,8.616,S1O
46,OZ,43,9.104,S1O
46,OZ,44,7.640,S1O
46,OZ,45,4.710,S1O
46,OZ,46,1.780,S1O
46,OZ,47,0.804,S1O
46,OZ,48,1.292,S1O
46,OZ,49,2.268,S1O
46,OZ,50,2.757,S1O
46,OZ,51,1.292,S1O
46,OZ,52,-0.661,S1O
46,OZ,53,-1.638,S1O
46,OZ,54,-1.638,S1O
46,OZ,55,-2.614,S1O
46,OZ,56,-4.567,S1O
46,OZ,57,-7.985,S1O
46,OZ,58,-10.915,S1O
46,OZ,59,-11.403,S1O
46,OZ,60,-8.474,S1O
46,OZ,61,-4.079,S1O
46,OZ,62,-0.661,S1O
46,OZ,63,1.292,S1O
46,OZ,64,1.292,S1O
46,OZ,65,0.315,S1O
46,OZ,66,0.315,S1O
46,OZ,67,1.292,S1O
46,OZ,68,1.780,S1O
46,OZ,69,2.268,S1O
46,OZ,70,2.268,S1O
46,OZ,71,2.757,S1O
46,OZ,72,2.757,S1O
46,OZ,73,2.268,S1O
46,OZ,74,0.804,S1O
46,OZ,75,-2.126,S1O
46,OZ,76,-5.544,S1O
46,OZ,77,-7.985,S1O
46,OZ,78,-7.985,S1O
46,OZ,79,-6.521,S1O
46,OZ,80,-4.079,S1O
46,OZ,81,-2.614,S1O
46,OZ,82,-2.126,S1O
46,OZ,83,-2.614,S1O
46,OZ,84,-2.614,S1O
46,OZ,85,-1.149,S1O
46,OZ,86,1.292,S1O
46,OZ,87,3.245,S1O
46,OZ,88,4.222,S1O
46,OZ,89,3.245,S1O
46,OZ,90,1.780,S1O
46,OZ,91,0.804,S1O
46,OZ,92,-0.173,S1O
46,OZ,93,-0.173,S1O
46,OZ,94,-0.661,S1O
46,OZ,95,-1.638,S1O
46,OZ,96,-2.614,S1O
46,OZ,97,-2.614,S1O
46,OZ,98,-2.614,S1O
46,OZ,99,-3.103,S1O
46,OZ,100,-5.544,S1O
46,OZ,101,-7.985,S1O
46,OZ,102,-9.939,S1O
46,OZ,103,-9.450,S1O
46,OZ,104,-6.521,S1O
46,OZ,105,-5.056,S1O
46,OZ,106,-5.544,S1O
46,OZ,107,-8.962,S1O
46,OZ,108,-12.868,S1O
46,OZ,109,-14.821,S1O
46,OZ,110,-13.357,S1O
46,OZ,111,-9.939,S1O
46,OZ,112,-7.497,S1O
46,OZ,113,-7.009,S1O
46,OZ,114,-7.985,S1O
46,OZ,115,-7.497,S1O
46,OZ,116,-4.567,S1O
46,OZ,117,-0.173,S1O
46,OZ,118,3.245,S1O
46,OZ,119,3.733,S1O
46,OZ,120,1.292,S1O
46,OZ,121,-1.638,S1O
46,OZ,122,-3.591,S1O
46,OZ,123,-4.567,S1O
46,OZ,124,-5.056,S1O
46,OZ,125,-5.056,S1O
46,OZ,126,-5.544,S1O
46,OZ,127,-5.056,S1O
46,OZ,128,-4.079,S1O
46,OZ,129,-2.126,S1O
46,OZ,130,-0.173,S1O
46,OZ,131,0.804,S1O
46,OZ,132,0.804,S1O
46,OZ,133,0.804,S1O
46,OZ,134,1.292,S1O
46,OZ,135,1.292,S1O
46,OZ,136,1.292,S1O
46,OZ,137,-0.173,S1O
46,OZ,138,-2.126,S1O
46,OZ,139,-4.567,S1O
46,OZ,140,-5.544,S1O
46,OZ,141,-5.056,S1O
46,OZ,142,-4.567,S1O
46,OZ,143,-3.591,S1O
46,OZ,144,-3.103,S1O
46,OZ,145,-1.638,S1O
46,OZ,146,-0.173,S1O
46,OZ,147,1.292,S1O
46,OZ,148,1.780,S1O
46,OZ,149,0.804,S1O
46,OZ,150,-1.638,S1O
46,OZ,151,-2.614,S1O
46,OZ,152,-2.126,S1O
46,OZ,153,-0.661,S1O
46,OZ,154,-0.173,S1O
46,OZ,155,-1.149,S1O
46,OZ,156,-3.591,S1O
46,OZ,157,-6.521,S1O
46,OZ,158,-7.497,S1O
46,OZ,159,-6.032,S1O
46,OZ,160,-3.591,S1O
46,OZ,161,-1.149,S1O
46,OZ,162,-0.173,S1O
46,OZ,163,-0.661,S1O
46,OZ,164,-2.126,S1O
46,OZ,165,-2.614,S1O
46,OZ,166,-2.614,S1O
46,OZ,167,-0.661,S1O
46,OZ,168,1.780,S1O
46,OZ,169,4.710,S1O
46,OZ,170,7.640,S1O
46,OZ,171,9.104,S1O
46,OZ,172,9.104,S1O
46,OZ,173,7.640,S1O
46,OZ,174,5.198,S1O
46,OZ,175,4.222,S1O
46,OZ,176,4.710,S1O
46,OZ,177,6.663,S1O
46,OZ,178,8.616,S1O
46,OZ,179,9.593,S1O
46,OZ,180,9.104,S1O
46,OZ,181,7.151,S1O
46,OZ,182,4.710,S1O
46,OZ,183,3.245,S1O
46,OZ,184,3.733,S1O
46,OZ,185,5.686,S1O
46,OZ,186,8.128,S1O
46,OZ,187,9.593,S1O
46,OZ,188,9.104,S1O
46,OZ,189,6.175,S1O
46,OZ,190,2.268,S1O
46,OZ,191,-1.149,S1O
46,OZ,192,-3.103,S1O
46,OZ,193,-4.079,S1O
46,OZ,194,-5.544,S1O
46,OZ,195,-6.521,S1O
46,OZ,196,-7.009,S1O
46,OZ,197,-6.521,S1O
46,OZ,198,-4.567,S1O
46,OZ,199,-2.614,S1O
46,OZ,200,-2.126,S1O
46,OZ,201,-2.614,S1O
46,OZ,202,-3.591,S1O
46,OZ,203,-4.079,S1O
46,OZ,204,-3.591,S1O
46,OZ,205,-3.103,S1O
46,OZ,206,-3.591,S1O
46,OZ,207,-4.567,S1O
46,OZ,208,-5.544,S1O
46,OZ,209,-5.544,S1O
46,OZ,210,-4.567,S1O
46,OZ,211,-3.103,S1O
46,OZ,212,-2.614,S1O
46,OZ,213,-3.103,S1O
46,OZ,214,-5.056,S1O
46,OZ,215,-7.009,S1O
46,OZ,216,-8.474,S1O
46,OZ,217,-9.939,S1O
46,OZ,218,-10.427,S1O
46,OZ,219,-10.427,S1O
46,OZ,220,-10.427,S1O
46,OZ,221,-9.939,S1O
46,OZ,222,-9.450,S1O
46,OZ,223,-9.450,S1O
46,OZ,224,-9.450,S1O
46,OZ,225,-10.427,S1O
46,OZ,226,-12.868,S1O
46,OZ,227,-15.798,S1O
46,OZ,228,-18.239,S1O
46,OZ,229,-19.216,S1O
46,OZ,230,-17.751,S1O
46,OZ,231,-15.798,S1O
46,OZ,232,-13.357,S1O
46,OZ,233,-12.868,S1O
46,OZ,234,-13.845,S1O
46,OZ,235,-14.821,S1O
46,OZ,236,-15.310,S1O
46,OZ,237,-14.333,S1O
46,OZ,238,-13.845,S1O
46,OZ,239,-13.357,S1O
46,OZ,240,-13.845,S1O
46,OZ,241,-15.310,S1O
46,OZ,242,-16.286,S1O
46,OZ,243,-17.263,S1O
46,OZ,244,-17.751,S1O
46,OZ,245,-17.751,S1O
46,OZ,246,-17.751,S1O
46,OZ,247,-17.751,S1O
46,OZ,248,-19.216,S1O
46,OZ,249,-21.169,S1O
46,OZ,250,-23.122,S1O
46,OZ,251,-25.075,S1O
46,OZ,252,-24.099,S1O
46,OZ,253,-21.169,S1O
46,OZ,254,-17.751,S1O
46,OZ,255,-16.286,S1O
46,P2,0,1.068,S1O
46,P2,1,2.533,S1O
46,P2,2,3.510,S1O
46,P2,3,3.510,S1O
46,P2,4,2.533,S1O
46,P2,5,1.556,S1O
46,P2,6,1.068,S1O
46,P2,7,1.068,S1O
46,P2,8,1.068,S1O
46,P2,9,1.556,S1O
46,P2,10,1.068,S1O
46,P2,11,0.092,S1O
46,P2,12,-1.373,S1O
46,P2,13,-2.838,S1O
46,P2,14,-4.303,S1O
46,P2,15,-4.303,S1O
46,P2,16,-2.838,S1O
46,P2,17,-0.397,S1O
46,P2,18,0.580,S1O
46,P2,19,0.580,S1O
46,P2,20,-1.373,S1O
46,P2,21,-2.838,S1O
46,P2,22,-4.303,S1O
46,P2,23,-4.791,S1O
46,P2,24,-4.303,S1O
46,P2,25,-4.791,S1O
46,P2,26,-4.791,S1O
46,P2,27,-5.768,S1O
46,P2,28,-6.744,S1O
46,P2,29,-6.744,S1O
46,P2,30,-6.256,S1O
46,P2,31,-4.791,S1O
46,P2,32,-3.326,S1O
46,P2,33,-1.862,S1O
46,P2,34,-1.862,S1O
46,P2,35,-1.862,S1O
46,P2,36,-2.350,S1O
46,P2,37,-1.862,S1O
46,P2,38,-0.885,S1O
46,P2,39,1.556,S1O
46,P2,40,4.974,S1O
46,P2,41,6.927,S1O
46,P2,42,7.904,S1O
46,P2,43,6.927,S1O
46,P2,44,4.974,S1O
46,P2,45,3.021,S1O
46,P2,46,2.045,S1O
46,P2,47,2.045,S1O
46,P2,48,3.021,S1O
46,P2,49,3.998,S1O
46,P2,50,3.998,S1O
46,P2,51,3.510,S1O
46,P2,52,2.533,S1O
46,P2,53,2.045,S1O
46,P2,54,1.556,S1O
46,P2,55,0.580,S1O
46,P2,56,-1.373,S1O
46,P2,57,-3.326,S1O
46,P2,58,-4.303,S1O
46,P2,59,-4.303,S1O
46,P2,60,-2.350,S1O
46,P2,61,-0.397,S1O
46,P2,62,2.045,S1O
46,P2,63,3.998,S1O
46,P2,64,4.974,S1O
46,P2,65,5.463,S1O
46,P2,66,6.439,S1O
46,P2,67,6.439,S1O
46,P2,68,5.951,S1O
46,P2,69,5.951,S1O
46,P2,70,5.463,S1O
46,P2,71,4.974,S1O
46,P2,72,4.486,S1O
46,P2,73,3.510,S1O
46,P2,74,3.021,S1O
46,P2,75,2.045,S1O
46,P2,76,2.045,S1O
46,P2,77,2.045,S1O
46,P2,78,2.533,S1O
46,P2,79,3.021,S1O
46,P2,80,2.533,S1O
46,P2,81,2.045,S1O
46,P2,82,1.556,S1O
46,P2,83,0.092,S1O
46,P2,84,-0.885,S1O
46,P2,85,-1.373,S1O
46,P2,86,-1.862,S1O
46,P2,87,-0.885,S1O
46,P2,88,0.092,S1O
46,P2,89,0.580,S1O
46,P2,90,1.068,S1O
46,P2,91,1.068,S1O
46,P2,92,0.092,S1O
46,P2,93,-0.397,S1O
46,P2,94,-0.397,S1O
46,P2,95,-0.885,S1O
46,P2,96,-0.885,S1O
46,P2,97,-0.397,S1O
46,P2,98,-0.397,S1O
46,P2,99,-0.397,S1O
46,P2,100,-1.373,S1O
46,P2,101,-2.350,S1O
46,P2,102,-3.326,S1O
46,P2,103,-3.326,S1O
46,P2,104,-3.326,S1O
46,P2,105,-3.815,S1O
46,P2,106,-4.303,S1O
46,P2,107,-5.768,S1O
46,P2,108,-7.721,S1O
46,P2,109,-9.186,S1O
46,P2,110,-9.674,S1O
46,P2,111,-8.209,S1O
46,P2,112,-6.744,S1O
46,P2,113,-5.280,S1O
46,P2,114,-3.326,S1O
46,P2,115,-2.350,S1O
46,P2,116,-0.885,S1O
46,P2,117,0.580,S1O
46,P2,118,1.556,S1O
46,P2,119,1.556,S1O
46,P2,120,1.068,S1O
46,P2,121,0.092,S1O
46,P2,122,-0.885,S1O
46,P2,123,-1.373,S1O
46,P2,124,-1.862,S1O
46,P2,125,-2.350,S1O
46,P2,126,-2.350,S1O
46,P2,127,-1.862,S1O
46,P2,128,-1.373,S1O
46,P2,129,-0.397,S1O
46,P2,130,-0.397,S1O
46,P2,131,-0.397,S1O
46,P2,132,0.092,S1O
46,P2,133,0.092,S1O
46,P2,134,0.580,S1O
46,P2,135,1.068,S1O
46,P2,136,0.580,S1O
46,P2,137,-0.397,S1O
46,P2,138,-1.373,S1O
46,P2,139,-2.350,S1O
46,P2,140,-2.350,S1O
46,P2,141,-1.862,S1O
46,P2,142,-0.885,S1O
46,P2,143,-0.397,S1O
46,P2,144,0.092,S1O
46,P2,145,-0.397,S1O
46,P2,146,-1.373,S1O
46,P2,147,-2.350,S1O
46,P2,148,-3.326,S1O
46,P2,149,-3.326,S1O
46,P2,150,-3.326,S1O
46,P2,151,-2.838,S1O
46,P2,152,-2.350,S1O
46,P2,153,-2.350,S1O
46,P2,154,-2.838,S1O
46,P2,155,-3.326,S1O
46,P2,156,-4.303,S1O
46,P2,157,-5.280,S1O
46,P2,158,-4.791,S1O
46,P2,159,-4.303,S1O
46,P2,160,-3.326,S1O
46,P2,161,-2.350,S1O
46,P2,162,-2.350,S1O
46,P2,163,-2.350,S1O
46,P2,164,-2.838,S1O
46,P2,165,-2.838,S1O
46,P2,166,-2.350,S1O
46,P2,167,-1.373,S1O
46,P2,168,0.092,S1O
46,P2,169,1.068,S1O
46,P2,170,2.045,S1O
46,P2,171,2.533,S1O
46,P2,172,2.045,S1O
46,P2,173,2.045,S1O
46,P2,174,1.556,S1O
46,P2,175,0.580,S1O
46,P2,176,1.068,S1O
46,P2,177,1.068,S1O
46,P2,178,2.533,S1O
46,P2,179,3.510,S1O
46,P2,180,3.998,S1O
46,P2,181,3.510,S1O
46,P2,182,2.533,S1O
46,P2,183,1.556,S1O
46,P2,184,2.045,S1O
46,P2,185,3.021,S1O
46,P2,186,4.486,S1O
46,P2,187,4.974,S1O
46,P2,188,3.998,S1O
46,P2,189,1.556,S1O
46,P2,190,-1.373,S1O
46,P2,191,-3.326,S1O
46,P2,192,-4.791,S1O
46,P2,193,-5.768,S1O
46,P2,194,-6.256,S1O
46,P2,195,-7.233,S1O
46,P2,196,-8.209,S1O
46,P2,197,-8.209,S1O
46,P2,198,-7.233,S1O
46,P2,199,-5.768,S1O
46,P2,200,-4.303,S1O
46,P2,201,-3.815,S1O
46,P2,202,-4.303,S1O
46,P2,203,-5.280,S1O
46,P2,204,-5.768,S1O
46,P2,205,-6.256,S1O
46,P2,206,-6.256,S1O
46,P2,207,-6.256,S1O
46,P2,208,-6.256,S1O
46,P2,209,-5.280,S1O
46,P2,210,-4.791,S1O
46,P2,211,-4.303,S1O
46,P2,212,-4.791,S1O
46,P2,213,-5.768,S1O
46,P2,214,-7.233,S1O
46,P2,215,-8.209,S1O
46,P2,216,-8.698,S1O
46,P2,217,-9.186,S1O
46,P2,218,-9.674,S1O
46,P2,219,-10.162,S1O
46,P2,220,-10.162,S1O
46,P2,221,-10.162,S1O
46,P2,222,-9.186,S1O
46,P2,223,-8.698,S1O
46,P2,224,-7.721,S1O
46,P2,225,-8.209,S1O
46,P2,226,-9.186,S1O
46,P2,227,-10.162,S1O
46,P2,228,-11.139,S1O
46,P2,229,-11.139,S1O
46,P2,230,-10.162,S1O
46,P2,231,-9.186,S1O
46,P2,232,-8.698,S1O
46,P2,233,-9.186,S1O
46,P2,234,-10.651,S1O
46,P2,235,-11.139,S1O
46,P2,236,-11.139,S1O
46,P2,237,-10.651,S1O
46,P2,238,-10.651,S1O
46,P2,239,-10.651,S1O
46,P2,240,-11.627,S1O
46,P2,241,-13.092,S1O
46,P2,242,-14.557,S1O
46,P2,243,-15.045,S1O
46,P2,244,-14.557,S1O
46,P2,245,-13.580,S1O
46,P2,246,-12.604,S1O
46,P2,247,-12.115,S1O
46,P2,248,-12.604,S1O
46,P2,249,-13.092,S1O
46,P2,250,-13.580,S1O
46,P2,251,-13.580,S1O
46,P2,252,-12.604,S1O
46,P2,253,-11.139,S1O
46,P2,254,-10.651,S1O
46,P2,255,-10.162,S1O
46,P1,0,-1.058,S1O
46,P1,1,-0.081,S1O
46,P1,2,0.895,S1O
46,P1,3,1.383,S1O
46,P1,4,1.383,S1O
46,P1,5,0.895,S1O
46,P1,6,0.407,S1O
46,P1,7,-0.081,S1O
46,P1,8,0.407,S1O
46,P1,9,1.383,S1O
46,P1,10,1.872,S1O
46,P1,11,0.895,S1O
46,P1,12,-1.546,S1O
46,P1,13,-3.499,S1O
46,P1,14,-3.988,S1O
46,P1,15,-2.035,S1O
46,P1,16,1.872,S1O
46,P1,17,5.290,S1O
46,P1,18,6.266,S1O
46,P1,19,4.313,S1O
46,P1,20,0.407,S1O
46,P1,21,-3.988,S1O
46,P1,22,-7.406,S1O
46,P1,23,-8.870,S1O
46,P1,24,-8.870,S1O
46,P1,25,-8.870,S1O
46,P1,26,-9.359,S1O
46,P1,27,-10.824,S1O
46,P1,28,-11.800,S1O
46,P1,29,-10.824,S1O
46,P1,30,-8.870,S1O
46,P1,31,-5.452,S1O
46,P1,32,-2.523,S1O
46,P1,33,-1.058,S1O
46,P1,34,-1.058,S1O
46,P1,35,-2.523,S1O
46,P1,36,-4.476,S1O
46,P1,37,-5.452,S1O
46,P1,38,-4.964,S1O
46,P1,39,-3.011,S1O
46,P1,40,-0.570,S1O
46,P1,41,2.360,S1O
46,P1,42,5.290,S1O
46,P1,43,6.266,S1O
46,P1,44,5.290,S1O
46,P1,45,3.825,S1O
46,P1,46,2.848,S1O
46,P1,47,3.825,S1O
46,P1,48,5.290,S1O
46,P1,49,7.243,S1O
46,P1,50,7.243,S1O
46,P1,51,6.266,S1O
46,P1,52,5.290,S1O
46,P1,53,5.290,S1O
46,P1,54,6.266,S1O
46,P1,55,6.266,S1O
46,P1,56,4.313,S1O
46,P1,57,0.895,S1O
46,P1,58,-3.011,S1O
46,P1,59,-4.476,S1O
46,P1,60,-3.499,S1O
46,P1,61,-1.546,S1O
46,P1,62,0.407,S1O
46,P1,63,0.895,S1O
46,P1,64,0.895,S1O
46,P1,65,0.895,S1O
46,P1,66,1.383,S1O
46,P1,67,1.872,S1O
46,P1,68,2.360,S1O
46,P1,69,1.383,S1O
46,P1,70,0.895,S1O
46,P1,71,0.407,S1O
46,P1,72,0.895,S1O
46,P1,73,2.360,S1O
46,P1,74,2.848,S1O
46,P1,75,2.360,S1O
46,P1,76,0.407,S1O
46,P1,77,-2.035,S1O
46,P1,78,-3.011,S1O
46,P1,79,-2.523,S1O
46,P1,80,-1.546,S1O
46,P1,81,-0.570,S1O
46,P1,82,-0.081,S1O
46,P1,83,-1.058,S1O
46,P1,84,-1.546,S1O
46,P1,85,-2.035,S1O
46,P1,86,-1.546,S1O
46,P1,87,-0.081,S1O
46,P1,88,1.383,S1O
46,P1,89,2.360,S1O
46,P1,90,2.848,S1O
46,P1,91,2.848,S1O
46,P1,92,2.360,S1O
46,P1,93,1.383,S1O
46,P1,94,0.407,S1O
46,P1,95,-0.570,S1O
46,P1,96,-1.058,S1O
46,P1,97,-0.570,S1O
46,P1,98,-0.570,S1O
46,P1,99,-1.058,S1O
46,P1,100,-2.523,S1O
46,P1,101,-4.964,S1O
46,P1,102,-6.429,S1O
46,P1,103,-5.941,S1O
46,P1,104,-4.476,S1O
46,P1,105,-3.499,S1O
46,P1,106,-4.476,S1O
46,P1,107,-6.917,S1O
46,P1,108,-9.359,S1O
46,P1,109,-10.335,S1O
46,P1,110,-9.359,S1O
46,P1,111,-6.917,S1O
46,P1,112,-4.476,S1O
46,P1,113,-3.988,S1O
46,P1,114,-3.988,S1O
46,P1,115,-3.988,S1O
46,P1,116,-2.523,S1O
46,P1,117,-0.081,S1O
46,P1,118,2.848,S1O
46,P1,119,3.825,S1O
46,P1,120,2.360,S1O
46,P1,121,0.407,S1O
46,P1,122,-2.035,S1O
46,P1,123,-3.011,S1O
46,P1,124,-2.523,S1O
46,P1,125,-2.035,S1O
46,P1,126,-1.546,S1O
46,P1,127,-1.546,S1O
46,P1,128,-1.546,S1O
46,P1,129,-0.570,S1O
46,P1,130,0.407,S1O
46,P1,131,-0.081,S1O
46,P1,132,-2.035,S1O
46,P1,133,-4.476,S1O
46,P1,134,-5.452,S1O
46,P1,135,-4.964,S1O
46,P1,136,-3.499,S1O
46,P1,137,-2.523,S1O
46,P1,138,-3.499,S1O
46,P1,139,-5.452,S1O
46,P1,140,-6.917,S1O
46,P1,141,-6.917,S1O
46,P1,142,-5.452,S1O
46,P1,143,-3.499,S1O
46,P1,144,-2.035,S1O
46,P1,145,-1.058,S1O
46,P1,146,-0.570,S1O
46,P1,147,0.407,S1O
46,P1,148,0.407,S1O
46,P1,149,-0.081,S1O
46,P1,150,-1.546,S1O
46,P1,151,-2.523,S1O
46,P1,152,-3.011,S1O
46,P1,153,-2.523,S1O
46,P1,154,-2.523,S1O
46,P1,155,-2.523,S1O
46,P1,156,-4.476,S1O
46,P1,157,-5.941,S1O
46,P1,158,-6.429,S1O
46,P1,159,-5.941,S1O
46,P1,160,-4.476,S1O
46,P1,161,-3.011,S1O
46,P1,162,-2.523,S1O
46,P1,163,-2.523,S1O
46,P1,164,-3.011,S1O
46,P1,165,-3.499,S1O
46,P1,166,-3.011,S1O
46,P1,167,-1.546,S1O
46,P1,168,0.407,S1O
46,P1,169,2.848,S1O
46,P1,170,4.801,S1O
46,P1,171,6.266,S1O
46,P1,172,6.266,S1O
46,P1,173,5.290,S1O
46,P1,174,3.825,S1O
46,P1,175,2.848,S1O
46,P1,176,2.848,S1O
46,P1,177,4.313,S1O
46,P1,178,5.778,S1O
46,P1,179,6.755,S1O
46,P1,180,6.755,S1O
46,P1,181,5.290,S1O
46,P1,182,2.848,S1O
46,P1,183,0.895,S1O
46,P1,184,-0.570,S1O
46,P1,185,-0.081,S1O
46,P1,186,1.872,S1O
46,P1,187,3.825,S1O
46,P1,188,4.801,S1O
46,P1,189,3.825,S1O
46,P1,190,1.383,S1O
46,P1,191,-1.546,S1O
46,P1,192,-3.988,S1O
46,P1,193,-5.452,S1O
46,P1,194,-6.429,S1O
46,P1,195,-6.917,S1O
46,P1,196,-6.917,S1O
46,P1,197,-6.429,S1O
46,P1,198,-5.452,S1O
46,P1,199,-3.988,S1O
46,P1,200,-2.523,S1O
46,P1,201,-1.546,S1O
46,P1,202,-1.546,S1O
46,P1,203,-1.546,S1O
46,P1,204,-1.058,S1O
46,P1,205,-1.546,S1O
46,P1,206,-2.523,S1O
46,P1,207,-4.476,S1O
46,P1,208,-5.452,S1O
46,P1,209,-5.941,S1O
46,P1,210,-4.964,S1O
46,P1,211,-3.499,S1O
46,P1,212,-2.523,S1O
46,P1,213,-3.011,S1O
46,P1,214,-4.476,S1O
46,P1,215,-6.429,S1O
46,P1,216,-7.894,S1O
46,P1,217,-8.382,S1O
46,P1,218,-7.894,S1O
46,P1,219,-7.406,S1O
46,P1,220,-7.406,S1O
46,P1,221,-6.917,S1O
46,P1,222,-6.429,S1O
46,P1,223,-5.452,S1O
46,P1,224,-5.452,S1O
46,P1,225,-5.452,S1O
46,P1,226,-7.406,S1O
46,P1,227,-9.847,S1O
46,P1,228,-11.312,S1O
46,P1,229,-11.800,S1O
46,P1,230,-10.335,S1O
46,P1,231,-7.894,S1O
46,P1,232,-6.917,S1O
46,P1,233,-6.917,S1O
46,P1,234,-8.870,S1O
46,P1,235,-10.335,S1O
46,P1,236,-10.335,S1O
46,P1,237,-9.359,S1O
46,P1,238,-8.382,S1O
46,P1,239,-8.382,S1O
46,P1,240,-9.359,S1O
46,P1,241,-10.335,S1O
46,P1,242,-11.312,S1O
46,P1,243,-11.800,S1O
46,P1,244,-11.800,S1O
46,P1,245,-11.800,S1O
46,P1,246,-10.824,S1O
46,P1,247,-10.335,S1O
46,P1,248,-9.847,S1O
46,P1,249,-10.824,S1O
46,P1,250,-11.312,S1O
46,P1,251,-11.800,S1O
46,P1,252,-9.847,S1O
46,P1,253,-6.917,S1O
46,P1,254,-3.988,S1O
46,P1,255,-3.011,S1O
46,CPZ,0,0.112,S1O
46,CPZ,1,0.600,S1O
46,CPZ,2,1.088,S1O
46,CPZ,3,1.088,S1O
46,CPZ,4,1.577,S1O
46,CPZ,5,1.088,S1O
46,CPZ,6,1.088,S1O
46,CPZ,7,0.600,S1O
46,CPZ,8,0.112,S1O
46,CPZ,9,0.112,S1O
46,CPZ,10,0.112,S1O
46,CPZ,11,-0.376,S1O
46,CPZ,12,-1.841,S1O
46,CPZ,13,-2.818,S1O
46,CPZ,14,-3.306,S1O
46,CPZ,15,-3.306,S1O
46,CPZ,16,-2.330,S1O
46,CPZ,17,-1.353,S1O
46,CPZ,18,-0.376,S1O
46,CPZ,19,-0.376,S1O
46,CPZ,20,-0.865,S1O
46,CPZ,21,-1.353,S1O
46,CPZ,22,-1.841,S1O
46,CPZ,23,-1.353,S1O
46,CPZ,24,-0.865,S1O
46,CPZ,25,-0.376,S1O
46,CPZ,26,-0.376,S1O
46,CPZ,27,-0.865,S1O
46,CPZ,28,-0.865,S1O
46,CPZ,29,-1.353,S1O
46,CPZ,30,-0.865,S1O
46,CPZ,31,-0.376,S1O
46,CPZ,32,-0.376,S1O
46,CPZ,33,-0.376,S1O
46,CPZ,34,-0.376,S1O
46,CPZ,35,-0.865,S1O
46,CPZ,36,-1.353,S1O
46,CPZ,37,-0.865,S1O
46,CPZ,38,0.112,S1O
46,CPZ,39,1.088,S1O
46,CPZ,40,2.553,S1O
46,CPZ,41,4.018,S1O
46,CPZ,42,4.995,S1O
46,CPZ,43,5.483,S1O
46,CPZ,44,4.995,S1O
46,CPZ,45,4.018,S1O
46,CPZ,46,3.530,S1O
46,CPZ,47,3.042,S1O
46,CPZ,48,3.530,S1O
46,CPZ,49,4.506,S1O
46,CPZ,50,4.506,S1O
46,CPZ,51,4.506,S1O
46,CPZ,52,3.530,S1O
46,CPZ,53,3.042,S1O
46,CPZ,54,2.553,S1O
46,CPZ,55,2.553,S1O
46,CPZ,56,1.577,S1O
46,CPZ,57,0.600,S1O
46,CPZ,58,-0.865,S1O
46,CPZ,59,-1.353,S1O
46,CPZ,60,-0.865,S1O
46,CPZ,61,0.112,S1O
46,CPZ,62,1.088,S1O
46,CPZ,63,2.065,S1O
46,CPZ,64,2.065,S1O
46,CPZ,65,2.553,S1O
46,CPZ,66,2.553,S1O
46,CPZ,67,3.042,S1O
46,CPZ,68,3.042,S1O
46,CPZ,69,3.042,S1O
46,CPZ,70,3.042,S1O
46,CPZ,71,2.553,S1O
46,CPZ,72,2.065,S1O
46,CPZ,73,2.553,S1O
46,CPZ,74,2.553,S1O
46,CPZ,75,2.065,S1O
46,CPZ,76,1.577,S1O
46,CPZ,77,1.088,S1O
46,CPZ,78,1.088,S1O
46,CPZ,79,1.088,S1O
46,CPZ,80,1.088,S1O
46,CPZ,81,1.577,S1O
46,CPZ,82,1.088,S1O
46,CPZ,83,0.600,S1O
46,CPZ,84,0.600,S1O
46,CPZ,85,0.112,S1O
46,CPZ,86,0.600,S1O
46,CPZ,87,0.600,S1O
46,CPZ,88,0.600,S1O
46,CPZ,89,0.600,S1O
46,CPZ,90,0.600,S1O
46,CPZ,91,0.600,S1O
46,CPZ,92,0.600,S1O
46,CPZ,93,0.112,S1O
46,CPZ,94,0.600,S1O
46,CPZ,95,0.600,S1O
46,CPZ,96,0.112,S1O
46,CPZ,97,0.112,S1O
46,CPZ,98,-0.376,S1O
46,CPZ,99,-0.865,S1O
46,CPZ,100,-1.353,S1O
46,CPZ,101,-1.353,S1O
46,CPZ,102,-1.353,S1O
46,CPZ,103,-1.353,S1O
46,CPZ,104,-1.353,S1O
46,CPZ,105,-1.353,S1O
46,CPZ,106,-1.841,S1O
46,CPZ,107,-2.330,S1O
46,CPZ,108,-2.818,S1O
46,CPZ,109,-3.306,S1O
46,CPZ,110,-3.306,S1O
46,CPZ,111,-2.330,S1O
46,CPZ,112,-1.353,S1O
46,CPZ,113,-0.865,S1O
46,CPZ,114,-0.376,S1O
46,CPZ,115,0.112,S1O
46,CPZ,116,0.600,S1O
46,CPZ,117,1.577,S1O
46,CPZ,118,2.065,S1O
46,CPZ,119,2.553,S1O
46,CPZ,120,2.065,S1O
46,CPZ,121,1.577,S1O
46,CPZ,122,0.600,S1O
46,CPZ,123,-0.376,S1O
46,CPZ,124,-0.376,S1O
46,CPZ,125,-0.376,S1O
46,CPZ,126,-0.376,S1O
46,CPZ,127,0.112,S1O
46,CPZ,128,0.112,S1O
46,CPZ,129,0.112,S1O
46,CPZ,130,0.112,S1O
46,CPZ,131,0.112,S1O
46,CPZ,132,0.112,S1O
46,CPZ,133,0.112,S1O
46,CPZ,134,0.112,S1O
46,CPZ,135,0.112,S1O
46,CPZ,136,0.112,S1O
46,CPZ,137,-0.376,S1O
46,CPZ,138,-0.865,S1O
46,CPZ,139,-0.865,S1O
46,CPZ,140,-1.353,S1O
46,CPZ,141,-0.865,S1O
46,CPZ,142,-0.376,S1O
46,CPZ,143,-0.376,S1O
46,CPZ,144,-0.865,S1O
46,CPZ,145,-1.353,S1O
46,CPZ,146,-1.353,S1O
46,CPZ,147,-1.353,S1O
46,CPZ,148,-0.865,S1O
46,CPZ,149,-0.865,S1O
46,CPZ,150,-0.865,S1O
46,CPZ,151,-0.865,S1O
46,CPZ,152,-0.865,S1O
46,CPZ,153,-0.376,S1O
46,CPZ,154,-0.376,S1O
46,CPZ,155,-0.376,S1O
46,CPZ,156,-0.865,S1O
46,CPZ,157,-0.865,S1O
46,CPZ,158,-1.353,S1O
46,CPZ,159,-0.865,S1O
46,CPZ,160,-0.865,S1O
46,CPZ,161,-0.376,S1O
46,CPZ,162,-0.376,S1O
46,CPZ,163,-0.376,S1O
46,CPZ,164,-0.865,S1O
46,CPZ,165,-1.353,S1O
46,CPZ,166,-1.353,S1O
46,CPZ,167,-1.353,S1O
46,CPZ,168,-0.376,S1O
46,CPZ,169,0.112,S1O
46,CPZ,170,1.088,S1O
46,CPZ,171,1.577,S1O
46,CPZ,172,1.577,S1O
46,CPZ,173,1.088,S1O
46,CPZ,174,0.600,S1O
46,CPZ,175,-0.376,S1O
46,CPZ,176,-0.376,S1O
46,CPZ,177,0.112,S1O
46,CPZ,178,0.600,S1O
46,CPZ,179,1.088,S1O
46,CPZ,180,1.088,S1O
46,CPZ,181,1.088,S1O
46,CPZ,182,0.112,S1O
46,CPZ,183,-0.376,S1O
46,CPZ,184,-0.376,S1O
46,CPZ,185,-0.376,S1O
46,CPZ,186,0.600,S1O
46,CPZ,187,1.577,S1O
46,CPZ,188,1.577,S1O
46,CPZ,189,1.088,S1O
46,CPZ,190,-0.376,S1O
46,CPZ,191,-1.353,S1O
46,CPZ,192,-2.330,S1O
46,CPZ,193,-2.818,S1O
46,CPZ,194,-3.306,S1O
46,CPZ,195,-3.794,S1O
46,CPZ,196,-4.283,S1O
46,CPZ,197,-4.283,S1O
46,CPZ,198,-3.794,S1O
46,CPZ,199,-3.306,S1O
46,CPZ,200,-2.330,S1O
46,CPZ,201,-1.841,S1O
46,CPZ,202,-1.841,S1O
46,CPZ,203,-2.330,S1O
46,CPZ,204,-2.330,S1O
46,CPZ,205,-1.841,S1O
46,CPZ,206,-2.330,S1O
46,CPZ,207,-2.330,S1O
46,CPZ,208,-2.818,S1O
46,CPZ,209,-2.818,S1O
46,CPZ,210,-2.330,S1O
46,CPZ,211,-1.841,S1O
46,CPZ,212,-1.353,S1O
46,CPZ,213,-1.353,S1O
46,CPZ,214,-2.330,S1O
46,CPZ,215,-3.306,S1O
46,CPZ,216,-3.306,S1O
46,CPZ,217,-3.306,S1O
46,CPZ,218,-2.818,S1O
46,CPZ,219,-2.330,S1O
46,CPZ,220,-2.818,S1O
46,CPZ,221,-2.818,S1O
46,CPZ,222,-2.818,S1O
46,CPZ,223,-2.330,S1O
46,CPZ,224,-2.330,S1O
46,CPZ,225,-1.841,S1O
46,CPZ,226,-2.330,S1O
46,CPZ,227,-3.306,S1O
46,CPZ,228,-3.794,S1O
46,CPZ,229,-3.794,S1O
46,CPZ,230,-3.306,S1O
46,CPZ,231,-2.818,S1O
46,CPZ,232,-2.818,S1O
46,CPZ,233,-3.306,S1O
46,CPZ,234,-3.794,S1O
46,CPZ,235,-4.283,S1O
46,CPZ,236,-4.283,S1O
46,CPZ,237,-4.283,S1O
46,CPZ,238,-3.794,S1O
46,CPZ,239,-4.283,S1O
46,CPZ,240,-4.283,S1O
46,CPZ,241,-5.259,S1O
46,CPZ,242,-5.747,S1O
46,CPZ,243,-5.747,S1O
46,CPZ,244,-5.747,S1O
46,CPZ,245,-5.259,S1O
46,CPZ,246,-4.771,S1O
46,CPZ,247,-3.794,S1O
46,CPZ,248,-3.306,S1O
46,CPZ,249,-3.306,S1O
46,CPZ,250,-3.794,S1O
46,CPZ,251,-4.283,S1O
46,CPZ,252,-3.794,S1O
46,CPZ,253,-3.306,S1O
46,CPZ,254,-2.818,S1O
46,CPZ,255,-2.330,S1O
46,nd,0,-9.308,S1O
46,nd,1,-6.866,S1O
46,nd,2,-3.448,S1O
46,nd,3,0.458,S1O
46,nd,4,1.923,S1O
46,nd,5,0.458,S1O
46,nd,6,-4.425,S1O
46,nd,7,-9.308,S1O
46,nd,8,-10.773,S1O
46,nd,9,-8.331,S1O
46,nd,10,-3.448,S1O
46,nd,11,2.411,S1O
46,nd,12,6.317,S1O
46,nd,13,9.735,S1O
46,nd,14,13.153,S1O
46,nd,15,17.548,S1O
46,nd,16,20.966,S1O
46,nd,17,21.942,S1O
46,nd,18,19.012,S1O
46,nd,19,13.641,S1O
46,nd,20,7.782,S1O
46,nd,21,3.387,S1O
46,nd,22,0.458,S1O
46,nd,23,-1.984,S1O
46,nd,24,-4.425,S1O
46,nd,25,-6.866,S1O
46,nd,26,-7.843,S1O
46,nd,27,-6.378,S1O
46,nd,28,-2.960,S1O
46,nd,29,-0.031,S1O
46,nd,30,1.923,S1O
46,nd,31,1.923,S1O
46,nd,32,1.923,S1O
46,nd,33,2.899,S1O
46,nd,34,4.852,S1O
46,nd,35,7.294,S1O
46,nd,36,8.270,S1O
46,nd,37,7.294,S1O
46,nd,38,5.829,S1O
46,nd,39,4.852,S1O
46,nd,40,4.852,S1O
46,nd,41,4.852,S1O
46,nd,42,2.899,S1O
46,nd,43,-1.007,S1O
46,nd,44,-4.913,S1O
46,nd,45,-6.866,S1O
46,nd,46,-5.890,S1O
46,nd,47,-2.960,S1O
46,nd,48,0.458,S1O
46,nd,49,2.411,S1O
46,nd,50,2.411,S1O
46,nd,51,1.434,S1O
46,nd,52,1.434,S1O
46,nd,53,1.923,S1O
46,nd,54,2.899,S1O
46,nd,55,3.387,S1O
46,nd,56,2.899,S1O
46,nd,57,2.899,S1O
46,nd,58,2.899,S1O
46,nd,59,2.411,S1O
46,nd,60,0.946,S1O
46,nd,61,-1.007,S1O
46,nd,62,-3.448,S1O
46,nd,63,-4.913,S1O
46,nd,64,-5.402,S1O
46,nd,65,-4.425,S1O
46,nd,66,-3.937,S1O
46,nd,67,-4.425,S1O
46,nd,68,-5.890,S1O
46,nd,69,-7.355,S1O
46,nd,70,-8.331,S1O
46,nd,71,-7.355,S1O
46,nd,72,-5.402,S1O
46,nd,73,-3.937,S1O
46,nd,74,-2.960,S1O
46,nd,75,-2.472,S1O
46,nd,76,-2.472,S1O
46,nd,77,-1.495,S1O
46,nd,78,0.946,S1O
46,nd,79,2.899,S1O
46,nd,80,4.364,S1O
46,nd,81,4.852,S1O
46,nd,82,4.364,S1O
46,nd,83,3.387,S1O
46,nd,84,3.387,S1O
46,nd,85,3.876,S1O
46,nd,86,4.852,S1O
46,nd,87,6.805,S1O
46,nd,88,8.759,S1O
46,nd,89,11.200,S1O
46,nd,90,12.177,S1O
46,nd,91,11.688,S1O
46,nd,92,9.735,S1O
46,nd,93,7.294,S1O
46,nd,94,6.317,S1O
46,nd,95,6.317,S1O
46,nd,96,8.270,S1O
46,nd,97,9.735,S1O
46,nd,98,10.223,S1O
46,nd,99,8.759,S1O
46,nd,100,6.317,S1O
46,nd,101,4.364,S1O
46,nd,102,3.387,S1O
46,nd,103,3.387,S1O
46,nd,104,3.387,S1O
46,nd,105,1.923,S1O
46,nd,106,-0.031,S1O
46,nd,107,-1.495,S1O
46,nd,108,-0.519,S1O
46,nd,109,1.434,S1O
46,nd,110,3.387,S1O
46,nd,111,3.876,S1O
46,nd,112,2.899,S1O
46,nd,113,1.434,S1O
46,nd,114,1.923,S1O
46,nd,115,4.852,S1O
46,nd,116,9.247,S1O
46,nd,117,12.177,S1O
46,nd,118,13.153,S1O
46,nd,119,12.177,S1O
46,nd,120,11.200,S1O
46,nd,121,11.688,S1O
46,nd,122,13.153,S1O
46,nd,123,15.106,S1O
46,nd,124,16.571,S1O
46,nd,125,16.571,S1O
46,nd,126,15.594,S1O
46,nd,127,13.641,S1O
46,nd,128,12.177,S1O
46,nd,129,10.223,S1O
46,nd,130,9.735,S1O
46,nd,131,9.735,S1O
46,nd,132,9.735,S1O
46,nd,133,9.735,S1O
46,nd,134,8.270,S1O
46,nd,135,5.341,S1O
46,nd,136,2.411,S1O
46,nd,137,-0.519,S1O
46,nd,138,-1.984,S1O
46,nd,139,-3.448,S1O
46,nd,140,-3.937,S1O
46,nd,141,-4.425,S1O
46,nd,142,-4.913,S1O
46,nd,143,-3.448,S1O
46,nd,144,-1.495,S1O
46,nd,145,0.458,S1O
46,nd,146,1.923,S1O
46,nd,147,2.411,S1O
46,nd,148,2.899,S1O
46,nd,149,3.876,S1O
46,nd,150,4.852,S1O
46,nd,151,5.829,S1O
46,nd,152,6.317,S1O
46,nd,153,6.317,S1O
46,nd,154,6.317,S1O
46,nd,155,7.294,S1O
46,nd,156,8.270,S1O
46,nd,157,8.759,S1O
46,nd,158,8.270,S1O
46,nd,159,7.294,S1O
46,nd,160,6.805,S1O
46,nd,161,7.294,S1O
46,nd,162,8.759,S1O
46,nd,163,9.735,S1O
46,nd,164,10.223,S1O
46,nd,165,9.247,S1O
46,nd,166,8.759,S1O
46,nd,167,9.247,S1O
46,nd,168,10.712,S1O
46,nd,169,11.688,S1O
46,nd,170,12.665,S1O
46,nd,171,13.153,S1O
46,nd,172,15.106,S1O
46,nd,173,18.036,S1O
46,nd,174,19.989,S1O
46,nd,175,20.477,S1O
46,nd,176,18.524,S1O
46,nd,177,16.083,S1O
46,nd,178,15.106,S1O
46,nd,179,17.059,S1O
46,nd,180,19.989,S1O
46,nd,181,22.430,S1O
46,nd,182,22.430,S1O
46,nd,183,20.477,S1O
46,nd,184,18.524,S1O
46,nd,185,18.036,S1O
46,nd,186,19.012,S1O
46,nd,187,19.012,S1O
46,nd,188,18.524,S1O
46,nd,189,15.594,S1O
46,nd,190,12.177,S1O
46,nd,191,10.223,S1O
46,nd,192,10.712,S1O
46,nd,193,11.688,S1O
46,nd,194,12.177,S1O
46,nd,195,11.688,S1O
46,nd,196,10.712,S1O
46,nd,197,10.712,S1O
46,nd,198,12.665,S1O
46,nd,199,15.106,S1O
46,nd,200,17.059,S1O
46,nd,201,16.571,S1O
46,nd,202,13.153,S1O
46,nd,203,9.735,S1O
46,nd,204,7.294,S1O
46,nd,205,6.805,S1O
46,nd,206,7.782,S1O
46,nd,207,8.759,S1O
46,nd,208,10.223,S1O
46,nd,209,11.200,S1O
46,nd,210,12.665,S1O
46,nd,211,14.130,S1O
46,nd,212,13.641,S1O
46,nd,213,11.688,S1O
46,nd,214,7.782,S1O
46,nd,215,3.876,S1O
46,nd,216,1.923,S1O
46,nd,217,0.458,S1O
46,nd,218,-0.031,S1O
46,nd,219,-0.519,S1O
46,nd,220,-1.495,S1O
46,nd,221,-2.472,S1O
46,nd,222,-3.448,S1O
46,nd,223,-3.937,S1O
46,nd,224,-4.913,S1O
46,nd,225,-7.355,S1O
46,nd,226,-9.308,S1O
46,nd,227,-9.308,S1O
46,nd,228,-8.331,S1O
46,nd,229,-6.378,S1O
46,nd,230,-5.402,S1O
46,nd,231,-6.378,S1O
46,nd,232,-8.331,S1O
46,nd,233,-8.820,S1O
46,nd,234,-6.866,S1O
46,nd,235,-2.960,S1O
46,nd,236,0.946,S1O
46,nd,237,3.387,S1O
46,nd,238,3.387,S1O
46,nd,239,2.411,S1O
46,nd,240,2.899,S1O
46,nd,241,4.364,S1O
46,nd,242,5.829,S1O
46,nd,243,5.829,S1O
46,nd,244,3.876,S1O
46,nd,245,0.458,S1O
46,nd,246,-1.984,S1O
46,nd,247,-3.448,S1O
46,nd,248,-3.937,S1O
46,nd,249,-4.913,S1O
46,nd,250,-6.866,S1O
46,nd,251,-8.820,S1O
46,nd,252,-9.796,S1O
46,nd,253,-9.308,S1O
46,nd,254,-7.355,S1O
46,nd,255,-6.378,S1O
46,Y,0,-9.603,S1O
46,Y,1,-7.161,S1O
46,Y,2,-2.767,S1O
46,Y,3,1.139,S1O
46,Y,4,2.604,S1O
46,Y,5,0.163,S1O
46,Y,6,-4.720,S1O
46,Y,7,-9.603,S1O
46,Y,8,-11.068,S1O
46,Y,9,-8.138,S1O
46,Y,10,-2.767,S1O
46,Y,11,3.092,S1O
46,Y,12,6.999,S1O
46,Y,13,10.417,S1O
46,Y,14,13.835,S1O
46,Y,15,18.229,S1O
46,Y,16,22.135,S1O
46,Y,17,23.112,S1O
46,Y,18,20.182,S1O
46,Y,19,14.811,S1O
46,Y,20,8.464,S1O
46,Y,21,3.581,S1O
46,Y,22,0.651,S1O
46,Y,23,-1.790,S1O
46,Y,24,-4.232,S1O
46,Y,25,-6.673,S1O
46,Y,26,-7.650,S1O
46,Y,27,-5.697,S1O
46,Y,28,-2.767,S1O
46,Y,29,0.163,S1O
46,Y,30,1.628,S1O
46,Y,31,2.116,S1O
46,Y,32,1.628,S1O
46,Y,33,2.604,S1O
46,Y,34,5.046,S1O
46,Y,35,7.487,S1O
46,Y,36,8.464,S1O
46,Y,37,7.487,S1O
46,Y,38,6.022,S1O
46,Y,39,5.046,S1O
46,Y,40,5.046,S1O
46,Y,41,4.069,S1O
46,Y,42,2.116,S1O
46,Y,43,-1.302,S1O
46,Y,44,-5.208,S1O
46,Y,45,-7.161,S1O
46,Y,46,-6.185,S1O
46,Y,47,-2.767,S1O
46,Y,48,0.163,S1O
46,Y,49,2.116,S1O
46,Y,50,2.116,S1O
46,Y,51,1.628,S1O
46,Y,52,1.139,S1O
46,Y,53,1.628,S1O
46,Y,54,2.604,S1O
46,Y,55,3.092,S1O
46,Y,56,3.092,S1O
46,Y,57,3.092,S1O
46,Y,58,2.604,S1O
46,Y,59,2.116,S1O
46,Y,60,0.651,S1O
46,Y,61,-1.302,S1O
46,Y,62,-3.255,S1O
46,Y,63,-4.720,S1O
46,Y,64,-5.208,S1O
46,Y,65,-4.720,S1O
46,Y,66,-4.720,S1O
46,Y,67,-5.208,S1O
46,Y,68,-6.673,S1O
46,Y,69,-8.138,S1O
46,Y,70,-8.626,S1O
46,Y,71,-7.650,S1O
46,Y,72,-5.697,S1O
46,Y,73,-3.743,S1O
46,Y,74,-3.255,S1O
46,Y,75,-2.767,S1O
46,Y,76,-2.767,S1O
46,Y,77,-1.302,S1O
46,Y,78,0.651,S1O
46,Y,79,3.581,S1O
46,Y,80,5.046,S1O
46,Y,81,5.534,S1O
46,Y,82,4.557,S1O
46,Y,83,3.581,S1O
46,Y,84,3.092,S1O
46,Y,85,3.581,S1O
46,Y,86,5.046,S1O
46,Y,87,7.487,S1O
46,Y,88,9.440,S1O
46,Y,89,11.882,S1O
46,Y,90,12.858,S1O
46,Y,91,12.370,S1O
46,Y,92,10.417,S1O
46,Y,93,7.487,S1O
46,Y,94,6.510,S1O
46,Y,95,6.510,S1O
46,Y,96,8.464,S1O
46,Y,97,10.417,S1O
46,Y,98,10.417,S1O
46,Y,99,8.952,S1O
46,Y,100,6.510,S1O
46,Y,101,4.557,S1O
46,Y,102,4.069,S1O
46,Y,103,4.069,S1O
46,Y,104,3.581,S1O
46,Y,105,2.116,S1O
46,Y,106,-0.326,S1O
46,Y,107,-1.790,S1O
46,Y,108,-1.302,S1O
46,Y,109,1.139,S1O
46,Y,110,3.581,S1O
46,Y,111,3.581,S1O
46,Y,112,2.604,S1O
46,Y,113,1.139,S1O
46,Y,114,2.116,S1O
46,Y,115,5.046,S1O
46,Y,116,9.440,S1O
46,Y,117,12.370,S1O
46,Y,118,13.346,S1O
46,Y,119,12.858,S1O
46,Y,120,11.882,S1O
46,Y,121,12.370,S1O
46,Y,122,14.323,S1O
46,Y,123,16.276,S1O
46,Y,124,17.253,S1O
46,Y,125,16.764,S1O
46,Y,126,16.276,S1O
46,Y,127,14.811,S1O
46,Y,128,12.858,S1O
46,Y,129,11.393,S1O
46,Y,130,10.417,S1O
46,Y,131,9.928,S1O
46,Y,132,9.928,S1O
46,Y,133,9.928,S1O
46,Y,134,8.952,S1O
46,Y,135,6.022,S1O
46,Y,136,2.604,S1O
46,Y,137,-0.326,S1O
46,Y,138,-2.767,S1O
46,Y,139,-3.743,S1O
46,Y,140,-4.232,S1O
46,Y,141,-4.720,S1O
46,Y,142,-4.232,S1O
46,Y,143,-3.255,S1O
46,Y,144,-1.302,S1O
46,Y,145,0.651,S1O
46,Y,146,2.116,S1O
46,Y,147,2.604,S1O
46,Y,148,3.092,S1O
46,Y,149,4.069,S1O
46,Y,150,5.046,S1O
46,Y,151,6.022,S1O
46,Y,152,6.510,S1O
46,Y,153,6.510,S1O
46,Y,154,6.999,S1O
46,Y,155,7.487,S1O
46,Y,156,8.952,S1O
46,Y,157,9.440,S1O
46,Y,158,8.464,S1O
46,Y,159,7.487,S1O
46,Y,160,6.999,S1O
46,Y,161,7.975,S1O
46,Y,162,9.440,S1O
46,Y,163,10.905,S1O
46,Y,164,10.905,S1O
46,Y,165,10.417,S1O
46,Y,166,9.928,S1O
46,Y,167,10.417,S1O
46,Y,168,11.393,S1O
46,Y,169,12.370,S1O
46,Y,170,13.346,S1O
46,Y,171,14.323,S1O
46,Y,172,16.276,S1O
46,Y,173,19.206,S1O
46,Y,174,21.159,S1O
46,Y,175,21.159,S1O
46,Y,176,19.206,S1O
46,Y,177,16.764,S1O
46,Y,178,16.276,S1O
46,Y,179,18.229,S1O
46,Y,180,21.647,S1O
46,Y,181,24.089,S1O
46,Y,182,23.600,S1O
46,Y,183,21.647,S1O
46,Y,184,19.206,S1O
46,Y,185,18.717,S1O
46,Y,186,19.694,S1O
46,Y,187,20.182,S1O
46,Y,188,19.206,S1O
46,Y,189,16.764,S1O
46,Y,190,13.346,S1O
46,Y,191,11.393,S1O
46,Y,192,10.905,S1O
46,Y,193,11.882,S1O
46,Y,194,12.858,S1O
46,Y,195,12.370,S1O
46,Y,196,11.882,S1O
46,Y,197,11.882,S1O
46,Y,198,13.346,S1O
46,Y,199,15.788,S1O
46,Y,200,17.741,S1O
46,Y,201,17.253,S1O
46,Y,202,14.811,S1O
46,Y,203,10.417,S1O
46,Y,204,7.487,S1O
46,Y,205,6.999,S1O
46,Y,206,7.487,S1O
46,Y,207,9.440,S1O
46,Y,208,10.417,S1O
46,Y,209,11.882,S1O
46,Y,210,13.346,S1O
46,Y,211,14.323,S1O
46,Y,212,14.323,S1O
46,Y,213,11.882,S1O
46,Y,214,7.975,S1O
46,Y,215,4.069,S1O
46,Y,216,1.628,S1O
46,Y,217,0.651,S1O
46,Y,218,0.163,S1O
46,Y,219,-0.814,S1O
46,Y,220,-1.302,S1O
46,Y,221,-2.279,S1O
46,Y,222,-3.255,S1O
46,Y,223,-3.743,S1O
46,Y,224,-5.208,S1O
46,Y,225,-7.650,S1O
46,Y,226,-9.115,S1O
46,Y,227,-9.603,S1O
46,Y,228,-8.138,S1O
46,Y,229,-6.185,S1O
46,Y,230,-5.697,S1O
46,Y,231,-7.161,S1O
46,Y,232,-9.115,S1O
46,Y,233,-9.603,S1O
46,Y,234,-7.161,S1O
46,Y,235,-2.279,S1O
46,Y,236,1.628,S1O
46,Y,237,4.069,S1O
46,Y,238,3.581,S1O
46,Y,239,3.092,S1O
46,Y,240,3.092,S1O
46,Y,241,4.557,S1O
46,Y,242,6.510,S1O
46,Y,243,6.022,S1O
46,Y,244,3.581,S1O
46,Y,245,0.651,S1O
46,Y,246,-2.279,S1O
46,Y,247,-3.255,S1O
46,Y,248,-4.232,S1O
46,Y,249,-5.208,S1O
46,Y,250,-7.161,S1O
46,Y,251,-8.626,S1O
46,Y,252,-9.115,S1O
46,Y,253,-8.626,S1O
46,Y,254,-7.161,S1O
46,Y,255,-6.673,S1O
