Trial no,Sensor position,Sample No,Sensor val,Matching condition
112,FP1,0,2.757,S1O
112,FP1,1,3.245,S1O
112,FP1,2,4.222,S1O
112,FP1,3,3.733,S1O
112,FP1,4,1.780,S1O
112,FP1,5,-1.638,S1O
112,FP1,6,-3.103,S1O
112,FP1,7,-1.638,S1O
112,FP1,8,2.268,S1O
112,FP1,9,6.175,S1O
112,FP1,10,7.640,S1O
112,FP1,11,5.198,S1O
112,FP1,12,1.292,S1O
112,FP1,13,-1.638,S1O
112,FP1,14,-2.126,S1O
112,FP1,15,-0.173,S1O
112,FP1,16,1.780,S1O
112,FP1,17,1.292,S1O
112,FP1,18,-3.103,S1O
112,FP1,19,-7.985,S1O
112,FP1,20,-10.915,S1O
112,FP1,21,-9.450,S1O
112,FP1,22,-5.056,S1O
112,FP1,23,-1.638,S1O
112,FP1,24,-1.638,S1O
112,FP1,25,-5.056,S1O
112,FP1,26,-9.450,S1O
112,FP1,27,-10.427,S1O
112,FP1,28,-7.985,S1O
112,FP1,29,-4.079,S1O
112,FP1,30,-2.614,S1O
112,FP1,31,-3.591,S1O
112,FP1,32,-6.521,S1O
112,FP1,33,-7.497,S1O
112,FP1,34,-6.521,S1O
112,FP1,35,-4.567,S1O
112,FP1,36,-5.056,S1O
112,FP1,37,-8.474,S1O
112,FP1,38,-11.892,S1O
112,FP1,39,-12.380,S1O
112,FP1,40,-7.985,S1O
112,FP1,41,-1.638,S1O
112,FP1,42,2.268,S1O
112,FP1,43,1.780,S1O
112,FP1,44,-3.591,S1O
112,FP1,45,-9.450,S1O
112,FP1,46,-11.403,S1O
112,FP1,47,-9.450,S1O
112,FP1,48,-5.544,S1O
112,FP1,49,-2.614,S1O
112,FP1,50,-2.126,S1O
112,FP1,51,-4.079,S1O
112,FP1,52,-6.032,S1O
112,FP1,53,-7.497,S1O
112,FP1,54,-7.497,S1O
112,FP1,55,-6.521,S1O
112,FP1,56,-5.544,S1O
112,FP1,57,-4.567,S1O
112,FP1,58,-3.591,S1O
112,FP1,59,-3.103,S1O
112,FP1,60,-3.591,S1O
112,FP1,61,-5.056,S1O
112,FP1,62,-6.032,S1O
112,FP1,63,-5.056,S1O
112,FP1,64,-3.103,S1O
112,FP1,65,-0.661,S1O
112,FP1,66,-0.173,S1O
112,FP1,67,-2.126,S1O
112,FP1,68,-7.497,S1O
112,FP1,69,-13.357,S1O
112,FP1,70,-17.263,S1O
112,FP1,71,-16.774,S1O
112,FP1,72,-11.403,S1O
112,FP1,73,-3.103,S1O
112,FP1,74,3.733,S1O
112,FP1,75,4.710,S1O
112,FP1,76,0.315,S1O
112,FP1,77,-7.985,S1O
112,FP1,78,-15.310,S1O
112,FP1,79,-17.751,S1O
112,FP1,80,-13.845,S1O
112,FP1,81,-6.032,S1O
112,FP1,82,0.315,S1O
112,FP1,83,2.268,S1O
112,FP1,84,-0.173,S1O
112,FP1,85,-4.079,S1O
112,FP1,86,-7.009,S1O
112,FP1,87,-6.521,S1O
112,FP1,88,-4.567,S1O
112,FP1,89,-2.126,S1O
112,FP1,90,-1.638,S1O
112,FP1,91,-2.614,S1O
112,FP1,92,-4.567,S1O
112,FP1,93,-6.032,S1O
112,FP1,94,-7.009,S1O
112,FP1,95,-7.497,S1O
112,FP1,96,-6.521,S1O
112,FP1,97,-5.056,S1O
112,FP1,98,-4.567,S1O
112,FP1,99,-5.544,S1O
112,FP1,100,-7.985,S1O
112,FP1,101,-11.403,S1O
112,FP1,102,-13.357,S1O
112,FP1,103,-12.868,S1O
112,FP1,104,-9.450,S1O
112,FP1,105,-5.544,S1O
112,FP1,106,-3.103,S1O
112,FP1,107,-3.103,S1O
112,FP1,108,-5.056,S1O
112,FP1,109,-7.497,S1O
112,FP1,110,-9.939,S1O
112,FP1,111,-11.403,S1O
112,FP1,112,-11.892,S1O
112,FP1,113,-11.403,S1O
112,FP1,114,-9.450,S1O
112,FP1,115,-7.009,S1O
112,FP1,116,-5.056,S1O
112,FP1,117,-5.056,S1O
112,FP1,118,-7.985,S1O
112,FP1,119,-11.892,S1O
112,FP1,120,-14.333,S1O
112,FP1,121,-14.333,S1O
112,FP1,122,-11.892,S1O
112,FP1,123,-8.962,S1O
112,FP1,124,-7.009,S1O
112,FP1,125,-7.985,S1O
112,FP1,126,-10.915,S1O
112,FP1,127,-13.845,S1O
112,FP1,128,-15.798,S1O
112,FP1,129,-14.333,S1O
112,FP1,130,-11.892,S1O
112,FP1,131,-10.427,S1O
112,FP1,132,-10.915,S1O
112,FP1,133,-12.868,S1O
112,FP1,134,-16.286,S1O
112,FP1,135,-17.751,S1O
112,FP1,136,-17.751,S1O
112,FP1,137,-16.286,S1O
112,FP1,138,-14.821,S1O
112,FP1,139,-14.333,S1O
112,FP1,140,-14.333,S1O
112,FP1,141,-14.821,S1O
112,FP1,142,-15.310,S1O
112,FP1,143,-13.845,S1O
112,FP1,144,-12.380,S1O
112,FP1,145,-10.915,S1O
112,FP1,146,-9.939,S1O
112,FP1,147,-9.450,S1O
112,FP1,148,-10.427,S1O
112,FP1,149,-12.380,S1O
112,FP1,150,-15.798,S1O
112,FP1,151,-19.704,S1O
112,FP1,152,-22.634,S1O
112,FP1,153,-23.610,S1O
112,FP1,154,-20.681,S1O
112,FP1,155,-15.310,S1O
112,FP1,156,-11.403,S1O
112,FP1,157,-11.403,S1O
112,FP1,158,-15.310,S1O
112,FP1,159,-20.681,S1O
112,FP1,160,-22.634,S1O
112,FP1,161,-21.169,S1O
112,FP1,162,-16.286,S1O
112,FP1,163,-12.380,S1O
112,FP1,164,-11.892,S1O
112,FP1,165,-14.821,S1O
112,FP1,166,-18.728,S1O
112,FP1,167,-21.169,S1O
112,FP1,168,-21.169,S1O
112,FP1,169,-19.216,S1O
112,FP1,170,-18.239,S1O
112,FP1,171,-17.751,S1O
112,FP1,172,-16.774,S1O
112,FP1,173,-16.286,S1O
112,FP1,174,-15.310,S1O
112,FP1,175,-15.310,S1O
112,FP1,176,-16.774,S1O
112,FP1,177,-19.216,S1O
112,FP1,178,-22.146,S1O
112,FP1,179,-23.122,S1O
112,FP1,180,-22.634,S1O
112,FP1,181,-20.192,S1O
112,FP1,182,-18.239,S1O
112,FP1,183,-17.263,S1O
112,FP1,184,-17.751,S1O
112,FP1,185,-19.704,S1O
112,FP1,186,-22.146,S1O
112,FP1,187,-24.099,S1O
112,FP1,188,-24.587,S1O
112,FP1,189,-23.610,S1O
112,FP1,190,-22.634,S1O
112,FP1,191,-21.657,S1O
112,FP1,192,-21.657,S1O
112,FP1,193,-23.122,S1O
112,FP1,194,-23.610,S1O
112,FP1,195,-24.099,S1O
112,FP1,196,-23.610,S1O
112,FP1,197,-22.634,S1O
112,FP1,198,-22.634,S1O
112,FP1,199,-24.099,S1O
112,FP1,200,-25.075,S1O
112,FP1,201,-25.564,S1O
112,FP1,202,-25.075,S1O
112,FP1,203,-24.587,S1O
112,FP1,204,-25.075,S1O
112,FP1,205,-26.052,S1O
112,FP1,206,-26.052,S1O
112,FP1,207,-25.564,S1O
112,FP1,208,-24.587,S1O
112,FP1,209,-24.099,S1O
112,FP1,210,-24.587,S1O
112,FP1,211,-26.540,S1O
112,FP1,212,-27.028,S1O
112,FP1,213,-25.075,S1O
112,FP1,214,-21.169,S1O
112,FP1,215,-18.239,S1O
112,FP1,216,-18.239,S1O
112,FP1,217,-21.657,S1O
112,FP1,218,-26.052,S1O
112,FP1,219,-28.982,S1O
112,FP1,220,-29.470,S1O
112,FP1,221,-28.005,S1O
112,FP1,222,-27.028,S1O
112,FP1,223,-27.028,S1O
112,FP1,224,-28.493,S1O
112,FP1,225,-28.982,S1O
112,FP1,226,-28.493,S1O
112,FP1,227,-28.005,S1O
112,FP1,228,-27.517,S1O
112,FP1,229,-28.982,S1O
112,FP1,230,-29.958,S1O
112,FP1,231,-29.470,S1O
112,FP1,232,-27.517,S1O
112,FP1,233,-24.099,S1O
112,FP1,234,-22.634,S1O
112,FP1,235,-23.610,S1O
112,FP1,236,-26.540,S1O
112,FP1,237,-28.005,S1O
112,FP1,238,-26.540,S1O
112,FP1,239,-21.657,S1O
112,FP1,240,-17.263,S1O
112,FP1,241,-15.798,S1O
112,FP1,242,-18.728,S1O
112,FP1,243,-22.634,S1O
112,FP1,244,-25.075,S1O
112,FP1,245,-23.610,S1O
112,FP1,246,-20.681,S1O
112,FP1,247,-18.728,S1O
112,FP1,248,-19.216,S1O
112,FP1,249,-21.657,S1O
112,FP1,250,-23.122,S1O
112,FP1,251,-22.146,S1O
112,FP1,252,-19.216,S1O
112,FP1,253,-16.774,S1O
112,FP1,254,-17.751,S1O
112,FP1,255,-20.192,S1O
112,FP2,0,8.667,S1O
112,FP2,1,7.690,S1O
112,FP2,2,3.784,S1O
112,FP2,3,0.854,S1O
112,FP2,4,-0.122,S1O
112,FP2,5,0.854,S1O
112,FP2,6,2.319,S1O
112,FP2,7,2.319,S1O
112,FP2,8,1.343,S1O
112,FP2,9,0.366,S1O
112,FP2,10,-0.122,S1O
112,FP2,11,1.343,S1O
112,FP2,12,2.808,S1O
112,FP2,13,4.272,S1O
112,FP2,14,5.737,S1O
112,FP2,15,6.714,S1O
112,FP2,16,5.737,S1O
112,FP2,17,2.808,S1O
112,FP2,18,-2.075,S1O
112,FP2,19,-8.423,S1O
112,FP2,20,-12.817,S1O
112,FP2,21,-13.306,S1O
112,FP2,22,-9.399,S1O
112,FP2,23,-3.052,S1O
112,FP2,24,2.808,S1O
112,FP2,25,4.761,S1O
112,FP2,26,1.831,S1O
112,FP2,27,-4.517,S1O
112,FP2,28,-10.376,S1O
112,FP2,29,-12.817,S1O
112,FP2,30,-9.888,S1O
112,FP2,31,-3.052,S1O
112,FP2,32,4.761,S1O
112,FP2,33,8.179,S1O
112,FP2,34,4.272,S1O
112,FP2,35,-5.493,S1O
112,FP2,36,-16.235,S1O
112,FP2,37,-22.095,S1O
112,FP2,38,-19.653,S1O
112,FP2,39,-9.888,S1O
112,FP2,40,2.319,S1O
112,FP2,41,10.620,S1O
112,FP2,42,10.132,S1O
112,FP2,43,1.831,S1O
112,FP2,44,-9.888,S1O
112,FP2,45,-17.212,S1O
112,FP2,46,-16.724,S1O
112,FP2,47,-9.399,S1O
112,FP2,48,0.366,S1O
112,FP2,49,6.226,S1O
112,FP2,50,6.226,S1O
112,FP2,51,1.343,S1O
112,FP2,52,-4.517,S1O
112,FP2,53,-8.911,S1O
112,FP2,54,-9.888,S1O
112,FP2,55,-9.399,S1O
112,FP2,56,-7.446,S1O
112,FP2,57,-5.493,S1O
112,FP2,58,-3.052,S1O
112,FP2,59,-0.610,S1O
112,FP2,60,1.343,S1O
112,FP2,61,2.319,S1O
112,FP2,62,1.343,S1O
112,FP2,63,-0.610,S1O
112,FP2,64,-3.540,S1O
112,FP2,65,-6.470,S1O
112,FP2,66,-7.446,S1O
112,FP2,67,-6.958,S1O
112,FP2,68,-6.470,S1O
112,FP2,69,-6.958,S1O
112,FP2,70,-7.446,S1O
112,FP2,71,-7.446,S1O
112,FP2,72,-5.493,S1O
112,FP2,73,-2.075,S1O
112,FP2,74,-0.122,S1O
112,FP2,75,-1.587,S1O
112,FP2,76,-6.470,S1O
112,FP2,77,-11.353,S1O
112,FP2,78,-12.817,S1O
112,FP2,79,-9.888,S1O
112,FP2,80,-3.052,S1O
112,FP2,81,2.808,S1O
112,FP2,82,4.761,S1O
112,FP2,83,1.831,S1O
112,FP2,84,-4.517,S1O
112,FP2,85,-9.888,S1O
112,FP2,86,-10.864,S1O
112,FP2,87,-5.981,S1O
112,FP2,88,2.319,S1O
112,FP2,89,9.644,S1O
112,FP2,90,11.108,S1O
112,FP2,91,5.737,S1O
112,FP2,92,-3.052,S1O
112,FP2,93,-10.864,S1O
112,FP2,94,-13.306,S1O
112,FP2,95,-10.376,S1O
112,FP2,96,-5.493,S1O
112,FP2,97,-2.563,S1O
112,FP2,98,-2.075,S1O
112,FP2,99,-3.540,S1O
112,FP2,100,-4.517,S1O
112,FP2,101,-4.517,S1O
112,FP2,102,-5.005,S1O
112,FP2,103,-6.958,S1O
112,FP2,104,-10.376,S1O
112,FP2,105,-13.794,S1O
112,FP2,106,-13.794,S1O
112,FP2,107,-8.911,S1O
112,FP2,108,-2.075,S1O
112,FP2,109,2.319,S1O
112,FP2,110,0.366,S1O
112,FP2,111,-7.446,S1O
112,FP2,112,-15.747,S1O
112,FP2,113,-19.165,S1O
112,FP2,114,-17.212,S1O
112,FP2,115,-11.353,S1O
112,FP2,116,-5.981,S1O
112,FP2,117,-4.517,S1O
112,FP2,118,-7.446,S1O
112,FP2,119,-11.841,S1O
112,FP2,120,-15.259,S1O
112,FP2,121,-16.235,S1O
112,FP2,122,-14.771,S1O
112,FP2,123,-12.329,S1O
112,FP2,124,-10.864,S1O
112,FP2,125,-10.376,S1O
112,FP2,126,-11.841,S1O
112,FP2,127,-13.794,S1O
112,FP2,128,-16.235,S1O
112,FP2,129,-17.700,S1O
112,FP2,130,-17.700,S1O
112,FP2,131,-16.235,S1O
112,FP2,132,-13.794,S1O
112,FP2,133,-12.817,S1O
112,FP2,134,-12.329,S1O
112,FP2,135,-13.306,S1O
112,FP2,136,-13.306,S1O
112,FP2,137,-13.794,S1O
112,FP2,138,-15.747,S1O
112,FP2,139,-18.677,S1O
112,FP2,140,-22.095,S1O
112,FP2,141,-23.560,S1O
112,FP2,142,-21.606,S1O
112,FP2,143,-16.235,S1O
112,FP2,144,-10.376,S1O
112,FP2,145,-6.470,S1O
112,FP2,146,-6.470,S1O
112,FP2,147,-9.399,S1O
112,FP2,148,-13.794,S1O
112,FP2,149,-18.188,S1O
112,FP2,150,-21.118,S1O
112,FP2,151,-22.583,S1O
112,FP2,152,-22.095,S1O
112,FP2,153,-20.142,S1O
112,FP2,154,-17.700,S1O
112,FP2,155,-15.747,S1O
112,FP2,156,-14.282,S1O
112,FP2,157,-14.771,S1O
112,FP2,158,-16.235,S1O
112,FP2,159,-17.700,S1O
112,FP2,160,-18.188,S1O
112,FP2,161,-17.212,S1O
112,FP2,162,-14.771,S1O
112,FP2,163,-13.306,S1O
112,FP2,164,-14.282,S1O
112,FP2,165,-17.212,S1O
112,FP2,166,-19.653,S1O
112,FP2,167,-20.630,S1O
112,FP2,168,-19.653,S1O
112,FP2,169,-17.700,S1O
112,FP2,170,-16.724,S1O
112,FP2,171,-17.700,S1O
112,FP2,172,-18.677,S1O
112,FP2,173,-18.677,S1O
112,FP2,174,-17.212,S1O
112,FP2,175,-15.747,S1O
112,FP2,176,-14.771,S1O
112,FP2,177,-14.771,S1O
112,FP2,178,-14.771,S1O
112,FP2,179,-14.282,S1O
112,FP2,180,-14.282,S1O
112,FP2,181,-15.747,S1O
112,FP2,182,-19.165,S1O
112,FP2,183,-23.071,S1O
112,FP2,184,-25.024,S1O
112,FP2,185,-24.048,S1O
112,FP2,186,-20.630,S1O
112,FP2,187,-18.188,S1O
112,FP2,188,-17.212,S1O
112,FP2,189,-17.212,S1O
112,FP2,190,-16.724,S1O
112,FP2,191,-17.212,S1O
112,FP2,192,-19.653,S1O
112,FP2,193,-24.048,S1O
112,FP2,194,-28.442,S1O
112,FP2,195,-29.419,S1O
112,FP2,196,-26.489,S1O
112,FP2,197,-21.118,S1O
112,FP2,198,-18.677,S1O
112,FP2,199,-19.653,S1O
112,FP2,200,-23.071,S1O
112,FP2,201,-25.024,S1O
112,FP2,202,-23.560,S1O
112,FP2,203,-21.606,S1O
112,FP2,204,-21.606,S1O
112,FP2,205,-25.513,S1O
112,FP2,206,-30.884,S1O
112,FP2,207,-33.325,S1O
112,FP2,208,-31.860,S1O
112,FP2,209,-27.954,S1O
112,FP2,210,-23.560,S1O
112,FP2,211,-21.118,S1O
112,FP2,212,-20.142,S1O
112,FP2,213,-19.165,S1O
112,FP2,214,-19.653,S1O
112,FP2,215,-22.095,S1O
112,FP2,216,-26.978,S1O
112,FP2,217,-32.837,S1O
112,FP2,218,-34.790,S1O
112,FP2,219,-31.860,S1O
112,FP2,220,-24.536,S1O
112,FP2,221,-18.677,S1O
112,FP2,222,-17.700,S1O
112,FP2,223,-23.071,S1O
112,FP2,224,-30.396,S1O
112,FP2,225,-35.767,S1O
112,FP2,226,-35.767,S1O
112,FP2,227,-32.349,S1O
112,FP2,228,-28.931,S1O
112,FP2,229,-27.466,S1O
112,FP2,230,-27.954,S1O
112,FP2,231,-27.954,S1O
112,FP2,232,-26.978,S1O
112,FP2,233,-26.001,S1O
112,FP2,234,-27.466,S1O
112,FP2,235,-30.884,S1O
112,FP2,236,-32.837,S1O
112,FP2,237,-28.931,S1O
112,FP2,238,-21.118,S1O
112,FP2,239,-13.794,S1O
112,FP2,240,-11.353,S1O
112,FP2,241,-16.724,S1O
112,FP2,242,-24.048,S1O
112,FP2,243,-27.954,S1O
112,FP2,244,-26.001,S1O
112,FP2,245,-20.142,S1O
112,FP2,246,-15.747,S1O
112,FP2,247,-15.259,S1O
112,FP2,248,-19.165,S1O
112,FP2,249,-22.583,S1O
112,FP2,250,-23.560,S1O
112,FP2,251,-22.583,S1O
112,FP2,252,-20.630,S1O
112,FP2,253,-20.142,S1O
112,FP2,254,-20.142,S1O
112,FP2,255,-18.677,S1O
112,F7,0,8.453,S1O
112,F7,1,13.824,S1O
112,F7,2,14.313,S1O
112,F7,3,9.430,S1O
112,F7,4,2.106,S1O
112,F7,5,-5.707,S1O
112,F7,6,-10.101,S1O
112,F7,7,-9.125,S1O
112,F7,8,-2.289,S1O
112,F7,9,9.430,S1O
112,F7,10,19.684,S1O
112,F7,11,22.125,S1O
112,F7,12,13.824,S1O
112,F7,13,-0.824,S1O
112,F7,14,-14.008,S1O
112,F7,15,-17.426,S1O
112,F7,16,-9.613,S1O
112,F7,17,2.106,S1O
112,F7,18,9.430,S1O
112,F7,19,7.477,S1O
112,F7,20,0.153,S1O
112,F7,21,-8.148,S1O
112,F7,22,-11.566,S1O
112,F7,23,-11.566,S1O
112,F7,24,-10.101,S1O
112,F7,25,-9.613,S1O
112,F7,26,-9.125,S1O
112,F7,27,-7.172,S1O
112,F7,28,-2.777,S1O
112,F7,29,0.641,S1O
112,F7,30,1.129,S1O
112,F7,31,-1.801,S1O
112,F7,32,-6.195,S1O
112,F7,33,-8.636,S1O
112,F7,34,-8.148,S1O
112,F7,35,-7.660,S1O
112,F7,36,-8.148,S1O
112,F7,37,-10.101,S1O
112,F7,38,-10.101,S1O
112,F7,39,-5.219,S1O
112,F7,40,2.594,S1O
112,F7,41,8.453,S1O
112,F7,42,7.965,S1O
112,F7,43,0.153,S1O
112,F7,44,-9.125,S1O
112,F7,45,-14.496,S1O
112,F7,46,-11.566,S1O
112,F7,47,-3.754,S1O
112,F7,48,3.082,S1O
112,F7,49,4.059,S1O
112,F7,50,-1.801,S1O
112,F7,51,-9.125,S1O
112,F7,52,-13.031,S1O
112,F7,53,-10.101,S1O
112,F7,54,-2.777,S1O
112,F7,55,5.035,S1O
112,F7,56,7.965,S1O
112,F7,57,4.059,S1O
112,F7,58,-3.754,S1O
112,F7,59,-9.613,S1O
112,F7,60,-9.613,S1O
112,F7,61,-4.730,S1O
112,F7,62,1.617,S1O
112,F7,63,4.547,S1O
112,F7,64,1.129,S1O
112,F7,65,-6.195,S1O
112,F7,66,-13.519,S1O
112,F7,67,-16.937,S1O
112,F7,68,-15.472,S1O
112,F7,69,-11.566,S1O
112,F7,70,-6.683,S1O
112,F7,71,-2.777,S1O
112,F7,72,0.641,S1O
112,F7,73,3.082,S1O
112,F7,74,3.082,S1O
112,F7,75,-1.312,S1O
112,F7,76,-9.125,S1O
112,F7,77,-17.914,S1O
112,F7,78,-21.820,S1O
112,F7,79,-17.914,S1O
112,F7,80,-6.683,S1O
112,F7,81,3.082,S1O
112,F7,82,5.524,S1O
112,F7,83,-0.824,S1O
112,F7,84,-10.590,S1O
112,F7,85,-15.472,S1O
112,F7,86,-11.078,S1O
112,F7,87,-1.312,S1O
112,F7,88,4.547,S1O
112,F7,89,1.617,S1O
112,F7,90,-7.172,S1O
112,F7,91,-14.008,S1O
112,F7,92,-12.054,S1O
112,F7,93,-4.730,S1O
112,F7,94,0.641,S1O
112,F7,95,-2.777,S1O
112,F7,96,-13.031,S1O
112,F7,97,-21.820,S1O
112,F7,98,-22.308,S1O
112,F7,99,-12.543,S1O
112,F7,100,-0.336,S1O
112,F7,101,6.500,S1O
112,F7,102,3.082,S1O
112,F7,103,-5.707,S1O
112,F7,104,-13.519,S1O
112,F7,105,-14.496,S1O
112,F7,106,-8.636,S1O
112,F7,107,-1.801,S1O
112,F7,108,2.106,S1O
112,F7,109,1.617,S1O
112,F7,110,-1.801,S1O
112,F7,111,-5.219,S1O
112,F7,112,-7.660,S1O
112,F7,113,-9.613,S1O
112,F7,114,-11.078,S1O
112,F7,115,-11.078,S1O
112,F7,116,-8.636,S1O
112,F7,117,-5.219,S1O
112,F7,118,-1.801,S1O
112,F7,119,-1.312,S1O
112,F7,120,-4.242,S1O
112,F7,121,-8.636,S1O
112,F7,122,-12.054,S1O
112,F7,123,-10.590,S1O
112,F7,124,-6.195,S1O
112,F7,125,-1.801,S1O
112,F7,126,-1.312,S1O
112,F7,127,-6.683,S1O
112,F7,128,-14.984,S1O
112,F7,129,-20.844,S1O
112,F7,130,-19.867,S1O
112,F7,131,-13.031,S1O
112,F7,132,-4.730,S1O
112,F7,133,0.641,S1O
112,F7,134,1.129,S1O
112,F7,135,-2.289,S1O
112,F7,136,-7.172,S1O
112,F7,137,-12.054,S1O
112,F7,138,-15.961,S1O
112,F7,139,-17.914,S1O
112,F7,140,-15.961,S1O
112,F7,141,-9.613,S1O
112,F7,142,-1.312,S1O
112,F7,143,4.059,S1O
112,F7,144,2.106,S1O
112,F7,145,-5.219,S1O
112,F7,146,-13.031,S1O
112,F7,147,-14.008,S1O
112,F7,148,-8.148,S1O
112,F7,149,0.153,S1O
112,F7,150,3.571,S1O
112,F7,151,-0.336,S1O
112,F7,152,-9.125,S1O
112,F7,153,-15.961,S1O
112,F7,154,-15.961,S1O
112,F7,155,-10.590,S1O
112,F7,156,-5.219,S1O
112,F7,157,-3.754,S1O
112,F7,158,-7.172,S1O
112,F7,159,-12.543,S1O
112,F7,160,-15.472,S1O
112,F7,161,-14.008,S1O
112,F7,162,-11.078,S1O
112,F7,163,-8.636,S1O
112,F7,164,-8.636,S1O
112,F7,165,-10.101,S1O
112,F7,166,-10.590,S1O
112,F7,167,-9.125,S1O
112,F7,168,-7.660,S1O
112,F7,169,-7.660,S1O
112,F7,170,-9.613,S1O
112,F7,171,-12.054,S1O
112,F7,172,-14.008,S1O
112,F7,173,-13.519,S1O
112,F7,174,-11.566,S1O
112,F7,175,-12.054,S1O
112,F7,176,-15.961,S1O
112,F7,177,-19.867,S1O
112,F7,178,-20.844,S1O
112,F7,179,-15.961,S1O
112,F7,180,-8.148,S1O
112,F7,181,-2.289,S1O
112,F7,182,-4.242,S1O
112,F7,183,-13.031,S1O
112,F7,184,-23.773,S1O
112,F7,185,-29.144,S1O
112,F7,186,-26.215,S1O
112,F7,187,-17.426,S1O
112,F7,188,-8.148,S1O
112,F7,189,-3.265,S1O
112,F7,190,-4.730,S1O
112,F7,191,-11.078,S1O
112,F7,192,-17.914,S1O
112,F7,193,-23.773,S1O
112,F7,194,-25.726,S1O
112,F7,195,-23.773,S1O
112,F7,196,-18.402,S1O
112,F7,197,-11.566,S1O
112,F7,198,-5.219,S1O
112,F7,199,-3.265,S1O
112,F7,200,-7.660,S1O
112,F7,201,-16.449,S1O
112,F7,202,-25.238,S1O
112,F7,203,-29.633,S1O
112,F7,204,-27.191,S1O
112,F7,205,-19.379,S1O
112,F7,206,-11.566,S1O
112,F7,207,-7.660,S1O
112,F7,208,-9.125,S1O
112,F7,209,-15.961,S1O
112,F7,210,-22.308,S1O
112,F7,211,-25.238,S1O
112,F7,212,-21.820,S1O
112,F7,213,-13.031,S1O
112,F7,214,-4.730,S1O
112,F7,215,-2.777,S1O
112,F7,216,-8.148,S1O
112,F7,217,-17.914,S1O
112,F7,218,-24.750,S1O
112,F7,219,-25.238,S1O
112,F7,220,-19.867,S1O
112,F7,221,-13.519,S1O
112,F7,222,-11.078,S1O
112,F7,223,-13.031,S1O
112,F7,224,-16.449,S1O
112,F7,225,-18.402,S1O
112,F7,226,-18.402,S1O
112,F7,227,-18.402,S1O
112,F7,228,-19.867,S1O
112,F7,229,-20.844,S1O
112,F7,230,-19.867,S1O
112,F7,231,-15.961,S1O
112,F7,232,-11.566,S1O
112,F7,233,-11.566,S1O
112,F7,234,-17.914,S1O
112,F7,235,-26.215,S1O
112,F7,236,-30.609,S1O
112,F7,237,-26.215,S1O
112,F7,238,-14.008,S1O
112,F7,239,0.153,S1O
112,F7,240,7.477,S1O
112,F7,241,4.547,S1O
112,F7,242,-6.683,S1O
112,F7,243,-18.402,S1O
112,F7,244,-24.750,S1O
112,F7,245,-23.773,S1O
112,F7,246,-16.937,S1O
112,F7,247,-7.172,S1O
112,F7,248,0.153,S1O
112,F7,249,3.082,S1O
112,F7,250,-0.824,S1O
112,F7,251,-9.613,S1O
112,F7,252,-20.355,S1O
112,F7,253,-26.215,S1O
112,F7,254,-23.773,S1O
112,F7,255,-12.543,S1O
112,F8,0,8.535,S1O
112,F8,1,8.535,S1O
112,F8,2,5.605,S1O
112,F8,3,1.699,S1O
112,F8,4,-0.254,S1O
112,F8,5,-1.231,S1O
112,F8,6,-0.743,S1O
112,F8,7,-1.231,S1O
112,F8,8,-1.231,S1O
112,F8,9,-0.254,S1O
112,F8,10,1.699,S1O
112,F8,11,3.652,S1O
112,F8,12,4.140,S1O
112,F8,13,3.164,S1O
112,F8,14,0.722,S1O
112,F8,15,-0.254,S1O
112,F8,16,-1.231,S1O
112,F8,17,-3.184,S1O
112,F8,18,-6.602,S1O
112,F8,19,-10.508,S1O
112,F8,20,-12.461,S1O
112,F8,21,-10.020,S1O
112,F8,22,-4.161,S1O
112,F8,23,1.699,S1O
112,F8,24,3.652,S1O
112,F8,25,0.722,S1O
112,F8,26,-4.161,S1O
112,F8,27,-6.602,S1O
112,F8,28,-5.625,S1O
112,F8,29,-2.696,S1O
112,F8,30,-0.743,S1O
112,F8,31,-1.719,S1O
112,F8,32,-5.137,S1O
112,F8,33,-8.555,S1O
112,F8,34,-9.532,S1O
112,F8,35,-8.067,S1O
112,F8,36,-7.090,S1O
112,F8,37,-7.090,S1O
112,F8,38,-7.579,S1O
112,F8,39,-7.090,S1O
112,F8,40,-5.137,S1O
112,F8,41,-3.184,S1O
112,F8,42,-4.161,S1O
112,F8,43,-7.090,S1O
112,F8,44,-10.997,S1O
112,F8,45,-11.485,S1O
112,F8,46,-7.090,S1O
112,F8,47,-1.719,S1O
112,F8,48,1.699,S1O
112,F8,49,1.211,S1O
112,F8,50,-2.696,S1O
112,F8,51,-6.114,S1O
112,F8,52,-8.067,S1O
112,F8,53,-9.043,S1O
112,F8,54,-10.020,S1O
112,F8,55,-10.997,S1O
112,F8,56,-10.997,S1O
112,F8,57,-8.067,S1O
112,F8,58,-3.672,S1O
112,F8,59,-1.231,S1O
112,F8,60,-3.184,S1O
112,F8,61,-8.555,S1O
112,F8,62,-12.461,S1O
112,F8,63,-11.485,S1O
112,F8,64,-6.114,S1O
112,F8,65,-0.743,S1O
112,F8,66,-0.743,S1O
112,F8,67,-7.579,S1O
112,F8,68,-16.856,S1O
112,F8,69,-22.227,S1O
112,F8,70,-21.250,S1O
112,F8,71,-14.903,S1O
112,F8,72,-8.555,S1O
112,F8,73,-6.114,S1O
112,F8,74,-8.067,S1O
112,F8,75,-11.973,S1O
112,F8,76,-13.926,S1O
112,F8,77,-12.461,S1O
112,F8,78,-9.532,S1O
112,F8,79,-6.602,S1O
112,F8,80,-5.625,S1O
112,F8,81,-5.625,S1O
112,F8,82,-7.579,S1O
112,F8,83,-9.532,S1O
112,F8,84,-10.508,S1O
112,F8,85,-10.508,S1O
112,F8,86,-8.555,S1O
112,F8,87,-4.649,S1O
112,F8,88,-1.231,S1O
112,F8,89,0.234,S1O
112,F8,90,-0.743,S1O
112,F8,91,-4.161,S1O
112,F8,92,-8.555,S1O
112,F8,93,-11.973,S1O
112,F8,94,-12.950,S1O
112,F8,95,-11.973,S1O
112,F8,96,-10.020,S1O
112,F8,97,-9.043,S1O
112,F8,98,-10.508,S1O
112,F8,99,-12.950,S1O
112,F8,100,-14.903,S1O
112,F8,101,-13.438,S1O
112,F8,102,-10.508,S1O
112,F8,103,-8.067,S1O
112,F8,104,-8.067,S1O
112,F8,105,-11.485,S1O
112,F8,106,-16.368,S1O
112,F8,107,-19.297,S1O
112,F8,108,-18.321,S1O
112,F8,109,-15.879,S1O
112,F8,110,-13.926,S1O
112,F8,111,-14.414,S1O
112,F8,112,-17.832,S1O
112,F8,113,-20.762,S1O
112,F8,114,-20.762,S1O
112,F8,115,-17.832,S1O
112,F8,116,-13.438,S1O
112,F8,117,-11.485,S1O
112,F8,118,-12.950,S1O
112,F8,119,-17.344,S1O
112,F8,120,-21.739,S1O
112,F8,121,-24.180,S1O
112,F8,122,-24.668,S1O
112,F8,123,-25.157,S1O
112,F8,124,-25.157,S1O
112,F8,125,-24.180,S1O
112,F8,126,-21.739,S1O
112,F8,127,-19.297,S1O
112,F8,128,-19.786,S1O
112,F8,129,-22.227,S1O
112,F8,130,-24.180,S1O
112,F8,131,-22.227,S1O
112,F8,132,-15.879,S1O
112,F8,133,-9.043,S1O
112,F8,134,-6.602,S1O
112,F8,135,-11.485,S1O
112,F8,136,-20.274,S1O
112,F8,137,-27.110,S1O
112,F8,138,-29.551,S1O
112,F8,139,-27.110,S1O
112,F8,140,-23.692,S1O
112,F8,141,-20.762,S1O
112,F8,142,-18.321,S1O
112,F8,143,-14.414,S1O
112,F8,144,-10.508,S1O
112,F8,145,-10.997,S1O
112,F8,146,-16.368,S1O
112,F8,147,-24.180,S1O
112,F8,148,-28.086,S1O
112,F8,149,-24.180,S1O
112,F8,150,-14.903,S1O
112,F8,151,-8.067,S1O
112,F8,152,-8.555,S1O
112,F8,153,-16.856,S1O
112,F8,154,-25.645,S1O
112,F8,155,-28.575,S1O
112,F8,156,-24.668,S1O
112,F8,157,-17.344,S1O
112,F8,158,-12.950,S1O
112,F8,159,-12.950,S1O
112,F8,160,-14.903,S1O
112,F8,161,-15.391,S1O
112,F8,162,-14.414,S1O
112,F8,163,-14.414,S1O
112,F8,164,-17.344,S1O
112,F8,165,-21.739,S1O
112,F8,166,-24.668,S1O
112,F8,167,-22.227,S1O
112,F8,168,-16.368,S1O
112,F8,169,-12.461,S1O
112,F8,170,-13.438,S1O
112,F8,171,-18.809,S1O
112,F8,172,-24.180,S1O
112,F8,173,-24.180,S1O
112,F8,174,-18.809,S1O
112,F8,175,-11.485,S1O
112,F8,176,-8.555,S1O
112,F8,177,-11.973,S1O
112,F8,178,-18.809,S1O
112,F8,179,-24.668,S1O
112,F8,180,-25.157,S1O
112,F8,181,-22.227,S1O
112,F8,182,-18.321,S1O
112,F8,183,-16.368,S1O
112,F8,184,-16.856,S1O
112,F8,185,-17.832,S1O
112,F8,186,-18.321,S1O
112,F8,187,-19.297,S1O
112,F8,188,-20.762,S1O
112,F8,189,-22.715,S1O
112,F8,190,-23.692,S1O
112,F8,191,-23.204,S1O
112,F8,192,-21.739,S1O
112,F8,193,-20.762,S1O
112,F8,194,-22.715,S1O
112,F8,195,-25.645,S1O
112,F8,196,-27.598,S1O
112,F8,197,-26.622,S1O
112,F8,198,-22.715,S1O
112,F8,199,-18.809,S1O
112,F8,200,-16.856,S1O
112,F8,201,-17.344,S1O
112,F8,202,-19.297,S1O
112,F8,203,-20.274,S1O
112,F8,204,-21.250,S1O
112,F8,205,-23.204,S1O
112,F8,206,-28.086,S1O
112,F8,207,-33.457,S1O
112,F8,208,-36.875,S1O
112,F8,209,-33.946,S1O
112,F8,210,-26.622,S1O
112,F8,211,-18.809,S1O
112,F8,212,-14.903,S1O
112,F8,213,-18.809,S1O
112,F8,214,-27.110,S1O
112,F8,215,-34.922,S1O
112,F8,216,-36.387,S1O
112,F8,217,-30.039,S1O
112,F8,218,-20.762,S1O
112,F8,219,-14.903,S1O
112,F8,220,-16.856,S1O
112,F8,221,-24.668,S1O
112,F8,222,-32.969,S1O
112,F8,223,-36.875,S1O
112,F8,224,-34.434,S1O
112,F8,225,-29.063,S1O
112,F8,226,-24.180,S1O
112,F8,227,-22.715,S1O
112,F8,228,-25.645,S1O
112,F8,229,-31.016,S1O
112,F8,230,-34.434,S1O
112,F8,231,-34.922,S1O
112,F8,232,-31.504,S1O
112,F8,233,-26.133,S1O
112,F8,234,-22.227,S1O
112,F8,235,-21.739,S1O
112,F8,236,-24.180,S1O
112,F8,237,-26.133,S1O
112,F8,238,-24.668,S1O
112,F8,239,-21.250,S1O
112,F8,240,-19.297,S1O
112,F8,241,-21.739,S1O
112,F8,242,-26.133,S1O
112,F8,243,-27.598,S1O
112,F8,244,-23.204,S1O
112,F8,245,-14.903,S1O
112,F8,246,-9.532,S1O
112,F8,247,-12.461,S1O
112,F8,248,-23.692,S1O
112,F8,249,-34.434,S1O
112,F8,250,-36.387,S1O
112,F8,251,-28.575,S1O
112,F8,252,-16.856,S1O
112,F8,253,-10.020,S1O
112,F8,254,-11.485,S1O
112,F8,255,-19.297,S1O
112,AF1,0,0.427,S1O
112,AF1,1,0.427,S1O
112,AF1,2,0.916,S1O
112,AF1,3,1.404,S1O
112,AF1,4,0.427,S1O
112,AF1,5,-1.526,S1O
112,AF1,6,-2.991,S1O
112,AF1,7,-3.479,S1O
112,AF1,8,-2.014,S1O
112,AF1,9,0.427,S1O
112,AF1,10,2.869,S1O
112,AF1,11,3.845,S1O
112,AF1,12,2.869,S1O
112,AF1,13,0.916,S1O
112,AF1,14,-1.526,S1O
112,AF1,15,-2.502,S1O
112,AF1,16,-2.991,S1O
112,AF1,17,-3.479,S1O
112,AF1,18,-4.944,S1O
112,AF1,19,-6.409,S1O
112,AF1,20,-7.385,S1O
112,AF1,21,-6.897,S1O
112,AF1,22,-5.432,S1O
112,AF1,23,-4.456,S1O
112,AF1,24,-4.456,S1O
112,AF1,25,-5.920,S1O
112,AF1,26,-6.897,S1O
112,AF1,27,-6.897,S1O
112,AF1,28,-5.432,S1O
112,AF1,29,-3.967,S1O
112,AF1,30,-3.967,S1O
112,AF1,31,-5.432,S1O
112,AF1,32,-7.385,S1O
112,AF1,33,-7.874,S1O
112,AF1,34,-7.385,S1O
112,AF1,35,-6.409,S1O
112,AF1,36,-6.897,S1O
112,AF1,37,-8.362,S1O
112,AF1,38,-9.338,S1O
112,AF1,39,-8.850,S1O
112,AF1,40,-5.432,S1O
112,AF1,41,-1.038,S1O
112,AF1,42,1.404,S1O
112,AF1,43,0.427,S1O
112,AF1,44,-3.479,S1O
112,AF1,45,-7.874,S1O
112,AF1,46,-9.338,S1O
112,AF1,47,-7.385,S1O
112,AF1,48,-3.967,S1O
112,AF1,49,-1.526,S1O
112,AF1,50,-2.502,S1O
112,AF1,51,-4.944,S1O
112,AF1,52,-6.897,S1O
112,AF1,53,-6.897,S1O
112,AF1,54,-4.944,S1O
112,AF1,55,-2.502,S1O
112,AF1,56,-2.014,S1O
112,AF1,57,-3.479,S1O
112,AF1,58,-4.944,S1O
112,AF1,59,-5.432,S1O
112,AF1,60,-3.479,S1O
112,AF1,61,-0.549,S1O
112,AF1,62,0.916,S1O
112,AF1,63,0.427,S1O
112,AF1,64,-2.502,S1O
112,AF1,65,-5.432,S1O
112,AF1,66,-7.385,S1O
112,AF1,67,-7.385,S1O
112,AF1,68,-7.385,S1O
112,AF1,69,-6.897,S1O
112,AF1,70,-6.897,S1O
112,AF1,71,-5.920,S1O
112,AF1,72,-3.967,S1O
112,AF1,73,-1.038,S1O
112,AF1,74,0.916,S1O
112,AF1,75,0.427,S1O
112,AF1,76,-3.479,S1O
112,AF1,77,-7.385,S1O
112,AF1,78,-9.338,S1O
112,AF1,79,-7.874,S1O
112,AF1,80,-3.967,S1O
112,AF1,81,-0.061,S1O
112,AF1,82,1.404,S1O
112,AF1,83,-0.549,S1O
112,AF1,84,-3.967,S1O
112,AF1,85,-6.897,S1O
112,AF1,86,-7.385,S1O
112,AF1,87,-4.944,S1O
112,AF1,88,-1.526,S1O
112,AF1,89,0.916,S1O
112,AF1,90,-0.061,S1O
112,AF1,91,-2.502,S1O
112,AF1,92,-5.432,S1O
112,AF1,93,-7.874,S1O
112,AF1,94,-7.874,S1O
112,AF1,95,-6.409,S1O
112,AF1,96,-3.479,S1O
112,AF1,97,-1.526,S1O
112,AF1,98,-2.014,S1O
112,AF1,99,-4.456,S1O
112,AF1,100,-7.874,S1O
112,AF1,101,-10.315,S1O
112,AF1,102,-10.803,S1O
112,AF1,103,-8.362,S1O
112,AF1,104,-5.432,S1O
112,AF1,105,-3.479,S1O
112,AF1,106,-2.991,S1O
112,AF1,107,-4.456,S1O
112,AF1,108,-6.409,S1O
112,AF1,109,-7.385,S1O
112,AF1,110,-7.874,S1O
112,AF1,111,-8.362,S1O
112,AF1,112,-8.362,S1O
112,AF1,113,-8.850,S1O
112,AF1,114,-9.338,S1O
112,AF1,115,-9.338,S1O
112,AF1,116,-8.850,S1O
112,AF1,117,-8.850,S1O
112,AF1,118,-8.850,S1O
112,AF1,119,-9.827,S1O
112,AF1,120,-10.315,S1O
112,AF1,121,-10.803,S1O
112,AF1,122,-10.315,S1O
112,AF1,123,-8.850,S1O
112,AF1,124,-7.874,S1O
112,AF1,125,-7.385,S1O
112,AF1,126,-8.362,S1O
112,AF1,127,-10.315,S1O
112,AF1,128,-11.780,S1O
112,AF1,129,-12.756,S1O
112,AF1,130,-11.292,S1O
112,AF1,131,-9.338,S1O
112,AF1,132,-7.874,S1O
112,AF1,133,-8.362,S1O
112,AF1,134,-10.315,S1O
112,AF1,135,-11.780,S1O
112,AF1,136,-13.245,S1O
112,AF1,137,-13.733,S1O
112,AF1,138,-13.245,S1O
112,AF1,139,-13.245,S1O
112,AF1,140,-13.245,S1O
112,AF1,141,-12.756,S1O
112,AF1,142,-11.292,S1O
112,AF1,143,-9.338,S1O
112,AF1,144,-7.874,S1O
112,AF1,145,-6.897,S1O
112,AF1,146,-7.385,S1O
112,AF1,147,-9.338,S1O
112,AF1,148,-11.292,S1O
112,AF1,149,-13.245,S1O
112,AF1,150,-14.221,S1O
112,AF1,151,-14.709,S1O
112,AF1,152,-14.221,S1O
112,AF1,153,-13.245,S1O
112,AF1,154,-12.756,S1O
112,AF1,155,-11.780,S1O
112,AF1,156,-12.756,S1O
112,AF1,157,-13.733,S1O
112,AF1,158,-15.198,S1O
112,AF1,159,-16.174,S1O
112,AF1,160,-15.686,S1O
112,AF1,161,-14.221,S1O
112,AF1,162,-12.268,S1O
112,AF1,163,-11.292,S1O
112,AF1,164,-11.292,S1O
112,AF1,165,-11.292,S1O
112,AF1,166,-12.268,S1O
112,AF1,167,-13.245,S1O
112,AF1,168,-14.221,S1O
112,AF1,169,-15.686,S1O
112,AF1,170,-16.174,S1O
112,AF1,171,-16.174,S1O
112,AF1,172,-14.709,S1O
112,AF1,173,-13.245,S1O
112,AF1,174,-11.780,S1O
112,AF1,175,-11.780,S1O
112,AF1,176,-13.733,S1O
112,AF1,177,-15.686,S1O
112,AF1,178,-16.663,S1O
112,AF1,179,-16.174,S1O
112,AF1,180,-14.709,S1O
112,AF1,181,-13.733,S1O
112,AF1,182,-13.245,S1O
112,AF1,183,-14.221,S1O
112,AF1,184,-15.686,S1O
112,AF1,185,-17.151,S1O
112,AF1,186,-17.151,S1O
112,AF1,187,-16.174,S1O
112,AF1,188,-14.709,S1O
112,AF1,189,-14.221,S1O
112,AF1,190,-14.221,S1O
112,AF1,191,-15.686,S1O
112,AF1,192,-16.663,S1O
112,AF1,193,-17.151,S1O
112,AF1,194,-16.663,S1O
112,AF1,195,-16.174,S1O
112,AF1,196,-15.686,S1O
112,AF1,197,-15.686,S1O
112,AF1,198,-16.174,S1O
112,AF1,199,-17.151,S1O
112,AF1,200,-17.151,S1O
112,AF1,201,-17.151,S1O
112,AF1,202,-17.151,S1O
112,AF1,203,-17.639,S1O
112,AF1,204,-18.127,S1O
112,AF1,205,-18.127,S1O
112,AF1,206,-17.639,S1O
112,AF1,207,-16.174,S1O
112,AF1,208,-14.709,S1O
112,AF1,209,-14.221,S1O
112,AF1,210,-14.709,S1O
112,AF1,211,-15.686,S1O
112,AF1,212,-16.174,S1O
112,AF1,213,-16.174,S1O
112,AF1,214,-15.198,S1O
112,AF1,215,-13.733,S1O
112,AF1,216,-13.733,S1O
112,AF1,217,-14.221,S1O
112,AF1,218,-15.198,S1O
112,AF1,219,-16.174,S1O
112,AF1,220,-17.151,S1O
112,AF1,221,-18.127,S1O
112,AF1,222,-18.616,S1O
112,AF1,223,-18.616,S1O
112,AF1,224,-18.127,S1O
112,AF1,225,-17.151,S1O
112,AF1,226,-16.174,S1O
112,AF1,227,-16.663,S1O
112,AF1,228,-19.104,S1O
112,AF1,229,-21.057,S1O
112,AF1,230,-22.522,S1O
112,AF1,231,-21.057,S1O
112,AF1,232,-18.127,S1O
112,AF1,233,-15.198,S1O
112,AF1,234,-14.221,S1O
112,AF1,235,-15.686,S1O
112,AF1,236,-18.127,S1O
112,AF1,237,-18.616,S1O
112,AF1,238,-17.151,S1O
112,AF1,239,-14.221,S1O
112,AF1,240,-11.780,S1O
112,AF1,241,-10.803,S1O
112,AF1,242,-11.780,S1O
112,AF1,243,-13.733,S1O
112,AF1,244,-14.221,S1O
112,AF1,245,-13.245,S1O
112,AF1,246,-11.780,S1O
112,AF1,247,-11.292,S1O
112,AF1,248,-11.780,S1O
112,AF1,249,-12.756,S1O
112,AF1,250,-12.756,S1O
112,AF1,251,-12.268,S1O
112,AF1,252,-11.780,S1O
112,AF1,253,-11.292,S1O
112,AF1,254,-11.780,S1O
112,AF1,255,-12.756,S1O
112,AF2,0,-0.448,S1O
112,AF2,1,-0.448,S1O
112,AF2,2,0.529,S1O
112,AF2,3,1.506,S1O
112,AF2,4,1.017,S1O
112,AF2,5,-0.448,S1O
112,AF2,6,-1.912,S1O
112,AF2,7,-2.401,S1O
112,AF2,8,-1.424,S1O
112,AF2,9,0.529,S1O
112,AF2,10,2.482,S1O
112,AF2,11,3.459,S1O
112,AF2,12,2.482,S1O
112,AF2,13,0.529,S1O
112,AF2,14,-0.936,S1O
112,AF2,15,-2.889,S1O
112,AF2,16,-3.866,S1O
112,AF2,17,-5.330,S1O
112,AF2,18,-6.795,S1O
112,AF2,19,-7.772,S1O
112,AF2,20,-7.284,S1O
112,AF2,21,-6.307,S1O
112,AF2,22,-4.842,S1O
112,AF2,23,-4.842,S1O
112,AF2,24,-6.307,S1O
112,AF2,25,-9.237,S1O
112,AF2,26,-10.701,S1O
112,AF2,27,-9.237,S1O
112,AF2,28,-5.819,S1O
112,AF2,29,-2.889,S1O
112,AF2,30,-2.889,S1O
112,AF2,31,-5.819,S1O
112,AF2,32,-9.725,S1O
112,AF2,33,-10.701,S1O
112,AF2,34,-9.237,S1O
112,AF2,35,-6.795,S1O
112,AF2,36,-6.307,S1O
112,AF2,37,-8.748,S1O
112,AF2,38,-11.678,S1O
112,AF2,39,-11.678,S1O
112,AF2,40,-8.748,S1O
112,AF2,41,-3.866,S1O
112,AF2,42,-1.424,S1O
112,AF2,43,-2.401,S1O
112,AF2,44,-6.307,S1O
112,AF2,45,-9.725,S1O
112,AF2,46,-9.725,S1O
112,AF2,47,-7.284,S1O
112,AF2,48,-4.842,S1O
112,AF2,49,-4.842,S1O
112,AF2,50,-8.260,S1O
112,AF2,51,-12.166,S1O
112,AF2,52,-12.655,S1O
112,AF2,53,-9.237,S1O
112,AF2,54,-3.866,S1O
112,AF2,55,-0.448,S1O
112,AF2,56,-1.424,S1O
112,AF2,57,-5.819,S1O
112,AF2,58,-10.701,S1O
112,AF2,59,-11.678,S1O
112,AF2,60,-8.748,S1O
112,AF2,61,-2.889,S1O
112,AF2,62,1.506,S1O
112,AF2,63,1.994,S1O
112,AF2,64,-1.912,S1O
112,AF2,65,-7.284,S1O
112,AF2,66,-11.678,S1O
112,AF2,67,-13.631,S1O
112,AF2,68,-12.166,S1O
112,AF2,69,-9.237,S1O
112,AF2,70,-6.307,S1O
112,AF2,71,-5.330,S1O
112,AF2,72,-4.842,S1O
112,AF2,73,-5.330,S1O
112,AF2,74,-6.307,S1O
112,AF2,75,-8.260,S1O
112,AF2,76,-9.237,S1O
112,AF2,77,-9.725,S1O
112,AF2,78,-8.260,S1O
112,AF2,79,-5.819,S1O
112,AF2,80,-3.866,S1O
112,AF2,81,-2.889,S1O
112,AF2,82,-4.842,S1O
112,AF2,83,-7.284,S1O
112,AF2,84,-9.237,S1O
112,AF2,85,-8.748,S1O
112,AF2,86,-5.819,S1O
112,AF2,87,-2.889,S1O
112,AF2,88,-1.912,S1O
112,AF2,89,-3.866,S1O
112,AF2,90,-6.795,S1O
112,AF2,91,-8.748,S1O
112,AF2,92,-8.748,S1O
112,AF2,93,-8.260,S1O
112,AF2,94,-6.795,S1O
112,AF2,95,-5.819,S1O
112,AF2,96,-4.842,S1O
112,AF2,97,-4.842,S1O
112,AF2,98,-5.330,S1O
112,AF2,99,-6.795,S1O
112,AF2,100,-10.213,S1O
112,AF2,101,-13.631,S1O
112,AF2,102,-15.096,S1O
112,AF2,103,-13.631,S1O
112,AF2,104,-10.213,S1O
112,AF2,105,-6.795,S1O
112,AF2,106,-5.819,S1O
112,AF2,107,-7.284,S1O
112,AF2,108,-10.213,S1O
112,AF2,109,-12.166,S1O
112,AF2,110,-12.655,S1O
112,AF2,111,-11.678,S1O
112,AF2,112,-10.701,S1O
112,AF2,113,-10.701,S1O
112,AF2,114,-12.166,S1O
112,AF2,115,-14.608,S1O
112,AF2,116,-16.561,S1O
112,AF2,117,-17.049,S1O
112,AF2,118,-15.584,S1O
112,AF2,119,-13.631,S1O
112,AF2,120,-11.678,S1O
112,AF2,121,-11.678,S1O
112,AF2,122,-12.166,S1O
112,AF2,123,-13.631,S1O
112,AF2,124,-14.119,S1O
112,AF2,125,-13.631,S1O
112,AF2,126,-13.143,S1O
112,AF2,127,-12.655,S1O
112,AF2,128,-12.655,S1O
112,AF2,129,-13.143,S1O
112,AF2,130,-12.655,S1O
112,AF2,131,-12.655,S1O
112,AF2,132,-13.143,S1O
112,AF2,133,-13.631,S1O
112,AF2,134,-14.119,S1O
112,AF2,135,-13.631,S1O
112,AF2,136,-13.143,S1O
112,AF2,137,-13.143,S1O
112,AF2,138,-13.631,S1O
112,AF2,139,-15.096,S1O
112,AF2,140,-15.584,S1O
112,AF2,141,-14.608,S1O
112,AF2,142,-12.166,S1O
112,AF2,143,-10.213,S1O
112,AF2,144,-8.748,S1O
112,AF2,145,-9.237,S1O
112,AF2,146,-11.190,S1O
112,AF2,147,-12.655,S1O
112,AF2,148,-14.119,S1O
112,AF2,149,-14.119,S1O
112,AF2,150,-13.631,S1O
112,AF2,151,-13.631,S1O
112,AF2,152,-13.631,S1O
112,AF2,153,-14.119,S1O
112,AF2,154,-14.608,S1O
112,AF2,155,-14.608,S1O
112,AF2,156,-15.096,S1O
112,AF2,157,-15.584,S1O
112,AF2,158,-16.561,S1O
112,AF2,159,-16.073,S1O
112,AF2,160,-15.096,S1O
112,AF2,161,-13.631,S1O
112,AF2,162,-12.655,S1O
112,AF2,163,-12.166,S1O
112,AF2,164,-13.143,S1O
112,AF2,165,-13.631,S1O
112,AF2,166,-14.119,S1O
112,AF2,167,-14.608,S1O
112,AF2,168,-15.584,S1O
112,AF2,169,-16.561,S1O
112,AF2,170,-18.026,S1O
112,AF2,171,-17.537,S1O
112,AF2,172,-16.073,S1O
112,AF2,173,-13.143,S1O
112,AF2,174,-11.190,S1O
112,AF2,175,-11.678,S1O
112,AF2,176,-14.119,S1O
112,AF2,177,-17.049,S1O
112,AF2,178,-18.514,S1O
112,AF2,179,-17.049,S1O
112,AF2,180,-14.608,S1O
112,AF2,181,-12.166,S1O
112,AF2,182,-12.655,S1O
112,AF2,183,-16.073,S1O
112,AF2,184,-19.979,S1O
112,AF2,185,-21.932,S1O
112,AF2,186,-20.467,S1O
112,AF2,187,-16.561,S1O
112,AF2,188,-13.631,S1O
112,AF2,189,-13.143,S1O
112,AF2,190,-15.584,S1O
112,AF2,191,-19.491,S1O
112,AF2,192,-21.444,S1O
112,AF2,193,-21.444,S1O
112,AF2,194,-19.002,S1O
112,AF2,195,-16.561,S1O
112,AF2,196,-16.561,S1O
112,AF2,197,-18.026,S1O
112,AF2,198,-19.979,S1O
112,AF2,199,-20.955,S1O
112,AF2,200,-19.979,S1O
112,AF2,201,-19.491,S1O
112,AF2,202,-19.491,S1O
112,AF2,203,-20.467,S1O
112,AF2,204,-21.932,S1O
112,AF2,205,-21.932,S1O
112,AF2,206,-20.955,S1O
112,AF2,207,-19.491,S1O
112,AF2,208,-18.514,S1O
112,AF2,209,-18.514,S1O
112,AF2,210,-19.002,S1O
112,AF2,211,-19.002,S1O
112,AF2,212,-19.002,S1O
112,AF2,213,-19.979,S1O
112,AF2,214,-21.932,S1O
112,AF2,215,-23.397,S1O
112,AF2,216,-23.885,S1O
112,AF2,217,-21.932,S1O
112,AF2,218,-19.491,S1O
112,AF2,219,-18.514,S1O
112,AF2,220,-19.979,S1O
112,AF2,221,-22.420,S1O
112,AF2,222,-24.862,S1O
112,AF2,223,-24.862,S1O
112,AF2,224,-22.909,S1O
112,AF2,225,-21.444,S1O
112,AF2,226,-20.955,S1O
112,AF2,227,-22.420,S1O
112,AF2,228,-24.862,S1O
112,AF2,229,-26.815,S1O
112,AF2,230,-27.303,S1O
112,AF2,231,-25.350,S1O
112,AF2,232,-22.909,S1O
112,AF2,233,-20.955,S1O
112,AF2,234,-20.955,S1O
112,AF2,235,-21.932,S1O
112,AF2,236,-23.397,S1O
112,AF2,237,-23.397,S1O
112,AF2,238,-21.932,S1O
112,AF2,239,-19.002,S1O
112,AF2,240,-17.049,S1O
112,AF2,241,-16.561,S1O
112,AF2,242,-18.514,S1O
112,AF2,243,-20.467,S1O
112,AF2,244,-20.955,S1O
112,AF2,245,-19.491,S1O
112,AF2,246,-17.537,S1O
112,AF2,247,-16.561,S1O
112,AF2,248,-16.561,S1O
112,AF2,249,-18.514,S1O
112,AF2,250,-19.002,S1O
112,AF2,251,-19.002,S1O
112,AF2,252,-17.049,S1O
112,AF2,253,-15.584,S1O
112,AF2,254,-15.584,S1O
112,AF2,255,-18.026,S1O
112,FZ,0,-1.211,S1O
112,FZ,1,-0.722,S1O
112,FZ,2,0.254,S1O
112,FZ,3,0.254,S1O
112,FZ,4,-0.234,S1O
112,FZ,5,-1.211,S1O
112,FZ,6,-2.187,S1O
112,FZ,7,-2.675,S1O
112,FZ,8,-2.187,S1O
112,FZ,9,-1.211,S1O
112,FZ,10,0.254,S1O
112,FZ,11,1.231,S1O
112,FZ,12,1.231,S1O
112,FZ,13,0.743,S1O
112,FZ,14,-0.234,S1O
112,FZ,15,-1.699,S1O
112,FZ,16,-2.675,S1O
112,FZ,17,-4.140,S1O
112,FZ,18,-5.117,S1O
112,FZ,19,-5.605,S1O
112,FZ,20,-5.117,S1O
112,FZ,21,-4.140,S1O
112,FZ,22,-2.675,S1O
112,FZ,23,-3.164,S1O
112,FZ,24,-3.652,S1O
112,FZ,25,-4.628,S1O
112,FZ,26,-5.117,S1O
112,FZ,27,-4.140,S1O
112,FZ,28,-2.675,S1O
112,FZ,29,-1.699,S1O
112,FZ,30,-1.699,S1O
112,FZ,31,-3.164,S1O
112,FZ,32,-4.628,S1O
112,FZ,33,-4.628,S1O
112,FZ,34,-3.652,S1O
112,FZ,35,-2.675,S1O
112,FZ,36,-2.675,S1O
112,FZ,37,-3.652,S1O
112,FZ,38,-4.628,S1O
112,FZ,39,-4.140,S1O
112,FZ,40,-1.699,S1O
112,FZ,41,0.743,S1O
112,FZ,42,2.207,S1O
112,FZ,43,1.719,S1O
112,FZ,44,-0.722,S1O
112,FZ,45,-3.164,S1O
112,FZ,46,-3.652,S1O
112,FZ,47,-2.675,S1O
112,FZ,48,-0.722,S1O
112,FZ,49,0.254,S1O
112,FZ,50,-0.722,S1O
112,FZ,51,-2.675,S1O
112,FZ,52,-3.652,S1O
112,FZ,53,-2.675,S1O
112,FZ,54,-0.722,S1O
112,FZ,55,0.743,S1O
112,FZ,56,0.743,S1O
112,FZ,57,-1.211,S1O
112,FZ,58,-2.187,S1O
112,FZ,59,-2.187,S1O
112,FZ,60,0.254,S1O
112,FZ,61,2.696,S1O
112,FZ,62,4.161,S1O
112,FZ,63,3.184,S1O
112,FZ,64,0.743,S1O
112,FZ,65,-2.187,S1O
112,FZ,66,-4.140,S1O
112,FZ,67,-4.140,S1O
112,FZ,68,-3.652,S1O
112,FZ,69,-2.675,S1O
112,FZ,70,-1.699,S1O
112,FZ,71,-0.722,S1O
112,FZ,72,0.743,S1O
112,FZ,73,2.207,S1O
112,FZ,74,2.696,S1O
112,FZ,75,1.719,S1O
112,FZ,76,-0.722,S1O
112,FZ,77,-3.164,S1O
112,FZ,78,-3.164,S1O
112,FZ,79,-2.187,S1O
112,FZ,80,0.743,S1O
112,FZ,81,2.696,S1O
112,FZ,82,2.207,S1O
112,FZ,83,0.254,S1O
112,FZ,84,-2.187,S1O
112,FZ,85,-3.652,S1O
112,FZ,86,-2.675,S1O
112,FZ,87,-1.211,S1O
112,FZ,88,0.254,S1O
112,FZ,89,0.743,S1O
112,FZ,90,-0.234,S1O
112,FZ,91,-2.187,S1O
112,FZ,92,-3.652,S1O
112,FZ,93,-4.140,S1O
112,FZ,94,-3.652,S1O
112,FZ,95,-2.675,S1O
112,FZ,96,-1.211,S1O
112,FZ,97,-0.234,S1O
112,FZ,98,-0.722,S1O
112,FZ,99,-2.187,S1O
112,FZ,100,-4.140,S1O
112,FZ,101,-6.093,S1O
112,FZ,102,-5.605,S1O
112,FZ,103,-4.140,S1O
112,FZ,104,-2.187,S1O
112,FZ,105,-1.211,S1O
112,FZ,106,-1.699,S1O
112,FZ,107,-3.164,S1O
112,FZ,108,-4.628,S1O
112,FZ,109,-5.117,S1O
112,FZ,110,-4.628,S1O
112,FZ,111,-3.652,S1O
112,FZ,112,-3.652,S1O
112,FZ,113,-4.140,S1O
112,FZ,114,-5.605,S1O
112,FZ,115,-6.582,S1O
112,FZ,116,-7.070,S1O
112,FZ,117,-6.582,S1O
112,FZ,118,-6.093,S1O
112,FZ,119,-5.605,S1O
112,FZ,120,-5.605,S1O
112,FZ,121,-6.093,S1O
112,FZ,122,-6.582,S1O
112,FZ,123,-6.093,S1O
112,FZ,124,-5.605,S1O
112,FZ,125,-5.117,S1O
112,FZ,126,-4.628,S1O
112,FZ,127,-5.117,S1O
112,FZ,128,-5.605,S1O
112,FZ,129,-6.093,S1O
112,FZ,130,-5.605,S1O
112,FZ,131,-5.605,S1O
112,FZ,132,-5.117,S1O
112,FZ,133,-5.605,S1O
112,FZ,134,-6.582,S1O
112,FZ,135,-7.070,S1O
112,FZ,136,-7.558,S1O
112,FZ,137,-8.046,S1O
112,FZ,138,-8.535,S1O
112,FZ,139,-9.023,S1O
112,FZ,140,-9.023,S1O
112,FZ,141,-8.535,S1O
112,FZ,142,-7.070,S1O
112,FZ,143,-5.117,S1O
112,FZ,144,-3.652,S1O
112,FZ,145,-2.675,S1O
112,FZ,146,-3.164,S1O
112,FZ,147,-5.117,S1O
112,FZ,148,-7.070,S1O
112,FZ,149,-9.023,S1O
112,FZ,150,-9.511,S1O
112,FZ,151,-9.023,S1O
112,FZ,152,-8.046,S1O
112,FZ,153,-7.070,S1O
112,FZ,154,-6.582,S1O
112,FZ,155,-8.046,S1O
112,FZ,156,-9.511,S1O
112,FZ,157,-10.976,S1O
112,FZ,158,-10.976,S1O
112,FZ,159,-10.488,S1O
112,FZ,160,-9.511,S1O
112,FZ,161,-8.046,S1O
112,FZ,162,-7.070,S1O
112,FZ,163,-7.070,S1O
112,FZ,164,-7.070,S1O
112,FZ,165,-7.558,S1O
112,FZ,166,-8.046,S1O
112,FZ,167,-9.023,S1O
112,FZ,168,-10.000,S1O
112,FZ,169,-10.976,S1O
112,FZ,170,-11.464,S1O
112,FZ,171,-10.488,S1O
112,FZ,172,-9.023,S1O
112,FZ,173,-7.558,S1O
112,FZ,174,-6.582,S1O
112,FZ,175,-7.070,S1O
112,FZ,176,-8.535,S1O
112,FZ,177,-10.000,S1O
112,FZ,178,-10.488,S1O
112,FZ,179,-10.000,S1O
112,FZ,180,-8.535,S1O
112,FZ,181,-7.070,S1O
112,FZ,182,-7.070,S1O
112,FZ,183,-8.535,S1O
112,FZ,184,-10.000,S1O
112,FZ,185,-11.464,S1O
112,FZ,186,-10.976,S1O
112,FZ,187,-9.511,S1O
112,FZ,188,-8.046,S1O
112,FZ,189,-7.070,S1O
112,FZ,190,-7.070,S1O
112,FZ,191,-8.535,S1O
112,FZ,192,-9.511,S1O
112,FZ,193,-10.000,S1O
112,FZ,194,-10.000,S1O
112,FZ,195,-9.023,S1O
112,FZ,196,-9.023,S1O
112,FZ,197,-9.511,S1O
112,FZ,198,-9.511,S1O
112,FZ,199,-10.000,S1O
112,FZ,200,-9.023,S1O
112,FZ,201,-8.535,S1O
112,FZ,202,-8.535,S1O
112,FZ,203,-9.023,S1O
112,FZ,204,-10.000,S1O
112,FZ,205,-10.488,S1O
112,FZ,206,-10.000,S1O
112,FZ,207,-8.535,S1O
112,FZ,208,-7.558,S1O
112,FZ,209,-7.558,S1O
112,FZ,210,-7.070,S1O
112,FZ,211,-7.070,S1O
112,FZ,212,-7.070,S1O
112,FZ,213,-7.070,S1O
112,FZ,214,-7.558,S1O
112,FZ,215,-8.535,S1O
112,FZ,216,-8.535,S1O
112,FZ,217,-8.046,S1O
112,FZ,218,-7.070,S1O
112,FZ,219,-6.582,S1O
112,FZ,220,-8.046,S1O
112,FZ,221,-9.511,S1O
112,FZ,222,-10.976,S1O
112,FZ,223,-11.464,S1O
112,FZ,224,-10.488,S1O
112,FZ,225,-9.023,S1O
112,FZ,226,-7.558,S1O
112,FZ,227,-8.535,S1O
112,FZ,228,-10.000,S1O
112,FZ,229,-11.953,S1O
112,FZ,230,-12.929,S1O
112,FZ,231,-12.441,S1O
112,FZ,232,-10.488,S1O
112,FZ,233,-8.535,S1O
112,FZ,234,-8.046,S1O
112,FZ,235,-9.023,S1O
112,FZ,236,-10.488,S1O
112,FZ,237,-10.976,S1O
112,FZ,238,-10.488,S1O
112,FZ,239,-9.023,S1O
112,FZ,240,-7.070,S1O
112,FZ,241,-6.582,S1O
112,FZ,242,-6.582,S1O
112,FZ,243,-6.582,S1O
112,FZ,244,-6.582,S1O
112,FZ,245,-6.093,S1O
112,FZ,246,-5.605,S1O
112,FZ,247,-6.093,S1O
112,FZ,248,-7.070,S1O
112,FZ,249,-7.558,S1O
112,FZ,250,-7.070,S1O
112,FZ,251,-6.093,S1O
112,FZ,252,-4.628,S1O
112,FZ,253,-4.628,S1O
112,FZ,254,-5.605,S1O
112,FZ,255,-7.558,S1O
112,F4,0,-1.770,S1O
112,F4,1,-1.770,S1O
112,F4,2,-0.793,S1O
112,F4,3,0.183,S1O
112,F4,4,0.671,S1O
112,F4,5,0.183,S1O
112,F4,6,-0.305,S1O
112,F4,7,-0.793,S1O
112,F4,8,-0.305,S1O
112,F4,9,0.183,S1O
112,F4,10,1.160,S1O
112,F4,11,1.648,S1O
112,F4,12,2.136,S1O
112,F4,13,2.625,S1O
112,F4,14,1.648,S1O
112,F4,15,-0.793,S1O
112,F4,16,-4.211,S1O
112,F4,17,-7.141,S1O
112,F4,18,-8.118,S1O
112,F4,19,-6.165,S1O
112,F4,20,-2.747,S1O
112,F4,21,0.671,S1O
112,F4,22,1.648,S1O
112,F4,23,-1.282,S1O
112,F4,24,-6.165,S1O
112,F4,25,-9.583,S1O
112,F4,26,-9.583,S1O
112,F4,27,-5.676,S1O
112,F4,28,-0.305,S1O
112,F4,29,3.113,S1O
112,F4,30,2.136,S1O
112,F4,31,-2.258,S1O
112,F4,32,-6.653,S1O
112,F4,33,-8.606,S1O
112,F4,34,-6.653,S1O
112,F4,35,-3.723,S1O
112,F4,36,-1.770,S1O
112,F4,37,-2.258,S1O
112,F4,38,-4.211,S1O
112,F4,39,-4.700,S1O
112,F4,40,-3.235,S1O
112,F4,41,-1.770,S1O
112,F4,42,-0.793,S1O
112,F4,43,-1.770,S1O
112,F4,44,-3.723,S1O
112,F4,45,-3.723,S1O
112,F4,46,-1.770,S1O
112,F4,47,0.183,S1O
112,F4,48,1.648,S1O
112,F4,49,-0.793,S1O
112,F4,50,-5.188,S1O
112,F4,51,-8.606,S1O
112,F4,52,-8.606,S1O
112,F4,53,-4.211,S1O
112,F4,54,1.160,S1O
112,F4,55,4.089,S1O
112,F4,56,3.113,S1O
112,F4,57,-1.770,S1O
112,F4,58,-6.165,S1O
112,F4,59,-7.141,S1O
112,F4,60,-3.235,S1O
112,F4,61,2.136,S1O
112,F4,62,5.554,S1O
112,F4,63,5.066,S1O
112,F4,64,0.671,S1O
112,F4,65,-5.188,S1O
112,F4,66,-9.094,S1O
112,F4,67,-9.583,S1O
112,F4,68,-7.141,S1O
112,F4,69,-3.723,S1O
112,F4,70,-1.282,S1O
112,F4,71,-0.793,S1O
112,F4,72,-1.770,S1O
112,F4,73,-3.235,S1O
112,F4,74,-4.700,S1O
112,F4,75,-5.676,S1O
112,F4,76,-5.676,S1O
112,F4,77,-4.700,S1O
112,F4,78,-2.258,S1O
112,F4,79,1.160,S1O
112,F4,80,3.601,S1O
112,F4,81,3.601,S1O
112,F4,82,0.671,S1O
112,F4,83,-2.747,S1O
112,F4,84,-4.211,S1O
112,F4,85,-1.770,S1O
112,F4,86,2.625,S1O
112,F4,87,5.554,S1O
112,F4,88,5.066,S1O
112,F4,89,1.160,S1O
112,F4,90,-3.235,S1O
112,F4,91,-5.676,S1O
112,F4,92,-5.188,S1O
112,F4,93,-3.235,S1O
112,F4,94,-0.793,S1O
112,F4,95,0.183,S1O
112,F4,96,0.671,S1O
112,F4,97,1.160,S1O
112,F4,98,0.671,S1O
112,F4,99,-1.282,S1O
112,F4,100,-5.676,S1O
112,F4,101,-9.583,S1O
112,F4,102,-11.047,S1O
112,F4,103,-8.606,S1O
112,F4,104,-3.723,S1O
112,F4,105,0.671,S1O
112,F4,106,1.160,S1O
112,F4,107,-1.770,S1O
112,F4,108,-5.676,S1O
112,F4,109,-7.141,S1O
112,F4,110,-6.653,S1O
112,F4,111,-5.188,S1O
112,F4,112,-5.188,S1O
112,F4,113,-6.653,S1O
112,F4,114,-8.606,S1O
112,F4,115,-10.071,S1O
112,F4,116,-9.583,S1O
112,F4,117,-8.118,S1O
112,F4,118,-6.165,S1O
112,F4,119,-5.188,S1O
112,F4,120,-6.165,S1O
112,F4,121,-8.118,S1O
112,F4,122,-10.071,S1O
112,F4,123,-11.047,S1O
112,F4,124,-10.071,S1O
112,F4,125,-8.606,S1O
112,F4,126,-6.653,S1O
112,F4,127,-5.676,S1O
112,F4,128,-5.676,S1O
112,F4,129,-5.676,S1O
112,F4,130,-5.676,S1O
112,F4,131,-6.653,S1O
112,F4,132,-7.629,S1O
112,F4,133,-9.094,S1O
112,F4,134,-10.071,S1O
112,F4,135,-9.094,S1O
112,F4,136,-7.141,S1O
112,F4,137,-5.188,S1O
112,F4,138,-5.188,S1O
112,F4,139,-6.653,S1O
112,F4,140,-9.094,S1O
112,F4,141,-10.559,S1O
112,F4,142,-9.583,S1O
112,F4,143,-6.653,S1O
112,F4,144,-3.235,S1O
112,F4,145,-2.258,S1O
112,F4,146,-4.211,S1O
112,F4,147,-7.629,S1O
112,F4,148,-11.536,S1O
112,F4,149,-13.000,S1O
112,F4,150,-11.536,S1O
112,F4,151,-8.606,S1O
112,F4,152,-4.700,S1O
112,F4,153,-3.235,S1O
112,F4,154,-4.700,S1O
112,F4,155,-8.606,S1O
112,F4,156,-12.512,S1O
112,F4,157,-13.977,S1O
112,F4,158,-12.512,S1O
112,F4,159,-9.094,S1O
112,F4,160,-5.188,S1O
112,F4,161,-3.723,S1O
112,F4,162,-5.188,S1O
112,F4,163,-7.629,S1O
112,F4,164,-9.094,S1O
112,F4,165,-9.094,S1O
112,F4,166,-7.629,S1O
112,F4,167,-6.165,S1O
112,F4,168,-7.141,S1O
112,F4,169,-9.583,S1O
112,F4,170,-12.024,S1O
112,F4,171,-12.024,S1O
112,F4,172,-10.559,S1O
112,F4,173,-7.629,S1O
112,F4,174,-5.676,S1O
112,F4,175,-6.165,S1O
112,F4,176,-7.629,S1O
112,F4,177,-9.094,S1O
112,F4,178,-9.583,S1O
112,F4,179,-8.118,S1O
112,F4,180,-5.676,S1O
112,F4,181,-4.700,S1O
112,F4,182,-5.676,S1O
112,F4,183,-8.606,S1O
112,F4,184,-11.047,S1O
112,F4,185,-12.512,S1O
112,F4,186,-10.559,S1O
112,F4,187,-7.629,S1O
112,F4,188,-5.676,S1O
112,F4,189,-6.165,S1O
112,F4,190,-8.606,S1O
112,F4,191,-11.047,S1O
112,F4,192,-12.024,S1O
112,F4,193,-10.071,S1O
112,F4,194,-7.629,S1O
112,F4,195,-6.653,S1O
112,F4,196,-8.606,S1O
112,F4,197,-11.047,S1O
112,F4,198,-12.512,S1O
112,F4,199,-12.024,S1O
112,F4,200,-10.071,S1O
112,F4,201,-8.118,S1O
112,F4,202,-8.118,S1O
112,F4,203,-9.583,S1O
112,F4,204,-10.559,S1O
112,F4,205,-10.071,S1O
112,F4,206,-9.094,S1O
112,F4,207,-9.094,S1O
112,F4,208,-10.559,S1O
112,F4,209,-11.536,S1O
112,F4,210,-10.559,S1O
112,F4,211,-9.094,S1O
112,F4,212,-7.629,S1O
112,F4,213,-8.606,S1O
112,F4,214,-12.024,S1O
112,F4,215,-14.465,S1O
112,F4,216,-14.465,S1O
112,F4,217,-12.024,S1O
112,F4,218,-9.094,S1O
112,F4,219,-9.094,S1O
112,F4,220,-11.536,S1O
112,F4,221,-14.465,S1O
112,F4,222,-14.954,S1O
112,F4,223,-13.000,S1O
112,F4,224,-10.071,S1O
112,F4,225,-8.606,S1O
112,F4,226,-9.583,S1O
112,F4,227,-11.047,S1O
112,F4,228,-13.000,S1O
112,F4,229,-13.489,S1O
112,F4,230,-13.489,S1O
112,F4,231,-13.489,S1O
112,F4,232,-13.489,S1O
112,F4,233,-13.000,S1O
112,F4,234,-12.024,S1O
112,F4,235,-10.559,S1O
112,F4,236,-9.583,S1O
112,F4,237,-9.094,S1O
112,F4,238,-8.606,S1O
112,F4,239,-8.118,S1O
112,F4,240,-7.629,S1O
112,F4,241,-7.629,S1O
112,F4,242,-8.118,S1O
112,F4,243,-8.118,S1O
112,F4,244,-7.629,S1O
112,F4,245,-6.165,S1O
112,F4,246,-4.700,S1O
112,F4,247,-4.700,S1O
112,F4,248,-6.165,S1O
112,F4,249,-8.606,S1O
112,F4,250,-10.071,S1O
112,F4,251,-8.606,S1O
112,F4,252,-5.676,S1O
112,F4,253,-3.235,S1O
112,F4,254,-3.723,S1O
112,F4,255,-7.141,S1O
112,F3,0,-1.190,S1O
112,F3,1,-0.702,S1O
112,F3,2,0.275,S1O
112,F3,3,0.763,S1O
112,F3,4,0.763,S1O
112,F3,5,-0.214,S1O
112,F3,6,-1.678,S1O
112,F3,7,-3.143,S1O
112,F3,8,-3.143,S1O
112,F3,9,-1.190,S1O
112,F3,10,1.251,S1O
112,F3,11,3.693,S1O
112,F3,12,4.181,S1O
112,F3,13,3.204,S1O
112,F3,14,0.275,S1O
112,F3,15,-2.655,S1O
112,F3,16,-5.096,S1O
112,F3,17,-6.561,S1O
112,F3,18,-6.561,S1O
112,F3,19,-6.073,S1O
112,F3,20,-5.585,S1O
112,F3,21,-5.585,S1O
112,F3,22,-5.585,S1O
112,F3,23,-5.585,S1O
112,F3,24,-5.585,S1O
112,F3,25,-6.073,S1O
112,F3,26,-6.073,S1O
112,F3,27,-5.585,S1O
112,F3,28,-4.608,S1O
112,F3,29,-4.608,S1O
112,F3,30,-5.096,S1O
112,F3,31,-6.561,S1O
112,F3,32,-7.538,S1O
112,F3,33,-8.026,S1O
112,F3,34,-7.538,S1O
112,F3,35,-6.561,S1O
112,F3,36,-6.561,S1O
112,F3,37,-7.538,S1O
112,F3,38,-7.538,S1O
112,F3,39,-6.561,S1O
112,F3,40,-4.120,S1O
112,F3,41,-0.702,S1O
112,F3,42,1.251,S1O
112,F3,43,0.275,S1O
112,F3,44,-2.167,S1O
112,F3,45,-6.073,S1O
112,F3,46,-8.026,S1O
112,F3,47,-7.538,S1O
112,F3,48,-5.585,S1O
112,F3,49,-3.143,S1O
112,F3,50,-2.655,S1O
112,F3,51,-4.120,S1O
112,F3,52,-5.096,S1O
112,F3,53,-5.096,S1O
112,F3,54,-4.120,S1O
112,F3,55,-2.167,S1O
112,F3,56,-1.190,S1O
112,F3,57,-2.655,S1O
112,F3,58,-3.632,S1O
112,F3,59,-3.632,S1O
112,F3,60,-2.167,S1O
112,F3,61,-0.702,S1O
112,F3,62,0.275,S1O
112,F3,63,-0.702,S1O
112,F3,64,-4.120,S1O
112,F3,65,-7.050,S1O
112,F3,66,-8.514,S1O
112,F3,67,-8.026,S1O
112,F3,68,-7.050,S1O
112,F3,69,-6.073,S1O
112,F3,70,-5.096,S1O
112,F3,71,-4.120,S1O
112,F3,72,-2.167,S1O
112,F3,73,-0.214,S1O
112,F3,74,0.275,S1O
112,F3,75,-0.702,S1O
112,F3,76,-4.120,S1O
112,F3,77,-7.050,S1O
112,F3,78,-8.514,S1O
112,F3,79,-7.050,S1O
112,F3,80,-4.120,S1O
112,F3,81,-1.678,S1O
112,F3,82,-0.702,S1O
112,F3,83,-1.678,S1O
112,F3,84,-4.120,S1O
112,F3,85,-6.073,S1O
112,F3,86,-7.050,S1O
112,F3,87,-6.073,S1O
112,F3,88,-4.120,S1O
112,F3,89,-2.655,S1O
112,F3,90,-2.167,S1O
112,F3,91,-3.143,S1O
112,F3,92,-5.585,S1O
112,F3,93,-7.538,S1O
112,F3,94,-7.538,S1O
112,F3,95,-5.585,S1O
112,F3,96,-2.655,S1O
112,F3,97,-1.678,S1O
112,F3,98,-2.167,S1O
112,F3,99,-5.096,S1O
112,F3,100,-8.026,S1O
112,F3,101,-9.491,S1O
112,F3,102,-8.026,S1O
112,F3,103,-5.585,S1O
112,F3,104,-2.655,S1O
112,F3,105,-2.655,S1O
112,F3,106,-4.120,S1O
112,F3,107,-6.561,S1O
112,F3,108,-7.538,S1O
112,F3,109,-6.561,S1O
112,F3,110,-5.096,S1O
112,F3,111,-3.632,S1O
112,F3,112,-4.120,S1O
112,F3,113,-5.585,S1O
112,F3,114,-7.538,S1O
112,F3,115,-9.003,S1O
112,F3,116,-9.003,S1O
112,F3,117,-7.538,S1O
112,F3,118,-6.561,S1O
112,F3,119,-6.561,S1O
112,F3,120,-7.050,S1O
112,F3,121,-7.538,S1O
112,F3,122,-7.538,S1O
112,F3,123,-7.050,S1O
112,F3,124,-5.585,S1O
112,F3,125,-4.120,S1O
112,F3,126,-4.608,S1O
112,F3,127,-6.073,S1O
112,F3,128,-8.026,S1O
112,F3,129,-8.514,S1O
112,F3,130,-8.514,S1O
112,F3,131,-7.050,S1O
112,F3,132,-6.073,S1O
112,F3,133,-6.561,S1O
112,F3,134,-7.538,S1O
112,F3,135,-8.514,S1O
112,F3,136,-9.003,S1O
112,F3,137,-8.514,S1O
112,F3,138,-8.514,S1O
112,F3,139,-8.026,S1O
112,F3,140,-8.026,S1O
112,F3,141,-8.026,S1O
112,F3,142,-7.538,S1O
112,F3,143,-6.561,S1O
112,F3,144,-5.585,S1O
112,F3,145,-5.096,S1O
112,F3,146,-4.608,S1O
112,F3,147,-5.096,S1O
112,F3,148,-6.561,S1O
112,F3,149,-8.026,S1O
112,F3,150,-8.514,S1O
112,F3,151,-8.514,S1O
112,F3,152,-7.538,S1O
112,F3,153,-7.050,S1O
112,F3,154,-7.050,S1O
112,F3,155,-8.514,S1O
112,F3,156,-10.468,S1O
112,F3,157,-12.421,S1O
112,F3,158,-12.421,S1O
112,F3,159,-11.444,S1O
112,F3,160,-10.468,S1O
112,F3,161,-9.003,S1O
112,F3,162,-9.491,S1O
112,F3,163,-9.491,S1O
112,F3,164,-9.491,S1O
112,F3,165,-9.003,S1O
112,F3,166,-9.003,S1O
112,F3,167,-9.491,S1O
112,F3,168,-10.956,S1O
112,F3,169,-12.421,S1O
112,F3,170,-13.397,S1O
112,F3,171,-12.909,S1O
112,F3,172,-11.444,S1O
112,F3,173,-9.979,S1O
112,F3,174,-9.003,S1O
112,F3,175,-9.491,S1O
112,F3,176,-10.956,S1O
112,F3,177,-13.397,S1O
112,F3,178,-14.374,S1O
112,F3,179,-13.885,S1O
112,F3,180,-12.421,S1O
112,F3,181,-11.444,S1O
112,F3,182,-10.468,S1O
112,F3,183,-10.956,S1O
112,F3,184,-11.932,S1O
112,F3,185,-12.421,S1O
112,F3,186,-12.421,S1O
112,F3,187,-11.444,S1O
112,F3,188,-10.956,S1O
112,F3,189,-10.956,S1O
112,F3,190,-11.444,S1O
112,F3,191,-12.421,S1O
112,F3,192,-12.909,S1O
112,F3,193,-12.909,S1O
112,F3,194,-12.421,S1O
112,F3,195,-11.444,S1O
112,F3,196,-11.444,S1O
112,F3,197,-12.421,S1O
112,F3,198,-13.397,S1O
112,F3,199,-13.397,S1O
112,F3,200,-12.421,S1O
112,F3,201,-11.932,S1O
112,F3,202,-12.421,S1O
112,F3,203,-13.885,S1O
112,F3,204,-15.350,S1O
112,F3,205,-15.350,S1O
112,F3,206,-14.374,S1O
112,F3,207,-11.932,S1O
112,F3,208,-9.979,S1O
112,F3,209,-9.491,S1O
112,F3,210,-9.979,S1O
112,F3,211,-11.444,S1O
112,F3,212,-12.421,S1O
112,F3,213,-12.421,S1O
112,F3,214,-11.444,S1O
112,F3,215,-10.956,S1O
112,F3,216,-10.956,S1O
112,F3,217,-10.956,S1O
112,F3,218,-10.956,S1O
112,F3,219,-10.468,S1O
112,F3,220,-11.444,S1O
112,F3,221,-12.421,S1O
112,F3,222,-14.374,S1O
112,F3,223,-15.839,S1O
112,F3,224,-15.350,S1O
112,F3,225,-13.397,S1O
112,F3,226,-11.444,S1O
112,F3,227,-11.444,S1O
112,F3,228,-13.397,S1O
112,F3,229,-16.327,S1O
112,F3,230,-17.792,S1O
112,F3,231,-16.815,S1O
112,F3,232,-14.862,S1O
112,F3,233,-12.421,S1O
112,F3,234,-11.932,S1O
112,F3,235,-12.909,S1O
112,F3,236,-13.885,S1O
112,F3,237,-14.374,S1O
112,F3,238,-12.909,S1O
112,F3,239,-10.956,S1O
112,F3,240,-9.979,S1O
112,F3,241,-9.491,S1O
112,F3,242,-9.491,S1O
112,F3,243,-9.491,S1O
112,F3,244,-9.491,S1O
112,F3,245,-9.491,S1O
112,F3,246,-9.979,S1O
112,F3,247,-10.468,S1O
112,F3,248,-10.468,S1O
112,F3,249,-9.003,S1O
112,F3,250,-7.050,S1O
112,F3,251,-6.073,S1O
112,F3,252,-7.050,S1O
112,F3,253,-9.491,S1O
112,F3,254,-11.444,S1O
112,F3,255,-11.444,S1O
112,FC6,0,2.594,S1O
112,FC6,1,3.082,S1O
112,FC6,2,3.082,S1O
112,FC6,3,2.106,S1O
112,FC6,4,0.641,S1O
112,FC6,5,-0.824,S1O
112,FC6,6,-1.312,S1O
112,FC6,7,0.153,S1O
112,FC6,8,2.594,S1O
112,FC6,9,4.547,S1O
112,FC6,10,4.547,S1O
112,FC6,11,3.571,S1O
112,FC6,12,2.106,S1O
112,FC6,13,0.641,S1O
112,FC6,14,-0.336,S1O
112,FC6,15,-0.824,S1O
112,FC6,16,-1.312,S1O
112,FC6,17,-1.801,S1O
112,FC6,18,-1.801,S1O
112,FC6,19,-1.801,S1O
112,FC6,20,-1.801,S1O
112,FC6,21,-1.801,S1O
112,FC6,22,-2.777,S1O
112,FC6,23,-4.242,S1O
112,FC6,24,-5.219,S1O
112,FC6,25,-5.219,S1O
112,FC6,26,-3.754,S1O
112,FC6,27,-1.312,S1O
112,FC6,28,1.129,S1O
112,FC6,29,1.617,S1O
112,FC6,30,0.641,S1O
112,FC6,31,-1.312,S1O
112,FC6,32,-3.265,S1O
112,FC6,33,-4.730,S1O
112,FC6,34,-5.219,S1O
112,FC6,35,-4.730,S1O
112,FC6,36,-4.242,S1O
112,FC6,37,-3.265,S1O
112,FC6,38,-2.289,S1O
112,FC6,39,-1.312,S1O
112,FC6,40,-0.824,S1O
112,FC6,41,-1.312,S1O
112,FC6,42,-2.777,S1O
112,FC6,43,-4.242,S1O
112,FC6,44,-5.219,S1O
112,FC6,45,-4.730,S1O
112,FC6,46,-2.777,S1O
112,FC6,47,-0.824,S1O
112,FC6,48,0.153,S1O
112,FC6,49,-0.336,S1O
112,FC6,50,-1.801,S1O
112,FC6,51,-3.754,S1O
112,FC6,52,-4.730,S1O
112,FC6,53,-4.730,S1O
112,FC6,54,-4.242,S1O
112,FC6,55,-3.754,S1O
112,FC6,56,-3.754,S1O
112,FC6,57,-4.242,S1O
112,FC6,58,-4.730,S1O
112,FC6,59,-3.754,S1O
112,FC6,60,-2.777,S1O
112,FC6,61,-1.801,S1O
112,FC6,62,-1.801,S1O
112,FC6,63,-3.265,S1O
112,FC6,64,-5.707,S1O
112,FC6,65,-7.660,S1O
112,FC6,66,-7.660,S1O
112,FC6,67,-6.683,S1O
112,FC6,68,-5.219,S1O
112,FC6,69,-4.730,S1O
112,FC6,70,-5.219,S1O
112,FC6,71,-6.683,S1O
112,FC6,72,-7.172,S1O
112,FC6,73,-7.660,S1O
112,FC6,74,-7.172,S1O
112,FC6,75,-6.683,S1O
112,FC6,76,-6.195,S1O
112,FC6,77,-5.707,S1O
112,FC6,78,-5.219,S1O
112,FC6,79,-3.754,S1O
112,FC6,80,-2.777,S1O
112,FC6,81,-1.801,S1O
112,FC6,82,-1.801,S1O
112,FC6,83,-0.824,S1O
112,FC6,84,0.641,S1O
112,FC6,85,2.106,S1O
112,FC6,86,2.594,S1O
112,FC6,87,1.617,S1O
112,FC6,88,-1.312,S1O
112,FC6,89,-4.242,S1O
112,FC6,90,-5.219,S1O
112,FC6,91,-4.242,S1O
112,FC6,92,-1.801,S1O
112,FC6,93,0.641,S1O
112,FC6,94,0.641,S1O
112,FC6,95,-1.801,S1O
112,FC6,96,-4.242,S1O
112,FC6,97,-6.195,S1O
112,FC6,98,-6.683,S1O
112,FC6,99,-6.683,S1O
112,FC6,100,-6.683,S1O
112,FC6,101,-6.683,S1O
112,FC6,102,-7.172,S1O
112,FC6,103,-7.172,S1O
112,FC6,104,-6.683,S1O
112,FC6,105,-5.707,S1O
112,FC6,106,-5.219,S1O
112,FC6,107,-4.730,S1O
112,FC6,108,-4.730,S1O
112,FC6,109,-5.219,S1O
112,FC6,110,-6.683,S1O
112,FC6,111,-8.636,S1O
112,FC6,112,-10.590,S1O
112,FC6,113,-11.566,S1O
112,FC6,114,-10.590,S1O
112,FC6,115,-9.125,S1O
112,FC6,116,-7.660,S1O
112,FC6,117,-7.172,S1O
112,FC6,118,-8.148,S1O
112,FC6,119,-10.101,S1O
112,FC6,120,-11.078,S1O
112,FC6,121,-11.566,S1O
112,FC6,122,-11.078,S1O
112,FC6,123,-10.590,S1O
112,FC6,124,-11.078,S1O
112,FC6,125,-11.078,S1O
112,FC6,126,-11.566,S1O
112,FC6,127,-11.566,S1O
112,FC6,128,-10.590,S1O
112,FC6,129,-8.636,S1O
112,FC6,130,-7.172,S1O
112,FC6,131,-6.683,S1O
112,FC6,132,-7.660,S1O
112,FC6,133,-9.613,S1O
112,FC6,134,-10.590,S1O
112,FC6,135,-10.101,S1O
112,FC6,136,-8.636,S1O
112,FC6,137,-7.172,S1O
112,FC6,138,-6.683,S1O
112,FC6,139,-8.148,S1O
112,FC6,140,-9.125,S1O
112,FC6,141,-9.613,S1O
112,FC6,142,-8.636,S1O
112,FC6,143,-7.172,S1O
112,FC6,144,-6.683,S1O
112,FC6,145,-7.172,S1O
112,FC6,146,-7.660,S1O
112,FC6,147,-8.148,S1O
112,FC6,148,-7.660,S1O
112,FC6,149,-7.172,S1O
112,FC6,150,-6.683,S1O
112,FC6,151,-7.660,S1O
112,FC6,152,-8.636,S1O
112,FC6,153,-8.148,S1O
112,FC6,154,-6.683,S1O
112,FC6,155,-5.219,S1O
112,FC6,156,-4.730,S1O
112,FC6,157,-5.707,S1O
112,FC6,158,-7.660,S1O
112,FC6,159,-9.125,S1O
112,FC6,160,-8.148,S1O
112,FC6,161,-6.195,S1O
112,FC6,162,-4.242,S1O
112,FC6,163,-3.754,S1O
112,FC6,164,-4.242,S1O
112,FC6,165,-5.707,S1O
112,FC6,166,-5.707,S1O
112,FC6,167,-5.707,S1O
112,FC6,168,-5.707,S1O
112,FC6,169,-6.683,S1O
112,FC6,170,-8.148,S1O
112,FC6,171,-9.125,S1O
112,FC6,172,-8.148,S1O
112,FC6,173,-6.683,S1O
112,FC6,174,-5.219,S1O
112,FC6,175,-5.707,S1O
112,FC6,176,-7.660,S1O
112,FC6,177,-9.125,S1O
112,FC6,178,-9.613,S1O
112,FC6,179,-8.148,S1O
112,FC6,180,-6.195,S1O
112,FC6,181,-5.707,S1O
112,FC6,182,-6.195,S1O
112,FC6,183,-8.148,S1O
112,FC6,184,-9.125,S1O
112,FC6,185,-8.636,S1O
112,FC6,186,-6.683,S1O
112,FC6,187,-5.219,S1O
112,FC6,188,-5.707,S1O
112,FC6,189,-8.148,S1O
112,FC6,190,-11.078,S1O
112,FC6,191,-13.519,S1O
112,FC6,192,-13.031,S1O
112,FC6,193,-11.078,S1O
112,FC6,194,-8.636,S1O
112,FC6,195,-7.172,S1O
112,FC6,196,-7.660,S1O
112,FC6,197,-8.636,S1O
112,FC6,198,-9.125,S1O
112,FC6,199,-9.613,S1O
112,FC6,200,-10.101,S1O
112,FC6,201,-10.590,S1O
112,FC6,202,-10.590,S1O
112,FC6,203,-10.101,S1O
112,FC6,204,-9.125,S1O
112,FC6,205,-8.636,S1O
112,FC6,206,-9.125,S1O
112,FC6,207,-10.590,S1O
112,FC6,208,-12.543,S1O
112,FC6,209,-13.519,S1O
112,FC6,210,-13.519,S1O
112,FC6,211,-12.054,S1O
112,FC6,212,-12.054,S1O
112,FC6,213,-13.031,S1O
112,FC6,214,-14.008,S1O
112,FC6,215,-13.519,S1O
112,FC6,216,-12.543,S1O
112,FC6,217,-11.566,S1O
112,FC6,218,-12.054,S1O
112,FC6,219,-14.496,S1O
112,FC6,220,-15.961,S1O
112,FC6,221,-15.472,S1O
112,FC6,222,-12.054,S1O
112,FC6,223,-9.125,S1O
112,FC6,224,-8.148,S1O
112,FC6,225,-10.590,S1O
112,FC6,226,-14.008,S1O
112,FC6,227,-16.449,S1O
112,FC6,228,-15.961,S1O
112,FC6,229,-14.008,S1O
112,FC6,230,-12.543,S1O
112,FC6,231,-13.519,S1O
112,FC6,232,-15.472,S1O
112,FC6,233,-16.937,S1O
112,FC6,234,-15.961,S1O
112,FC6,235,-13.031,S1O
112,FC6,236,-10.101,S1O
112,FC6,237,-8.148,S1O
112,FC6,238,-8.148,S1O
112,FC6,239,-8.148,S1O
112,FC6,240,-8.148,S1O
112,FC6,241,-8.148,S1O
112,FC6,242,-8.636,S1O
112,FC6,243,-9.125,S1O
112,FC6,244,-9.613,S1O
112,FC6,245,-9.613,S1O
112,FC6,246,-8.636,S1O
112,FC6,247,-7.660,S1O
112,FC6,248,-8.148,S1O
112,FC6,249,-9.613,S1O
112,FC6,250,-10.590,S1O
112,FC6,251,-9.613,S1O
112,FC6,252,-7.172,S1O
112,FC6,253,-5.707,S1O
112,FC6,254,-6.683,S1O
112,FC6,255,-10.101,S1O
112,FC5,0,4.049,S1O
112,FC5,1,1.607,S1O
112,FC5,2,-0.346,S1O
112,FC5,3,-0.834,S1O
112,FC5,4,0.142,S1O
112,FC5,5,1.607,S1O
112,FC5,6,1.607,S1O
112,FC5,7,0.631,S1O
112,FC5,8,0.142,S1O
112,FC5,9,1.607,S1O
112,FC5,10,5.025,S1O
112,FC5,11,8.443,S1O
112,FC5,12,8.931,S1O
112,FC5,13,6.002,S1O
112,FC5,14,0.631,S1O
112,FC5,15,-4.252,S1O
112,FC5,16,-6.694,S1O
112,FC5,17,-6.694,S1O
112,FC5,18,-4.740,S1O
112,FC5,19,-2.787,S1O
112,FC5,20,-1.811,S1O
112,FC5,21,-1.811,S1O
112,FC5,22,-1.811,S1O
112,FC5,23,-2.787,S1O
112,FC5,24,-3.276,S1O
112,FC5,25,-4.252,S1O
112,FC5,26,-4.740,S1O
112,FC5,27,-4.252,S1O
112,FC5,28,-3.276,S1O
112,FC5,29,-2.787,S1O
112,FC5,30,-3.764,S1O
112,FC5,31,-4.740,S1O
112,FC5,32,-5.717,S1O
112,FC5,33,-5.717,S1O
112,FC5,34,-4.740,S1O
112,FC5,35,-3.276,S1O
112,FC5,36,-3.276,S1O
112,FC5,37,-4.252,S1O
112,FC5,38,-5.229,S1O
112,FC5,39,-5.229,S1O
112,FC5,40,-3.276,S1O
112,FC5,41,-0.346,S1O
112,FC5,42,2.096,S1O
112,FC5,43,2.584,S1O
112,FC5,44,0.142,S1O
112,FC5,45,-3.276,S1O
112,FC5,46,-6.205,S1O
112,FC5,47,-7.182,S1O
112,FC5,48,-5.229,S1O
112,FC5,49,-2.299,S1O
112,FC5,50,0.142,S1O
112,FC5,51,1.607,S1O
112,FC5,52,1.607,S1O
112,FC5,53,1.119,S1O
112,FC5,54,-0.346,S1O
112,FC5,55,-1.811,S1O
112,FC5,56,-3.276,S1O
112,FC5,57,-3.764,S1O
112,FC5,58,-2.787,S1O
112,FC5,59,-0.346,S1O
112,FC5,60,2.096,S1O
112,FC5,61,2.096,S1O
112,FC5,62,0.142,S1O
112,FC5,63,-3.276,S1O
112,FC5,64,-6.694,S1O
112,FC5,65,-7.670,S1O
112,FC5,66,-7.182,S1O
112,FC5,67,-5.229,S1O
112,FC5,68,-3.764,S1O
112,FC5,69,-3.276,S1O
112,FC5,70,-3.276,S1O
112,FC5,71,-2.299,S1O
112,FC5,72,-0.346,S1O
112,FC5,73,1.607,S1O
112,FC5,74,2.584,S1O
112,FC5,75,1.607,S1O
112,FC5,76,-1.322,S1O
112,FC5,77,-4.740,S1O
112,FC5,78,-5.717,S1O
112,FC5,79,-5.229,S1O
112,FC5,80,-2.787,S1O
112,FC5,81,-0.346,S1O
112,FC5,82,1.119,S1O
112,FC5,83,1.119,S1O
112,FC5,84,-0.346,S1O
112,FC5,85,-1.811,S1O
112,FC5,86,-2.787,S1O
112,FC5,87,-3.276,S1O
112,FC5,88,-2.787,S1O
112,FC5,89,-1.811,S1O
112,FC5,90,-0.346,S1O
112,FC5,91,0.142,S1O
112,FC5,92,-0.346,S1O
112,FC5,93,-2.787,S1O
112,FC5,94,-5.229,S1O
112,FC5,95,-5.229,S1O
112,FC5,96,-3.764,S1O
112,FC5,97,-1.322,S1O
112,FC5,98,0.631,S1O
112,FC5,99,-0.346,S1O
112,FC5,100,-3.764,S1O
112,FC5,101,-7.670,S1O
112,FC5,102,-10.111,S1O
112,FC5,103,-9.135,S1O
112,FC5,104,-6.694,S1O
112,FC5,105,-4.252,S1O
112,FC5,106,-2.787,S1O
112,FC5,107,-2.787,S1O
112,FC5,108,-3.276,S1O
112,FC5,109,-3.764,S1O
112,FC5,110,-3.764,S1O
112,FC5,111,-3.764,S1O
112,FC5,112,-4.740,S1O
112,FC5,113,-5.717,S1O
112,FC5,114,-6.694,S1O
112,FC5,115,-5.717,S1O
112,FC5,116,-4.252,S1O
112,FC5,117,-3.764,S1O
112,FC5,118,-4.252,S1O
112,FC5,119,-6.205,S1O
112,FC5,120,-8.158,S1O
112,FC5,121,-8.647,S1O
112,FC5,122,-6.694,S1O
112,FC5,123,-4.252,S1O
112,FC5,124,-2.787,S1O
112,FC5,125,-3.276,S1O
112,FC5,126,-5.717,S1O
112,FC5,127,-7.670,S1O
112,FC5,128,-8.158,S1O
112,FC5,129,-7.182,S1O
112,FC5,130,-5.717,S1O
112,FC5,131,-5.229,S1O
112,FC5,132,-7.182,S1O
112,FC5,133,-9.135,S1O
112,FC5,134,-10.111,S1O
112,FC5,135,-8.647,S1O
112,FC5,136,-6.205,S1O
112,FC5,137,-3.764,S1O
112,FC5,138,-4.252,S1O
112,FC5,139,-6.694,S1O
112,FC5,140,-9.135,S1O
112,FC5,141,-10.111,S1O
112,FC5,142,-8.647,S1O
112,FC5,143,-5.717,S1O
112,FC5,144,-3.764,S1O
112,FC5,145,-3.276,S1O
112,FC5,146,-4.252,S1O
112,FC5,147,-6.205,S1O
112,FC5,148,-6.694,S1O
112,FC5,149,-6.694,S1O
112,FC5,150,-5.229,S1O
112,FC5,151,-4.252,S1O
112,FC5,152,-3.764,S1O
112,FC5,153,-5.229,S1O
112,FC5,154,-7.670,S1O
112,FC5,155,-9.135,S1O
112,FC5,156,-9.135,S1O
112,FC5,157,-8.647,S1O
112,FC5,158,-7.670,S1O
112,FC5,159,-8.158,S1O
112,FC5,160,-10.111,S1O
112,FC5,161,-11.576,S1O
112,FC5,162,-11.576,S1O
112,FC5,163,-9.135,S1O
112,FC5,164,-6.205,S1O
112,FC5,165,-5.229,S1O
112,FC5,166,-6.205,S1O
112,FC5,167,-9.623,S1O
112,FC5,168,-12.553,S1O
112,FC5,169,-12.553,S1O
112,FC5,170,-10.600,S1O
112,FC5,171,-8.158,S1O
112,FC5,172,-6.694,S1O
112,FC5,173,-7.182,S1O
112,FC5,174,-8.647,S1O
112,FC5,175,-10.600,S1O
112,FC5,176,-12.065,S1O
112,FC5,177,-13.529,S1O
112,FC5,178,-14.018,S1O
112,FC5,179,-14.506,S1O
112,FC5,180,-14.506,S1O
112,FC5,181,-13.529,S1O
112,FC5,182,-11.576,S1O
112,FC5,183,-10.111,S1O
112,FC5,184,-8.647,S1O
112,FC5,185,-8.158,S1O
112,FC5,186,-8.158,S1O
112,FC5,187,-9.623,S1O
112,FC5,188,-11.088,S1O
112,FC5,189,-12.553,S1O
112,FC5,190,-13.529,S1O
112,FC5,191,-13.041,S1O
112,FC5,192,-11.576,S1O
112,FC5,193,-9.623,S1O
112,FC5,194,-8.647,S1O
112,FC5,195,-8.647,S1O
112,FC5,196,-9.623,S1O
112,FC5,197,-11.088,S1O
112,FC5,198,-13.041,S1O
112,FC5,199,-14.018,S1O
112,FC5,200,-14.506,S1O
112,FC5,201,-14.018,S1O
112,FC5,202,-12.553,S1O
112,FC5,203,-11.576,S1O
112,FC5,204,-11.576,S1O
112,FC5,205,-11.576,S1O
112,FC5,206,-11.576,S1O
112,FC5,207,-10.600,S1O
112,FC5,208,-9.135,S1O
112,FC5,209,-8.647,S1O
112,FC5,210,-9.623,S1O
112,FC5,211,-12.553,S1O
112,FC5,212,-15.483,S1O
112,FC5,213,-15.971,S1O
112,FC5,214,-14.506,S1O
112,FC5,215,-11.088,S1O
112,FC5,216,-7.670,S1O
112,FC5,217,-5.717,S1O
112,FC5,218,-6.205,S1O
112,FC5,219,-8.647,S1O
112,FC5,220,-12.065,S1O
112,FC5,221,-14.994,S1O
112,FC5,222,-16.459,S1O
112,FC5,223,-15.971,S1O
112,FC5,224,-14.018,S1O
112,FC5,225,-11.088,S1O
112,FC5,226,-10.111,S1O
112,FC5,227,-11.088,S1O
112,FC5,228,-13.529,S1O
112,FC5,229,-15.971,S1O
112,FC5,230,-16.947,S1O
112,FC5,231,-14.994,S1O
112,FC5,232,-12.065,S1O
112,FC5,233,-10.111,S1O
112,FC5,234,-9.623,S1O
112,FC5,235,-11.576,S1O
112,FC5,236,-13.041,S1O
112,FC5,237,-13.529,S1O
112,FC5,238,-12.065,S1O
112,FC5,239,-9.623,S1O
112,FC5,240,-8.158,S1O
112,FC5,241,-7.182,S1O
112,FC5,242,-7.670,S1O
112,FC5,243,-9.135,S1O
112,FC5,244,-10.111,S1O
112,FC5,245,-11.088,S1O
112,FC5,246,-10.600,S1O
112,FC5,247,-9.135,S1O
112,FC5,248,-7.182,S1O
112,FC5,249,-5.229,S1O
112,FC5,250,-3.764,S1O
112,FC5,251,-5.229,S1O
112,FC5,252,-7.670,S1O
112,FC5,253,-10.111,S1O
112,FC5,254,-11.576,S1O
112,FC5,255,-10.600,S1O
112,FC2,0,-1.038,S1O
112,FC2,1,-0.061,S1O
112,FC2,2,0.427,S1O
112,FC2,3,-0.061,S1O
112,FC2,4,-0.549,S1O
112,FC2,5,-1.526,S1O
112,FC2,6,-1.526,S1O
112,FC2,7,-1.038,S1O
112,FC2,8,-0.549,S1O
112,FC2,9,-0.061,S1O
112,FC2,10,-0.549,S1O
112,FC2,11,-0.549,S1O
112,FC2,12,-0.549,S1O
112,FC2,13,-0.061,S1O
112,FC2,14,-0.061,S1O
112,FC2,15,-0.549,S1O
112,FC2,16,-1.526,S1O
112,FC2,17,-2.991,S1O
112,FC2,18,-3.967,S1O
112,FC2,19,-3.967,S1O
112,FC2,20,-3.479,S1O
112,FC2,21,-2.502,S1O
112,FC2,22,-2.014,S1O
112,FC2,23,-2.502,S1O
112,FC2,24,-2.991,S1O
112,FC2,25,-3.479,S1O
112,FC2,26,-2.991,S1O
112,FC2,27,-2.014,S1O
112,FC2,28,-1.038,S1O
112,FC2,29,-0.061,S1O
112,FC2,30,-0.549,S1O
112,FC2,31,-2.014,S1O
112,FC2,32,-2.991,S1O
112,FC2,33,-2.991,S1O
112,FC2,34,-2.502,S1O
112,FC2,35,-2.014,S1O
112,FC2,36,-1.526,S1O
112,FC2,37,-1.526,S1O
112,FC2,38,-2.014,S1O
112,FC2,39,-2.014,S1O
112,FC2,40,-2.014,S1O
112,FC2,41,-1.038,S1O
112,FC2,42,-0.549,S1O
112,FC2,43,-1.038,S1O
112,FC2,44,-1.526,S1O
112,FC2,45,-2.014,S1O
112,FC2,46,-1.526,S1O
112,FC2,47,-1.038,S1O
112,FC2,48,-0.549,S1O
112,FC2,49,-0.061,S1O
112,FC2,50,-1.038,S1O
112,FC2,51,-2.014,S1O
112,FC2,52,-2.502,S1O
112,FC2,53,-2.502,S1O
112,FC2,54,-1.526,S1O
112,FC2,55,-1.038,S1O
112,FC2,56,-1.038,S1O
112,FC2,57,-1.526,S1O
112,FC2,58,-1.526,S1O
112,FC2,59,-1.526,S1O
112,FC2,60,-0.061,S1O
112,FC2,61,0.916,S1O
112,FC2,62,1.404,S1O
112,FC2,63,0.916,S1O
112,FC2,64,-1.038,S1O
112,FC2,65,-2.502,S1O
112,FC2,66,-3.479,S1O
112,FC2,67,-2.991,S1O
112,FC2,68,-2.014,S1O
112,FC2,69,-1.526,S1O
112,FC2,70,-1.038,S1O
112,FC2,71,-1.526,S1O
112,FC2,72,-2.014,S1O
112,FC2,73,-2.014,S1O
112,FC2,74,-1.526,S1O
112,FC2,75,-2.014,S1O
112,FC2,76,-2.014,S1O
112,FC2,77,-2.502,S1O
112,FC2,78,-2.014,S1O
112,FC2,79,-0.549,S1O
112,FC2,80,0.427,S1O
112,FC2,81,0.916,S1O
112,FC2,82,0.427,S1O
112,FC2,83,-0.549,S1O
112,FC2,84,-1.526,S1O
112,FC2,85,-1.526,S1O
112,FC2,86,-0.549,S1O
112,FC2,87,-0.061,S1O
112,FC2,88,0.427,S1O
112,FC2,89,-0.549,S1O
112,FC2,90,-2.014,S1O
112,FC2,91,-2.502,S1O
112,FC2,92,-2.502,S1O
112,FC2,93,-2.014,S1O
112,FC2,94,-1.526,S1O
112,FC2,95,-1.526,S1O
112,FC2,96,-1.526,S1O
112,FC2,97,-1.526,S1O
112,FC2,98,-1.526,S1O
112,FC2,99,-2.014,S1O
112,FC2,100,-2.991,S1O
112,FC2,101,-3.967,S1O
112,FC2,102,-3.967,S1O
112,FC2,103,-3.479,S1O
112,FC2,104,-2.014,S1O
112,FC2,105,-1.526,S1O
112,FC2,106,-2.014,S1O
112,FC2,107,-2.991,S1O
112,FC2,108,-3.967,S1O
112,FC2,109,-4.456,S1O
112,FC2,110,-3.479,S1O
112,FC2,111,-2.991,S1O
112,FC2,112,-2.991,S1O
112,FC2,113,-3.479,S1O
112,FC2,114,-4.456,S1O
112,FC2,115,-4.944,S1O
112,FC2,116,-4.456,S1O
112,FC2,117,-4.456,S1O
112,FC2,118,-3.479,S1O
112,FC2,119,-4.456,S1O
112,FC2,120,-4.944,S1O
112,FC2,121,-5.432,S1O
112,FC2,122,-5.920,S1O
112,FC2,123,-5.432,S1O
112,FC2,124,-4.944,S1O
112,FC2,125,-4.456,S1O
112,FC2,126,-3.967,S1O
112,FC2,127,-3.967,S1O
112,FC2,128,-3.479,S1O
112,FC2,129,-2.502,S1O
112,FC2,130,-2.014,S1O
112,FC2,131,-2.014,S1O
112,FC2,132,-2.502,S1O
112,FC2,133,-3.479,S1O
112,FC2,134,-4.456,S1O
112,FC2,135,-4.944,S1O
112,FC2,136,-4.456,S1O
112,FC2,137,-4.456,S1O
112,FC2,138,-4.456,S1O
112,FC2,139,-4.456,S1O
112,FC2,140,-5.432,S1O
112,FC2,141,-5.432,S1O
112,FC2,142,-4.944,S1O
112,FC2,143,-3.967,S1O
112,FC2,144,-2.991,S1O
112,FC2,145,-2.991,S1O
112,FC2,146,-3.479,S1O
112,FC2,147,-4.456,S1O
112,FC2,148,-5.432,S1O
112,FC2,149,-5.920,S1O
112,FC2,150,-5.920,S1O
112,FC2,151,-5.920,S1O
112,FC2,152,-4.944,S1O
112,FC2,153,-4.944,S1O
112,FC2,154,-4.944,S1O
112,FC2,155,-5.432,S1O
112,FC2,156,-6.409,S1O
112,FC2,157,-6.897,S1O
112,FC2,158,-6.897,S1O
112,FC2,159,-6.897,S1O
112,FC2,160,-5.920,S1O
112,FC2,161,-4.944,S1O
112,FC2,162,-4.456,S1O
112,FC2,163,-4.456,S1O
112,FC2,164,-4.944,S1O
112,FC2,165,-4.944,S1O
112,FC2,166,-5.432,S1O
112,FC2,167,-5.920,S1O
112,FC2,168,-5.920,S1O
112,FC2,169,-6.897,S1O
112,FC2,170,-7.385,S1O
112,FC2,171,-7.385,S1O
112,FC2,172,-6.409,S1O
112,FC2,173,-5.432,S1O
112,FC2,174,-4.456,S1O
112,FC2,175,-4.456,S1O
112,FC2,176,-5.432,S1O
112,FC2,177,-6.409,S1O
112,FC2,178,-6.897,S1O
112,FC2,179,-5.920,S1O
112,FC2,180,-4.944,S1O
112,FC2,181,-4.456,S1O
112,FC2,182,-4.456,S1O
112,FC2,183,-5.920,S1O
112,FC2,184,-6.897,S1O
112,FC2,185,-7.385,S1O
112,FC2,186,-6.897,S1O
112,FC2,187,-5.920,S1O
112,FC2,188,-4.944,S1O
112,FC2,189,-4.944,S1O
112,FC2,190,-5.920,S1O
112,FC2,191,-6.897,S1O
112,FC2,192,-6.897,S1O
112,FC2,193,-6.897,S1O
112,FC2,194,-6.409,S1O
112,FC2,195,-5.920,S1O
112,FC2,196,-6.409,S1O
112,FC2,197,-6.897,S1O
112,FC2,198,-6.897,S1O
112,FC2,199,-6.897,S1O
112,FC2,200,-6.409,S1O
112,FC2,201,-6.409,S1O
112,FC2,202,-5.920,S1O
112,FC2,203,-5.920,S1O
112,FC2,204,-5.920,S1O
112,FC2,205,-5.432,S1O
112,FC2,206,-5.432,S1O
112,FC2,207,-5.920,S1O
112,FC2,208,-6.897,S1O
112,FC2,209,-7.385,S1O
112,FC2,210,-7.385,S1O
112,FC2,211,-6.897,S1O
112,FC2,212,-6.409,S1O
112,FC2,213,-6.897,S1O
112,FC2,214,-6.897,S1O
112,FC2,215,-7.385,S1O
112,FC2,216,-6.897,S1O
112,FC2,217,-6.897,S1O
112,FC2,218,-5.920,S1O
112,FC2,219,-7.385,S1O
112,FC2,220,-7.874,S1O
112,FC2,221,-7.874,S1O
112,FC2,222,-7.874,S1O
112,FC2,223,-6.897,S1O
112,FC2,224,-6.409,S1O
112,FC2,225,-6.897,S1O
112,FC2,226,-7.385,S1O
112,FC2,227,-7.874,S1O
112,FC2,228,-8.362,S1O
112,FC2,229,-8.362,S1O
112,FC2,230,-7.874,S1O
112,FC2,231,-8.362,S1O
112,FC2,232,-8.362,S1O
112,FC2,233,-8.362,S1O
112,FC2,234,-7.874,S1O
112,FC2,235,-6.897,S1O
112,FC2,236,-6.409,S1O
112,FC2,237,-6.409,S1O
112,FC2,238,-6.409,S1O
112,FC2,239,-6.409,S1O
112,FC2,240,-5.920,S1O
112,FC2,241,-5.432,S1O
112,FC2,242,-5.432,S1O
112,FC2,243,-4.944,S1O
112,FC2,244,-5.432,S1O
112,FC2,245,-4.944,S1O
112,FC2,246,-4.944,S1O
112,FC2,247,-4.944,S1O
112,FC2,248,-5.432,S1O
112,FC2,249,-5.920,S1O
112,FC2,250,-5.920,S1O
112,FC2,251,-4.944,S1O
112,FC2,252,-3.479,S1O
112,FC2,253,-2.991,S1O
112,FC2,254,-3.967,S1O
112,FC2,255,-5.920,S1O
112,FC1,0,-1.801,S1O
112,FC1,1,-1.312,S1O
112,FC1,2,-0.336,S1O
112,FC1,3,0.641,S1O
112,FC1,4,0.641,S1O
112,FC1,5,-0.336,S1O
112,FC1,6,-1.312,S1O
112,FC1,7,-2.289,S1O
112,FC1,8,-1.801,S1O
112,FC1,9,-0.824,S1O
112,FC1,10,0.641,S1O
112,FC1,11,1.617,S1O
112,FC1,12,1.617,S1O
112,FC1,13,1.129,S1O
112,FC1,14,0.153,S1O
112,FC1,15,-1.312,S1O
112,FC1,16,-2.289,S1O
112,FC1,17,-3.265,S1O
112,FC1,18,-3.265,S1O
112,FC1,19,-3.265,S1O
112,FC1,20,-3.265,S1O
112,FC1,21,-3.265,S1O
112,FC1,22,-3.265,S1O
112,FC1,23,-3.265,S1O
112,FC1,24,-3.265,S1O
112,FC1,25,-3.265,S1O
112,FC1,26,-3.265,S1O
112,FC1,27,-2.777,S1O
112,FC1,28,-2.289,S1O
112,FC1,29,-1.801,S1O
112,FC1,30,-2.289,S1O
112,FC1,31,-2.777,S1O
112,FC1,32,-3.265,S1O
112,FC1,33,-3.265,S1O
112,FC1,34,-3.265,S1O
112,FC1,35,-2.289,S1O
112,FC1,36,-1.801,S1O
112,FC1,37,-1.312,S1O
112,FC1,38,-1.312,S1O
112,FC1,39,-1.312,S1O
112,FC1,40,-0.824,S1O
112,FC1,41,0.153,S1O
112,FC1,42,1.129,S1O
112,FC1,43,1.129,S1O
112,FC1,44,0.153,S1O
112,FC1,45,-0.824,S1O
112,FC1,46,-1.312,S1O
112,FC1,47,-1.312,S1O
112,FC1,48,-1.312,S1O
112,FC1,49,-0.824,S1O
112,FC1,50,-0.824,S1O
112,FC1,51,-0.824,S1O
112,FC1,52,-0.824,S1O
112,FC1,53,0.153,S1O
112,FC1,54,0.153,S1O
112,FC1,55,0.153,S1O
112,FC1,56,-0.336,S1O
112,FC1,57,-1.312,S1O
112,FC1,58,-1.312,S1O
112,FC1,59,-0.336,S1O
112,FC1,60,1.129,S1O
112,FC1,61,2.106,S1O
112,FC1,62,1.617,S1O
112,FC1,63,0.641,S1O
112,FC1,64,-1.312,S1O
112,FC1,65,-2.289,S1O
112,FC1,66,-2.289,S1O
112,FC1,67,-1.801,S1O
112,FC1,68,-1.312,S1O
112,FC1,69,-1.312,S1O
112,FC1,70,-1.312,S1O
112,FC1,71,-0.336,S1O
112,FC1,72,0.641,S1O
112,FC1,73,2.106,S1O
112,FC1,74,3.082,S1O
112,FC1,75,2.106,S1O
112,FC1,76,0.153,S1O
112,FC1,77,-1.312,S1O
112,FC1,78,-2.289,S1O
112,FC1,79,-1.801,S1O
112,FC1,80,-0.824,S1O
112,FC1,81,0.153,S1O
112,FC1,82,0.641,S1O
112,FC1,83,-0.336,S1O
112,FC1,84,-1.801,S1O
112,FC1,85,-2.777,S1O
112,FC1,86,-2.777,S1O
112,FC1,87,-2.289,S1O
112,FC1,88,-1.312,S1O
112,FC1,89,-0.824,S1O
112,FC1,90,-0.824,S1O
112,FC1,91,-1.312,S1O
112,FC1,92,-2.289,S1O
112,FC1,93,-3.265,S1O
112,FC1,94,-3.265,S1O
112,FC1,95,-1.801,S1O
112,FC1,96,-0.336,S1O
112,FC1,97,0.153,S1O
112,FC1,98,0.153,S1O
112,FC1,99,-1.312,S1O
112,FC1,100,-2.289,S1O
112,FC1,101,-3.265,S1O
112,FC1,102,-2.289,S1O
112,FC1,103,-1.312,S1O
112,FC1,104,-0.336,S1O
112,FC1,105,-0.336,S1O
112,FC1,106,-1.312,S1O
112,FC1,107,-2.777,S1O
112,FC1,108,-3.265,S1O
112,FC1,109,-2.777,S1O
112,FC1,110,-1.801,S1O
112,FC1,111,-0.336,S1O
112,FC1,112,-0.336,S1O
112,FC1,113,-0.824,S1O
112,FC1,114,-2.289,S1O
112,FC1,115,-3.265,S1O
112,FC1,116,-4.242,S1O
112,FC1,117,-4.242,S1O
112,FC1,118,-3.265,S1O
112,FC1,119,-2.289,S1O
112,FC1,120,-2.289,S1O
112,FC1,121,-2.289,S1O
112,FC1,122,-2.289,S1O
112,FC1,123,-2.289,S1O
112,FC1,124,-1.801,S1O
112,FC1,125,-1.312,S1O
112,FC1,126,-0.824,S1O
112,FC1,127,-1.312,S1O
112,FC1,128,-2.289,S1O
112,FC1,129,-3.265,S1O
112,FC1,130,-3.754,S1O
112,FC1,131,-4.242,S1O
112,FC1,132,-4.242,S1O
112,FC1,133,-4.242,S1O
112,FC1,134,-4.242,S1O
112,FC1,135,-3.754,S1O
112,FC1,136,-4.242,S1O
112,FC1,137,-4.242,S1O
112,FC1,138,-4.730,S1O
112,FC1,139,-4.730,S1O
112,FC1,140,-5.219,S1O
112,FC1,141,-4.730,S1O
112,FC1,142,-4.242,S1O
112,FC1,143,-2.777,S1O
112,FC1,144,-1.801,S1O
112,FC1,145,-1.312,S1O
112,FC1,146,-1.801,S1O
112,FC1,147,-2.289,S1O
112,FC1,148,-3.265,S1O
112,FC1,149,-4.730,S1O
112,FC1,150,-5.219,S1O
112,FC1,151,-5.219,S1O
112,FC1,152,-4.730,S1O
112,FC1,153,-4.242,S1O
112,FC1,154,-4.242,S1O
112,FC1,155,-5.219,S1O
112,FC1,156,-6.195,S1O
112,FC1,157,-6.683,S1O
112,FC1,158,-7.172,S1O
112,FC1,159,-6.683,S1O
112,FC1,160,-6.195,S1O
112,FC1,161,-5.707,S1O
112,FC1,162,-5.219,S1O
112,FC1,163,-5.219,S1O
112,FC1,164,-5.707,S1O
112,FC1,165,-5.707,S1O
112,FC1,166,-6.195,S1O
112,FC1,167,-6.683,S1O
112,FC1,168,-7.172,S1O
112,FC1,169,-7.660,S1O
112,FC1,170,-7.172,S1O
112,FC1,171,-6.683,S1O
112,FC1,172,-5.219,S1O
112,FC1,173,-4.730,S1O
112,FC1,174,-4.730,S1O
112,FC1,175,-6.195,S1O
112,FC1,176,-7.172,S1O
112,FC1,177,-8.148,S1O
112,FC1,178,-8.148,S1O
112,FC1,179,-7.172,S1O
112,FC1,180,-5.707,S1O
112,FC1,181,-5.219,S1O
112,FC1,182,-5.219,S1O
112,FC1,183,-5.707,S1O
112,FC1,184,-6.683,S1O
112,FC1,185,-7.172,S1O
112,FC1,186,-7.172,S1O
112,FC1,187,-6.195,S1O
112,FC1,188,-5.707,S1O
112,FC1,189,-5.219,S1O
112,FC1,190,-5.219,S1O
112,FC1,191,-5.219,S1O
112,FC1,192,-5.707,S1O
112,FC1,193,-6.195,S1O
112,FC1,194,-6.683,S1O
112,FC1,195,-6.195,S1O
112,FC1,196,-6.195,S1O
112,FC1,197,-6.195,S1O
112,FC1,198,-5.707,S1O
112,FC1,199,-5.219,S1O
112,FC1,200,-4.730,S1O
112,FC1,201,-4.730,S1O
112,FC1,202,-5.219,S1O
112,FC1,203,-6.195,S1O
112,FC1,204,-7.172,S1O
112,FC1,205,-7.660,S1O
112,FC1,206,-6.683,S1O
112,FC1,207,-5.219,S1O
112,FC1,208,-3.754,S1O
112,FC1,209,-3.265,S1O
112,FC1,210,-3.754,S1O
112,FC1,211,-4.242,S1O
112,FC1,212,-4.242,S1O
112,FC1,213,-3.754,S1O
112,FC1,214,-3.754,S1O
112,FC1,215,-4.242,S1O
112,FC1,216,-4.242,S1O
112,FC1,217,-4.730,S1O
112,FC1,218,-4.242,S1O
112,FC1,219,-3.754,S1O
112,FC1,220,-4.242,S1O
112,FC1,221,-5.219,S1O
112,FC1,222,-6.683,S1O
112,FC1,223,-7.660,S1O
112,FC1,224,-7.172,S1O
112,FC1,225,-6.195,S1O
112,FC1,226,-4.730,S1O
112,FC1,227,-4.242,S1O
112,FC1,228,-4.730,S1O
112,FC1,229,-6.683,S1O
112,FC1,230,-8.148,S1O
112,FC1,231,-8.148,S1O
112,FC1,232,-7.172,S1O
112,FC1,233,-5.707,S1O
112,FC1,234,-4.730,S1O
112,FC1,235,-5.219,S1O
112,FC1,236,-6.683,S1O
112,FC1,237,-7.172,S1O
112,FC1,238,-7.172,S1O
112,FC1,239,-6.683,S1O
112,FC1,240,-5.707,S1O
112,FC1,241,-4.242,S1O
112,FC1,242,-3.754,S1O
112,FC1,243,-3.265,S1O
112,FC1,244,-3.265,S1O
112,FC1,245,-3.754,S1O
112,FC1,246,-4.242,S1O
112,FC1,247,-4.730,S1O
112,FC1,248,-5.219,S1O
112,FC1,249,-5.219,S1O
112,FC1,250,-4.242,S1O
112,FC1,251,-3.265,S1O
112,FC1,252,-2.777,S1O
112,FC1,253,-3.265,S1O
112,FC1,254,-3.754,S1O
112,FC1,255,-4.730,S1O
112,T8,0,4.364,S1O
112,T8,1,-1.007,S1O
112,T8,2,-2.960,S1O
112,T8,3,-0.519,S1O
112,T8,4,4.364,S1O
112,T8,5,7.294,S1O
112,T8,6,6.317,S1O
112,T8,7,2.899,S1O
112,T8,8,0.946,S1O
112,T8,9,1.923,S1O
112,T8,10,4.852,S1O
112,T8,11,6.805,S1O
112,T8,12,6.317,S1O
112,T8,13,3.387,S1O
112,T8,14,0.458,S1O
112,T8,15,-1.007,S1O
112,T8,16,-0.519,S1O
112,T8,17,0.458,S1O
112,T8,18,0.458,S1O
112,T8,19,-0.519,S1O
112,T8,20,-1.495,S1O
112,T8,21,-2.472,S1O
112,T8,22,-2.960,S1O
112,T8,23,-2.472,S1O
112,T8,24,-1.495,S1O
112,T8,25,-0.031,S1O
112,T8,26,0.458,S1O
112,T8,27,0.946,S1O
112,T8,28,-0.031,S1O
112,T8,29,-1.495,S1O
112,T8,30,-3.448,S1O
112,T8,31,-4.913,S1O
112,T8,32,-4.913,S1O
112,T8,33,-2.960,S1O
112,T8,34,-0.031,S1O
112,T8,35,1.923,S1O
112,T8,36,0.458,S1O
112,T8,37,-3.448,S1O
112,T8,38,-7.355,S1O
112,T8,39,-7.843,S1O
112,T8,40,-4.913,S1O
112,T8,41,-0.519,S1O
112,T8,42,2.411,S1O
112,T8,43,2.411,S1O
112,T8,44,0.458,S1O
112,T8,45,-1.007,S1O
112,T8,46,-1.495,S1O
112,T8,47,-1.495,S1O
112,T8,48,-2.472,S1O
112,T8,49,-4.913,S1O
112,T8,50,-8.331,S1O
112,T8,51,-9.796,S1O
112,T8,52,-8.331,S1O
112,T8,53,-5.402,S1O
112,T8,54,-2.472,S1O
112,T8,55,-1.984,S1O
112,T8,56,-3.448,S1O
112,T8,57,-4.913,S1O
112,T8,58,-5.402,S1O
112,T8,59,-3.937,S1O
112,T8,60,-2.960,S1O
112,T8,61,-2.960,S1O
112,T8,62,-5.890,S1O
112,T8,63,-9.308,S1O
112,T8,64,-11.749,S1O
112,T8,65,-11.749,S1O
112,T8,66,-10.773,S1O
112,T8,67,-8.331,S1O
112,T8,68,-5.890,S1O
112,T8,69,-4.425,S1O
112,T8,70,-2.960,S1O
112,T8,71,-2.960,S1O
112,T8,72,-5.890,S1O
112,T8,73,-10.773,S1O
112,T8,74,-16.144,S1O
112,T8,75,-19.073,S1O
112,T8,76,-17.120,S1O
112,T8,77,-11.261,S1O
112,T8,78,-3.448,S1O
112,T8,79,2.411,S1O
112,T8,80,3.387,S1O
112,T8,81,0.946,S1O
112,T8,82,-2.960,S1O
112,T8,83,-4.913,S1O
112,T8,84,-4.425,S1O
112,T8,85,-1.984,S1O
112,T8,86,0.458,S1O
112,T8,87,1.923,S1O
112,T8,88,1.923,S1O
112,T8,89,1.923,S1O
112,T8,90,1.923,S1O
112,T8,91,0.946,S1O
112,T8,92,-1.495,S1O
112,T8,93,-4.913,S1O
112,T8,94,-7.355,S1O
112,T8,95,-7.843,S1O
112,T8,96,-6.866,S1O
112,T8,97,-5.402,S1O
112,T8,98,-3.937,S1O
112,T8,99,-4.425,S1O
112,T8,100,-5.890,S1O
112,T8,101,-8.820,S1O
112,T8,102,-11.261,S1O
112,T8,103,-13.702,S1O
112,T8,104,-13.702,S1O
112,T8,105,-11.261,S1O
112,T8,106,-6.866,S1O
112,T8,107,-2.472,S1O
112,T8,108,-0.031,S1O
112,T8,109,-1.495,S1O
112,T8,110,-5.890,S1O
112,T8,111,-12.238,S1O
112,T8,112,-16.632,S1O
112,T8,113,-17.120,S1O
112,T8,114,-15.167,S1O
112,T8,115,-12.238,S1O
112,T8,116,-10.284,S1O
112,T8,117,-9.796,S1O
112,T8,118,-9.796,S1O
112,T8,119,-9.308,S1O
112,T8,120,-8.331,S1O
112,T8,121,-8.820,S1O
112,T8,122,-10.284,S1O
112,T8,123,-13.214,S1O
112,T8,124,-16.144,S1O
112,T8,125,-17.120,S1O
112,T8,126,-15.167,S1O
112,T8,127,-11.749,S1O
112,T8,128,-9.796,S1O
112,T8,129,-9.796,S1O
112,T8,130,-11.749,S1O
112,T8,131,-13.702,S1O
112,T8,132,-14.679,S1O
112,T8,133,-14.679,S1O
112,T8,134,-12.726,S1O
112,T8,135,-10.284,S1O
112,T8,136,-7.355,S1O
112,T8,137,-4.425,S1O
112,T8,138,-2.472,S1O
112,T8,139,-2.472,S1O
112,T8,140,-4.913,S1O
112,T8,141,-9.796,S1O
112,T8,142,-16.144,S1O
112,T8,143,-20.538,S1O
112,T8,144,-19.562,S1O
112,T8,145,-14.191,S1O
112,T8,146,-7.355,S1O
112,T8,147,-2.960,S1O
112,T8,148,-2.960,S1O
112,T8,149,-6.866,S1O
112,T8,150,-9.796,S1O
112,T8,151,-9.308,S1O
112,T8,152,-5.890,S1O
112,T8,153,-2.472,S1O
112,T8,154,-2.472,S1O
112,T8,155,-5.890,S1O
112,T8,156,-8.820,S1O
112,T8,157,-9.308,S1O
112,T8,158,-6.866,S1O
112,T8,159,-4.425,S1O
112,T8,160,-5.402,S1O
112,T8,161,-8.331,S1O
112,T8,162,-11.261,S1O
112,T8,163,-10.284,S1O
112,T8,164,-5.402,S1O
112,T8,165,-0.519,S1O
112,T8,166,0.946,S1O
112,T8,167,-1.984,S1O
112,T8,168,-6.378,S1O
112,T8,169,-8.331,S1O
112,T8,170,-6.378,S1O
112,T8,171,-3.937,S1O
112,T8,172,-3.937,S1O
112,T8,173,-6.866,S1O
112,T8,174,-10.284,S1O
112,T8,175,-10.773,S1O
112,T8,176,-7.355,S1O
112,T8,177,-3.448,S1O
112,T8,178,-1.495,S1O
112,T8,179,-3.448,S1O
112,T8,180,-6.866,S1O
112,T8,181,-9.308,S1O
112,T8,182,-9.796,S1O
112,T8,183,-9.308,S1O
112,T8,184,-8.820,S1O
112,T8,185,-9.796,S1O
112,T8,186,-10.773,S1O
112,T8,187,-9.308,S1O
112,T8,188,-6.866,S1O
112,T8,189,-4.913,S1O
112,T8,190,-5.890,S1O
112,T8,191,-9.308,S1O
112,T8,192,-13.702,S1O
112,T8,193,-15.656,S1O
112,T8,194,-15.167,S1O
112,T8,195,-12.238,S1O
112,T8,196,-9.308,S1O
112,T8,197,-8.331,S1O
112,T8,198,-9.308,S1O
112,T8,199,-12.238,S1O
112,T8,200,-14.679,S1O
112,T8,201,-16.144,S1O
112,T8,202,-15.656,S1O
112,T8,203,-13.214,S1O
112,T8,204,-9.796,S1O
112,T8,205,-8.820,S1O
112,T8,206,-9.796,S1O
112,T8,207,-13.214,S1O
112,T8,208,-16.144,S1O
112,T8,209,-16.632,S1O
112,T8,210,-14.679,S1O
112,T8,211,-11.749,S1O
112,T8,212,-10.773,S1O
112,T8,213,-13.214,S1O
112,T8,214,-17.120,S1O
112,T8,215,-20.050,S1O
112,T8,216,-20.050,S1O
112,T8,217,-17.609,S1O
112,T8,218,-14.679,S1O
112,T8,219,-13.214,S1O
112,T8,220,-14.679,S1O
112,T8,221,-16.632,S1O
112,T8,222,-17.120,S1O
112,T8,223,-15.656,S1O
112,T8,224,-12.238,S1O
112,T8,225,-10.773,S1O
112,T8,226,-12.238,S1O
112,T8,227,-16.632,S1O
112,T8,228,-21.027,S1O
112,T8,229,-21.515,S1O
112,T8,230,-18.585,S1O
112,T8,231,-13.214,S1O
112,T8,232,-9.796,S1O
112,T8,233,-10.773,S1O
112,T8,234,-14.679,S1O
112,T8,235,-17.609,S1O
112,T8,236,-17.609,S1O
112,T8,237,-14.679,S1O
112,T8,238,-11.749,S1O
112,T8,239,-9.796,S1O
112,T8,240,-9.308,S1O
112,T8,241,-9.308,S1O
112,T8,242,-8.820,S1O
112,T8,243,-7.843,S1O
112,T8,244,-8.820,S1O
112,T8,245,-11.749,S1O
112,T8,246,-15.167,S1O
112,T8,247,-16.144,S1O
112,T8,248,-13.214,S1O
112,T8,249,-8.820,S1O
112,T8,250,-5.402,S1O
112,T8,251,-5.402,S1O
112,T8,252,-8.331,S1O
112,T8,253,-12.238,S1O
112,T8,254,-14.191,S1O
112,T8,255,-14.679,S1O
112,T7,0,5.900,S1O
112,T7,1,4.924,S1O
112,T7,2,2.482,S1O
112,T7,3,0.529,S1O
112,T7,4,-0.448,S1O
112,T7,5,0.041,S1O
112,T7,6,1.994,S1O
112,T7,7,4.435,S1O
112,T7,8,5.900,S1O
112,T7,9,6.388,S1O
112,T7,10,5.412,S1O
112,T7,11,2.970,S1O
112,T7,12,1.017,S1O
112,T7,13,0.041,S1O
112,T7,14,-0.448,S1O
112,T7,15,0.041,S1O
112,T7,16,-0.448,S1O
112,T7,17,-1.912,S1O
112,T7,18,-3.866,S1O
112,T7,19,-5.819,S1O
112,T7,20,-6.795,S1O
112,T7,21,-7.284,S1O
112,T7,22,-7.284,S1O
112,T7,23,-6.307,S1O
112,T7,24,-4.842,S1O
112,T7,25,-2.401,S1O
112,T7,26,-1.424,S1O
112,T7,27,-1.912,S1O
112,T7,28,-4.842,S1O
112,T7,29,-8.260,S1O
112,T7,30,-10.213,S1O
112,T7,31,-8.260,S1O
112,T7,32,-3.377,S1O
112,T7,33,1.017,S1O
112,T7,34,1.994,S1O
112,T7,35,-1.424,S1O
112,T7,36,-7.284,S1O
112,T7,37,-11.678,S1O
112,T7,38,-12.166,S1O
112,T7,39,-8.748,S1O
112,T7,40,-4.354,S1O
112,T7,41,-1.912,S1O
112,T7,42,-1.912,S1O
112,T7,43,-4.354,S1O
112,T7,44,-6.795,S1O
112,T7,45,-7.772,S1O
112,T7,46,-8.260,S1O
112,T7,47,-8.260,S1O
112,T7,48,-8.260,S1O
112,T7,49,-7.772,S1O
112,T7,50,-6.795,S1O
112,T7,51,-4.842,S1O
112,T7,52,-2.401,S1O
112,T7,53,-0.448,S1O
112,T7,54,0.529,S1O
112,T7,55,-0.448,S1O
112,T7,56,-2.401,S1O
112,T7,57,-5.330,S1O
112,T7,58,-6.795,S1O
112,T7,59,-7.284,S1O
112,T7,60,-7.284,S1O
112,T7,61,-6.795,S1O
112,T7,62,-7.284,S1O
112,T7,63,-8.260,S1O
112,T7,64,-10.213,S1O
112,T7,65,-12.166,S1O
112,T7,66,-13.631,S1O
112,T7,67,-13.631,S1O
112,T7,68,-13.143,S1O
112,T7,69,-11.190,S1O
112,T7,70,-8.748,S1O
112,T7,71,-5.819,S1O
112,T7,72,-3.377,S1O
112,T7,73,-2.401,S1O
112,T7,74,-2.889,S1O
112,T7,75,-4.354,S1O
112,T7,76,-4.842,S1O
112,T7,77,-3.377,S1O
112,T7,78,-1.912,S1O
112,T7,79,-0.936,S1O
112,T7,80,-1.912,S1O
112,T7,81,-4.354,S1O
112,T7,82,-6.307,S1O
112,T7,83,-5.330,S1O
112,T7,84,-2.889,S1O
112,T7,85,-0.936,S1O
112,T7,86,-0.936,S1O
112,T7,87,-3.377,S1O
112,T7,88,-7.284,S1O
112,T7,89,-9.237,S1O
112,T7,90,-8.260,S1O
112,T7,91,-5.330,S1O
112,T7,92,-1.912,S1O
112,T7,93,-0.936,S1O
112,T7,94,-2.401,S1O
112,T7,95,-5.819,S1O
112,T7,96,-8.748,S1O
112,T7,97,-10.213,S1O
112,T7,98,-9.237,S1O
112,T7,99,-6.307,S1O
112,T7,100,-3.377,S1O
112,T7,101,-0.448,S1O
112,T7,102,0.041,S1O
112,T7,103,-1.424,S1O
112,T7,104,-4.354,S1O
112,T7,105,-6.307,S1O
112,T7,106,-6.307,S1O
112,T7,107,-4.842,S1O
112,T7,108,-3.377,S1O
112,T7,109,-4.354,S1O
112,T7,110,-6.795,S1O
112,T7,111,-9.237,S1O
112,T7,112,-9.725,S1O
112,T7,113,-6.307,S1O
112,T7,114,-1.912,S1O
112,T7,115,1.506,S1O
112,T7,116,0.041,S1O
112,T7,117,-3.866,S1O
112,T7,118,-8.748,S1O
112,T7,119,-10.701,S1O
112,T7,120,-8.748,S1O
112,T7,121,-4.842,S1O
112,T7,122,-1.912,S1O
112,T7,123,-1.424,S1O
112,T7,124,-3.377,S1O
112,T7,125,-5.819,S1O
112,T7,126,-7.284,S1O
112,T7,127,-6.795,S1O
112,T7,128,-5.330,S1O
112,T7,129,-3.866,S1O
112,T7,130,-3.866,S1O
112,T7,131,-4.842,S1O
112,T7,132,-6.307,S1O
112,T7,133,-7.284,S1O
112,T7,134,-7.284,S1O
112,T7,135,-6.307,S1O
112,T7,136,-4.842,S1O
112,T7,137,-3.377,S1O
112,T7,138,-1.912,S1O
112,T7,139,-2.401,S1O
112,T7,140,-3.866,S1O
112,T7,141,-6.307,S1O
112,T7,142,-8.260,S1O
112,T7,143,-7.772,S1O
112,T7,144,-5.819,S1O
112,T7,145,-2.401,S1O
112,T7,146,0.041,S1O
112,T7,147,0.529,S1O
112,T7,148,-0.936,S1O
112,T7,149,-2.401,S1O
112,T7,150,-3.866,S1O
112,T7,151,-3.866,S1O
112,T7,152,-3.377,S1O
112,T7,153,-3.377,S1O
112,T7,154,-4.842,S1O
112,T7,155,-6.307,S1O
112,T7,156,-7.772,S1O
112,T7,157,-7.772,S1O
112,T7,158,-6.795,S1O
112,T7,159,-5.819,S1O
112,T7,160,-5.819,S1O
112,T7,161,-6.307,S1O
112,T7,162,-7.284,S1O
112,T7,163,-7.772,S1O
112,T7,164,-8.260,S1O
112,T7,165,-9.237,S1O
112,T7,166,-10.213,S1O
112,T7,167,-10.701,S1O
112,T7,168,-10.213,S1O
112,T7,169,-9.237,S1O
112,T7,170,-8.260,S1O
112,T7,171,-8.748,S1O
112,T7,172,-10.213,S1O
112,T7,173,-11.190,S1O
112,T7,174,-11.678,S1O
112,T7,175,-10.213,S1O
112,T7,176,-9.237,S1O
112,T7,177,-9.237,S1O
112,T7,178,-10.701,S1O
112,T7,179,-13.631,S1O
112,T7,180,-16.073,S1O
112,T7,181,-16.561,S1O
112,T7,182,-15.096,S1O
112,T7,183,-12.655,S1O
112,T7,184,-9.725,S1O
112,T7,185,-8.748,S1O
112,T7,186,-9.725,S1O
112,T7,187,-13.143,S1O
112,T7,188,-16.073,S1O
112,T7,189,-18.514,S1O
112,T7,190,-18.514,S1O
112,T7,191,-16.073,S1O
112,T7,192,-12.655,S1O
112,T7,193,-10.701,S1O
112,T7,194,-9.725,S1O
112,T7,195,-10.701,S1O
112,T7,196,-12.166,S1O
112,T7,197,-14.119,S1O
112,T7,198,-16.073,S1O
112,T7,199,-18.514,S1O
112,T7,200,-20.467,S1O
112,T7,201,-20.467,S1O
112,T7,202,-18.514,S1O
112,T7,203,-16.073,S1O
112,T7,204,-15.096,S1O
112,T7,205,-16.073,S1O
112,T7,206,-18.514,S1O
112,T7,207,-20.467,S1O
112,T7,208,-18.514,S1O
112,T7,209,-15.096,S1O
112,T7,210,-11.678,S1O
112,T7,211,-11.678,S1O
112,T7,212,-14.119,S1O
112,T7,213,-18.514,S1O
112,T7,214,-20.955,S1O
112,T7,215,-20.467,S1O
112,T7,216,-18.514,S1O
112,T7,217,-16.561,S1O
112,T7,218,-16.073,S1O
112,T7,219,-16.561,S1O
112,T7,220,-17.049,S1O
112,T7,221,-16.561,S1O
112,T7,222,-16.561,S1O
112,T7,223,-16.561,S1O
112,T7,224,-17.537,S1O
112,T7,225,-19.491,S1O
112,T7,226,-21.444,S1O
112,T7,227,-22.420,S1O
112,T7,228,-22.909,S1O
112,T7,229,-22.909,S1O
112,T7,230,-22.909,S1O
112,T7,231,-22.909,S1O
112,T7,232,-21.932,S1O
112,T7,233,-19.491,S1O
112,T7,234,-17.537,S1O
112,T7,235,-15.096,S1O
112,T7,236,-14.608,S1O
112,T7,237,-15.584,S1O
112,T7,238,-17.049,S1O
112,T7,239,-18.514,S1O
112,T7,240,-19.002,S1O
112,T7,241,-19.002,S1O
112,T7,242,-18.514,S1O
112,T7,243,-17.537,S1O
112,T7,244,-17.049,S1O
112,T7,245,-16.073,S1O
112,T7,246,-14.608,S1O
112,T7,247,-12.655,S1O
112,T7,248,-11.190,S1O
112,T7,249,-10.701,S1O
112,T7,250,-12.166,S1O
112,T7,251,-16.073,S1O
112,T7,252,-19.491,S1O
112,T7,253,-21.932,S1O
112,T7,254,-20.955,S1O
112,T7,255,-17.537,S1O
112,CZ,0,7.253,S1O
112,CZ,1,4.812,S1O
112,CZ,2,3.347,S1O
112,CZ,3,3.835,S1O
112,CZ,4,5.300,S1O
112,CZ,5,6.765,S1O
112,CZ,6,7.253,S1O
112,CZ,7,7.253,S1O
112,CZ,8,7.741,S1O
112,CZ,9,9.206,S1O
112,CZ,10,10.183,S1O
112,CZ,11,8.718,S1O
112,CZ,12,4.812,S1O
112,CZ,13,0.417,S1O
112,CZ,14,-2.513,S1O
112,CZ,15,-2.513,S1O
112,CZ,16,-0.071,S1O
112,CZ,17,2.858,S1O
112,CZ,18,1.882,S1O
112,CZ,19,-3.001,S1O
112,CZ,20,-9.837,S1O
112,CZ,21,-15.208,S1O
112,CZ,22,-17.161,S1O
112,CZ,23,-14.231,S1O
112,CZ,24,-9.349,S1O
112,CZ,25,-5.442,S1O
112,CZ,26,-3.489,S1O
112,CZ,27,-4.466,S1O
112,CZ,28,-7.884,S1O
112,CZ,29,-11.790,S1O
112,CZ,30,-14.720,S1O
112,CZ,31,-14.720,S1O
112,CZ,32,-11.790,S1O
112,CZ,33,-6.907,S1O
112,CZ,34,-3.489,S1O
112,CZ,35,-3.489,S1O
112,CZ,36,-7.395,S1O
112,CZ,37,-12.278,S1O
112,CZ,38,-15.208,S1O
112,CZ,39,-12.767,S1O
112,CZ,40,-6.907,S1O
112,CZ,41,-1.536,S1O
112,CZ,42,0.417,S1O
112,CZ,43,-2.513,S1O
112,CZ,44,-7.884,S1O
112,CZ,45,-11.790,S1O
112,CZ,46,-13.255,S1O
112,CZ,47,-11.790,S1O
112,CZ,48,-9.837,S1O
112,CZ,49,-9.349,S1O
112,CZ,50,-10.325,S1O
112,CZ,51,-12.278,S1O
112,CZ,52,-12.767,S1O
112,CZ,53,-12.278,S1O
112,CZ,54,-11.790,S1O
112,CZ,55,-12.278,S1O
112,CZ,56,-13.743,S1O
112,CZ,57,-15.696,S1O
112,CZ,58,-17.161,S1O
112,CZ,59,-17.161,S1O
112,CZ,60,-15.696,S1O
112,CZ,61,-14.720,S1O
112,CZ,62,-14.720,S1O
112,CZ,63,-16.184,S1O
112,CZ,64,-19.114,S1O
112,CZ,65,-21.067,S1O
112,CZ,66,-22.044,S1O
112,CZ,67,-22.044,S1O
112,CZ,68,-21.556,S1O
112,CZ,69,-21.556,S1O
112,CZ,70,-22.532,S1O
112,CZ,71,-24.485,S1O
112,CZ,72,-26.927,S1O
112,CZ,73,-28.392,S1O
112,CZ,74,-28.880,S1O
112,CZ,75,-28.392,S1O
112,CZ,76,-27.903,S1O
112,CZ,77,-26.927,S1O
112,CZ,78,-26.927,S1O
112,CZ,79,-26.927,S1O
112,CZ,80,-26.438,S1O
112,CZ,81,-24.974,S1O
112,CZ,82,-22.532,S1O
112,CZ,83,-19.602,S1O
112,CZ,84,-17.161,S1O
112,CZ,85,-15.696,S1O
112,CZ,86,-15.208,S1O
112,CZ,87,-15.696,S1O
112,CZ,88,-16.184,S1O
112,CZ,89,-16.673,S1O
112,CZ,90,-16.673,S1O
112,CZ,91,-16.184,S1O
112,CZ,92,-16.184,S1O
112,CZ,93,-16.184,S1O
112,CZ,94,-16.673,S1O
112,CZ,95,-17.161,S1O
112,CZ,96,-19.114,S1O
112,CZ,97,-22.044,S1O
112,CZ,98,-23.997,S1O
112,CZ,99,-25.462,S1O
112,CZ,100,-24.485,S1O
112,CZ,101,-23.020,S1O
112,CZ,102,-22.532,S1O
112,CZ,103,-23.020,S1O
112,CZ,104,-24.485,S1O
112,CZ,105,-24.485,S1O
112,CZ,106,-23.020,S1O
112,CZ,107,-21.067,S1O
112,CZ,108,-20.579,S1O
112,CZ,109,-22.532,S1O
112,CZ,110,-25.950,S1O
112,CZ,111,-28.880,S1O
112,CZ,112,-29.368,S1O
112,CZ,113,-27.415,S1O
112,CZ,114,-24.974,S1O
112,CZ,115,-24.485,S1O
112,CZ,116,-26.927,S1O
112,CZ,117,-30.833,S1O
112,CZ,118,-34.251,S1O
112,CZ,119,-34.739,S1O
112,CZ,120,-31.809,S1O
112,CZ,121,-27.903,S1O
112,CZ,122,-25.462,S1O
112,CZ,123,-26.438,S1O
112,CZ,124,-28.880,S1O
112,CZ,125,-33.274,S1O
112,CZ,126,-36.204,S1O
112,CZ,127,-37.669,S1O
112,CZ,128,-37.669,S1O
112,CZ,129,-36.692,S1O
112,CZ,130,-36.204,S1O
112,CZ,131,-35.716,S1O
112,CZ,132,-35.227,S1O
112,CZ,133,-34.251,S1O
112,CZ,134,-33.274,S1O
112,CZ,135,-31.321,S1O
112,CZ,136,-28.880,S1O
112,CZ,137,-27.415,S1O
112,CZ,138,-26.438,S1O
112,CZ,139,-27.903,S1O
112,CZ,140,-29.856,S1O
112,CZ,141,-31.321,S1O
112,CZ,142,-32.298,S1O
112,CZ,143,-30.833,S1O
112,CZ,144,-28.392,S1O
112,CZ,145,-25.462,S1O
112,CZ,146,-23.509,S1O
112,CZ,147,-23.509,S1O
112,CZ,148,-24.485,S1O
112,CZ,149,-26.438,S1O
112,CZ,150,-29.368,S1O
112,CZ,151,-31.809,S1O
112,CZ,152,-33.763,S1O
112,CZ,153,-33.763,S1O
112,CZ,154,-32.298,S1O
112,CZ,155,-28.880,S1O
112,CZ,156,-26.438,S1O
112,CZ,157,-24.485,S1O
112,CZ,158,-24.485,S1O
112,CZ,159,-26.438,S1O
112,CZ,160,-28.392,S1O
112,CZ,161,-28.880,S1O
112,CZ,162,-27.903,S1O
112,CZ,163,-25.462,S1O
112,CZ,164,-22.532,S1O
112,CZ,165,-21.067,S1O
112,CZ,166,-21.067,S1O
112,CZ,167,-22.532,S1O
112,CZ,168,-24.485,S1O
112,CZ,169,-26.438,S1O
112,CZ,170,-26.927,S1O
112,CZ,171,-26.927,S1O
112,CZ,172,-26.438,S1O
112,CZ,173,-25.950,S1O
112,CZ,174,-24.974,S1O
112,CZ,175,-24.485,S1O
112,CZ,176,-23.997,S1O
112,CZ,177,-23.997,S1O
112,CZ,178,-24.974,S1O
112,CZ,179,-26.438,S1O
112,CZ,180,-27.903,S1O
112,CZ,181,-28.392,S1O
112,CZ,182,-26.927,S1O
112,CZ,183,-24.974,S1O
112,CZ,184,-22.532,S1O
112,CZ,185,-21.556,S1O
112,CZ,186,-22.532,S1O
112,CZ,187,-25.950,S1O
112,CZ,188,-29.856,S1O
112,CZ,189,-33.274,S1O
112,CZ,190,-33.763,S1O
112,CZ,191,-31.809,S1O
112,CZ,192,-28.392,S1O
112,CZ,193,-25.950,S1O
112,CZ,194,-25.462,S1O
112,CZ,195,-26.438,S1O
112,CZ,196,-28.392,S1O
112,CZ,197,-30.833,S1O
112,CZ,198,-32.786,S1O
112,CZ,199,-34.251,S1O
112,CZ,200,-35.227,S1O
112,CZ,201,-34.739,S1O
112,CZ,202,-31.809,S1O
112,CZ,203,-27.903,S1O
112,CZ,204,-24.485,S1O
112,CZ,205,-24.974,S1O
112,CZ,206,-28.392,S1O
112,CZ,207,-32.786,S1O
112,CZ,208,-35.227,S1O
112,CZ,209,-34.739,S1O
112,CZ,210,-31.809,S1O
112,CZ,211,-29.856,S1O
112,CZ,212,-29.856,S1O
112,CZ,213,-32.786,S1O
112,CZ,214,-35.227,S1O
112,CZ,215,-36.692,S1O
112,CZ,216,-35.716,S1O
112,CZ,217,-34.251,S1O
112,CZ,218,-33.274,S1O
112,CZ,219,-33.274,S1O
112,CZ,220,-33.274,S1O
112,CZ,221,-32.298,S1O
112,CZ,222,-29.856,S1O
112,CZ,223,-27.415,S1O
112,CZ,224,-27.903,S1O
112,CZ,225,-31.321,S1O
112,CZ,226,-36.204,S1O
112,CZ,227,-41.087,S1O
112,CZ,228,-42.552,S1O
112,CZ,229,-41.087,S1O
112,CZ,230,-37.181,S1O
112,CZ,231,-33.763,S1O
112,CZ,232,-31.321,S1O
112,CZ,233,-30.345,S1O
112,CZ,234,-31.321,S1O
112,CZ,235,-31.809,S1O
112,CZ,236,-32.786,S1O
112,CZ,237,-32.786,S1O
112,CZ,238,-31.809,S1O
112,CZ,239,-30.833,S1O
112,CZ,240,-28.880,S1O
112,CZ,241,-26.927,S1O
112,CZ,242,-25.462,S1O
112,CZ,243,-24.485,S1O
112,CZ,244,-24.485,S1O
112,CZ,245,-24.485,S1O
112,CZ,246,-24.974,S1O
112,CZ,247,-25.462,S1O
112,CZ,248,-26.438,S1O
112,CZ,249,-26.927,S1O
112,CZ,250,-27.415,S1O
112,CZ,251,-27.903,S1O
112,CZ,252,-26.927,S1O
112,CZ,253,-25.462,S1O
112,CZ,254,-23.997,S1O
112,CZ,255,-23.509,S1O
112,C3,0,-1.750,S1O
112,C3,1,-1.750,S1O
112,C3,2,-0.773,S1O
112,C3,3,0.692,S1O
112,C3,4,1.668,S1O
112,C3,5,1.668,S1O
112,C3,6,0.692,S1O
112,C3,7,0.203,S1O
112,C3,8,1.180,S1O
112,C3,9,2.157,S1O
112,C3,10,3.133,S1O
112,C3,11,3.133,S1O
112,C3,12,2.157,S1O
112,C3,13,0.692,S1O
112,C3,14,-1.261,S1O
112,C3,15,-2.726,S1O
112,C3,16,-3.215,S1O
112,C3,17,-2.726,S1O
112,C3,18,-1.750,S1O
112,C3,19,-1.261,S1O
112,C3,20,-1.261,S1O
112,C3,21,-2.238,S1O
112,C3,22,-3.215,S1O
112,C3,23,-3.703,S1O
112,C3,24,-3.215,S1O
112,C3,25,-2.238,S1O
112,C3,26,-1.750,S1O
112,C3,27,-1.750,S1O
112,C3,28,-1.750,S1O
112,C3,29,-2.238,S1O
112,C3,30,-2.726,S1O
112,C3,31,-2.726,S1O
112,C3,32,-3.703,S1O
112,C3,33,-4.679,S1O
112,C3,34,-5.168,S1O
112,C3,35,-5.168,S1O
112,C3,36,-4.679,S1O
112,C3,37,-3.703,S1O
112,C3,38,-3.703,S1O
112,C3,39,-3.703,S1O
112,C3,40,-4.191,S1O
112,C3,41,-4.679,S1O
112,C3,42,-4.191,S1O
112,C3,43,-3.703,S1O
112,C3,44,-3.215,S1O
112,C3,45,-3.703,S1O
112,C3,46,-3.703,S1O
112,C3,47,-4.679,S1O
112,C3,48,-5.168,S1O
112,C3,49,-4.679,S1O
112,C3,50,-3.703,S1O
112,C3,51,-2.726,S1O
112,C3,52,-1.750,S1O
112,C3,53,-1.750,S1O
112,C3,54,-2.238,S1O
112,C3,55,-3.215,S1O
112,C3,56,-3.703,S1O
112,C3,57,-3.215,S1O
112,C3,58,-2.238,S1O
112,C3,59,-1.261,S1O
112,C3,60,-1.750,S1O
112,C3,61,-3.215,S1O
112,C3,62,-5.656,S1O
112,C3,63,-8.097,S1O
112,C3,64,-8.586,S1O
112,C3,65,-8.097,S1O
112,C3,66,-6.144,S1O
112,C3,67,-4.679,S1O
112,C3,68,-3.703,S1O
112,C3,69,-3.215,S1O
112,C3,70,-3.215,S1O
112,C3,71,-3.215,S1O
112,C3,72,-3.215,S1O
112,C3,73,-2.726,S1O
112,C3,74,-2.238,S1O
112,C3,75,-1.750,S1O
112,C3,76,-2.238,S1O
112,C3,77,-2.238,S1O
112,C3,78,-3.215,S1O
112,C3,79,-4.679,S1O
112,C3,80,-5.656,S1O
112,C3,81,-5.656,S1O
112,C3,82,-4.679,S1O
112,C3,83,-3.703,S1O
112,C3,84,-3.703,S1O
112,C3,85,-4.191,S1O
112,C3,86,-5.168,S1O
112,C3,87,-5.168,S1O
112,C3,88,-4.191,S1O
112,C3,89,-3.215,S1O
112,C3,90,-3.215,S1O
112,C3,91,-4.191,S1O
112,C3,92,-5.656,S1O
112,C3,93,-6.144,S1O
112,C3,94,-5.656,S1O
112,C3,95,-3.703,S1O
112,C3,96,-2.238,S1O
112,C3,97,-2.726,S1O
112,C3,98,-4.191,S1O
112,C3,99,-6.144,S1O
112,C3,100,-7.121,S1O
112,C3,101,-6.632,S1O
112,C3,102,-5.168,S1O
112,C3,103,-4.191,S1O
112,C3,104,-3.215,S1O
112,C3,105,-3.703,S1O
112,C3,106,-3.703,S1O
112,C3,107,-4.191,S1O
112,C3,108,-4.679,S1O
112,C3,109,-4.679,S1O
112,C3,110,-4.679,S1O
112,C3,111,-4.191,S1O
112,C3,112,-3.703,S1O
112,C3,113,-4.191,S1O
112,C3,114,-5.168,S1O
112,C3,115,-6.144,S1O
112,C3,116,-7.121,S1O
112,C3,117,-7.121,S1O
112,C3,118,-6.144,S1O
112,C3,119,-5.168,S1O
112,C3,120,-4.191,S1O
112,C3,121,-4.679,S1O
112,C3,122,-4.679,S1O
112,C3,123,-4.679,S1O
112,C3,124,-4.679,S1O
112,C3,125,-4.191,S1O
112,C3,126,-3.703,S1O
112,C3,127,-4.191,S1O
112,C3,128,-4.679,S1O
112,C3,129,-5.168,S1O
112,C3,130,-5.656,S1O
112,C3,131,-5.656,S1O
112,C3,132,-6.144,S1O
112,C3,133,-5.656,S1O
112,C3,134,-5.168,S1O
112,C3,135,-4.191,S1O
112,C3,136,-3.703,S1O
112,C3,137,-3.703,S1O
112,C3,138,-3.703,S1O
112,C3,139,-4.191,S1O
112,C3,140,-3.703,S1O
112,C3,141,-2.726,S1O
112,C3,142,-1.261,S1O
112,C3,143,-0.773,S1O
112,C3,144,-0.773,S1O
112,C3,145,-1.261,S1O
112,C3,146,-2.238,S1O
112,C3,147,-2.726,S1O
112,C3,148,-2.726,S1O
112,C3,149,-2.238,S1O
112,C3,150,-2.238,S1O
112,C3,151,-2.238,S1O
112,C3,152,-2.238,S1O
112,C3,153,-2.238,S1O
112,C3,154,-2.238,S1O
112,C3,155,-2.238,S1O
112,C3,156,-2.726,S1O
112,C3,157,-2.726,S1O
112,C3,158,-2.726,S1O
112,C3,159,-2.238,S1O
112,C3,160,-2.238,S1O
112,C3,161,-2.238,S1O
112,C3,162,-2.238,S1O
112,C3,163,-2.238,S1O
112,C3,164,-2.238,S1O
112,C3,165,-1.261,S1O
112,C3,166,-0.773,S1O
112,C3,167,-1.261,S1O
112,C3,168,-2.238,S1O
112,C3,169,-3.703,S1O
112,C3,170,-4.191,S1O
112,C3,171,-3.215,S1O
112,C3,172,-1.750,S1O
112,C3,173,-0.773,S1O
112,C3,174,-1.261,S1O
112,C3,175,-2.726,S1O
112,C3,176,-4.679,S1O
112,C3,177,-5.656,S1O
112,C3,178,-5.168,S1O
112,C3,179,-3.703,S1O
112,C3,180,-2.726,S1O
112,C3,181,-2.726,S1O
112,C3,182,-2.726,S1O
112,C3,183,-3.215,S1O
112,C3,184,-3.215,S1O
112,C3,185,-3.215,S1O
112,C3,186,-3.215,S1O
112,C3,187,-3.703,S1O
112,C3,188,-4.679,S1O
112,C3,189,-5.168,S1O
112,C3,190,-4.679,S1O
112,C3,191,-3.703,S1O
112,C3,192,-2.726,S1O
112,C3,193,-2.726,S1O
112,C3,194,-3.703,S1O
112,C3,195,-4.679,S1O
112,C3,196,-5.656,S1O
112,C3,197,-5.656,S1O
112,C3,198,-5.168,S1O
112,C3,199,-4.191,S1O
112,C3,200,-3.703,S1O
112,C3,201,-4.191,S1O
112,C3,202,-5.168,S1O
112,C3,203,-6.144,S1O
112,C3,204,-7.121,S1O
112,C3,205,-6.632,S1O
112,C3,206,-5.656,S1O
112,C3,207,-4.191,S1O
112,C3,208,-3.215,S1O
112,C3,209,-3.703,S1O
112,C3,210,-5.168,S1O
112,C3,211,-6.632,S1O
112,C3,212,-6.632,S1O
112,C3,213,-5.656,S1O
112,C3,214,-4.191,S1O
112,C3,215,-3.703,S1O
112,C3,216,-4.679,S1O
112,C3,217,-5.656,S1O
112,C3,218,-6.144,S1O
112,C3,219,-5.656,S1O
112,C3,220,-5.656,S1O
112,C3,221,-6.144,S1O
112,C3,222,-7.609,S1O
112,C3,223,-8.586,S1O
112,C3,224,-8.097,S1O
112,C3,225,-6.144,S1O
112,C3,226,-4.191,S1O
112,C3,227,-3.215,S1O
112,C3,228,-4.191,S1O
112,C3,229,-6.144,S1O
112,C3,230,-7.121,S1O
112,C3,231,-7.609,S1O
112,C3,232,-7.121,S1O
112,C3,233,-6.632,S1O
112,C3,234,-6.632,S1O
112,C3,235,-6.632,S1O
112,C3,236,-7.121,S1O
112,C3,237,-6.632,S1O
112,C3,238,-6.144,S1O
112,C3,239,-5.168,S1O
112,C3,240,-5.168,S1O
112,C3,241,-4.679,S1O
112,C3,242,-4.191,S1O
112,C3,243,-3.703,S1O
112,C3,244,-3.215,S1O
112,C3,245,-4.191,S1O
112,C3,246,-5.168,S1O
112,C3,247,-6.144,S1O
112,C3,248,-6.632,S1O
112,C3,249,-5.656,S1O
112,C3,250,-4.679,S1O
112,C3,251,-4.191,S1O
112,C3,252,-4.191,S1O
112,C3,253,-4.679,S1O
112,C3,254,-4.679,S1O
112,C3,255,-4.191,S1O
112,C4,0,-0.702,S1O
112,C4,1,0.763,S1O
112,C4,2,1.740,S1O
112,C4,3,1.251,S1O
112,C4,4,-0.214,S1O
112,C4,5,-1.190,S1O
112,C4,6,-0.702,S1O
112,C4,7,-0.214,S1O
112,C4,8,0.763,S1O
112,C4,9,1.251,S1O
112,C4,10,0.763,S1O
112,C4,11,0.275,S1O
112,C4,12,-0.214,S1O
112,C4,13,-0.702,S1O
112,C4,14,-0.702,S1O
112,C4,15,-0.702,S1O
112,C4,16,-1.190,S1O
112,C4,17,-1.678,S1O
112,C4,18,-2.167,S1O
112,C4,19,-2.655,S1O
112,C4,20,-2.655,S1O
112,C4,21,-2.655,S1O
112,C4,22,-2.167,S1O
112,C4,23,-1.678,S1O
112,C4,24,-1.190,S1O
112,C4,25,-0.702,S1O
112,C4,26,-0.702,S1O
112,C4,27,-0.702,S1O
112,C4,28,-1.190,S1O
112,C4,29,-1.190,S1O
112,C4,30,-1.190,S1O
112,C4,31,-0.702,S1O
112,C4,32,-0.214,S1O
112,C4,33,-0.702,S1O
112,C4,34,-1.190,S1O
112,C4,35,-1.678,S1O
112,C4,36,-2.167,S1O
112,C4,37,-2.167,S1O
112,C4,38,-2.655,S1O
112,C4,39,-2.655,S1O
112,C4,40,-3.143,S1O
112,C4,41,-3.632,S1O
112,C4,42,-3.143,S1O
112,C4,43,-2.655,S1O
112,C4,44,-2.655,S1O
112,C4,45,-3.143,S1O
112,C4,46,-3.632,S1O
112,C4,47,-3.632,S1O
112,C4,48,-2.655,S1O
112,C4,49,-1.190,S1O
112,C4,50,0.275,S1O
112,C4,51,-0.214,S1O
112,C4,52,-1.678,S1O
112,C4,53,-4.120,S1O
112,C4,54,-5.096,S1O
112,C4,55,-5.096,S1O
112,C4,56,-4.120,S1O
112,C4,57,-2.655,S1O
112,C4,58,-1.678,S1O
112,C4,59,-1.678,S1O
112,C4,60,-2.167,S1O
112,C4,61,-2.655,S1O
112,C4,62,-3.632,S1O
112,C4,63,-4.120,S1O
112,C4,64,-4.608,S1O
112,C4,65,-5.096,S1O
112,C4,66,-4.608,S1O
112,C4,67,-3.143,S1O
112,C4,68,-2.167,S1O
112,C4,69,-1.678,S1O
112,C4,70,-2.167,S1O
112,C4,71,-3.632,S1O
112,C4,72,-5.096,S1O
112,C4,73,-6.561,S1O
112,C4,74,-6.561,S1O
112,C4,75,-5.585,S1O
112,C4,76,-4.120,S1O
112,C4,77,-2.655,S1O
112,C4,78,-1.678,S1O
112,C4,79,-1.190,S1O
112,C4,80,-0.702,S1O
112,C4,81,-1.190,S1O
112,C4,82,-1.678,S1O
112,C4,83,-1.678,S1O
112,C4,84,-0.702,S1O
112,C4,85,0.763,S1O
112,C4,86,1.740,S1O
112,C4,87,1.740,S1O
112,C4,88,0.275,S1O
112,C4,89,-1.190,S1O
112,C4,90,-2.167,S1O
112,C4,91,-2.167,S1O
112,C4,92,-1.190,S1O
112,C4,93,0.275,S1O
112,C4,94,0.275,S1O
112,C4,95,-0.702,S1O
112,C4,96,-2.167,S1O
112,C4,97,-3.632,S1O
112,C4,98,-4.120,S1O
112,C4,99,-4.120,S1O
112,C4,100,-4.120,S1O
112,C4,101,-4.120,S1O
112,C4,102,-3.632,S1O
112,C4,103,-3.143,S1O
112,C4,104,-2.167,S1O
112,C4,105,-1.678,S1O
112,C4,106,-1.678,S1O
112,C4,107,-2.167,S1O
112,C4,108,-2.655,S1O
112,C4,109,-2.655,S1O
112,C4,110,-3.143,S1O
112,C4,111,-3.632,S1O
112,C4,112,-4.120,S1O
112,C4,113,-4.608,S1O
112,C4,114,-4.608,S1O
112,C4,115,-4.120,S1O
112,C4,116,-3.632,S1O
112,C4,117,-3.632,S1O
112,C4,118,-4.120,S1O
112,C4,119,-5.096,S1O
112,C4,120,-5.096,S1O
112,C4,121,-5.096,S1O
112,C4,122,-4.120,S1O
112,C4,123,-3.632,S1O
112,C4,124,-4.120,S1O
112,C4,125,-5.585,S1O
112,C4,126,-7.050,S1O
112,C4,127,-7.050,S1O
112,C4,128,-5.585,S1O
112,C4,129,-3.143,S1O
112,C4,130,-0.702,S1O
112,C4,131,-0.214,S1O
112,C4,132,-1.190,S1O
112,C4,133,-2.655,S1O
112,C4,134,-3.632,S1O
112,C4,135,-4.120,S1O
112,C4,136,-3.143,S1O
112,C4,137,-2.167,S1O
112,C4,138,-1.678,S1O
112,C4,139,-1.678,S1O
112,C4,140,-2.167,S1O
112,C4,141,-3.143,S1O
112,C4,142,-4.120,S1O
112,C4,143,-5.096,S1O
112,C4,144,-5.585,S1O
112,C4,145,-5.585,S1O
112,C4,146,-5.096,S1O
112,C4,147,-4.120,S1O
112,C4,148,-3.143,S1O
112,C4,149,-2.655,S1O
112,C4,150,-2.655,S1O
112,C4,151,-3.143,S1O
112,C4,152,-4.120,S1O
112,C4,153,-4.120,S1O
112,C4,154,-3.632,S1O
112,C4,155,-2.655,S1O
112,C4,156,-2.167,S1O
112,C4,157,-1.678,S1O
112,C4,158,-1.678,S1O
112,C4,159,-2.167,S1O
112,C4,160,-2.167,S1O
112,C4,161,-2.167,S1O
112,C4,162,-2.167,S1O
112,C4,163,-2.655,S1O
112,C4,164,-2.655,S1O
112,C4,165,-3.143,S1O
112,C4,166,-2.167,S1O
112,C4,167,-1.678,S1O
112,C4,168,-1.678,S1O
112,C4,169,-2.655,S1O
112,C4,170,-3.632,S1O
112,C4,171,-5.096,S1O
112,C4,172,-5.096,S1O
112,C4,173,-4.120,S1O
112,C4,174,-3.143,S1O
112,C4,175,-2.655,S1O
112,C4,176,-3.143,S1O
112,C4,177,-4.120,S1O
112,C4,178,-4.608,S1O
112,C4,179,-4.120,S1O
112,C4,180,-3.632,S1O
112,C4,181,-3.143,S1O
112,C4,182,-3.143,S1O
112,C4,183,-3.143,S1O
112,C4,184,-3.143,S1O
112,C4,185,-3.143,S1O
112,C4,186,-2.655,S1O
112,C4,187,-3.143,S1O
112,C4,188,-4.120,S1O
112,C4,189,-5.096,S1O
112,C4,190,-5.585,S1O
112,C4,191,-5.585,S1O
112,C4,192,-5.585,S1O
112,C4,193,-5.096,S1O
112,C4,194,-4.608,S1O
112,C4,195,-4.608,S1O
112,C4,196,-4.608,S1O
112,C4,197,-5.096,S1O
112,C4,198,-5.585,S1O
112,C4,199,-6.561,S1O
112,C4,200,-7.050,S1O
112,C4,201,-6.561,S1O
112,C4,202,-6.073,S1O
112,C4,203,-4.608,S1O
112,C4,204,-3.632,S1O
112,C4,205,-3.632,S1O
112,C4,206,-4.608,S1O
112,C4,207,-6.073,S1O
112,C4,208,-7.050,S1O
112,C4,209,-8.514,S1O
112,C4,210,-8.514,S1O
112,C4,211,-9.003,S1O
112,C4,212,-9.003,S1O
112,C4,213,-9.491,S1O
112,C4,214,-9.003,S1O
112,C4,215,-8.514,S1O
112,C4,216,-8.514,S1O
112,C4,217,-8.026,S1O
112,C4,218,-8.514,S1O
112,C4,219,-9.491,S1O
112,C4,220,-9.979,S1O
112,C4,221,-8.514,S1O
112,C4,222,-6.561,S1O
112,C4,223,-5.096,S1O
112,C4,224,-5.585,S1O
112,C4,225,-7.538,S1O
112,C4,226,-9.979,S1O
112,C4,227,-10.956,S1O
112,C4,228,-9.979,S1O
112,C4,229,-8.514,S1O
112,C4,230,-7.050,S1O
112,C4,231,-7.538,S1O
112,C4,232,-9.491,S1O
112,C4,233,-10.468,S1O
112,C4,234,-10.468,S1O
112,C4,235,-9.003,S1O
112,C4,236,-6.561,S1O
112,C4,237,-5.096,S1O
112,C4,238,-4.608,S1O
112,C4,239,-4.608,S1O
112,C4,240,-5.096,S1O
112,C4,241,-5.585,S1O
112,C4,242,-6.073,S1O
112,C4,243,-7.050,S1O
112,C4,244,-7.050,S1O
112,C4,245,-7.050,S1O
112,C4,246,-6.561,S1O
112,C4,247,-6.073,S1O
112,C4,248,-6.073,S1O
112,C4,249,-6.073,S1O
112,C4,250,-6.073,S1O
112,C4,251,-5.585,S1O
112,C4,252,-5.096,S1O
112,C4,253,-5.096,S1O
112,C4,254,-5.585,S1O
112,C4,255,-7.050,S1O
112,CP5,0,2.533,S1O
112,CP5,1,2.045,S1O
112,CP5,2,2.045,S1O
112,CP5,3,2.533,S1O
112,CP5,4,3.510,S1O
112,CP5,5,3.998,S1O
112,CP5,6,4.486,S1O
112,CP5,7,5.463,S1O
112,CP5,8,6.927,S1O
112,CP5,9,8.392,S1O
112,CP5,10,7.904,S1O
112,CP5,11,5.951,S1O
112,CP5,12,3.510,S1O
112,CP5,13,1.068,S1O
112,CP5,14,-0.397,S1O
112,CP5,15,-0.885,S1O
112,CP5,16,-1.373,S1O
112,CP5,17,-1.373,S1O
112,CP5,18,-1.862,S1O
112,CP5,19,-2.350,S1O
112,CP5,20,-1.862,S1O
112,CP5,21,-1.862,S1O
112,CP5,22,-2.350,S1O
112,CP5,23,-2.838,S1O
112,CP5,24,-2.350,S1O
112,CP5,25,-1.373,S1O
112,CP5,26,-0.397,S1O
112,CP5,27,0.580,S1O
112,CP5,28,-0.397,S1O
112,CP5,29,-1.862,S1O
112,CP5,30,-2.838,S1O
112,CP5,31,-2.838,S1O
112,CP5,32,-0.885,S1O
112,CP5,33,1.068,S1O
112,CP5,34,1.556,S1O
112,CP5,35,0.092,S1O
112,CP5,36,-3.326,S1O
112,CP5,37,-5.768,S1O
112,CP5,38,-6.744,S1O
112,CP5,39,-5.768,S1O
112,CP5,40,-3.326,S1O
112,CP5,41,-1.862,S1O
112,CP5,42,-0.885,S1O
112,CP5,43,-1.373,S1O
112,CP5,44,-2.350,S1O
112,CP5,45,-2.838,S1O
112,CP5,46,-2.838,S1O
112,CP5,47,-2.350,S1O
112,CP5,48,-1.862,S1O
112,CP5,49,-0.885,S1O
112,CP5,50,0.580,S1O
112,CP5,51,1.556,S1O
112,CP5,52,3.021,S1O
112,CP5,53,3.510,S1O
112,CP5,54,3.510,S1O
112,CP5,55,2.533,S1O
112,CP5,56,1.556,S1O
112,CP5,57,1.068,S1O
112,CP5,58,0.580,S1O
112,CP5,59,0.580,S1O
112,CP5,60,-0.397,S1O
112,CP5,61,-1.373,S1O
112,CP5,62,-2.838,S1O
112,CP5,63,-3.815,S1O
112,CP5,64,-5.280,S1O
112,CP5,65,-5.768,S1O
112,CP5,66,-5.280,S1O
112,CP5,67,-4.303,S1O
112,CP5,68,-2.838,S1O
112,CP5,69,-0.885,S1O
112,CP5,70,0.092,S1O
112,CP5,71,1.068,S1O
112,CP5,72,1.068,S1O
112,CP5,73,2.045,S1O
112,CP5,74,2.045,S1O
112,CP5,75,3.021,S1O
112,CP5,76,3.998,S1O
112,CP5,77,3.510,S1O
112,CP5,78,2.533,S1O
112,CP5,79,1.068,S1O
112,CP5,80,-0.397,S1O
112,CP5,81,0.092,S1O
112,CP5,82,1.068,S1O
112,CP5,83,3.021,S1O
112,CP5,84,3.998,S1O
112,CP5,85,3.998,S1O
112,CP5,86,2.533,S1O
112,CP5,87,1.068,S1O
112,CP5,88,0.580,S1O
112,CP5,89,0.092,S1O
112,CP5,90,0.092,S1O
112,CP5,91,0.092,S1O
112,CP5,92,0.092,S1O
112,CP5,93,0.092,S1O
112,CP5,94,0.580,S1O
112,CP5,95,0.580,S1O
112,CP5,96,0.092,S1O
112,CP5,97,-1.373,S1O
112,CP5,98,-2.838,S1O
112,CP5,99,-2.838,S1O
112,CP5,100,-1.862,S1O
112,CP5,101,-0.397,S1O
112,CP5,102,0.580,S1O
112,CP5,103,0.092,S1O
112,CP5,104,-0.885,S1O
112,CP5,105,-1.373,S1O
112,CP5,106,-0.885,S1O
112,CP5,107,0.092,S1O
112,CP5,108,1.068,S1O
112,CP5,109,1.068,S1O
112,CP5,110,0.092,S1O
112,CP5,111,-0.885,S1O
112,CP5,112,-1.373,S1O
112,CP5,113,-0.397,S1O
112,CP5,114,0.580,S1O
112,CP5,115,0.580,S1O
112,CP5,116,0.092,S1O
112,CP5,117,-1.373,S1O
112,CP5,118,-2.838,S1O
112,CP5,119,-2.838,S1O
112,CP5,120,-1.862,S1O
112,CP5,121,-0.397,S1O
112,CP5,122,0.580,S1O
112,CP5,123,0.580,S1O
112,CP5,124,-0.885,S1O
112,CP5,125,-2.350,S1O
112,CP5,126,-3.326,S1O
112,CP5,127,-2.838,S1O
112,CP5,128,-2.350,S1O
112,CP5,129,-1.862,S1O
112,CP5,130,-1.373,S1O
112,CP5,131,-1.373,S1O
112,CP5,132,-1.862,S1O
112,CP5,133,-1.373,S1O
112,CP5,134,-1.373,S1O
112,CP5,135,-0.885,S1O
112,CP5,136,-0.397,S1O
112,CP5,137,0.092,S1O
112,CP5,138,0.580,S1O
112,CP5,139,1.068,S1O
112,CP5,140,1.068,S1O
112,CP5,141,0.580,S1O
112,CP5,142,-0.397,S1O
112,CP5,143,0.092,S1O
112,CP5,144,0.580,S1O
112,CP5,145,1.556,S1O
112,CP5,146,2.045,S1O
112,CP5,147,2.533,S1O
112,CP5,148,2.045,S1O
112,CP5,149,2.045,S1O
112,CP5,150,2.045,S1O
112,CP5,151,2.045,S1O
112,CP5,152,2.045,S1O
112,CP5,153,2.045,S1O
112,CP5,154,2.045,S1O
112,CP5,155,2.045,S1O
112,CP5,156,1.556,S1O
112,CP5,157,1.068,S1O
112,CP5,158,1.068,S1O
112,CP5,159,1.556,S1O
112,CP5,160,1.068,S1O
112,CP5,161,1.556,S1O
112,CP5,162,1.068,S1O
112,CP5,163,1.068,S1O
112,CP5,164,0.092,S1O
112,CP5,165,0.092,S1O
112,CP5,166,-0.397,S1O
112,CP5,167,-0.397,S1O
112,CP5,168,0.092,S1O
112,CP5,169,0.580,S1O
112,CP5,170,0.580,S1O
112,CP5,171,0.092,S1O
112,CP5,172,-0.885,S1O
112,CP5,173,-1.373,S1O
112,CP5,174,-0.885,S1O
112,CP5,175,-0.397,S1O
112,CP5,176,0.092,S1O
112,CP5,177,-0.397,S1O
112,CP5,178,-1.373,S1O
112,CP5,179,-2.350,S1O
112,CP5,180,-3.326,S1O
112,CP5,181,-2.838,S1O
112,CP5,182,-1.862,S1O
112,CP5,183,-0.885,S1O
112,CP5,184,-0.397,S1O
112,CP5,185,-0.397,S1O
112,CP5,186,-1.862,S1O
112,CP5,187,-4.303,S1O
112,CP5,188,-6.256,S1O
112,CP5,189,-7.233,S1O
112,CP5,190,-6.256,S1O
112,CP5,191,-4.791,S1O
112,CP5,192,-2.838,S1O
112,CP5,193,-2.350,S1O
112,CP5,194,-2.350,S1O
112,CP5,195,-2.838,S1O
112,CP5,196,-3.326,S1O
112,CP5,197,-3.815,S1O
112,CP5,198,-5.280,S1O
112,CP5,199,-6.744,S1O
112,CP5,200,-7.721,S1O
112,CP5,201,-8.209,S1O
112,CP5,202,-7.233,S1O
112,CP5,203,-5.280,S1O
112,CP5,204,-4.303,S1O
112,CP5,205,-4.303,S1O
112,CP5,206,-4.303,S1O
112,CP5,207,-4.791,S1O
112,CP5,208,-3.815,S1O
112,CP5,209,-3.326,S1O
112,CP5,210,-2.838,S1O
112,CP5,211,-4.303,S1O
112,CP5,212,-6.744,S1O
112,CP5,213,-8.209,S1O
112,CP5,214,-7.721,S1O
112,CP5,215,-5.768,S1O
112,CP5,216,-4.303,S1O
112,CP5,217,-3.815,S1O
112,CP5,218,-4.303,S1O
112,CP5,219,-5.768,S1O
112,CP5,220,-7.233,S1O
112,CP5,221,-8.209,S1O
112,CP5,222,-8.698,S1O
112,CP5,223,-8.209,S1O
112,CP5,224,-7.233,S1O
112,CP5,225,-6.256,S1O
112,CP5,226,-5.768,S1O
112,CP5,227,-6.744,S1O
112,CP5,228,-7.233,S1O
112,CP5,229,-8.209,S1O
112,CP5,230,-7.721,S1O
112,CP5,231,-7.233,S1O
112,CP5,232,-6.256,S1O
112,CP5,233,-6.256,S1O
112,CP5,234,-6.744,S1O
112,CP5,235,-6.744,S1O
112,CP5,236,-6.256,S1O
112,CP5,237,-4.791,S1O
112,CP5,238,-4.303,S1O
112,CP5,239,-4.791,S1O
112,CP5,240,-5.768,S1O
112,CP5,241,-6.256,S1O
112,CP5,242,-6.256,S1O
112,CP5,243,-5.280,S1O
112,CP5,244,-4.791,S1O
112,CP5,245,-4.303,S1O
112,CP5,246,-4.303,S1O
112,CP5,247,-3.815,S1O
112,CP5,248,-3.326,S1O
112,CP5,249,-2.838,S1O
112,CP5,250,-2.838,S1O
112,CP5,251,-4.303,S1O
112,CP5,252,-5.768,S1O
112,CP5,253,-6.744,S1O
112,CP5,254,-5.768,S1O
112,CP5,255,-3.815,S1O
112,CP6,0,1.851,S1O
112,CP6,1,1.363,S1O
112,CP6,2,-0.102,S1O
112,CP6,3,-0.590,S1O
112,CP6,4,-0.590,S1O
112,CP6,5,0.387,S1O
112,CP6,6,1.363,S1O
112,CP6,7,1.851,S1O
112,CP6,8,2.340,S1O
112,CP6,9,2.340,S1O
112,CP6,10,2.340,S1O
112,CP6,11,2.340,S1O
112,CP6,12,1.363,S1O
112,CP6,13,-0.102,S1O
112,CP6,14,-1.078,S1O
112,CP6,15,-2.055,S1O
112,CP6,16,-1.567,S1O
112,CP6,17,-1.078,S1O
112,CP6,18,-0.590,S1O
112,CP6,19,-0.590,S1O
112,CP6,20,-1.567,S1O
112,CP6,21,-2.055,S1O
112,CP6,22,-1.567,S1O
112,CP6,23,-1.078,S1O
112,CP6,24,-0.590,S1O
112,CP6,25,-0.590,S1O
112,CP6,26,-1.078,S1O
112,CP6,27,-2.055,S1O
112,CP6,28,-2.543,S1O
112,CP6,29,-2.543,S1O
112,CP6,30,-2.055,S1O
112,CP6,31,-1.078,S1O
112,CP6,32,-0.102,S1O
112,CP6,33,0.387,S1O
112,CP6,34,0.387,S1O
112,CP6,35,-0.102,S1O
112,CP6,36,-1.567,S1O
112,CP6,37,-3.031,S1O
112,CP6,38,-4.496,S1O
112,CP6,39,-5.473,S1O
112,CP6,40,-4.985,S1O
112,CP6,41,-4.008,S1O
112,CP6,42,-2.543,S1O
112,CP6,43,-2.055,S1O
112,CP6,44,-1.567,S1O
112,CP6,45,-2.543,S1O
112,CP6,46,-3.031,S1O
112,CP6,47,-4.008,S1O
112,CP6,48,-3.520,S1O
112,CP6,49,-2.543,S1O
112,CP6,50,-1.567,S1O
112,CP6,51,-1.078,S1O
112,CP6,52,-1.567,S1O
112,CP6,53,-3.031,S1O
112,CP6,54,-4.496,S1O
112,CP6,55,-4.985,S1O
112,CP6,56,-4.985,S1O
112,CP6,57,-4.496,S1O
112,CP6,58,-3.520,S1O
112,CP6,59,-3.520,S1O
112,CP6,60,-4.496,S1O
112,CP6,61,-4.985,S1O
112,CP6,62,-5.961,S1O
112,CP6,63,-6.449,S1O
112,CP6,64,-6.449,S1O
112,CP6,65,-6.449,S1O
112,CP6,66,-5.961,S1O
112,CP6,67,-5.473,S1O
112,CP6,68,-4.985,S1O
112,CP6,69,-4.496,S1O
112,CP6,70,-3.520,S1O
112,CP6,71,-4.008,S1O
112,CP6,72,-5.473,S1O
112,CP6,73,-7.426,S1O
112,CP6,74,-8.891,S1O
112,CP6,75,-8.891,S1O
112,CP6,76,-6.449,S1O
112,CP6,77,-3.031,S1O
112,CP6,78,0.387,S1O
112,CP6,79,1.851,S1O
112,CP6,80,1.363,S1O
112,CP6,81,-0.102,S1O
112,CP6,82,-0.590,S1O
112,CP6,83,-0.590,S1O
112,CP6,84,0.875,S1O
112,CP6,85,2.340,S1O
112,CP6,86,3.316,S1O
112,CP6,87,3.805,S1O
112,CP6,88,2.828,S1O
112,CP6,89,1.851,S1O
112,CP6,90,0.875,S1O
112,CP6,91,0.875,S1O
112,CP6,92,1.363,S1O
112,CP6,93,1.363,S1O
112,CP6,94,0.387,S1O
112,CP6,95,-1.567,S1O
112,CP6,96,-4.008,S1O
112,CP6,97,-5.961,S1O
112,CP6,98,-5.961,S1O
112,CP6,99,-4.985,S1O
112,CP6,100,-4.008,S1O
112,CP6,101,-3.520,S1O
112,CP6,102,-4.008,S1O
112,CP6,103,-5.473,S1O
112,CP6,104,-5.473,S1O
112,CP6,105,-4.008,S1O
112,CP6,106,-1.567,S1O
112,CP6,107,0.875,S1O
112,CP6,108,1.363,S1O
112,CP6,109,-0.590,S1O
112,CP6,110,-4.008,S1O
112,CP6,111,-6.938,S1O
112,CP6,112,-8.403,S1O
112,CP6,113,-7.426,S1O
112,CP6,114,-5.473,S1O
112,CP6,115,-3.031,S1O
112,CP6,116,-3.031,S1O
112,CP6,117,-4.496,S1O
112,CP6,118,-6.449,S1O
112,CP6,119,-6.938,S1O
112,CP6,120,-6.449,S1O
112,CP6,121,-4.496,S1O
112,CP6,122,-4.008,S1O
112,CP6,123,-4.496,S1O
112,CP6,124,-6.449,S1O
112,CP6,125,-8.891,S1O
112,CP6,126,-10.356,S1O
112,CP6,127,-9.867,S1O
112,CP6,128,-7.914,S1O
112,CP6,129,-5.473,S1O
112,CP6,130,-4.008,S1O
112,CP6,131,-3.520,S1O
112,CP6,132,-4.496,S1O
112,CP6,133,-4.985,S1O
112,CP6,134,-4.496,S1O
112,CP6,135,-3.031,S1O
112,CP6,136,-1.567,S1O
112,CP6,137,-0.102,S1O
112,CP6,138,0.387,S1O
112,CP6,139,-0.590,S1O
112,CP6,140,-2.055,S1O
112,CP6,141,-4.008,S1O
112,CP6,142,-6.449,S1O
112,CP6,143,-7.914,S1O
112,CP6,144,-8.403,S1O
112,CP6,145,-7.914,S1O
112,CP6,146,-5.473,S1O
112,CP6,147,-3.520,S1O
112,CP6,148,-1.567,S1O
112,CP6,149,-1.567,S1O
112,CP6,150,-2.543,S1O
112,CP6,151,-3.520,S1O
112,CP6,152,-3.520,S1O
112,CP6,153,-3.031,S1O
112,CP6,154,-1.567,S1O
112,CP6,155,-0.590,S1O
112,CP6,156,0.387,S1O
112,CP6,157,0.875,S1O
112,CP6,158,0.875,S1O
112,CP6,159,0.387,S1O
112,CP6,160,-0.590,S1O
112,CP6,161,-2.055,S1O
112,CP6,162,-3.031,S1O
112,CP6,163,-3.031,S1O
112,CP6,164,-2.055,S1O
112,CP6,165,-0.102,S1O
112,CP6,166,0.387,S1O
112,CP6,167,-0.102,S1O
112,CP6,168,-1.078,S1O
112,CP6,169,-2.543,S1O
112,CP6,170,-3.031,S1O
112,CP6,171,-3.520,S1O
112,CP6,172,-3.520,S1O
112,CP6,173,-3.520,S1O
112,CP6,174,-4.008,S1O
112,CP6,175,-3.520,S1O
112,CP6,176,-3.031,S1O
112,CP6,177,-3.031,S1O
112,CP6,178,-3.031,S1O
112,CP6,179,-4.008,S1O
112,CP6,180,-4.985,S1O
112,CP6,181,-4.985,S1O
112,CP6,182,-4.008,S1O
112,CP6,183,-3.031,S1O
112,CP6,184,-2.055,S1O
112,CP6,185,-2.055,S1O
112,CP6,186,-3.031,S1O
112,CP6,187,-4.008,S1O
112,CP6,188,-4.496,S1O
112,CP6,189,-4.985,S1O
112,CP6,190,-5.473,S1O
112,CP6,191,-6.449,S1O
112,CP6,192,-6.938,S1O
112,CP6,193,-6.938,S1O
112,CP6,194,-5.961,S1O
112,CP6,195,-4.985,S1O
112,CP6,196,-4.985,S1O
112,CP6,197,-5.473,S1O
112,CP6,198,-6.938,S1O
112,CP6,199,-8.403,S1O
112,CP6,200,-8.891,S1O
112,CP6,201,-8.403,S1O
112,CP6,202,-6.938,S1O
112,CP6,203,-5.473,S1O
112,CP6,204,-4.496,S1O
112,CP6,205,-4.985,S1O
112,CP6,206,-6.449,S1O
112,CP6,207,-7.914,S1O
112,CP6,208,-8.403,S1O
112,CP6,209,-8.403,S1O
112,CP6,210,-7.426,S1O
112,CP6,211,-7.914,S1O
112,CP6,212,-8.891,S1O
112,CP6,213,-10.844,S1O
112,CP6,214,-12.309,S1O
112,CP6,215,-12.309,S1O
112,CP6,216,-10.844,S1O
112,CP6,217,-9.379,S1O
112,CP6,218,-8.403,S1O
112,CP6,219,-8.891,S1O
112,CP6,220,-8.891,S1O
112,CP6,221,-8.403,S1O
112,CP6,222,-7.426,S1O
112,CP6,223,-6.449,S1O
112,CP6,224,-6.449,S1O
112,CP6,225,-7.914,S1O
112,CP6,226,-9.867,S1O
112,CP6,227,-10.844,S1O
112,CP6,228,-10.356,S1O
112,CP6,229,-8.891,S1O
112,CP6,230,-8.403,S1O
112,CP6,231,-8.891,S1O
112,CP6,232,-10.356,S1O
112,CP6,233,-11.332,S1O
112,CP6,234,-11.332,S1O
112,CP6,235,-9.379,S1O
112,CP6,236,-6.938,S1O
112,CP6,237,-4.985,S1O
112,CP6,238,-4.496,S1O
112,CP6,239,-4.985,S1O
112,CP6,240,-6.449,S1O
112,CP6,241,-7.426,S1O
112,CP6,242,-7.914,S1O
112,CP6,243,-7.914,S1O
112,CP6,244,-8.403,S1O
112,CP6,245,-8.403,S1O
112,CP6,246,-8.403,S1O
112,CP6,247,-8.403,S1O
112,CP6,248,-7.426,S1O
112,CP6,249,-6.938,S1O
112,CP6,250,-6.938,S1O
112,CP6,251,-7.426,S1O
112,CP6,252,-7.426,S1O
112,CP6,253,-7.914,S1O
112,CP6,254,-7.426,S1O
112,CP6,255,-7.914,S1O
112,CP1,0,0.844,S1O
112,CP1,1,0.356,S1O
112,CP1,2,-0.132,S1O
112,CP1,3,0.356,S1O
112,CP1,4,0.844,S1O
112,CP1,5,1.333,S1O
112,CP1,6,1.821,S1O
112,CP1,7,1.333,S1O
112,CP1,8,1.333,S1O
112,CP1,9,1.821,S1O
112,CP1,10,1.821,S1O
112,CP1,11,1.821,S1O
112,CP1,12,1.333,S1O
112,CP1,13,0.356,S1O
112,CP1,14,-0.621,S1O
112,CP1,15,-0.621,S1O
112,CP1,16,-0.132,S1O
112,CP1,17,0.356,S1O
112,CP1,18,0.844,S1O
112,CP1,19,0.844,S1O
112,CP1,20,0.844,S1O
112,CP1,21,0.356,S1O
112,CP1,22,0.356,S1O
112,CP1,23,-0.132,S1O
112,CP1,24,0.356,S1O
112,CP1,25,0.356,S1O
112,CP1,26,0.356,S1O
112,CP1,27,0.356,S1O
112,CP1,28,-0.621,S1O
112,CP1,29,-0.621,S1O
112,CP1,30,-1.109,S1O
112,CP1,31,-0.621,S1O
112,CP1,32,-0.132,S1O
112,CP1,33,-0.132,S1O
112,CP1,34,-0.621,S1O
112,CP1,35,-0.621,S1O
112,CP1,36,-2.085,S1O
112,CP1,37,-2.574,S1O
112,CP1,38,-2.574,S1O
112,CP1,39,-2.574,S1O
112,CP1,40,-2.574,S1O
112,CP1,41,-2.085,S1O
112,CP1,42,-2.085,S1O
112,CP1,43,-1.597,S1O
112,CP1,44,-1.597,S1O
112,CP1,45,-1.597,S1O
112,CP1,46,-1.597,S1O
112,CP1,47,-2.085,S1O
112,CP1,48,-1.597,S1O
112,CP1,49,-1.109,S1O
112,CP1,50,-0.132,S1O
112,CP1,51,0.356,S1O
112,CP1,52,0.356,S1O
112,CP1,53,0.356,S1O
112,CP1,54,-0.132,S1O
112,CP1,55,-0.621,S1O
112,CP1,56,-0.621,S1O
112,CP1,57,-0.621,S1O
112,CP1,58,-0.132,S1O
112,CP1,59,-0.132,S1O
112,CP1,60,-0.621,S1O
112,CP1,61,-1.597,S1O
112,CP1,62,-2.574,S1O
112,CP1,63,-2.574,S1O
112,CP1,64,-2.574,S1O
112,CP1,65,-2.085,S1O
112,CP1,66,-1.109,S1O
112,CP1,67,-0.132,S1O
112,CP1,68,0.356,S1O
112,CP1,69,1.333,S1O
112,CP1,70,1.821,S1O
112,CP1,71,1.821,S1O
112,CP1,72,1.333,S1O
112,CP1,73,0.356,S1O
112,CP1,74,0.356,S1O
112,CP1,75,0.356,S1O
112,CP1,76,1.333,S1O
112,CP1,77,2.309,S1O
112,CP1,78,2.309,S1O
112,CP1,79,1.333,S1O
112,CP1,80,0.356,S1O
112,CP1,81,0.356,S1O
112,CP1,82,0.844,S1O
112,CP1,83,1.821,S1O
112,CP1,84,2.797,S1O
112,CP1,85,2.797,S1O
112,CP1,86,1.821,S1O
112,CP1,87,1.333,S1O
112,CP1,88,0.844,S1O
112,CP1,89,1.333,S1O
112,CP1,90,1.821,S1O
112,CP1,91,2.309,S1O
112,CP1,92,1.821,S1O
112,CP1,93,1.821,S1O
112,CP1,94,1.821,S1O
112,CP1,95,1.333,S1O
112,CP1,96,1.333,S1O
112,CP1,97,1.333,S1O
112,CP1,98,0.844,S1O
112,CP1,99,0.844,S1O
112,CP1,100,1.333,S1O
112,CP1,101,1.821,S1O
112,CP1,102,1.821,S1O
112,CP1,103,1.821,S1O
112,CP1,104,1.333,S1O
112,CP1,105,1.333,S1O
112,CP1,106,1.821,S1O
112,CP1,107,2.309,S1O
112,CP1,108,2.797,S1O
112,CP1,109,2.797,S1O
112,CP1,110,2.309,S1O
112,CP1,111,1.333,S1O
112,CP1,112,1.333,S1O
112,CP1,113,1.333,S1O
112,CP1,114,1.821,S1O
112,CP1,115,1.821,S1O
112,CP1,116,1.821,S1O
112,CP1,117,1.333,S1O
112,CP1,118,0.844,S1O
112,CP1,119,0.844,S1O
112,CP1,120,1.333,S1O
112,CP1,121,1.821,S1O
112,CP1,122,1.821,S1O
112,CP1,123,2.309,S1O
112,CP1,124,1.821,S1O
112,CP1,125,1.333,S1O
112,CP1,126,1.333,S1O
112,CP1,127,0.844,S1O
112,CP1,128,0.356,S1O
112,CP1,129,0.356,S1O
112,CP1,130,0.356,S1O
112,CP1,131,0.844,S1O
112,CP1,132,1.333,S1O
112,CP1,133,1.333,S1O
112,CP1,134,1.821,S1O
112,CP1,135,1.821,S1O
112,CP1,136,1.821,S1O
112,CP1,137,1.821,S1O
112,CP1,138,1.821,S1O
112,CP1,139,1.821,S1O
112,CP1,140,1.333,S1O
112,CP1,141,1.333,S1O
112,CP1,142,1.333,S1O
112,CP1,143,0.844,S1O
112,CP1,144,0.844,S1O
112,CP1,145,0.844,S1O
112,CP1,146,1.333,S1O
112,CP1,147,1.333,S1O
112,CP1,148,2.309,S1O
112,CP1,149,2.309,S1O
112,CP1,150,2.797,S1O
112,CP1,151,2.797,S1O
112,CP1,152,2.309,S1O
112,CP1,153,1.821,S1O
112,CP1,154,1.821,S1O
112,CP1,155,2.309,S1O
112,CP1,156,2.309,S1O
112,CP1,157,3.286,S1O
112,CP1,158,3.286,S1O
112,CP1,159,2.797,S1O
112,CP1,160,1.821,S1O
112,CP1,161,1.333,S1O
112,CP1,162,0.844,S1O
112,CP1,163,1.333,S1O
112,CP1,164,1.821,S1O
112,CP1,165,2.309,S1O
112,CP1,166,2.309,S1O
112,CP1,167,1.821,S1O
112,CP1,168,1.821,S1O
112,CP1,169,1.821,S1O
112,CP1,170,1.821,S1O
112,CP1,171,1.821,S1O
112,CP1,172,1.821,S1O
112,CP1,173,1.333,S1O
112,CP1,174,1.333,S1O
112,CP1,175,0.844,S1O
112,CP1,176,0.844,S1O
112,CP1,177,0.844,S1O
112,CP1,178,0.844,S1O
112,CP1,179,0.356,S1O
112,CP1,180,0.356,S1O
112,CP1,181,-0.132,S1O
112,CP1,182,-0.132,S1O
112,CP1,183,0.356,S1O
112,CP1,184,0.844,S1O
112,CP1,185,0.844,S1O
112,CP1,186,0.844,S1O
112,CP1,187,-0.132,S1O
112,CP1,188,-1.109,S1O
112,CP1,189,-1.597,S1O
112,CP1,190,-1.109,S1O
112,CP1,191,-0.621,S1O
112,CP1,192,0.844,S1O
112,CP1,193,0.844,S1O
112,CP1,194,0.844,S1O
112,CP1,195,0.356,S1O
112,CP1,196,-0.132,S1O
112,CP1,197,-0.621,S1O
112,CP1,198,-0.621,S1O
112,CP1,199,-1.109,S1O
112,CP1,200,-1.109,S1O
112,CP1,201,-1.109,S1O
112,CP1,202,-1.109,S1O
112,CP1,203,-0.621,S1O
112,CP1,204,-0.132,S1O
112,CP1,205,-0.132,S1O
112,CP1,206,-0.132,S1O
112,CP1,207,-0.132,S1O
112,CP1,208,0.356,S1O
112,CP1,209,-0.132,S1O
112,CP1,210,-0.132,S1O
112,CP1,211,-0.621,S1O
112,CP1,212,-1.109,S1O
112,CP1,213,-1.109,S1O
112,CP1,214,-1.109,S1O
112,CP1,215,-1.109,S1O
112,CP1,216,-1.109,S1O
112,CP1,217,-0.621,S1O
112,CP1,218,-1.109,S1O
112,CP1,219,-1.109,S1O
112,CP1,220,-1.597,S1O
112,CP1,221,-1.597,S1O
112,CP1,222,-1.597,S1O
112,CP1,223,-1.597,S1O
112,CP1,224,-1.109,S1O
112,CP1,225,-0.621,S1O
112,CP1,226,-0.132,S1O
112,CP1,227,-0.132,S1O
112,CP1,228,-0.621,S1O
112,CP1,229,-0.621,S1O
112,CP1,230,-0.621,S1O
112,CP1,231,-0.621,S1O
112,CP1,232,-0.621,S1O
112,CP1,233,-1.109,S1O
112,CP1,234,-1.109,S1O
112,CP1,235,-1.109,S1O
112,CP1,236,-0.621,S1O
112,CP1,237,-0.132,S1O
112,CP1,238,-0.132,S1O
112,CP1,239,-0.621,S1O
112,CP1,240,-1.109,S1O
112,CP1,241,-2.085,S1O
112,CP1,242,-2.574,S1O
112,CP1,243,-2.574,S1O
112,CP1,244,-2.085,S1O
112,CP1,245,-2.085,S1O
112,CP1,246,-1.597,S1O
112,CP1,247,-1.109,S1O
112,CP1,248,-0.621,S1O
112,CP1,249,-0.132,S1O
112,CP1,250,-0.132,S1O
112,CP1,251,-1.109,S1O
112,CP1,252,-2.085,S1O
112,CP1,253,-2.085,S1O
112,CP1,254,-1.109,S1O
112,CP1,255,-0.132,S1O
112,CP2,0,0.692,S1O
112,CP2,1,0.203,S1O
112,CP2,2,0.203,S1O
112,CP2,3,-0.285,S1O
112,CP2,4,-0.773,S1O
112,CP2,5,-0.285,S1O
112,CP2,6,0.692,S1O
112,CP2,7,0.692,S1O
112,CP2,8,1.180,S1O
112,CP2,9,0.692,S1O
112,CP2,10,0.692,S1O
112,CP2,11,0.203,S1O
112,CP2,12,-0.285,S1O
112,CP2,13,-0.773,S1O
112,CP2,14,-1.261,S1O
112,CP2,15,-1.750,S1O
112,CP2,16,-1.261,S1O
112,CP2,17,-0.773,S1O
112,CP2,18,-0.285,S1O
112,CP2,19,0.203,S1O
112,CP2,20,-0.285,S1O
112,CP2,21,-0.285,S1O
112,CP2,22,-0.285,S1O
112,CP2,23,0.203,S1O
112,CP2,24,0.692,S1O
112,CP2,25,0.692,S1O
112,CP2,26,0.692,S1O
112,CP2,27,0.203,S1O
112,CP2,28,-0.285,S1O
112,CP2,29,-1.261,S1O
112,CP2,30,-0.773,S1O
112,CP2,31,-0.285,S1O
112,CP2,32,0.692,S1O
112,CP2,33,0.692,S1O
112,CP2,34,0.203,S1O
112,CP2,35,-0.285,S1O
112,CP2,36,-1.261,S1O
112,CP2,37,-1.750,S1O
112,CP2,38,-2.726,S1O
112,CP2,39,-2.726,S1O
112,CP2,40,-2.726,S1O
112,CP2,41,-2.726,S1O
112,CP2,42,-1.750,S1O
112,CP2,43,-1.750,S1O
112,CP2,44,-1.750,S1O
112,CP2,45,-1.750,S1O
112,CP2,46,-2.726,S1O
112,CP2,47,-2.726,S1O
112,CP2,48,-2.726,S1O
112,CP2,49,-1.750,S1O
112,CP2,50,-0.773,S1O
112,CP2,51,-0.773,S1O
112,CP2,52,-0.773,S1O
112,CP2,53,-1.261,S1O
112,CP2,54,-2.726,S1O
112,CP2,55,-2.726,S1O
112,CP2,56,-2.726,S1O
112,CP2,57,-2.238,S1O
112,CP2,58,-1.750,S1O
112,CP2,59,-1.750,S1O
112,CP2,60,-2.726,S1O
112,CP2,61,-3.215,S1O
112,CP2,62,-3.215,S1O
112,CP2,63,-3.215,S1O
112,CP2,64,-3.215,S1O
112,CP2,65,-3.215,S1O
112,CP2,66,-2.726,S1O
112,CP2,67,-2.238,S1O
112,CP2,68,-1.261,S1O
112,CP2,69,-0.773,S1O
112,CP2,70,-0.285,S1O
112,CP2,71,-1.261,S1O
112,CP2,72,-2.726,S1O
112,CP2,73,-3.703,S1O
112,CP2,74,-4.191,S1O
112,CP2,75,-3.703,S1O
112,CP2,76,-1.750,S1O
112,CP2,77,-0.285,S1O
112,CP2,78,0.692,S1O
112,CP2,79,0.692,S1O
112,CP2,80,0.203,S1O
112,CP2,81,-0.285,S1O
112,CP2,82,-0.285,S1O
112,CP2,83,0.203,S1O
112,CP2,84,0.692,S1O
112,CP2,85,1.180,S1O
112,CP2,86,1.668,S1O
112,CP2,87,1.668,S1O
112,CP2,88,0.692,S1O
112,CP2,89,0.203,S1O
112,CP2,90,0.203,S1O
112,CP2,91,0.203,S1O
112,CP2,92,0.692,S1O
112,CP2,93,0.692,S1O
112,CP2,94,0.203,S1O
112,CP2,95,-0.773,S1O
112,CP2,96,-1.750,S1O
112,CP2,97,-2.238,S1O
112,CP2,98,-2.238,S1O
112,CP2,99,-1.261,S1O
112,CP2,100,-0.773,S1O
112,CP2,101,-0.285,S1O
112,CP2,102,-0.773,S1O
112,CP2,103,-1.261,S1O
112,CP2,104,-1.261,S1O
112,CP2,105,-0.773,S1O
112,CP2,106,0.203,S1O
112,CP2,107,1.668,S1O
112,CP2,108,2.157,S1O
112,CP2,109,1.668,S1O
112,CP2,110,0.203,S1O
112,CP2,111,-1.261,S1O
112,CP2,112,-1.750,S1O
112,CP2,113,-1.750,S1O
112,CP2,114,-1.261,S1O
112,CP2,115,-0.773,S1O
112,CP2,116,-0.285,S1O
112,CP2,117,-0.773,S1O
112,CP2,118,-1.750,S1O
112,CP2,119,-1.750,S1O
112,CP2,120,-1.750,S1O
112,CP2,121,-1.261,S1O
112,CP2,122,-0.773,S1O
112,CP2,123,-0.773,S1O
112,CP2,124,-1.261,S1O
112,CP2,125,-2.238,S1O
112,CP2,126,-2.726,S1O
112,CP2,127,-2.238,S1O
112,CP2,128,-1.261,S1O
112,CP2,129,-0.285,S1O
112,CP2,130,0.203,S1O
112,CP2,131,0.692,S1O
112,CP2,132,1.180,S1O
112,CP2,133,0.692,S1O
112,CP2,134,1.180,S1O
112,CP2,135,1.668,S1O
112,CP2,136,2.157,S1O
112,CP2,137,2.645,S1O
112,CP2,138,2.645,S1O
112,CP2,139,2.645,S1O
112,CP2,140,1.668,S1O
112,CP2,141,1.180,S1O
112,CP2,142,-0.285,S1O
112,CP2,143,-1.261,S1O
112,CP2,144,-1.750,S1O
112,CP2,145,-1.750,S1O
112,CP2,146,-1.261,S1O
112,CP2,147,0.203,S1O
112,CP2,148,1.180,S1O
112,CP2,149,1.668,S1O
112,CP2,150,1.668,S1O
112,CP2,151,1.668,S1O
112,CP2,152,1.668,S1O
112,CP2,153,1.668,S1O
112,CP2,154,1.668,S1O
112,CP2,155,2.645,S1O
112,CP2,156,3.133,S1O
112,CP2,157,3.621,S1O
112,CP2,158,3.621,S1O
112,CP2,159,3.133,S1O
112,CP2,160,2.645,S1O
112,CP2,161,1.668,S1O
112,CP2,162,1.668,S1O
112,CP2,163,1.668,S1O
112,CP2,164,1.668,S1O
112,CP2,165,2.157,S1O
112,CP2,166,2.645,S1O
112,CP2,167,2.157,S1O
112,CP2,168,1.668,S1O
112,CP2,169,1.668,S1O
112,CP2,170,1.180,S1O
112,CP2,171,1.180,S1O
112,CP2,172,0.692,S1O
112,CP2,173,0.203,S1O
112,CP2,174,0.203,S1O
112,CP2,175,0.692,S1O
112,CP2,176,1.180,S1O
112,CP2,177,1.668,S1O
112,CP2,178,1.668,S1O
112,CP2,179,0.692,S1O
112,CP2,180,0.203,S1O
112,CP2,181,-0.285,S1O
112,CP2,182,0.203,S1O
112,CP2,183,0.692,S1O
112,CP2,184,1.668,S1O
112,CP2,185,1.668,S1O
112,CP2,186,1.180,S1O
112,CP2,187,0.692,S1O
112,CP2,188,0.203,S1O
112,CP2,189,-0.285,S1O
112,CP2,190,-0.773,S1O
112,CP2,191,-1.261,S1O
112,CP2,192,-0.773,S1O
112,CP2,193,-0.773,S1O
112,CP2,194,-0.285,S1O
112,CP2,195,0.203,S1O
112,CP2,196,0.203,S1O
112,CP2,197,-0.285,S1O
112,CP2,198,-1.261,S1O
112,CP2,199,-2.238,S1O
112,CP2,200,-2.726,S1O
112,CP2,201,-2.238,S1O
112,CP2,202,-1.261,S1O
112,CP2,203,-0.285,S1O
112,CP2,204,0.203,S1O
112,CP2,205,0.203,S1O
112,CP2,206,-0.285,S1O
112,CP2,207,-0.773,S1O
112,CP2,208,-1.750,S1O
112,CP2,209,-1.750,S1O
112,CP2,210,-2.238,S1O
112,CP2,211,-2.726,S1O
112,CP2,212,-2.726,S1O
112,CP2,213,-3.703,S1O
112,CP2,214,-3.703,S1O
112,CP2,215,-3.703,S1O
112,CP2,216,-3.703,S1O
112,CP2,217,-3.215,S1O
112,CP2,218,-3.215,S1O
112,CP2,219,-3.215,S1O
112,CP2,220,-3.215,S1O
112,CP2,221,-2.726,S1O
112,CP2,222,-1.261,S1O
112,CP2,223,-0.773,S1O
112,CP2,224,-0.773,S1O
112,CP2,225,-1.261,S1O
112,CP2,226,-2.238,S1O
112,CP2,227,-2.726,S1O
112,CP2,228,-2.726,S1O
112,CP2,229,-2.238,S1O
112,CP2,230,-1.750,S1O
112,CP2,231,-1.750,S1O
112,CP2,232,-2.726,S1O
112,CP2,233,-3.215,S1O
112,CP2,234,-3.215,S1O
112,CP2,235,-2.726,S1O
112,CP2,236,-1.261,S1O
112,CP2,237,-0.285,S1O
112,CP2,238,-0.285,S1O
112,CP2,239,-1.261,S1O
112,CP2,240,-2.726,S1O
112,CP2,241,-3.215,S1O
112,CP2,242,-3.703,S1O
112,CP2,243,-3.703,S1O
112,CP2,244,-3.215,S1O
112,CP2,245,-2.726,S1O
112,CP2,246,-2.726,S1O
112,CP2,247,-1.750,S1O
112,CP2,248,-1.750,S1O
112,CP2,249,-1.261,S1O
112,CP2,250,-1.750,S1O
112,CP2,251,-2.726,S1O
112,CP2,252,-3.215,S1O
112,CP2,253,-3.215,S1O
112,CP2,254,-2.726,S1O
112,CP2,255,-2.238,S1O
112,P3,0,0.997,S1O
112,P3,1,0.020,S1O
112,P3,2,-0.956,S1O
112,P3,3,-0.956,S1O
112,P3,4,0.509,S1O
112,P3,5,1.973,S1O
112,P3,6,3.438,S1O
112,P3,7,3.927,S1O
112,P3,8,3.927,S1O
112,P3,9,3.927,S1O
112,P3,10,3.927,S1O
112,P3,11,3.438,S1O
112,P3,12,1.973,S1O
112,P3,13,0.509,S1O
112,P3,14,-1.444,S1O
112,P3,15,-2.421,S1O
112,P3,16,-2.421,S1O
112,P3,17,-1.933,S1O
112,P3,18,-0.468,S1O
112,P3,19,0.020,S1O
112,P3,20,-0.468,S1O
112,P3,21,-0.956,S1O
112,P3,22,-1.933,S1O
112,P3,23,-1.933,S1O
112,P3,24,-1.444,S1O
112,P3,25,-0.956,S1O
112,P3,26,-0.956,S1O
112,P3,27,-1.933,S1O
112,P3,28,-3.398,S1O
112,P3,29,-4.862,S1O
112,P3,30,-5.351,S1O
112,P3,31,-4.862,S1O
112,P3,32,-3.398,S1O
112,P3,33,-2.421,S1O
112,P3,34,-2.421,S1O
112,P3,35,-3.398,S1O
112,P3,36,-5.351,S1O
112,P3,37,-6.816,S1O
112,P3,38,-7.792,S1O
112,P3,39,-7.792,S1O
112,P3,40,-7.304,S1O
112,P3,41,-6.327,S1O
112,P3,42,-5.839,S1O
112,P3,43,-5.839,S1O
112,P3,44,-5.839,S1O
112,P3,45,-5.839,S1O
112,P3,46,-6.327,S1O
112,P3,47,-6.327,S1O
112,P3,48,-5.839,S1O
112,P3,49,-4.374,S1O
112,P3,50,-2.421,S1O
112,P3,51,-0.956,S1O
112,P3,52,-0.468,S1O
112,P3,53,-0.956,S1O
112,P3,54,-1.933,S1O
112,P3,55,-2.909,S1O
112,P3,56,-3.398,S1O
112,P3,57,-3.398,S1O
112,P3,58,-3.886,S1O
112,P3,59,-4.374,S1O
112,P3,60,-5.839,S1O
112,P3,61,-6.816,S1O
112,P3,62,-7.792,S1O
112,P3,63,-8.280,S1O
112,P3,64,-8.280,S1O
112,P3,65,-7.792,S1O
112,P3,66,-7.792,S1O
112,P3,67,-6.816,S1O
112,P3,68,-5.351,S1O
112,P3,69,-3.398,S1O
112,P3,70,-1.933,S1O
112,P3,71,-1.933,S1O
112,P3,72,-2.909,S1O
112,P3,73,-4.374,S1O
112,P3,74,-4.862,S1O
112,P3,75,-4.374,S1O
112,P3,76,-2.909,S1O
112,P3,77,-0.956,S1O
112,P3,78,-0.468,S1O
112,P3,79,-1.444,S1O
112,P3,80,-3.398,S1O
112,P3,81,-4.374,S1O
112,P3,82,-3.886,S1O
112,P3,83,-2.421,S1O
112,P3,84,-1.444,S1O
112,P3,85,-0.956,S1O
112,P3,86,-2.421,S1O
112,P3,87,-4.374,S1O
112,P3,88,-5.839,S1O
112,P3,89,-6.327,S1O
112,P3,90,-5.839,S1O
112,P3,91,-5.839,S1O
112,P3,92,-5.839,S1O
112,P3,93,-6.816,S1O
112,P3,94,-7.304,S1O
112,P3,95,-8.280,S1O
112,P3,96,-9.257,S1O
112,P3,97,-10.234,S1O
112,P3,98,-10.234,S1O
112,P3,99,-10.234,S1O
112,P3,100,-9.257,S1O
112,P3,101,-8.280,S1O
112,P3,102,-8.280,S1O
112,P3,103,-8.769,S1O
112,P3,104,-9.745,S1O
112,P3,105,-9.257,S1O
112,P3,106,-8.769,S1O
112,P3,107,-7.304,S1O
112,P3,108,-7.304,S1O
112,P3,109,-7.792,S1O
112,P3,110,-9.257,S1O
112,P3,111,-10.234,S1O
112,P3,112,-10.234,S1O
112,P3,113,-9.257,S1O
112,P3,114,-8.280,S1O
112,P3,115,-8.280,S1O
112,P3,116,-8.769,S1O
112,P3,117,-10.234,S1O
112,P3,118,-11.210,S1O
112,P3,119,-11.210,S1O
112,P3,120,-10.722,S1O
112,P3,121,-9.745,S1O
112,P3,122,-8.769,S1O
112,P3,123,-8.280,S1O
112,P3,124,-8.280,S1O
112,P3,125,-8.280,S1O
112,P3,126,-8.280,S1O
112,P3,127,-7.792,S1O
112,P3,128,-7.792,S1O
112,P3,129,-7.304,S1O
112,P3,130,-6.327,S1O
112,P3,131,-5.351,S1O
112,P3,132,-4.374,S1O
112,P3,133,-2.909,S1O
112,P3,134,-1.444,S1O
112,P3,135,0.020,S1O
112,P3,136,0.997,S1O
112,P3,137,1.485,S1O
112,P3,138,1.973,S1O
112,P3,139,1.973,S1O
112,P3,140,1.973,S1O
112,P3,141,0.997,S1O
112,P3,142,0.509,S1O
112,P3,143,0.509,S1O
112,P3,144,0.509,S1O
112,P3,145,1.973,S1O
112,P3,146,3.438,S1O
112,P3,147,4.903,S1O
112,P3,148,5.880,S1O
112,P3,149,5.880,S1O
112,P3,150,5.391,S1O
112,P3,151,5.391,S1O
112,P3,152,4.903,S1O
112,P3,153,4.903,S1O
112,P3,154,5.391,S1O
112,P3,155,5.880,S1O
112,P3,156,6.856,S1O
112,P3,157,7.345,S1O
112,P3,158,6.856,S1O
112,P3,159,6.368,S1O
112,P3,160,5.391,S1O
112,P3,161,4.903,S1O
112,P3,162,4.903,S1O
112,P3,163,5.391,S1O
112,P3,164,6.368,S1O
112,P3,165,6.856,S1O
112,P3,166,7.345,S1O
112,P3,167,7.345,S1O
112,P3,168,7.345,S1O
112,P3,169,7.345,S1O
112,P3,170,7.345,S1O
112,P3,171,6.856,S1O
112,P3,172,6.368,S1O
112,P3,173,5.880,S1O
112,P3,174,5.880,S1O
112,P3,175,5.880,S1O
112,P3,176,6.368,S1O
112,P3,177,5.880,S1O
112,P3,178,4.415,S1O
112,P3,179,2.950,S1O
112,P3,180,2.462,S1O
112,P3,181,2.950,S1O
112,P3,182,4.415,S1O
112,P3,183,5.391,S1O
112,P3,184,6.368,S1O
112,P3,185,5.880,S1O
112,P3,186,4.415,S1O
112,P3,187,2.462,S1O
112,P3,188,0.509,S1O
112,P3,189,0.020,S1O
112,P3,190,0.509,S1O
112,P3,191,1.973,S1O
112,P3,192,3.438,S1O
112,P3,193,4.415,S1O
112,P3,194,4.903,S1O
112,P3,195,4.415,S1O
112,P3,196,3.438,S1O
112,P3,197,2.950,S1O
112,P3,198,1.973,S1O
112,P3,199,0.997,S1O
112,P3,200,0.020,S1O
112,P3,201,0.020,S1O
112,P3,202,1.485,S1O
112,P3,203,2.950,S1O
112,P3,204,3.927,S1O
112,P3,205,3.927,S1O
112,P3,206,3.438,S1O
112,P3,207,2.950,S1O
112,P3,208,3.438,S1O
112,P3,209,3.927,S1O
112,P3,210,4.415,S1O
112,P3,211,3.438,S1O
112,P3,212,1.973,S1O
112,P3,213,0.020,S1O
112,P3,214,-0.468,S1O
112,P3,215,0.020,S1O
112,P3,216,0.997,S1O
112,P3,217,0.997,S1O
112,P3,218,0.509,S1O
112,P3,219,0.020,S1O
112,P3,220,-0.956,S1O
112,P3,221,-1.444,S1O
112,P3,222,-0.956,S1O
112,P3,223,0.020,S1O
112,P3,224,0.997,S1O
112,P3,225,0.997,S1O
112,P3,226,0.509,S1O
112,P3,227,0.020,S1O
112,P3,228,-1.444,S1O
112,P3,229,-2.421,S1O
112,P3,230,-2.421,S1O
112,P3,231,-1.933,S1O
112,P3,232,-1.933,S1O
112,P3,233,-1.933,S1O
112,P3,234,-1.933,S1O
112,P3,235,-1.933,S1O
112,P3,236,-0.956,S1O
112,P3,237,0.020,S1O
112,P3,238,0.020,S1O
112,P3,239,-1.444,S1O
112,P3,240,-2.909,S1O
112,P3,241,-4.374,S1O
112,P3,242,-5.351,S1O
112,P3,243,-5.839,S1O
112,P3,244,-5.351,S1O
112,P3,245,-4.862,S1O
112,P3,246,-3.398,S1O
112,P3,247,-1.933,S1O
112,P3,248,-0.956,S1O
112,P3,249,-0.468,S1O
112,P3,250,-1.933,S1O
112,P3,251,-3.886,S1O
112,P3,252,-5.839,S1O
112,P3,253,-6.816,S1O
112,P3,254,-5.839,S1O
112,P3,255,-3.886,S1O
112,P4,0,0.264,S1O
112,P4,1,-0.712,S1O
112,P4,2,-1.689,S1O
112,P4,3,-2.177,S1O
112,P4,4,-2.177,S1O
112,P4,5,-1.200,S1O
112,P4,6,-0.224,S1O
112,P4,7,0.264,S1O
112,P4,8,0.753,S1O
112,P4,9,0.753,S1O
112,P4,10,0.264,S1O
112,P4,11,-0.224,S1O
112,P4,12,-1.200,S1O
112,P4,13,-2.177,S1O
112,P4,14,-3.642,S1O
112,P4,15,-4.130,S1O
112,P4,16,-3.642,S1O
112,P4,17,-2.665,S1O
112,P4,18,-1.200,S1O
112,P4,19,-0.712,S1O
112,P4,20,-1.200,S1O
112,P4,21,-1.689,S1O
112,P4,22,-1.689,S1O
112,P4,23,-1.689,S1O
112,P4,24,-0.712,S1O
112,P4,25,-0.224,S1O
112,P4,26,-0.712,S1O
112,P4,27,-2.177,S1O
112,P4,28,-3.153,S1O
112,P4,29,-4.130,S1O
112,P4,30,-3.642,S1O
112,P4,31,-2.665,S1O
112,P4,32,-1.689,S1O
112,P4,33,-0.712,S1O
112,P4,34,-1.200,S1O
112,P4,35,-2.177,S1O
112,P4,36,-3.642,S1O
112,P4,37,-5.595,S1O
112,P4,38,-6.571,S1O
112,P4,39,-7.060,S1O
112,P4,40,-6.083,S1O
112,P4,41,-5.107,S1O
112,P4,42,-3.642,S1O
112,P4,43,-3.153,S1O
112,P4,44,-3.642,S1O
112,P4,45,-4.618,S1O
112,P4,46,-5.595,S1O
112,P4,47,-6.083,S1O
112,P4,48,-5.595,S1O
112,P4,49,-4.618,S1O
112,P4,50,-3.153,S1O
112,P4,51,-2.177,S1O
112,P4,52,-2.177,S1O
112,P4,53,-2.665,S1O
112,P4,54,-3.642,S1O
112,P4,55,-4.130,S1O
112,P4,56,-4.618,S1O
112,P4,57,-4.618,S1O
112,P4,58,-4.130,S1O
112,P4,59,-4.618,S1O
112,P4,60,-5.595,S1O
112,P4,61,-6.571,S1O
112,P4,62,-6.571,S1O
112,P4,63,-6.571,S1O
112,P4,64,-6.083,S1O
112,P4,65,-5.595,S1O
112,P4,66,-4.618,S1O
112,P4,67,-4.130,S1O
112,P4,68,-3.153,S1O
112,P4,69,-1.689,S1O
112,P4,70,-1.689,S1O
112,P4,71,-2.177,S1O
112,P4,72,-4.130,S1O
112,P4,73,-6.571,S1O
112,P4,74,-7.060,S1O
112,P4,75,-6.083,S1O
112,P4,76,-3.153,S1O
112,P4,77,-0.224,S1O
112,P4,78,1.729,S1O
112,P4,79,2.218,S1O
112,P4,80,1.241,S1O
112,P4,81,0.753,S1O
112,P4,82,0.264,S1O
112,P4,83,1.241,S1O
112,P4,84,2.218,S1O
112,P4,85,3.194,S1O
112,P4,86,3.194,S1O
112,P4,87,2.218,S1O
112,P4,88,1.729,S1O
112,P4,89,0.753,S1O
112,P4,90,0.753,S1O
112,P4,91,0.753,S1O
112,P4,92,1.241,S1O
112,P4,93,0.753,S1O
112,P4,94,-0.224,S1O
112,P4,95,-1.689,S1O
112,P4,96,-3.642,S1O
112,P4,97,-4.618,S1O
112,P4,98,-4.130,S1O
112,P4,99,-3.153,S1O
112,P4,100,-1.689,S1O
112,P4,101,-1.200,S1O
112,P4,102,-1.689,S1O
112,P4,103,-2.177,S1O
112,P4,104,-2.665,S1O
112,P4,105,-1.689,S1O
112,P4,106,0.264,S1O
112,P4,107,2.218,S1O
112,P4,108,3.194,S1O
112,P4,109,1.729,S1O
112,P4,110,-0.712,S1O
112,P4,111,-3.153,S1O
112,P4,112,-4.618,S1O
112,P4,113,-4.130,S1O
112,P4,114,-3.153,S1O
112,P4,115,-2.177,S1O
112,P4,116,-2.177,S1O
112,P4,117,-3.153,S1O
112,P4,118,-4.130,S1O
112,P4,119,-4.618,S1O
112,P4,120,-4.130,S1O
112,P4,121,-2.665,S1O
112,P4,122,-1.689,S1O
112,P4,123,-1.689,S1O
112,P4,124,-2.665,S1O
112,P4,125,-4.130,S1O
112,P4,126,-5.107,S1O
112,P4,127,-5.107,S1O
112,P4,128,-3.642,S1O
112,P4,129,-2.665,S1O
112,P4,130,-1.689,S1O
112,P4,131,-1.200,S1O
112,P4,132,-0.712,S1O
112,P4,133,-0.712,S1O
112,P4,134,0.264,S1O
112,P4,135,1.241,S1O
112,P4,136,2.218,S1O
112,P4,137,2.706,S1O
112,P4,138,2.706,S1O
112,P4,139,2.218,S1O
112,P4,140,0.753,S1O
112,P4,141,-0.712,S1O
112,P4,142,-2.177,S1O
112,P4,143,-3.642,S1O
112,P4,144,-4.130,S1O
112,P4,145,-4.130,S1O
112,P4,146,-2.665,S1O
112,P4,147,-0.712,S1O
112,P4,148,0.753,S1O
112,P4,149,1.241,S1O
112,P4,150,1.241,S1O
112,P4,151,0.753,S1O
112,P4,152,0.264,S1O
112,P4,153,0.753,S1O
112,P4,154,1.729,S1O
112,P4,155,2.706,S1O
112,P4,156,3.682,S1O
112,P4,157,4.171,S1O
112,P4,158,4.171,S1O
112,P4,159,3.682,S1O
112,P4,160,2.218,S1O
112,P4,161,1.241,S1O
112,P4,162,0.264,S1O
112,P4,163,0.264,S1O
112,P4,164,1.241,S1O
112,P4,165,2.218,S1O
112,P4,166,2.706,S1O
112,P4,167,2.706,S1O
112,P4,168,2.218,S1O
112,P4,169,1.729,S1O
112,P4,170,0.753,S1O
112,P4,171,0.264,S1O
112,P4,172,-0.712,S1O
112,P4,173,-1.689,S1O
112,P4,174,-1.689,S1O
112,P4,175,-1.200,S1O
112,P4,176,-0.224,S1O
112,P4,177,0.264,S1O
112,P4,178,-0.224,S1O
112,P4,179,-1.200,S1O
112,P4,180,-1.689,S1O
112,P4,181,-1.200,S1O
112,P4,182,-0.224,S1O
112,P4,183,1.241,S1O
112,P4,184,2.218,S1O
112,P4,185,1.729,S1O
112,P4,186,0.753,S1O
112,P4,187,-0.224,S1O
112,P4,188,-1.689,S1O
112,P4,189,-2.177,S1O
112,P4,190,-2.665,S1O
112,P4,191,-3.153,S1O
112,P4,192,-3.153,S1O
112,P4,193,-2.665,S1O
112,P4,194,-1.689,S1O
112,P4,195,-0.712,S1O
112,P4,196,-0.712,S1O
112,P4,197,-1.689,S1O
112,P4,198,-3.153,S1O
112,P4,199,-4.618,S1O
112,P4,200,-6.083,S1O
112,P4,201,-5.595,S1O
112,P4,202,-4.130,S1O
112,P4,203,-2.177,S1O
112,P4,204,-1.200,S1O
112,P4,205,-1.200,S1O
112,P4,206,-2.177,S1O
112,P4,207,-3.153,S1O
112,P4,208,-3.642,S1O
112,P4,209,-3.642,S1O
112,P4,210,-3.153,S1O
112,P4,211,-3.642,S1O
112,P4,212,-4.618,S1O
112,P4,213,-6.571,S1O
112,P4,214,-7.548,S1O
112,P4,215,-7.548,S1O
112,P4,216,-7.060,S1O
112,P4,217,-5.595,S1O
112,P4,218,-5.107,S1O
112,P4,219,-5.107,S1O
112,P4,220,-4.618,S1O
112,P4,221,-4.130,S1O
112,P4,222,-3.153,S1O
112,P4,223,-2.177,S1O
112,P4,224,-2.177,S1O
112,P4,225,-3.153,S1O
112,P4,226,-4.618,S1O
112,P4,227,-5.107,S1O
112,P4,228,-5.595,S1O
112,P4,229,-5.107,S1O
112,P4,230,-4.618,S1O
112,P4,231,-4.618,S1O
112,P4,232,-6.083,S1O
112,P4,233,-6.571,S1O
112,P4,234,-6.571,S1O
112,P4,235,-5.107,S1O
112,P4,236,-3.153,S1O
112,P4,237,-2.177,S1O
112,P4,238,-1.689,S1O
112,P4,239,-3.153,S1O
112,P4,240,-4.618,S1O
112,P4,241,-6.571,S1O
112,P4,242,-7.060,S1O
112,P4,243,-7.060,S1O
112,P4,244,-7.060,S1O
112,P4,245,-6.571,S1O
112,P4,246,-6.571,S1O
112,P4,247,-6.083,S1O
112,P4,248,-5.107,S1O
112,P4,249,-4.618,S1O
112,P4,250,-4.130,S1O
112,P4,251,-5.107,S1O
112,P4,252,-6.083,S1O
112,P4,253,-6.571,S1O
112,P4,254,-6.083,S1O
112,P4,255,-5.107,S1O
112,PZ,0,1.780,S1O
112,PZ,1,0.804,S1O
112,PZ,2,0.315,S1O
112,PZ,3,-0.173,S1O
112,PZ,4,-0.173,S1O
112,PZ,5,0.315,S1O
112,PZ,6,0.804,S1O
112,PZ,7,1.292,S1O
112,PZ,8,0.804,S1O
112,PZ,9,0.804,S1O
112,PZ,10,0.804,S1O
112,PZ,11,0.804,S1O
112,PZ,12,0.315,S1O
112,PZ,13,-0.661,S1O
112,PZ,14,-1.638,S1O
112,PZ,15,-2.126,S1O
112,PZ,16,-1.638,S1O
112,PZ,17,-0.661,S1O
112,PZ,18,0.804,S1O
112,PZ,19,1.292,S1O
112,PZ,20,0.804,S1O
112,PZ,21,0.315,S1O
112,PZ,22,-0.173,S1O
112,PZ,23,0.315,S1O
112,PZ,24,0.315,S1O
112,PZ,25,0.315,S1O
112,PZ,26,0.315,S1O
112,PZ,27,-0.661,S1O
112,PZ,28,-1.638,S1O
112,PZ,29,-2.614,S1O
112,PZ,30,-3.103,S1O
112,PZ,31,-2.126,S1O
112,PZ,32,-1.149,S1O
112,PZ,33,-0.173,S1O
112,PZ,34,-0.173,S1O
112,PZ,35,-1.149,S1O
112,PZ,36,-2.126,S1O
112,PZ,37,-3.103,S1O
112,PZ,38,-4.079,S1O
112,PZ,39,-4.079,S1O
112,PZ,40,-3.591,S1O
112,PZ,41,-3.103,S1O
112,PZ,42,-2.614,S1O
112,PZ,43,-2.126,S1O
112,PZ,44,-2.614,S1O
112,PZ,45,-2.614,S1O
112,PZ,46,-3.103,S1O
112,PZ,47,-3.103,S1O
112,PZ,48,-2.614,S1O
112,PZ,49,-1.638,S1O
112,PZ,50,-0.661,S1O
112,PZ,51,0.315,S1O
112,PZ,52,0.315,S1O
112,PZ,53,0.315,S1O
112,PZ,54,-0.661,S1O
112,PZ,55,-1.149,S1O
112,PZ,56,-1.149,S1O
112,PZ,57,-1.149,S1O
112,PZ,58,-0.661,S1O
112,PZ,59,-1.149,S1O
112,PZ,60,-1.638,S1O
112,PZ,61,-2.614,S1O
112,PZ,62,-3.103,S1O
112,PZ,63,-2.614,S1O
112,PZ,64,-2.614,S1O
112,PZ,65,-1.638,S1O
112,PZ,66,-1.149,S1O
112,PZ,67,-0.661,S1O
112,PZ,68,0.804,S1O
112,PZ,69,1.780,S1O
112,PZ,70,2.268,S1O
112,PZ,71,1.292,S1O
112,PZ,72,-0.173,S1O
112,PZ,73,-2.126,S1O
112,PZ,74,-2.614,S1O
112,PZ,75,-2.126,S1O
112,PZ,76,-0.173,S1O
112,PZ,77,1.780,S1O
112,PZ,78,2.757,S1O
112,PZ,79,2.268,S1O
112,PZ,80,1.292,S1O
112,PZ,81,0.315,S1O
112,PZ,82,0.804,S1O
112,PZ,83,1.292,S1O
112,PZ,84,2.268,S1O
112,PZ,85,2.757,S1O
112,PZ,86,1.780,S1O
112,PZ,87,0.804,S1O
112,PZ,88,-0.173,S1O
112,PZ,89,-0.173,S1O
112,PZ,90,0.315,S1O
112,PZ,91,0.804,S1O
112,PZ,92,1.292,S1O
112,PZ,93,1.292,S1O
112,PZ,94,0.315,S1O
112,PZ,95,-0.661,S1O
112,PZ,96,-1.638,S1O
112,PZ,97,-2.126,S1O
112,PZ,98,-2.126,S1O
112,PZ,99,-1.149,S1O
112,PZ,100,-0.173,S1O
112,PZ,101,0.315,S1O
112,PZ,102,0.315,S1O
112,PZ,103,-0.661,S1O
112,PZ,104,-0.661,S1O
112,PZ,105,-0.661,S1O
112,PZ,106,1.292,S1O
112,PZ,107,2.757,S1O
112,PZ,108,3.733,S1O
112,PZ,109,3.245,S1O
112,PZ,110,1.780,S1O
112,PZ,111,0.315,S1O
112,PZ,112,-0.661,S1O
112,PZ,113,-0.661,S1O
112,PZ,114,0.315,S1O
112,PZ,115,1.292,S1O
112,PZ,116,1.292,S1O
112,PZ,117,0.315,S1O
112,PZ,118,-0.173,S1O
112,PZ,119,-0.661,S1O
112,PZ,120,-0.173,S1O
112,PZ,121,0.804,S1O
112,PZ,122,1.780,S1O
112,PZ,123,1.780,S1O
112,PZ,124,1.292,S1O
112,PZ,125,0.315,S1O
112,PZ,126,-0.173,S1O
112,PZ,127,-0.173,S1O
112,PZ,128,-0.173,S1O
112,PZ,129,0.315,S1O
112,PZ,130,1.292,S1O
112,PZ,131,1.292,S1O
112,PZ,132,2.268,S1O
112,PZ,133,3.245,S1O
112,PZ,134,4.222,S1O
112,PZ,135,4.710,S1O
112,PZ,136,5.198,S1O
112,PZ,137,5.198,S1O
112,PZ,138,5.198,S1O
112,PZ,139,4.710,S1O
112,PZ,140,4.710,S1O
112,PZ,141,3.733,S1O
112,PZ,142,3.245,S1O
112,PZ,143,2.268,S1O
112,PZ,144,1.780,S1O
112,PZ,145,2.268,S1O
112,PZ,146,2.757,S1O
112,PZ,147,4.222,S1O
112,PZ,148,5.686,S1O
112,PZ,149,6.175,S1O
112,PZ,150,6.175,S1O
112,PZ,151,5.686,S1O
112,PZ,152,5.198,S1O
112,PZ,153,4.710,S1O
112,PZ,154,5.198,S1O
112,PZ,155,6.175,S1O
112,PZ,156,7.151,S1O
112,PZ,157,7.640,S1O
112,PZ,158,7.640,S1O
112,PZ,159,7.640,S1O
112,PZ,160,6.175,S1O
112,PZ,161,4.710,S1O
112,PZ,162,4.222,S1O
112,PZ,163,4.710,S1O
112,PZ,164,5.198,S1O
112,PZ,165,5.686,S1O
112,PZ,166,6.175,S1O
112,PZ,167,6.175,S1O
112,PZ,168,5.686,S1O
112,PZ,169,5.198,S1O
112,PZ,170,5.198,S1O
112,PZ,171,4.710,S1O
112,PZ,172,4.710,S1O
112,PZ,173,3.733,S1O
112,PZ,174,3.733,S1O
112,PZ,175,3.733,S1O
112,PZ,176,4.222,S1O
112,PZ,177,4.222,S1O
112,PZ,178,4.222,S1O
112,PZ,179,3.733,S1O
112,PZ,180,2.757,S1O
112,PZ,181,2.268,S1O
112,PZ,182,2.757,S1O
112,PZ,183,3.245,S1O
112,PZ,184,4.222,S1O
112,PZ,185,4.710,S1O
112,PZ,186,4.222,S1O
112,PZ,187,3.245,S1O
112,PZ,188,1.780,S1O
112,PZ,189,0.804,S1O
112,PZ,190,0.804,S1O
112,PZ,191,0.804,S1O
112,PZ,192,1.780,S1O
112,PZ,193,2.268,S1O
112,PZ,194,3.245,S1O
112,PZ,195,3.245,S1O
112,PZ,196,2.757,S1O
112,PZ,197,2.268,S1O
112,PZ,198,1.292,S1O
112,PZ,199,-0.173,S1O
112,PZ,200,-1.149,S1O
112,PZ,201,-1.149,S1O
112,PZ,202,-0.173,S1O
112,PZ,203,1.780,S1O
112,PZ,204,3.245,S1O
112,PZ,205,3.733,S1O
112,PZ,206,3.245,S1O
112,PZ,207,2.268,S1O
112,PZ,208,1.780,S1O
112,PZ,209,1.780,S1O
112,PZ,210,2.268,S1O
112,PZ,211,1.780,S1O
112,PZ,212,0.804,S1O
112,PZ,213,-0.661,S1O
112,PZ,214,-1.149,S1O
112,PZ,215,-0.661,S1O
112,PZ,216,-0.661,S1O
112,PZ,217,0.315,S1O
112,PZ,218,0.315,S1O
112,PZ,219,0.315,S1O
112,PZ,220,-0.173,S1O
112,PZ,221,-0.173,S1O
112,PZ,222,0.315,S1O
112,PZ,223,1.292,S1O
112,PZ,224,1.780,S1O
112,PZ,225,2.268,S1O
112,PZ,226,1.292,S1O
112,PZ,227,0.804,S1O
112,PZ,228,0.315,S1O
112,PZ,229,0.315,S1O
112,PZ,230,0.315,S1O
112,PZ,231,0.804,S1O
112,PZ,232,0.315,S1O
112,PZ,233,-0.173,S1O
112,PZ,234,-0.661,S1O
112,PZ,235,0.315,S1O
112,PZ,236,1.292,S1O
112,PZ,237,1.780,S1O
112,PZ,238,1.780,S1O
112,PZ,239,0.804,S1O
112,PZ,240,-0.661,S1O
112,PZ,241,-2.126,S1O
112,PZ,242,-3.103,S1O
112,PZ,243,-3.591,S1O
112,PZ,244,-3.103,S1O
112,PZ,245,-2.126,S1O
112,PZ,246,-1.638,S1O
112,PZ,247,-1.149,S1O
112,PZ,248,-0.173,S1O
112,PZ,249,-0.173,S1O
112,PZ,250,-0.173,S1O
112,PZ,251,-1.149,S1O
112,PZ,252,-2.126,S1O
112,PZ,253,-2.614,S1O
112,PZ,254,-1.638,S1O
112,PZ,255,-0.173,S1O
112,P8,0,1.038,S1O
112,P8,1,0.549,S1O
112,P8,2,-0.427,S1O
112,P8,3,-1.404,S1O
112,P8,4,-1.404,S1O
112,P8,5,-0.916,S1O
112,P8,6,0.549,S1O
112,P8,7,1.526,S1O
112,P8,8,2.991,S1O
112,P8,9,3.967,S1O
112,P8,10,4.456,S1O
112,P8,11,3.967,S1O
112,P8,12,2.014,S1O
112,P8,13,-0.427,S1O
112,P8,14,-2.869,S1O
112,P8,15,-4.333,S1O
112,P8,16,-3.845,S1O
112,P8,17,-2.380,S1O
112,P8,18,-0.916,S1O
112,P8,19,-1.404,S1O
112,P8,20,-2.380,S1O
112,P8,21,-3.845,S1O
112,P8,22,-4.333,S1O
112,P8,23,-3.845,S1O
112,P8,24,-2.869,S1O
112,P8,25,-2.380,S1O
112,P8,26,-2.869,S1O
112,P8,27,-4.333,S1O
112,P8,28,-5.798,S1O
112,P8,29,-6.287,S1O
112,P8,30,-5.798,S1O
112,P8,31,-3.845,S1O
112,P8,32,-1.892,S1O
112,P8,33,-0.427,S1O
112,P8,34,-0.427,S1O
112,P8,35,-1.892,S1O
112,P8,36,-4.822,S1O
112,P8,37,-7.263,S1O
112,P8,38,-9.216,S1O
112,P8,39,-8.240,S1O
112,P8,40,-6.287,S1O
112,P8,41,-3.845,S1O
112,P8,42,-1.892,S1O
112,P8,43,-1.404,S1O
112,P8,44,-2.380,S1O
112,P8,45,-4.333,S1O
112,P8,46,-5.798,S1O
112,P8,47,-6.287,S1O
112,P8,48,-6.287,S1O
112,P8,49,-5.310,S1O
112,P8,50,-3.845,S1O
112,P8,51,-3.357,S1O
112,P8,52,-2.869,S1O
112,P8,53,-3.357,S1O
112,P8,54,-4.822,S1O
112,P8,55,-6.287,S1O
112,P8,56,-7.263,S1O
112,P8,57,-7.751,S1O
112,P8,58,-7.751,S1O
112,P8,59,-7.751,S1O
112,P8,60,-8.240,S1O
112,P8,61,-8.728,S1O
112,P8,62,-9.705,S1O
112,P8,63,-10.681,S1O
112,P8,64,-11.169,S1O
112,P8,65,-11.658,S1O
112,P8,66,-11.169,S1O
112,P8,67,-10.193,S1O
112,P8,68,-8.728,S1O
112,P8,69,-6.775,S1O
112,P8,70,-5.798,S1O
112,P8,71,-6.775,S1O
112,P8,72,-9.216,S1O
112,P8,73,-11.658,S1O
112,P8,74,-12.634,S1O
112,P8,75,-11.169,S1O
112,P8,76,-7.263,S1O
112,P8,77,-2.869,S1O
112,P8,78,0.549,S1O
112,P8,79,2.014,S1O
112,P8,80,2.014,S1O
112,P8,81,2.014,S1O
112,P8,82,2.014,S1O
112,P8,83,3.479,S1O
112,P8,84,4.456,S1O
112,P8,85,5.920,S1O
112,P8,86,6.409,S1O
112,P8,87,5.920,S1O
112,P8,88,4.944,S1O
112,P8,89,2.991,S1O
112,P8,90,2.014,S1O
112,P8,91,1.526,S1O
112,P8,92,1.038,S1O
112,P8,93,0.061,S1O
112,P8,94,-0.916,S1O
112,P8,95,-2.380,S1O
112,P8,96,-4.333,S1O
112,P8,97,-5.798,S1O
112,P8,98,-6.287,S1O
112,P8,99,-5.798,S1O
112,P8,100,-4.822,S1O
112,P8,101,-4.333,S1O
112,P8,102,-4.822,S1O
112,P8,103,-5.798,S1O
112,P8,104,-5.798,S1O
112,P8,105,-4.822,S1O
112,P8,106,-2.380,S1O
112,P8,107,-0.916,S1O
112,P8,108,-0.916,S1O
112,P8,109,-2.869,S1O
112,P8,110,-6.287,S1O
112,P8,111,-9.216,S1O
112,P8,112,-10.681,S1O
112,P8,113,-10.193,S1O
112,P8,114,-8.240,S1O
112,P8,115,-6.775,S1O
112,P8,116,-6.287,S1O
112,P8,117,-6.775,S1O
112,P8,118,-8.240,S1O
112,P8,119,-8.728,S1O
112,P8,120,-8.240,S1O
112,P8,121,-7.751,S1O
112,P8,122,-6.775,S1O
112,P8,123,-7.751,S1O
112,P8,124,-9.705,S1O
112,P8,125,-11.658,S1O
112,P8,126,-13.123,S1O
112,P8,127,-12.634,S1O
112,P8,128,-10.681,S1O
112,P8,129,-8.240,S1O
112,P8,130,-7.263,S1O
112,P8,131,-6.775,S1O
112,P8,132,-7.263,S1O
112,P8,133,-7.263,S1O
112,P8,134,-6.287,S1O
112,P8,135,-4.333,S1O
112,P8,136,-1.892,S1O
112,P8,137,0.061,S1O
112,P8,138,0.061,S1O
112,P8,139,-1.404,S1O
112,P8,140,-3.357,S1O
112,P8,141,-5.798,S1O
112,P8,142,-7.751,S1O
112,P8,143,-9.216,S1O
112,P8,144,-8.728,S1O
112,P8,145,-7.263,S1O
112,P8,146,-5.310,S1O
112,P8,147,-3.845,S1O
112,P8,148,-3.357,S1O
112,P8,149,-3.357,S1O
112,P8,150,-4.333,S1O
112,P8,151,-4.333,S1O
112,P8,152,-4.333,S1O
112,P8,153,-2.869,S1O
112,P8,154,-1.892,S1O
112,P8,155,-0.916,S1O
112,P8,156,0.061,S1O
112,P8,157,1.038,S1O
112,P8,158,1.526,S1O
112,P8,159,0.549,S1O
112,P8,160,-0.916,S1O
112,P8,161,-2.869,S1O
112,P8,162,-3.357,S1O
112,P8,163,-1.892,S1O
112,P8,164,-0.427,S1O
112,P8,165,1.038,S1O
112,P8,166,1.526,S1O
112,P8,167,1.038,S1O
112,P8,168,0.061,S1O
112,P8,169,-0.427,S1O
112,P8,170,-0.916,S1O
112,P8,171,-1.892,S1O
112,P8,172,-4.333,S1O
112,P8,173,-5.798,S1O
112,P8,174,-6.287,S1O
112,P8,175,-5.310,S1O
112,P8,176,-3.357,S1O
112,P8,177,-2.869,S1O
112,P8,178,-4.333,S1O
112,P8,179,-6.287,S1O
112,P8,180,-7.751,S1O
112,P8,181,-7.263,S1O
112,P8,182,-4.822,S1O
112,P8,183,-2.380,S1O
112,P8,184,-0.427,S1O
112,P8,185,-0.916,S1O
112,P8,186,-2.869,S1O
112,P8,187,-4.333,S1O
112,P8,188,-5.798,S1O
112,P8,189,-6.775,S1O
112,P8,190,-7.263,S1O
112,P8,191,-8.240,S1O
112,P8,192,-8.240,S1O
112,P8,193,-7.751,S1O
112,P8,194,-6.287,S1O
112,P8,195,-5.310,S1O
112,P8,196,-4.822,S1O
112,P8,197,-5.798,S1O
112,P8,198,-8.240,S1O
112,P8,199,-11.169,S1O
112,P8,200,-12.146,S1O
112,P8,201,-12.146,S1O
112,P8,202,-10.193,S1O
112,P8,203,-7.751,S1O
112,P8,204,-5.798,S1O
112,P8,205,-5.310,S1O
112,P8,206,-6.287,S1O
112,P8,207,-7.263,S1O
112,P8,208,-7.751,S1O
112,P8,209,-7.263,S1O
112,P8,210,-6.775,S1O
112,P8,211,-7.263,S1O
112,P8,212,-8.728,S1O
112,P8,213,-11.658,S1O
112,P8,214,-13.123,S1O
112,P8,215,-13.611,S1O
112,P8,216,-12.146,S1O
112,P8,217,-10.193,S1O
112,P8,218,-8.728,S1O
112,P8,219,-8.240,S1O
112,P8,220,-7.751,S1O
112,P8,221,-7.751,S1O
112,P8,222,-6.775,S1O
112,P8,223,-6.287,S1O
112,P8,224,-6.775,S1O
112,P8,225,-7.751,S1O
112,P8,226,-8.728,S1O
112,P8,227,-10.193,S1O
112,P8,228,-10.193,S1O
112,P8,229,-9.705,S1O
112,P8,230,-8.728,S1O
112,P8,231,-8.728,S1O
112,P8,232,-9.705,S1O
112,P8,233,-10.681,S1O
112,P8,234,-10.681,S1O
112,P8,235,-9.705,S1O
112,P8,236,-7.263,S1O
112,P8,237,-5.310,S1O
112,P8,238,-4.822,S1O
112,P8,239,-5.310,S1O
112,P8,240,-6.775,S1O
112,P8,241,-7.751,S1O
112,P8,242,-7.751,S1O
112,P8,243,-7.263,S1O
112,P8,244,-7.263,S1O
112,P8,245,-8.240,S1O
112,P8,246,-9.705,S1O
112,P8,247,-10.681,S1O
112,P8,248,-10.681,S1O
112,P8,249,-9.216,S1O
112,P8,250,-7.751,S1O
112,P8,251,-7.751,S1O
112,P8,252,-8.728,S1O
112,P8,253,-10.681,S1O
112,P8,254,-11.169,S1O
112,P8,255,-10.681,S1O
112,P7,0,0.621,S1O
112,P7,1,-0.844,S1O
112,P7,2,-1.821,S1O
112,P7,3,-0.844,S1O
112,P7,4,1.109,S1O
112,P7,5,4.038,S1O
112,P7,6,6.480,S1O
112,P7,7,7.945,S1O
112,P7,8,7.945,S1O
112,P7,9,8.433,S1O
112,P7,10,8.433,S1O
112,P7,11,8.433,S1O
112,P7,12,6.968,S1O
112,P7,13,4.038,S1O
112,P7,14,0.621,S1O
112,P7,15,-1.333,S1O
112,P7,16,-2.309,S1O
112,P7,17,-1.821,S1O
112,P7,18,-1.333,S1O
112,P7,19,-1.821,S1O
112,P7,20,-3.286,S1O
112,P7,21,-4.262,S1O
112,P7,22,-5.239,S1O
112,P7,23,-4.751,S1O
112,P7,24,-3.286,S1O
112,P7,25,-1.821,S1O
112,P7,26,-0.844,S1O
112,P7,27,-1.333,S1O
112,P7,28,-3.286,S1O
112,P7,29,-5.239,S1O
112,P7,30,-6.215,S1O
112,P7,31,-4.751,S1O
112,P7,32,-2.309,S1O
112,P7,33,0.132,S1O
112,P7,34,1.109,S1O
112,P7,35,-0.844,S1O
112,P7,36,-2.797,S1O
112,P7,37,-5.239,S1O
112,P7,38,-6.215,S1O
112,P7,39,-5.727,S1O
112,P7,40,-4.262,S1O
112,P7,41,-2.797,S1O
112,P7,42,-1.821,S1O
112,P7,43,-1.821,S1O
112,P7,44,-2.797,S1O
112,P7,45,-4.262,S1O
112,P7,46,-4.751,S1O
112,P7,47,-4.262,S1O
112,P7,48,-2.797,S1O
112,P7,49,-0.356,S1O
112,P7,50,2.085,S1O
112,P7,51,4.038,S1O
112,P7,52,5.503,S1O
112,P7,53,5.503,S1O
112,P7,54,5.015,S1O
112,P7,55,4.038,S1O
112,P7,56,3.550,S1O
112,P7,57,2.574,S1O
112,P7,58,1.597,S1O
112,P7,59,0.132,S1O
112,P7,60,-1.333,S1O
112,P7,61,-2.797,S1O
112,P7,62,-3.286,S1O
112,P7,63,-3.286,S1O
112,P7,64,-2.797,S1O
112,P7,65,-3.286,S1O
112,P7,66,-4.262,S1O
112,P7,67,-4.262,S1O
112,P7,68,-3.774,S1O
112,P7,69,-1.333,S1O
112,P7,70,1.597,S1O
112,P7,71,3.550,S1O
112,P7,72,4.038,S1O
112,P7,73,3.062,S1O
112,P7,74,2.085,S1O
112,P7,75,3.062,S1O
112,P7,76,5.503,S1O
112,P7,77,8.433,S1O
112,P7,78,9.898,S1O
112,P7,79,8.433,S1O
112,P7,80,5.992,S1O
112,P7,81,4.527,S1O
112,P7,82,5.015,S1O
112,P7,83,6.968,S1O
112,P7,84,8.921,S1O
112,P7,85,9.410,S1O
112,P7,86,7.945,S1O
112,P7,87,5.015,S1O
112,P7,88,2.574,S1O
112,P7,89,2.085,S1O
112,P7,90,3.062,S1O
112,P7,91,3.550,S1O
112,P7,92,3.550,S1O
112,P7,93,2.574,S1O
112,P7,94,1.597,S1O
112,P7,95,0.132,S1O
112,P7,96,-0.356,S1O
112,P7,97,-1.333,S1O
112,P7,98,-1.821,S1O
112,P7,99,-1.333,S1O
112,P7,100,-0.356,S1O
112,P7,101,1.109,S1O
112,P7,102,2.574,S1O
112,P7,103,2.574,S1O
112,P7,104,2.085,S1O
112,P7,105,2.085,S1O
112,P7,106,2.574,S1O
112,P7,107,3.550,S1O
112,P7,108,3.550,S1O
112,P7,109,2.085,S1O
112,P7,110,-0.356,S1O
112,P7,111,-2.309,S1O
112,P7,112,-2.309,S1O
112,P7,113,-0.844,S1O
112,P7,114,1.109,S1O
112,P7,115,2.085,S1O
112,P7,116,1.109,S1O
112,P7,117,-0.844,S1O
112,P7,118,-1.821,S1O
112,P7,119,-1.821,S1O
112,P7,120,-0.844,S1O
112,P7,121,0.621,S1O
112,P7,122,1.109,S1O
112,P7,123,1.597,S1O
112,P7,124,0.621,S1O
112,P7,125,-0.356,S1O
112,P7,126,-1.333,S1O
112,P7,127,-2.797,S1O
112,P7,128,-3.286,S1O
112,P7,129,-3.286,S1O
112,P7,130,-2.797,S1O
112,P7,131,-2.309,S1O
112,P7,132,-1.333,S1O
112,P7,133,-0.356,S1O
112,P7,134,0.621,S1O
112,P7,135,1.109,S1O
112,P7,136,2.085,S1O
112,P7,137,3.062,S1O
112,P7,138,3.062,S1O
112,P7,139,2.574,S1O
112,P7,140,1.109,S1O
112,P7,141,-0.356,S1O
112,P7,142,-1.821,S1O
112,P7,143,-2.309,S1O
112,P7,144,-1.821,S1O
112,P7,145,0.132,S1O
112,P7,146,1.597,S1O
112,P7,147,3.062,S1O
112,P7,148,2.574,S1O
112,P7,149,2.085,S1O
112,P7,150,0.621,S1O
112,P7,151,-0.356,S1O
112,P7,152,0.132,S1O
112,P7,153,0.621,S1O
112,P7,154,1.597,S1O
112,P7,155,2.085,S1O
112,P7,156,1.597,S1O
112,P7,157,1.597,S1O
112,P7,158,1.597,S1O
112,P7,159,1.597,S1O
112,P7,160,0.621,S1O
112,P7,161,-0.844,S1O
112,P7,162,-1.821,S1O
112,P7,163,-1.821,S1O
112,P7,164,-0.844,S1O
112,P7,165,0.621,S1O
112,P7,166,2.085,S1O
112,P7,167,2.085,S1O
112,P7,168,1.109,S1O
112,P7,169,0.132,S1O
112,P7,170,-0.844,S1O
112,P7,171,-1.333,S1O
112,P7,172,-0.844,S1O
112,P7,173,-0.844,S1O
112,P7,174,-0.356,S1O
112,P7,175,-0.356,S1O
112,P7,176,-0.356,S1O
112,P7,177,-1.333,S1O
112,P7,178,-2.797,S1O
112,P7,179,-4.262,S1O
112,P7,180,-4.751,S1O
112,P7,181,-5.239,S1O
112,P7,182,-3.774,S1O
112,P7,183,-2.309,S1O
112,P7,184,-0.356,S1O
112,P7,185,0.132,S1O
112,P7,186,-0.844,S1O
112,P7,187,-3.774,S1O
112,P7,188,-6.704,S1O
112,P7,189,-8.657,S1O
112,P7,190,-8.657,S1O
112,P7,191,-6.704,S1O
112,P7,192,-4.751,S1O
112,P7,193,-3.286,S1O
112,P7,194,-2.797,S1O
112,P7,195,-3.774,S1O
112,P7,196,-5.239,S1O
112,P7,197,-6.215,S1O
112,P7,198,-7.192,S1O
112,P7,199,-8.169,S1O
112,P7,200,-9.145,S1O
112,P7,201,-9.145,S1O
112,P7,202,-8.169,S1O
112,P7,203,-6.215,S1O
112,P7,204,-5.239,S1O
112,P7,205,-4.751,S1O
112,P7,206,-5.727,S1O
112,P7,207,-6.215,S1O
112,P7,208,-6.215,S1O
112,P7,209,-4.751,S1O
112,P7,210,-3.774,S1O
112,P7,211,-4.262,S1O
112,P7,212,-6.704,S1O
112,P7,213,-9.145,S1O
112,P7,214,-10.122,S1O
112,P7,215,-9.145,S1O
112,P7,216,-7.192,S1O
112,P7,217,-4.751,S1O
112,P7,218,-4.751,S1O
112,P7,219,-5.727,S1O
112,P7,220,-7.680,S1O
112,P7,221,-8.169,S1O
112,P7,222,-7.680,S1O
112,P7,223,-6.215,S1O
112,P7,224,-5.727,S1O
112,P7,225,-6.215,S1O
112,P7,226,-8.169,S1O
112,P7,227,-9.633,S1O
112,P7,228,-9.633,S1O
112,P7,229,-9.145,S1O
112,P7,230,-7.680,S1O
112,P7,231,-6.215,S1O
112,P7,232,-5.239,S1O
112,P7,233,-5.239,S1O
112,P7,234,-5.727,S1O
112,P7,235,-5.727,S1O
112,P7,236,-5.239,S1O
112,P7,237,-4.751,S1O
112,P7,238,-4.262,S1O
112,P7,239,-4.262,S1O
112,P7,240,-5.239,S1O
112,P7,241,-6.704,S1O
112,P7,242,-7.192,S1O
112,P7,243,-7.680,S1O
112,P7,244,-7.192,S1O
112,P7,245,-5.727,S1O
112,P7,246,-4.262,S1O
112,P7,247,-2.309,S1O
112,P7,248,-1.333,S1O
112,P7,249,-1.821,S1O
112,P7,250,-3.774,S1O
112,P7,251,-6.215,S1O
112,P7,252,-7.680,S1O
112,P7,253,-7.192,S1O
112,P7,254,-5.239,S1O
112,P7,255,-2.309,S1O
112,PO2,0,-0.509,S1O
112,PO2,1,-1.485,S1O
112,PO2,2,-2.950,S1O
112,PO2,3,-3.438,S1O
112,PO2,4,-3.438,S1O
112,PO2,5,-1.973,S1O
112,PO2,6,-0.997,S1O
112,PO2,7,-0.020,S1O
112,PO2,8,-0.020,S1O
112,PO2,9,0.468,S1O
112,PO2,10,0.956,S1O
112,PO2,11,0.956,S1O
112,PO2,12,-0.020,S1O
112,PO2,13,-1.485,S1O
112,PO2,14,-3.438,S1O
112,PO2,15,-4.903,S1O
112,PO2,16,-4.415,S1O
112,PO2,17,-2.950,S1O
112,PO2,18,-0.509,S1O
112,PO2,19,-0.020,S1O
112,PO2,20,-0.509,S1O
112,PO2,21,-1.973,S1O
112,PO2,22,-2.950,S1O
112,PO2,23,-2.950,S1O
112,PO2,24,-2.462,S1O
112,PO2,25,-1.973,S1O
112,PO2,26,-2.950,S1O
112,PO2,27,-4.903,S1O
112,PO2,28,-7.833,S1O
112,PO2,29,-9.298,S1O
112,PO2,30,-9.298,S1O
112,PO2,31,-8.321,S1O
112,PO2,32,-6.856,S1O
112,PO2,33,-5.391,S1O
112,PO2,34,-5.391,S1O
112,PO2,35,-5.880,S1O
112,PO2,36,-7.345,S1O
112,PO2,37,-8.809,S1O
112,PO2,38,-9.786,S1O
112,PO2,39,-9.786,S1O
112,PO2,40,-8.809,S1O
112,PO2,41,-7.345,S1O
112,PO2,42,-6.368,S1O
112,PO2,43,-5.880,S1O
112,PO2,44,-6.368,S1O
112,PO2,45,-7.345,S1O
112,PO2,46,-8.321,S1O
112,PO2,47,-8.809,S1O
112,PO2,48,-8.321,S1O
112,PO2,49,-6.368,S1O
112,PO2,50,-4.415,S1O
112,PO2,51,-2.950,S1O
112,PO2,52,-2.462,S1O
112,PO2,53,-2.950,S1O
112,PO2,54,-4.415,S1O
112,PO2,55,-4.903,S1O
112,PO2,56,-5.391,S1O
112,PO2,57,-5.880,S1O
112,PO2,58,-5.880,S1O
112,PO2,59,-6.368,S1O
112,PO2,60,-7.833,S1O
112,PO2,61,-7.833,S1O
112,PO2,62,-8.321,S1O
112,PO2,63,-7.833,S1O
112,PO2,64,-6.368,S1O
112,PO2,65,-5.391,S1O
112,PO2,66,-4.903,S1O
112,PO2,67,-3.438,S1O
112,PO2,68,-1.973,S1O
112,PO2,69,-0.509,S1O
112,PO2,70,-0.020,S1O
112,PO2,71,-0.509,S1O
112,PO2,72,-2.950,S1O
112,PO2,73,-5.391,S1O
112,PO2,74,-6.368,S1O
112,PO2,75,-4.415,S1O
112,PO2,76,-1.485,S1O
112,PO2,77,1.933,S1O
112,PO2,78,3.886,S1O
112,PO2,79,4.374,S1O
112,PO2,80,3.398,S1O
112,PO2,81,2.909,S1O
112,PO2,82,2.909,S1O
112,PO2,83,3.886,S1O
112,PO2,84,5.351,S1O
112,PO2,85,5.351,S1O
112,PO2,86,4.862,S1O
112,PO2,87,3.398,S1O
112,PO2,88,2.421,S1O
112,PO2,89,1.444,S1O
112,PO2,90,1.444,S1O
112,PO2,91,1.933,S1O
112,PO2,92,2.421,S1O
112,PO2,93,1.444,S1O
112,PO2,94,-0.020,S1O
112,PO2,95,-1.973,S1O
112,PO2,96,-3.927,S1O
112,PO2,97,-4.415,S1O
112,PO2,98,-4.415,S1O
112,PO2,99,-2.462,S1O
112,PO2,100,-0.997,S1O
112,PO2,101,-0.020,S1O
112,PO2,102,-0.509,S1O
112,PO2,103,-0.997,S1O
112,PO2,104,-0.997,S1O
112,PO2,105,-0.020,S1O
112,PO2,106,2.421,S1O
112,PO2,107,4.374,S1O
112,PO2,108,4.862,S1O
112,PO2,109,3.886,S1O
112,PO2,110,0.956,S1O
112,PO2,111,-1.973,S1O
112,PO2,112,-3.438,S1O
112,PO2,113,-2.950,S1O
112,PO2,114,-2.462,S1O
112,PO2,115,-1.973,S1O
112,PO2,116,-2.462,S1O
112,PO2,117,-3.438,S1O
112,PO2,118,-4.415,S1O
112,PO2,119,-4.415,S1O
112,PO2,120,-3.438,S1O
112,PO2,121,-1.973,S1O
112,PO2,122,-0.997,S1O
112,PO2,123,-0.997,S1O
112,PO2,124,-1.973,S1O
112,PO2,125,-2.950,S1O
112,PO2,126,-3.927,S1O
112,PO2,127,-4.415,S1O
112,PO2,128,-3.438,S1O
112,PO2,129,-2.462,S1O
112,PO2,130,-1.485,S1O
112,PO2,131,-0.509,S1O
112,PO2,132,-0.020,S1O
112,PO2,133,0.956,S1O
112,PO2,134,1.933,S1O
112,PO2,135,3.398,S1O
112,PO2,136,4.374,S1O
112,PO2,137,4.862,S1O
112,PO2,138,4.862,S1O
112,PO2,139,3.886,S1O
112,PO2,140,1.933,S1O
112,PO2,141,0.468,S1O
112,PO2,142,-0.997,S1O
112,PO2,143,-2.462,S1O
112,PO2,144,-2.462,S1O
112,PO2,145,-1.485,S1O
112,PO2,146,-0.020,S1O
112,PO2,147,1.933,S1O
112,PO2,148,3.398,S1O
112,PO2,149,4.374,S1O
112,PO2,150,3.886,S1O
112,PO2,151,3.398,S1O
112,PO2,152,2.909,S1O
112,PO2,153,2.421,S1O
112,PO2,154,2.909,S1O
112,PO2,155,3.886,S1O
112,PO2,156,4.862,S1O
112,PO2,157,6.327,S1O
112,PO2,158,6.816,S1O
112,PO2,159,5.839,S1O
112,PO2,160,4.374,S1O
112,PO2,161,2.909,S1O
112,PO2,162,2.421,S1O
112,PO2,163,2.909,S1O
112,PO2,164,3.398,S1O
112,PO2,165,4.862,S1O
112,PO2,166,5.351,S1O
112,PO2,167,4.862,S1O
112,PO2,168,4.374,S1O
112,PO2,169,3.886,S1O
112,PO2,170,2.909,S1O
112,PO2,171,2.421,S1O
112,PO2,172,1.444,S1O
112,PO2,173,0.468,S1O
112,PO2,174,0.468,S1O
112,PO2,175,1.444,S1O
112,PO2,176,2.421,S1O
112,PO2,177,2.421,S1O
112,PO2,178,1.444,S1O
112,PO2,179,0.468,S1O
112,PO2,180,-0.997,S1O
112,PO2,181,-0.509,S1O
112,PO2,182,0.956,S1O
112,PO2,183,2.909,S1O
112,PO2,184,4.374,S1O
112,PO2,185,3.886,S1O
112,PO2,186,2.909,S1O
112,PO2,187,0.956,S1O
112,PO2,188,-0.997,S1O
112,PO2,189,-1.973,S1O
112,PO2,190,-2.462,S1O
112,PO2,191,-1.973,S1O
112,PO2,192,-1.485,S1O
112,PO2,193,-0.509,S1O
112,PO2,194,0.468,S1O
112,PO2,195,0.956,S1O
112,PO2,196,0.956,S1O
112,PO2,197,-0.020,S1O
112,PO2,198,-2.462,S1O
112,PO2,199,-4.415,S1O
112,PO2,200,-5.880,S1O
112,PO2,201,-5.880,S1O
112,PO2,202,-4.415,S1O
112,PO2,203,-1.973,S1O
112,PO2,204,-0.509,S1O
112,PO2,205,0.468,S1O
112,PO2,206,-0.020,S1O
112,PO2,207,-0.997,S1O
112,PO2,208,-0.997,S1O
112,PO2,209,-0.509,S1O
112,PO2,210,-0.020,S1O
112,PO2,211,-0.509,S1O
112,PO2,212,-2.462,S1O
112,PO2,213,-4.903,S1O
112,PO2,214,-6.856,S1O
112,PO2,215,-7.345,S1O
112,PO2,216,-6.368,S1O
112,PO2,217,-5.391,S1O
112,PO2,218,-4.415,S1O
112,PO2,219,-4.415,S1O
112,PO2,220,-3.927,S1O
112,PO2,221,-3.438,S1O
112,PO2,222,-2.462,S1O
112,PO2,223,-1.485,S1O
112,PO2,224,-1.485,S1O
112,PO2,225,-1.973,S1O
112,PO2,226,-2.950,S1O
112,PO2,227,-3.927,S1O
112,PO2,228,-4.415,S1O
112,PO2,229,-4.415,S1O
112,PO2,230,-3.927,S1O
112,PO2,231,-4.415,S1O
112,PO2,232,-4.415,S1O
112,PO2,233,-4.903,S1O
112,PO2,234,-4.903,S1O
112,PO2,235,-4.415,S1O
112,PO2,236,-1.973,S1O
112,PO2,237,-0.509,S1O
112,PO2,238,-0.509,S1O
112,PO2,239,-1.973,S1O
112,PO2,240,-4.415,S1O
112,PO2,241,-6.368,S1O
112,PO2,242,-7.833,S1O
112,PO2,243,-7.833,S1O
112,PO2,244,-7.345,S1O
112,PO2,245,-6.856,S1O
112,PO2,246,-6.368,S1O
112,PO2,247,-5.880,S1O
112,PO2,248,-5.391,S1O
112,PO2,249,-4.415,S1O
112,PO2,250,-4.903,S1O
112,PO2,251,-5.391,S1O
112,PO2,252,-6.368,S1O
112,PO2,253,-6.368,S1O
112,PO2,254,-5.391,S1O
112,PO2,255,-3.438,S1O
112,PO1,0,0.000,S1O
112,PO1,1,-1.465,S1O
112,PO1,2,-2.930,S1O
112,PO1,3,-2.930,S1O
112,PO1,4,-2.441,S1O
112,PO1,5,-1.465,S1O
112,PO1,6,0.000,S1O
112,PO1,7,0.488,S1O
112,PO1,8,0.977,S1O
112,PO1,9,1.953,S1O
112,PO1,10,2.930,S1O
112,PO1,11,3.418,S1O
112,PO1,12,2.441,S1O
112,PO1,13,0.488,S1O
112,PO1,14,-1.953,S1O
112,PO1,15,-3.418,S1O
112,PO1,16,-2.930,S1O
112,PO1,17,-1.465,S1O
112,PO1,18,0.000,S1O
112,PO1,19,0.000,S1O
112,PO1,20,-0.488,S1O
112,PO1,21,-1.953,S1O
112,PO1,22,-2.930,S1O
112,PO1,23,-2.441,S1O
112,PO1,24,-1.465,S1O
112,PO1,25,-1.465,S1O
112,PO1,26,-2.441,S1O
112,PO1,27,-4.395,S1O
112,PO1,28,-6.836,S1O
112,PO1,29,-8.789,S1O
112,PO1,30,-9.277,S1O
112,PO1,31,-8.301,S1O
112,PO1,32,-6.348,S1O
112,PO1,33,-5.371,S1O
112,PO1,34,-5.371,S1O
112,PO1,35,-5.859,S1O
112,PO1,36,-7.324,S1O
112,PO1,37,-8.301,S1O
112,PO1,38,-8.789,S1O
112,PO1,39,-8.789,S1O
112,PO1,40,-8.301,S1O
112,PO1,41,-7.812,S1O
112,PO1,42,-6.836,S1O
112,PO1,43,-6.348,S1O
112,PO1,44,-6.836,S1O
112,PO1,45,-7.324,S1O
112,PO1,46,-7.812,S1O
112,PO1,47,-7.324,S1O
112,PO1,48,-6.348,S1O
112,PO1,49,-3.906,S1O
112,PO1,50,-1.953,S1O
112,PO1,51,-0.488,S1O
112,PO1,52,0.000,S1O
112,PO1,53,-0.488,S1O
112,PO1,54,-1.465,S1O
112,PO1,55,-1.953,S1O
112,PO1,56,-1.953,S1O
112,PO1,57,-1.465,S1O
112,PO1,58,-0.977,S1O
112,PO1,59,-1.953,S1O
112,PO1,60,-2.930,S1O
112,PO1,61,-3.906,S1O
112,PO1,62,-4.395,S1O
112,PO1,63,-3.906,S1O
112,PO1,64,-2.930,S1O
112,PO1,65,-1.953,S1O
112,PO1,66,-0.977,S1O
112,PO1,67,-0.488,S1O
112,PO1,68,0.488,S1O
112,PO1,69,2.441,S1O
112,PO1,70,3.906,S1O
112,PO1,71,3.906,S1O
112,PO1,72,2.441,S1O
112,PO1,73,0.000,S1O
112,PO1,74,-1.465,S1O
112,PO1,75,-0.488,S1O
112,PO1,76,1.953,S1O
112,PO1,77,4.883,S1O
112,PO1,78,6.836,S1O
112,PO1,79,6.348,S1O
112,PO1,80,4.883,S1O
112,PO1,81,3.906,S1O
112,PO1,82,4.395,S1O
112,PO1,83,5.859,S1O
112,PO1,84,7.324,S1O
112,PO1,85,7.812,S1O
112,PO1,86,6.348,S1O
112,PO1,87,4.395,S1O
112,PO1,88,2.930,S1O
112,PO1,89,2.441,S1O
112,PO1,90,2.441,S1O
112,PO1,91,2.441,S1O
112,PO1,92,2.441,S1O
112,PO1,93,1.465,S1O
112,PO1,94,0.488,S1O
112,PO1,95,-0.488,S1O
112,PO1,96,-1.953,S1O
112,PO1,97,-2.930,S1O
112,PO1,98,-3.418,S1O
112,PO1,99,-2.441,S1O
112,PO1,100,-1.465,S1O
112,PO1,101,0.000,S1O
112,PO1,102,0.488,S1O
112,PO1,103,-0.488,S1O
112,PO1,104,-0.488,S1O
112,PO1,105,-0.488,S1O
112,PO1,106,0.977,S1O
112,PO1,107,2.930,S1O
112,PO1,108,3.418,S1O
112,PO1,109,1.953,S1O
112,PO1,110,-0.488,S1O
112,PO1,111,-2.441,S1O
112,PO1,112,-2.930,S1O
112,PO1,113,-2.441,S1O
112,PO1,114,-1.465,S1O
112,PO1,115,-0.977,S1O
112,PO1,116,-1.465,S1O
112,PO1,117,-2.930,S1O
112,PO1,118,-4.395,S1O
112,PO1,119,-4.395,S1O
112,PO1,120,-2.930,S1O
112,PO1,121,-1.465,S1O
112,PO1,122,0.000,S1O
112,PO1,123,0.000,S1O
112,PO1,124,0.000,S1O
112,PO1,125,-1.465,S1O
112,PO1,126,-2.441,S1O
112,PO1,127,-3.418,S1O
112,PO1,128,-3.418,S1O
112,PO1,129,-2.441,S1O
112,PO1,130,-1.465,S1O
112,PO1,131,0.000,S1O
112,PO1,132,0.977,S1O
112,PO1,133,1.953,S1O
112,PO1,134,3.418,S1O
112,PO1,135,4.395,S1O
112,PO1,136,4.883,S1O
112,PO1,137,5.371,S1O
112,PO1,138,4.883,S1O
112,PO1,139,3.906,S1O
112,PO1,140,3.418,S1O
112,PO1,141,2.441,S1O
112,PO1,142,1.465,S1O
112,PO1,143,0.977,S1O
112,PO1,144,0.977,S1O
112,PO1,145,1.953,S1O
112,PO1,146,3.418,S1O
112,PO1,147,5.371,S1O
112,PO1,148,6.348,S1O
112,PO1,149,6.836,S1O
112,PO1,150,6.348,S1O
112,PO1,151,5.859,S1O
112,PO1,152,5.371,S1O
112,PO1,153,5.371,S1O
112,PO1,154,6.348,S1O
112,PO1,155,6.836,S1O
112,PO1,156,7.812,S1O
112,PO1,157,8.301,S1O
112,PO1,158,8.301,S1O
112,PO1,159,7.812,S1O
112,PO1,160,6.348,S1O
112,PO1,161,5.371,S1O
112,PO1,162,4.883,S1O
112,PO1,163,5.371,S1O
112,PO1,164,6.348,S1O
112,PO1,165,7.812,S1O
112,PO1,166,8.789,S1O
112,PO1,167,8.301,S1O
112,PO1,168,7.324,S1O
112,PO1,169,6.348,S1O
112,PO1,170,5.859,S1O
112,PO1,171,5.371,S1O
112,PO1,172,4.883,S1O
112,PO1,173,5.371,S1O
112,PO1,174,5.371,S1O
112,PO1,175,5.859,S1O
112,PO1,176,6.348,S1O
112,PO1,177,6.348,S1O
112,PO1,178,4.883,S1O
112,PO1,179,3.418,S1O
112,PO1,180,2.930,S1O
112,PO1,181,2.930,S1O
112,PO1,182,3.418,S1O
112,PO1,183,5.371,S1O
112,PO1,184,6.836,S1O
112,PO1,185,6.836,S1O
112,PO1,186,5.371,S1O
112,PO1,187,3.418,S1O
112,PO1,188,0.977,S1O
112,PO1,189,-0.488,S1O
112,PO1,190,-0.977,S1O
112,PO1,191,-0.488,S1O
112,PO1,192,0.977,S1O
112,PO1,193,1.953,S1O
112,PO1,194,2.441,S1O
112,PO1,195,2.441,S1O
112,PO1,196,0.977,S1O
112,PO1,197,0.488,S1O
112,PO1,198,-1.465,S1O
112,PO1,199,-2.441,S1O
112,PO1,200,-3.418,S1O
112,PO1,201,-3.418,S1O
112,PO1,202,-1.953,S1O
112,PO1,203,0.488,S1O
112,PO1,204,2.441,S1O
112,PO1,205,3.418,S1O
112,PO1,206,2.930,S1O
112,PO1,207,2.441,S1O
112,PO1,208,2.441,S1O
112,PO1,209,2.930,S1O
112,PO1,210,3.418,S1O
112,PO1,211,2.930,S1O
112,PO1,212,1.465,S1O
112,PO1,213,-0.488,S1O
112,PO1,214,-1.953,S1O
112,PO1,215,-2.441,S1O
112,PO1,216,-1.465,S1O
112,PO1,217,-0.488,S1O
112,PO1,218,-0.488,S1O
112,PO1,219,-0.977,S1O
112,PO1,220,-1.465,S1O
112,PO1,221,-1.465,S1O
112,PO1,222,-0.488,S1O
112,PO1,223,0.977,S1O
112,PO1,224,1.953,S1O
112,PO1,225,1.953,S1O
112,PO1,226,0.488,S1O
112,PO1,227,-0.977,S1O
112,PO1,228,-1.953,S1O
112,PO1,229,-1.953,S1O
112,PO1,230,-1.953,S1O
112,PO1,231,-1.465,S1O
112,PO1,232,-1.953,S1O
112,PO1,233,-2.441,S1O
112,PO1,234,-2.441,S1O
112,PO1,235,-2.441,S1O
112,PO1,236,-0.977,S1O
112,PO1,237,0.000,S1O
112,PO1,238,0.000,S1O
112,PO1,239,-1.465,S1O
112,PO1,240,-2.930,S1O
112,PO1,241,-4.883,S1O
112,PO1,242,-5.859,S1O
112,PO1,243,-5.859,S1O
112,PO1,244,-5.371,S1O
112,PO1,245,-4.395,S1O
112,PO1,246,-3.906,S1O
112,PO1,247,-2.441,S1O
112,PO1,248,-1.465,S1O
112,PO1,249,-1.465,S1O
112,PO1,250,-2.441,S1O
112,PO1,251,-4.395,S1O
112,PO1,252,-5.371,S1O
112,PO1,253,-4.883,S1O
112,PO1,254,-3.418,S1O
112,PO1,255,-0.488,S1O
112,O2,0,-0.264,S1O
112,O2,1,-2.218,S1O
112,O2,2,-4.171,S1O
112,O2,3,-4.659,S1O
112,O2,4,-3.682,S1O
112,O2,5,-1.729,S1O
112,O2,6,-0.264,S1O
112,O2,7,0.712,S1O
112,O2,8,0.712,S1O
112,O2,9,1.200,S1O
112,O2,10,1.689,S1O
112,O2,11,2.177,S1O
112,O2,12,1.689,S1O
112,O2,13,0.224,S1O
112,O2,14,-2.218,S1O
112,O2,15,-4.659,S1O
112,O2,16,-4.659,S1O
112,O2,17,-4.171,S1O
112,O2,18,-2.706,S1O
112,O2,19,-2.706,S1O
112,O2,20,-4.659,S1O
112,O2,21,-6.612,S1O
112,O2,22,-7.589,S1O
112,O2,23,-7.589,S1O
112,O2,24,-7.100,S1O
112,O2,25,-6.612,S1O
112,O2,26,-7.589,S1O
112,O2,27,-10.030,S1O
112,O2,28,-11.983,S1O
112,O2,29,-13.448,S1O
112,O2,30,-11.983,S1O
112,O2,31,-10.030,S1O
112,O2,32,-7.100,S1O
112,O2,33,-6.124,S1O
112,O2,34,-6.124,S1O
112,O2,35,-8.077,S1O
112,O2,36,-11.007,S1O
112,O2,37,-13.448,S1O
112,O2,38,-14.425,S1O
112,O2,39,-13.448,S1O
112,O2,40,-11.007,S1O
112,O2,41,-8.077,S1O
112,O2,42,-6.612,S1O
112,O2,43,-6.124,S1O
112,O2,44,-8.077,S1O
112,O2,45,-10.030,S1O
112,O2,46,-11.007,S1O
112,O2,47,-10.518,S1O
112,O2,48,-9.054,S1O
112,O2,49,-6.612,S1O
112,O2,50,-4.659,S1O
112,O2,51,-4.171,S1O
112,O2,52,-4.171,S1O
112,O2,53,-4.659,S1O
112,O2,54,-5.147,S1O
112,O2,55,-6.124,S1O
112,O2,56,-7.100,S1O
112,O2,57,-8.077,S1O
112,O2,58,-9.054,S1O
112,O2,59,-10.030,S1O
112,O2,60,-10.030,S1O
112,O2,61,-10.030,S1O
112,O2,62,-9.054,S1O
112,O2,63,-8.077,S1O
112,O2,64,-7.100,S1O
112,O2,65,-6.124,S1O
112,O2,66,-6.124,S1O
112,O2,67,-5.636,S1O
112,O2,68,-4.659,S1O
112,O2,69,-3.194,S1O
112,O2,70,-2.218,S1O
112,O2,71,-2.218,S1O
112,O2,72,-4.659,S1O
112,O2,73,-6.124,S1O
112,O2,74,-7.100,S1O
112,O2,75,-5.147,S1O
112,O2,76,-0.753,S1O
112,O2,77,3.642,S1O
112,O2,78,6.083,S1O
112,O2,79,5.595,S1O
112,O2,80,4.130,S1O
112,O2,81,2.665,S1O
112,O2,82,3.153,S1O
112,O2,83,5.107,S1O
112,O2,84,7.060,S1O
112,O2,85,7.060,S1O
112,O2,86,5.595,S1O
112,O2,87,3.153,S1O
112,O2,88,0.712,S1O
112,O2,89,0.224,S1O
112,O2,90,0.712,S1O
112,O2,91,1.689,S1O
112,O2,92,1.689,S1O
112,O2,93,0.712,S1O
112,O2,94,-1.729,S1O
112,O2,95,-4.659,S1O
112,O2,96,-7.100,S1O
112,O2,97,-8.077,S1O
112,O2,98,-8.077,S1O
112,O2,99,-6.612,S1O
112,O2,100,-6.124,S1O
112,O2,101,-5.147,S1O
112,O2,102,-5.636,S1O
112,O2,103,-6.124,S1O
112,O2,104,-6.124,S1O
112,O2,105,-4.659,S1O
112,O2,106,-1.729,S1O
112,O2,107,0.224,S1O
112,O2,108,0.712,S1O
112,O2,109,-1.729,S1O
112,O2,110,-6.124,S1O
112,O2,111,-10.030,S1O
112,O2,112,-11.983,S1O
112,O2,113,-11.495,S1O
112,O2,114,-9.054,S1O
112,O2,115,-7.589,S1O
112,O2,116,-7.589,S1O
112,O2,117,-8.565,S1O
112,O2,118,-10.030,S1O
112,O2,119,-10.518,S1O
112,O2,120,-9.542,S1O
112,O2,121,-8.077,S1O
112,O2,122,-7.100,S1O
112,O2,123,-7.589,S1O
112,O2,124,-8.565,S1O
112,O2,125,-10.030,S1O
112,O2,126,-10.518,S1O
112,O2,127,-10.030,S1O
112,O2,128,-9.054,S1O
112,O2,129,-7.100,S1O
112,O2,130,-5.636,S1O
112,O2,131,-4.659,S1O
112,O2,132,-3.682,S1O
112,O2,133,-2.706,S1O
112,O2,134,-1.729,S1O
112,O2,135,-0.753,S1O
112,O2,136,0.712,S1O
112,O2,137,2.177,S1O
112,O2,138,2.665,S1O
112,O2,139,1.689,S1O
112,O2,140,-0.753,S1O
112,O2,141,-2.706,S1O
112,O2,142,-4.171,S1O
112,O2,143,-4.171,S1O
112,O2,144,-3.194,S1O
112,O2,145,-1.729,S1O
112,O2,146,-0.753,S1O
112,O2,147,0.712,S1O
112,O2,148,1.689,S1O
112,O2,149,2.665,S1O
112,O2,150,2.665,S1O
112,O2,151,2.177,S1O
112,O2,152,0.712,S1O
112,O2,153,-0.753,S1O
112,O2,154,-0.264,S1O
112,O2,155,1.200,S1O
112,O2,156,3.642,S1O
112,O2,157,5.595,S1O
112,O2,158,6.571,S1O
112,O2,159,5.595,S1O
112,O2,160,3.153,S1O
112,O2,161,1.200,S1O
112,O2,162,0.224,S1O
112,O2,163,1.200,S1O
112,O2,164,2.665,S1O
112,O2,165,4.130,S1O
112,O2,166,4.130,S1O
112,O2,167,3.642,S1O
112,O2,168,3.153,S1O
112,O2,169,2.665,S1O
112,O2,170,1.689,S1O
112,O2,171,0.712,S1O
112,O2,172,-1.241,S1O
112,O2,173,-2.706,S1O
112,O2,174,-2.706,S1O
112,O2,175,-1.241,S1O
112,O2,176,0.224,S1O
112,O2,177,0.224,S1O
112,O2,178,-1.729,S1O
112,O2,179,-4.659,S1O
112,O2,180,-6.124,S1O
112,O2,181,-5.147,S1O
112,O2,182,-2.706,S1O
112,O2,183,0.712,S1O
112,O2,184,2.665,S1O
112,O2,185,2.177,S1O
112,O2,186,0.224,S1O
112,O2,187,-1.729,S1O
112,O2,188,-3.682,S1O
112,O2,189,-5.147,S1O
112,O2,190,-5.636,S1O
112,O2,191,-5.147,S1O
112,O2,192,-3.682,S1O
112,O2,193,-1.729,S1O
112,O2,194,-0.264,S1O
112,O2,195,0.224,S1O
112,O2,196,-0.753,S1O
112,O2,197,-2.706,S1O
112,O2,198,-5.147,S1O
112,O2,199,-7.589,S1O
112,O2,200,-8.565,S1O
112,O2,201,-9.054,S1O
112,O2,202,-7.589,S1O
112,O2,203,-5.147,S1O
112,O2,204,-3.194,S1O
112,O2,205,-2.218,S1O
112,O2,206,-2.706,S1O
112,O2,207,-3.682,S1O
112,O2,208,-3.682,S1O
112,O2,209,-3.194,S1O
112,O2,210,-1.729,S1O
112,O2,211,-1.241,S1O
112,O2,212,-2.706,S1O
112,O2,213,-6.124,S1O
112,O2,214,-9.542,S1O
112,O2,215,-11.495,S1O
112,O2,216,-10.518,S1O
112,O2,217,-8.565,S1O
112,O2,218,-6.124,S1O
112,O2,219,-5.147,S1O
112,O2,220,-5.147,S1O
112,O2,221,-5.636,S1O
112,O2,222,-5.147,S1O
112,O2,223,-4.171,S1O
112,O2,224,-3.682,S1O
112,O2,225,-4.171,S1O
112,O2,226,-6.124,S1O
112,O2,227,-8.077,S1O
112,O2,228,-8.077,S1O
112,O2,229,-7.100,S1O
112,O2,230,-5.636,S1O
112,O2,231,-4.659,S1O
112,O2,232,-5.636,S1O
112,O2,233,-7.589,S1O
112,O2,234,-8.565,S1O
112,O2,235,-8.077,S1O
112,O2,236,-5.636,S1O
112,O2,237,-3.194,S1O
112,O2,238,-2.706,S1O
112,O2,239,-4.659,S1O
112,O2,240,-7.100,S1O
112,O2,241,-9.054,S1O
112,O2,242,-9.054,S1O
112,O2,243,-9.054,S1O
112,O2,244,-8.565,S1O
112,O2,245,-9.054,S1O
112,O2,246,-9.542,S1O
112,O2,247,-9.542,S1O
112,O2,248,-8.077,S1O
112,O2,249,-6.612,S1O
112,O2,250,-6.124,S1O
112,O2,251,-7.589,S1O
112,O2,252,-9.542,S1O
112,O2,253,-10.518,S1O
112,O2,254,-9.542,S1O
112,O2,255,-7.100,S1O
112,O1,0,0.376,S1O
112,O1,1,-2.065,S1O
112,O1,2,-4.018,S1O
112,O1,3,-4.506,S1O
112,O1,4,-3.530,S1O
112,O1,5,-1.088,S1O
112,O1,6,1.353,S1O
112,O1,7,2.818,S1O
112,O1,8,3.306,S1O
112,O1,9,4.771,S1O
112,O1,10,5.747,S1O
112,O1,11,6.236,S1O
112,O1,12,5.259,S1O
112,O1,13,2.818,S1O
112,O1,14,-0.112,S1O
112,O1,15,-2.553,S1O
112,O1,16,-3.042,S1O
112,O1,17,-2.065,S1O
112,O1,18,-0.600,S1O
112,O1,19,-0.112,S1O
112,O1,20,-2.065,S1O
112,O1,21,-4.506,S1O
112,O1,22,-6.948,S1O
112,O1,23,-7.924,S1O
112,O1,24,-7.436,S1O
112,O1,25,-7.436,S1O
112,O1,26,-8.413,S1O
112,O1,27,-9.878,S1O
112,O1,28,-12.319,S1O
112,O1,29,-13.784,S1O
112,O1,30,-13.295,S1O
112,O1,31,-10.854,S1O
112,O1,32,-7.436,S1O
112,O1,33,-4.995,S1O
112,O1,34,-4.506,S1O
112,O1,35,-5.483,S1O
112,O1,36,-7.924,S1O
112,O1,37,-9.878,S1O
112,O1,38,-10.366,S1O
112,O1,39,-9.878,S1O
112,O1,40,-7.436,S1O
112,O1,41,-4.995,S1O
112,O1,42,-4.018,S1O
112,O1,43,-4.506,S1O
112,O1,44,-6.460,S1O
112,O1,45,-8.413,S1O
112,O1,46,-9.389,S1O
112,O1,47,-8.901,S1O
112,O1,48,-6.948,S1O
112,O1,49,-4.506,S1O
112,O1,50,-2.065,S1O
112,O1,51,-0.600,S1O
112,O1,52,-0.112,S1O
112,O1,53,-0.112,S1O
112,O1,54,-0.600,S1O
112,O1,55,-1.088,S1O
112,O1,56,-1.577,S1O
112,O1,57,-1.577,S1O
112,O1,58,-1.088,S1O
112,O1,59,-1.577,S1O
112,O1,60,-2.553,S1O
112,O1,61,-3.530,S1O
112,O1,62,-3.530,S1O
112,O1,63,-3.042,S1O
112,O1,64,-1.577,S1O
112,O1,65,-1.088,S1O
112,O1,66,-0.600,S1O
112,O1,67,-0.600,S1O
112,O1,68,-0.112,S1O
112,O1,69,1.353,S1O
112,O1,70,2.818,S1O
112,O1,71,3.306,S1O
112,O1,72,2.818,S1O
112,O1,73,1.841,S1O
112,O1,74,1.353,S1O
112,O1,75,2.330,S1O
112,O1,76,5.259,S1O
112,O1,77,8.189,S1O
112,O1,78,9.654,S1O
112,O1,79,8.677,S1O
112,O1,80,7.701,S1O
112,O1,81,7.212,S1O
112,O1,82,8.189,S1O
112,O1,83,10.630,S1O
112,O1,84,12.095,S1O
112,O1,85,11.607,S1O
112,O1,86,8.677,S1O
112,O1,87,5.747,S1O
112,O1,88,3.794,S1O
112,O1,89,3.306,S1O
112,O1,90,3.794,S1O
112,O1,91,4.283,S1O
112,O1,92,3.794,S1O
112,O1,93,2.818,S1O
112,O1,94,0.865,S1O
112,O1,95,-0.600,S1O
112,O1,96,-1.577,S1O
112,O1,97,-2.553,S1O
112,O1,98,-2.553,S1O
112,O1,99,-1.577,S1O
112,O1,100,-0.600,S1O
112,O1,101,0.376,S1O
112,O1,102,0.376,S1O
112,O1,103,0.376,S1O
112,O1,104,-0.112,S1O
112,O1,105,0.376,S1O
112,O1,106,2.330,S1O
112,O1,107,4.283,S1O
112,O1,108,4.771,S1O
112,O1,109,2.818,S1O
112,O1,110,-0.600,S1O
112,O1,111,-4.018,S1O
112,O1,112,-4.995,S1O
112,O1,113,-4.506,S1O
112,O1,114,-2.553,S1O
112,O1,115,-1.577,S1O
112,O1,116,-2.065,S1O
112,O1,117,-3.530,S1O
112,O1,118,-4.995,S1O
112,O1,119,-4.995,S1O
112,O1,120,-3.530,S1O
112,O1,121,-1.088,S1O
112,O1,122,0.865,S1O
112,O1,123,0.865,S1O
112,O1,124,-0.112,S1O
112,O1,125,-2.065,S1O
112,O1,126,-3.530,S1O
112,O1,127,-4.018,S1O
112,O1,128,-3.042,S1O
112,O1,129,-2.065,S1O
112,O1,130,-0.600,S1O
112,O1,131,-0.112,S1O
112,O1,132,-0.600,S1O
112,O1,133,-0.112,S1O
112,O1,134,0.865,S1O
112,O1,135,2.330,S1O
112,O1,136,4.283,S1O
112,O1,137,5.747,S1O
112,O1,138,5.259,S1O
112,O1,139,4.283,S1O
112,O1,140,2.330,S1O
112,O1,141,0.865,S1O
112,O1,142,-0.112,S1O
112,O1,143,-0.600,S1O
112,O1,144,0.376,S1O
112,O1,145,1.353,S1O
112,O1,146,2.330,S1O
112,O1,147,3.794,S1O
112,O1,148,4.283,S1O
112,O1,149,4.771,S1O
112,O1,150,4.283,S1O
112,O1,151,3.306,S1O
112,O1,152,2.330,S1O
112,O1,153,2.330,S1O
112,O1,154,3.306,S1O
112,O1,155,4.283,S1O
112,O1,156,5.259,S1O
112,O1,157,6.724,S1O
112,O1,158,6.724,S1O
112,O1,159,6.236,S1O
112,O1,160,4.283,S1O
112,O1,161,2.330,S1O
112,O1,162,1.841,S1O
112,O1,163,2.330,S1O
112,O1,164,4.283,S1O
112,O1,165,5.747,S1O
112,O1,166,7.212,S1O
112,O1,167,7.212,S1O
112,O1,168,6.236,S1O
112,O1,169,5.259,S1O
112,O1,170,4.771,S1O
112,O1,171,3.794,S1O
112,O1,172,2.818,S1O
112,O1,173,1.841,S1O
112,O1,174,1.353,S1O
112,O1,175,1.841,S1O
112,O1,176,2.818,S1O
112,O1,177,2.818,S1O
112,O1,178,1.353,S1O
112,O1,179,-1.088,S1O
112,O1,180,-2.553,S1O
112,O1,181,-2.553,S1O
112,O1,182,-0.600,S1O
112,O1,183,1.841,S1O
112,O1,184,3.306,S1O
112,O1,185,3.306,S1O
112,O1,186,1.841,S1O
112,O1,187,-0.600,S1O
112,O1,188,-2.553,S1O
112,O1,189,-3.530,S1O
112,O1,190,-4.018,S1O
112,O1,191,-3.530,S1O
112,O1,192,-3.042,S1O
112,O1,193,-2.065,S1O
112,O1,194,-1.088,S1O
112,O1,195,-0.112,S1O
112,O1,196,-0.600,S1O
112,O1,197,-2.065,S1O
112,O1,198,-4.506,S1O
112,O1,199,-6.948,S1O
112,O1,200,-8.413,S1O
112,O1,201,-7.924,S1O
112,O1,202,-5.483,S1O
112,O1,203,-2.553,S1O
112,O1,204,0.376,S1O
112,O1,205,0.865,S1O
112,O1,206,0.376,S1O
112,O1,207,-1.088,S1O
112,O1,208,-1.088,S1O
112,O1,209,-0.600,S1O
112,O1,210,0.376,S1O
112,O1,211,-0.112,S1O
112,O1,212,-1.577,S1O
112,O1,213,-3.530,S1O
112,O1,214,-5.483,S1O
112,O1,215,-5.971,S1O
112,O1,216,-4.995,S1O
112,O1,217,-4.018,S1O
112,O1,218,-3.530,S1O
112,O1,219,-3.530,S1O
112,O1,220,-4.018,S1O
112,O1,221,-4.018,S1O
112,O1,222,-2.553,S1O
112,O1,223,-1.088,S1O
112,O1,224,-0.600,S1O
112,O1,225,-1.088,S1O
112,O1,226,-2.553,S1O
112,O1,227,-3.530,S1O
112,O1,228,-4.506,S1O
112,O1,229,-3.530,S1O
112,O1,230,-2.553,S1O
112,O1,231,-2.065,S1O
112,O1,232,-2.553,S1O
112,O1,233,-3.042,S1O
112,O1,234,-3.530,S1O
112,O1,235,-2.553,S1O
112,O1,236,-0.600,S1O
112,O1,237,0.376,S1O
112,O1,238,0.376,S1O
112,O1,239,-1.088,S1O
112,O1,240,-3.530,S1O
112,O1,241,-4.995,S1O
112,O1,242,-5.483,S1O
112,O1,243,-5.483,S1O
112,O1,244,-4.506,S1O
112,O1,245,-4.018,S1O
112,O1,246,-3.530,S1O
112,O1,247,-3.042,S1O
112,O1,248,-2.065,S1O
112,O1,249,-1.577,S1O
112,O1,250,-1.577,S1O
112,O1,251,-2.553,S1O
112,O1,252,-3.530,S1O
112,O1,253,-3.530,S1O
112,O1,254,-2.553,S1O
112,O1,255,-1.088,S1O
112,X,0,5.463,S1O
112,X,1,10.345,S1O
112,X,2,12.787,S1O
112,X,3,12.299,S1O
112,X,4,7.904,S1O
112,X,5,2.533,S1O
112,X,6,0.092,S1O
112,X,7,1.556,S1O
112,X,8,6.439,S1O
112,X,9,10.834,S1O
112,X,10,12.787,S1O
112,X,11,9.369,S1O
112,X,12,3.998,S1O
112,X,13,-0.397,S1O
112,X,14,-1.373,S1O
112,X,15,1.556,S1O
112,X,16,6.439,S1O
112,X,17,8.392,S1O
112,X,18,5.463,S1O
112,X,19,-1.373,S1O
112,X,20,-9.674,S1O
112,X,21,-15.045,S1O
112,X,22,-14.069,S1O
112,X,23,-8.698,S1O
112,X,24,-1.862,S1O
112,X,25,3.021,S1O
112,X,26,3.510,S1O
112,X,27,-0.397,S1O
112,X,28,-6.256,S1O
112,X,29,-12.115,S1O
112,X,30,-14.069,S1O
112,X,31,-10.651,S1O
112,X,32,-3.326,S1O
112,X,33,4.486,S1O
112,X,34,7.904,S1O
112,X,35,4.974,S1O
112,X,36,-2.838,S1O
112,X,37,-9.674,S1O
112,X,38,-11.627,S1O
112,X,39,-8.209,S1O
112,X,40,-2.838,S1O
112,X,41,0.092,S1O
112,X,42,-0.885,S1O
112,X,43,-3.815,S1O
112,X,44,-6.744,S1O
112,X,45,-7.233,S1O
112,X,46,-6.744,S1O
112,X,47,-6.744,S1O
112,X,48,-6.256,S1O
112,X,49,-6.256,S1O
112,X,50,-6.256,S1O
112,X,51,-5.768,S1O
112,X,52,-5.768,S1O
112,X,53,-5.768,S1O
112,X,54,-5.768,S1O
112,X,55,-4.303,S1O
112,X,56,-2.838,S1O
112,X,57,-2.350,S1O
112,X,58,-3.326,S1O
112,X,59,-5.280,S1O
112,X,60,-7.233,S1O
112,X,61,-7.233,S1O
112,X,62,-6.744,S1O
112,X,63,-5.768,S1O
112,X,64,-4.791,S1O
112,X,65,-5.280,S1O
112,X,66,-6.744,S1O
112,X,67,-9.674,S1O
112,X,68,-13.092,S1O
112,X,69,-16.510,S1O
112,X,70,-16.998,S1O
112,X,71,-15.533,S1O
112,X,72,-12.604,S1O
112,X,73,-9.674,S1O
112,X,74,-9.186,S1O
112,X,75,-11.139,S1O
112,X,76,-13.580,S1O
112,X,77,-15.045,S1O
112,X,78,-14.557,S1O
112,X,79,-14.069,S1O
112,X,80,-13.092,S1O
112,X,81,-12.115,S1O
112,X,82,-11.139,S1O
112,X,83,-10.162,S1O
112,X,84,-9.186,S1O
112,X,85,-7.721,S1O
112,X,86,-5.768,S1O
112,X,87,-4.303,S1O
112,X,88,-2.838,S1O
112,X,89,-2.350,S1O
112,X,90,-2.838,S1O
112,X,91,-4.303,S1O
112,X,92,-5.768,S1O
112,X,93,-7.233,S1O
112,X,94,-7.721,S1O
112,X,95,-7.721,S1O
112,X,96,-8.209,S1O
112,X,97,-8.698,S1O
112,X,98,-8.209,S1O
112,X,99,-6.744,S1O
112,X,100,-5.768,S1O
112,X,101,-6.256,S1O
112,X,102,-9.186,S1O
112,X,103,-13.092,S1O
112,X,104,-16.022,S1O
112,X,105,-15.045,S1O
112,X,106,-11.627,S1O
112,X,107,-6.744,S1O
112,X,108,-3.815,S1O
112,X,109,-4.791,S1O
112,X,110,-7.721,S1O
112,X,111,-12.115,S1O
112,X,112,-15.533,S1O
112,X,113,-17.487,S1O
112,X,114,-17.975,S1O
112,X,115,-16.022,S1O
112,X,116,-13.580,S1O
112,X,117,-12.604,S1O
112,X,118,-13.092,S1O
112,X,119,-14.557,S1O
112,X,120,-15.533,S1O
112,X,121,-14.557,S1O
112,X,122,-12.604,S1O
112,X,123,-11.627,S1O
112,X,124,-13.092,S1O
112,X,125,-16.510,S1O
112,X,126,-20.416,S1O
112,X,127,-22.858,S1O
112,X,128,-23.834,S1O
112,X,129,-23.346,S1O
112,X,130,-21.881,S1O
112,X,131,-19.928,S1O
112,X,132,-16.510,S1O
112,X,133,-13.580,S1O
112,X,134,-12.115,S1O
112,X,135,-15.533,S1O
112,X,136,-22.369,S1O
112,X,137,-30.182,S1O
112,X,138,-33.600,S1O
112,X,139,-30.182,S1O
112,X,140,-21.393,S1O
112,X,141,-12.115,S1O
112,X,142,-6.744,S1O
112,X,143,-9.186,S1O
112,X,144,-16.998,S1O
112,X,145,-25.299,S1O
112,X,146,-29.694,S1O
112,X,147,-26.276,S1O
112,X,148,-18.951,S1O
112,X,149,-12.115,S1O
112,X,150,-11.139,S1O
112,X,151,-17.487,S1O
112,X,152,-27.740,S1O
112,X,153,-35.065,S1O
112,X,154,-36.041,S1O
112,X,155,-30.182,S1O
112,X,156,-21.393,S1O
112,X,157,-15.045,S1O
112,X,158,-14.069,S1O
112,X,159,-17.975,S1O
112,X,160,-22.369,S1O
112,X,161,-23.834,S1O
112,X,162,-21.881,S1O
112,X,163,-18.951,S1O
112,X,164,-18.463,S1O
112,X,165,-21.393,S1O
112,X,166,-26.276,S1O
112,X,167,-28.717,S1O
112,X,168,-27.252,S1O
112,X,169,-22.369,S1O
112,X,170,-16.998,S1O
112,X,171,-15.533,S1O
112,X,172,-18.951,S1O
112,X,173,-24.811,S1O
112,X,174,-28.229,S1O
112,X,175,-27.740,S1O
112,X,176,-22.858,S1O
112,X,177,-17.975,S1O
112,X,178,-16.998,S1O
112,X,179,-20.905,S1O
112,X,180,-28.229,S1O
112,X,181,-33.600,S1O
112,X,182,-33.112,S1O
112,X,183,-27.740,S1O
112,X,184,-20.416,S1O
112,X,185,-16.510,S1O
112,X,186,-19.928,S1O
112,X,187,-28.717,S1O
112,X,188,-37.506,S1O
112,X,189,-41.901,S1O
112,X,190,-38.483,S1O
112,X,191,-31.158,S1O
112,X,192,-25.787,S1O
112,X,193,-25.299,S1O
112,X,194,-30.670,S1O
112,X,195,-37.018,S1O
112,X,196,-38.971,S1O
112,X,197,-37.018,S1O
112,X,198,-33.112,S1O
112,X,199,-32.623,S1O
112,X,200,-36.041,S1O
112,X,201,-40.436,S1O
112,X,202,-40.924,S1O
112,X,203,-36.530,S1O
112,X,204,-30.182,S1O
112,X,205,-28.229,S1O
112,X,206,-32.623,S1O
112,X,207,-40.436,S1O
112,X,208,-45.807,S1O
112,X,209,-43.854,S1O
112,X,210,-37.994,S1O
112,X,211,-33.600,S1O
112,X,212,-33.112,S1O
112,X,213,-36.530,S1O
112,X,214,-38.971,S1O
112,X,215,-37.994,S1O
112,X,216,-34.576,S1O
112,X,217,-32.623,S1O
112,X,218,-35.065,S1O
112,X,219,-38.483,S1O
112,X,220,-40.436,S1O
112,X,221,-38.483,S1O
112,X,222,-34.088,S1O
112,X,223,-32.135,S1O
112,X,224,-34.576,S1O
112,X,225,-39.459,S1O
112,X,226,-43.365,S1O
112,X,227,-43.854,S1O
112,X,228,-40.924,S1O
112,X,229,-38.483,S1O
112,X,230,-38.971,S1O
112,X,231,-41.901,S1O
112,X,232,-43.854,S1O
112,X,233,-40.436,S1O
112,X,234,-33.112,S1O
112,X,235,-24.323,S1O
112,X,236,-20.416,S1O
112,X,237,-23.834,S1O
112,X,238,-31.647,S1O
112,X,239,-38.483,S1O
112,X,240,-39.948,S1O
112,X,241,-35.065,S1O
112,X,242,-27.740,S1O
112,X,243,-21.393,S1O
112,X,244,-18.463,S1O
112,X,245,-18.463,S1O
112,X,246,-19.928,S1O
112,X,247,-22.369,S1O
112,X,248,-26.276,S1O
112,X,249,-31.158,S1O
112,X,250,-35.065,S1O
112,X,251,-36.041,S1O
112,X,252,-32.135,S1O
112,X,253,-26.276,S1O
112,X,254,-19.928,S1O
112,X,255,-16.998,S1O
112,AF7,0,5.636,S1O
112,AF7,1,3.682,S1O
112,AF7,2,2.218,S1O
112,AF7,3,0.753,S1O
112,AF7,4,-1.200,S1O
112,AF7,5,-4.130,S1O
112,AF7,6,-5.595,S1O
112,AF7,7,-3.642,S1O
112,AF7,8,2.218,S1O
112,AF7,9,8.565,S1O
112,AF7,10,11.007,S1O
112,AF7,11,8.077,S1O
112,AF7,12,0.753,S1O
112,AF7,13,-5.595,S1O
112,AF7,14,-7.060,S1O
112,AF7,15,-2.665,S1O
112,AF7,16,4.171,S1O
112,AF7,17,6.612,S1O
112,AF7,18,3.682,S1O
112,AF7,19,-5.107,S1O
112,AF7,20,-13.407,S1O
112,AF7,21,-17.802,S1O
112,AF7,22,-15.849,S1O
112,AF7,23,-9.989,S1O
112,AF7,24,-3.642,S1O
112,AF7,25,0.264,S1O
112,AF7,26,0.264,S1O
112,AF7,27,-3.642,S1O
112,AF7,28,-9.501,S1O
112,AF7,29,-13.896,S1O
112,AF7,30,-14.872,S1O
112,AF7,31,-10.966,S1O
112,AF7,32,-4.618,S1O
112,AF7,33,0.264,S1O
112,AF7,34,-0.224,S1O
112,AF7,35,-6.083,S1O
112,AF7,36,-13.407,S1O
112,AF7,37,-16.825,S1O
112,AF7,38,-14.384,S1O
112,AF7,39,-8.036,S1O
112,AF7,40,-0.712,S1O
112,AF7,41,2.218,S1O
112,AF7,42,1.241,S1O
112,AF7,43,-3.153,S1O
112,AF7,44,-8.525,S1O
112,AF7,45,-11.943,S1O
112,AF7,46,-11.943,S1O
112,AF7,47,-8.036,S1O
112,AF7,48,-3.642,S1O
112,AF7,49,-0.712,S1O
112,AF7,50,-2.177,S1O
112,AF7,51,-7.060,S1O
112,AF7,52,-10.966,S1O
112,AF7,53,-11.454,S1O
112,AF7,54,-7.060,S1O
112,AF7,55,-2.177,S1O
112,AF7,56,-0.224,S1O
112,AF7,57,-3.153,S1O
112,AF7,58,-7.060,S1O
112,AF7,59,-8.036,S1O
112,AF7,60,-4.130,S1O
112,AF7,61,0.753,S1O
112,AF7,62,1.729,S1O
112,AF7,63,-3.153,S1O
112,AF7,64,-9.989,S1O
112,AF7,65,-13.896,S1O
112,AF7,66,-11.943,S1O
112,AF7,67,-7.060,S1O
112,AF7,68,-3.642,S1O
112,AF7,69,-5.107,S1O
112,AF7,70,-10.478,S1O
112,AF7,71,-14.872,S1O
112,AF7,72,-13.407,S1O
112,AF7,73,-8.036,S1O
112,AF7,74,-1.689,S1O
112,AF7,75,-0.224,S1O
112,AF7,76,-4.130,S1O
112,AF7,77,-9.989,S1O
112,AF7,78,-14.384,S1O
112,AF7,79,-12.919,S1O
112,AF7,80,-7.548,S1O
112,AF7,81,-1.200,S1O
112,AF7,82,0.264,S1O
112,AF7,83,-4.130,S1O
112,AF7,84,-10.966,S1O
112,AF7,85,-15.849,S1O
112,AF7,86,-14.384,S1O
112,AF7,87,-7.060,S1O
112,AF7,88,1.241,S1O
112,AF7,89,5.147,S1O
112,AF7,90,1.241,S1O
112,AF7,91,-7.548,S1O
112,AF7,92,-16.337,S1O
112,AF7,93,-18.778,S1O
112,AF7,94,-13.896,S1O
112,AF7,95,-4.130,S1O
112,AF7,96,3.194,S1O
112,AF7,97,3.194,S1O
112,AF7,98,-3.642,S1O
112,AF7,99,-13.407,S1O
112,AF7,100,-19.755,S1O
112,AF7,101,-18.778,S1O
112,AF7,102,-11.943,S1O
112,AF7,103,-3.642,S1O
112,AF7,104,0.264,S1O
112,AF7,105,-1.689,S1O
112,AF7,106,-7.548,S1O
112,AF7,107,-11.454,S1O
112,AF7,108,-11.943,S1O
112,AF7,109,-8.525,S1O
112,AF7,110,-4.618,S1O
112,AF7,111,-3.642,S1O
112,AF7,112,-6.083,S1O
112,AF7,113,-9.989,S1O
112,AF7,114,-12.431,S1O
112,AF7,115,-12.431,S1O
112,AF7,116,-9.989,S1O
112,AF7,117,-8.036,S1O
112,AF7,118,-6.571,S1O
112,AF7,119,-7.548,S1O
112,AF7,120,-9.013,S1O
112,AF7,121,-10.478,S1O
112,AF7,122,-11.454,S1O
112,AF7,123,-10.966,S1O
112,AF7,124,-9.013,S1O
112,AF7,125,-7.060,S1O
112,AF7,126,-6.083,S1O
112,AF7,127,-8.036,S1O
112,AF7,128,-12.919,S1O
112,AF7,129,-17.314,S1O
112,AF7,130,-19.267,S1O
112,AF7,131,-16.825,S1O
112,AF7,132,-12.431,S1O
112,AF7,133,-8.036,S1O
112,AF7,134,-6.571,S1O
112,AF7,135,-8.036,S1O
112,AF7,136,-10.966,S1O
112,AF7,137,-12.919,S1O
112,AF7,138,-14.872,S1O
112,AF7,139,-16.825,S1O
112,AF7,140,-19.267,S1O
112,AF7,141,-20.243,S1O
112,AF7,142,-17.314,S1O
112,AF7,143,-10.478,S1O
112,AF7,144,-2.665,S1O
112,AF7,145,0.753,S1O
112,AF7,146,-1.689,S1O
112,AF7,147,-9.501,S1O
112,AF7,148,-17.314,S1O
112,AF7,149,-22.196,S1O
112,AF7,150,-21.220,S1O
112,AF7,151,-17.314,S1O
112,AF7,152,-13.407,S1O
112,AF7,153,-11.943,S1O
112,AF7,154,-12.431,S1O
112,AF7,155,-13.896,S1O
112,AF7,156,-15.361,S1O
112,AF7,157,-15.361,S1O
112,AF7,158,-15.849,S1O
112,AF7,159,-16.337,S1O
112,AF7,160,-17.802,S1O
112,AF7,161,-19.267,S1O
112,AF7,162,-20.243,S1O
112,AF7,163,-18.778,S1O
112,AF7,164,-15.849,S1O
112,AF7,165,-11.943,S1O
112,AF7,166,-9.013,S1O
112,AF7,167,-8.036,S1O
112,AF7,168,-10.478,S1O
112,AF7,169,-14.872,S1O
112,AF7,170,-19.267,S1O
112,AF7,171,-20.732,S1O
112,AF7,172,-18.778,S1O
112,AF7,173,-16.337,S1O
112,AF7,174,-16.337,S1O
112,AF7,175,-18.778,S1O
112,AF7,176,-22.196,S1O
112,AF7,177,-21.708,S1O
112,AF7,178,-15.849,S1O
112,AF7,179,-8.525,S1O
112,AF7,180,-5.107,S1O
112,AF7,181,-9.013,S1O
112,AF7,182,-18.290,S1O
112,AF7,183,-27.568,S1O
112,AF7,184,-30.009,S1O
112,AF7,185,-25.126,S1O
112,AF7,186,-17.802,S1O
112,AF7,187,-13.407,S1O
112,AF7,188,-14.872,S1O
112,AF7,189,-19.755,S1O
112,AF7,190,-23.661,S1O
112,AF7,191,-24.150,S1O
112,AF7,192,-21.708,S1O
112,AF7,193,-19.267,S1O
112,AF7,194,-18.778,S1O
112,AF7,195,-19.755,S1O
112,AF7,196,-20.243,S1O
112,AF7,197,-19.267,S1O
112,AF7,198,-18.290,S1O
112,AF7,199,-20.243,S1O
112,AF7,200,-24.638,S1O
112,AF7,201,-29.521,S1O
112,AF7,202,-31.962,S1O
112,AF7,203,-28.544,S1O
112,AF7,204,-22.196,S1O
112,AF7,205,-15.849,S1O
112,AF7,206,-13.407,S1O
112,AF7,207,-14.384,S1O
112,AF7,208,-16.337,S1O
112,AF7,209,-18.778,S1O
112,AF7,210,-22.196,S1O
112,AF7,211,-26.591,S1O
112,AF7,212,-30.497,S1O
112,AF7,213,-30.497,S1O
112,AF7,214,-24.150,S1O
112,AF7,215,-13.407,S1O
112,AF7,216,-5.595,S1O
112,AF7,217,-6.083,S1O
112,AF7,218,-15.361,S1O
112,AF7,219,-27.079,S1O
112,AF7,220,-34.403,S1O
112,AF7,221,-32.939,S1O
112,AF7,222,-26.591,S1O
112,AF7,223,-20.732,S1O
112,AF7,224,-18.778,S1O
112,AF7,225,-21.220,S1O
112,AF7,226,-23.173,S1O
112,AF7,227,-23.661,S1O
112,AF7,228,-23.173,S1O
112,AF7,229,-23.173,S1O
112,AF7,230,-24.638,S1O
112,AF7,231,-26.103,S1O
112,AF7,232,-25.614,S1O
112,AF7,233,-21.708,S1O
112,AF7,234,-18.290,S1O
112,AF7,235,-17.802,S1O
112,AF7,236,-20.732,S1O
112,AF7,237,-24.150,S1O
112,AF7,238,-25.126,S1O
112,AF7,239,-22.685,S1O
112,AF7,240,-17.802,S1O
112,AF7,241,-14.872,S1O
112,AF7,242,-14.872,S1O
112,AF7,243,-17.314,S1O
112,AF7,244,-19.755,S1O
112,AF7,245,-19.267,S1O
112,AF7,246,-16.825,S1O
112,AF7,247,-13.407,S1O
112,AF7,248,-11.943,S1O
112,AF7,249,-12.919,S1O
112,AF7,250,-16.825,S1O
112,AF7,251,-22.196,S1O
112,AF7,252,-25.126,S1O
112,AF7,253,-24.150,S1O
112,AF7,254,-18.778,S1O
112,AF7,255,-12.431,S1O
112,AF8,0,7.884,S1O
112,AF8,1,14.720,S1O
112,AF8,2,16.184,S1O
112,AF8,3,10.325,S1O
112,AF8,4,0.559,S1O
112,AF8,5,-7.741,S1O
112,AF8,6,-11.159,S1O
112,AF8,7,-9.206,S1O
112,AF8,8,-2.858,S1O
112,AF8,9,4.466,S1O
112,AF8,10,11.302,S1O
112,AF8,11,14.231,S1O
112,AF8,12,11.790,S1O
112,AF8,13,4.954,S1O
112,AF8,14,-3.347,S1O
112,AF8,15,-7.253,S1O
112,AF8,16,-4.323,S1O
112,AF8,17,1.536,S1O
112,AF8,18,4.466,S1O
112,AF8,19,0.071,S1O
112,AF8,20,-9.206,S1O
112,AF8,21,-16.530,S1O
112,AF8,22,-16.042,S1O
112,AF8,23,-8.230,S1O
112,AF8,24,1.536,S1O
112,AF8,25,6.419,S1O
112,AF8,26,3.001,S1O
112,AF8,27,-4.812,S1O
112,AF8,28,-12.136,S1O
112,AF8,29,-13.601,S1O
112,AF8,30,-9.206,S1O
112,AF8,31,-2.370,S1O
112,AF8,32,3.001,S1O
112,AF8,33,4.466,S1O
112,AF8,34,0.559,S1O
112,AF8,35,-6.276,S1O
112,AF8,36,-13.601,S1O
112,AF8,37,-18.483,S1O
112,AF8,38,-18.483,S1O
112,AF8,39,-13.601,S1O
112,AF8,40,-5.788,S1O
112,AF8,41,0.559,S1O
112,AF8,42,2.024,S1O
112,AF8,43,-2.370,S1O
112,AF8,44,-11.159,S1O
112,AF8,45,-17.995,S1O
112,AF8,46,-18.972,S1O
112,AF8,47,-12.136,S1O
112,AF8,48,-1.394,S1O
112,AF8,49,7.395,S1O
112,AF8,50,8.372,S1O
112,AF8,51,0.559,S1O
112,AF8,52,-11.159,S1O
112,AF8,53,-20.925,S1O
112,AF8,54,-23.366,S1O
112,AF8,55,-17.995,S1O
112,AF8,56,-8.718,S1O
112,AF8,57,-0.905,S1O
112,AF8,58,2.513,S1O
112,AF8,59,-0.905,S1O
112,AF8,60,-7.741,S1O
112,AF8,61,-14.577,S1O
112,AF8,62,-17.019,S1O
112,AF8,63,-13.601,S1O
112,AF8,64,-6.276,S1O
112,AF8,65,0.559,S1O
112,AF8,66,2.513,S1O
112,AF8,67,-2.370,S1O
112,AF8,68,-12.136,S1O
112,AF8,69,-21.901,S1O
112,AF8,70,-26.784,S1O
112,AF8,71,-24.343,S1O
112,AF8,72,-16.042,S1O
112,AF8,73,-6.276,S1O
112,AF8,74,0.559,S1O
112,AF8,75,1.536,S1O
112,AF8,76,-3.347,S1O
112,AF8,77,-11.648,S1O
112,AF8,78,-18.972,S1O
112,AF8,79,-22.390,S1O
112,AF8,80,-20.437,S1O
112,AF8,81,-12.624,S1O
112,AF8,82,-2.370,S1O
112,AF8,83,4.954,S1O
112,AF8,84,5.442,S1O
112,AF8,85,-1.882,S1O
112,AF8,86,-13.112,S1O
112,AF8,87,-20.437,S1O
112,AF8,88,-19.460,S1O
112,AF8,89,-10.183,S1O
112,AF8,90,1.536,S1O
112,AF8,91,8.372,S1O
112,AF8,92,6.419,S1O
112,AF8,93,-2.370,S1O
112,AF8,94,-13.112,S1O
112,AF8,95,-20.437,S1O
112,AF8,96,-22.390,S1O
112,AF8,97,-20.925,S1O
112,AF8,98,-17.995,S1O
112,AF8,99,-14.577,S1O
112,AF8,100,-10.671,S1O
112,AF8,101,-7.741,S1O
112,AF8,102,-7.253,S1O
112,AF8,103,-9.206,S1O
112,AF8,104,-13.601,S1O
112,AF8,105,-17.019,S1O
112,AF8,106,-18.483,S1O
112,AF8,107,-18.483,S1O
112,AF8,108,-17.995,S1O
112,AF8,109,-18.972,S1O
112,AF8,110,-19.948,S1O
112,AF8,111,-19.948,S1O
112,AF8,112,-18.483,S1O
112,AF8,113,-17.507,S1O
112,AF8,114,-18.483,S1O
112,AF8,115,-19.948,S1O
112,AF8,116,-21.413,S1O
112,AF8,117,-21.413,S1O
112,AF8,118,-19.460,S1O
112,AF8,119,-17.995,S1O
112,AF8,120,-17.507,S1O
112,AF8,121,-19.948,S1O
112,AF8,122,-22.390,S1O
112,AF8,123,-22.390,S1O
112,AF8,124,-20.925,S1O
112,AF8,125,-18.483,S1O
112,AF8,126,-18.972,S1O
112,AF8,127,-23.366,S1O
112,AF8,128,-30.202,S1O
112,AF8,129,-35.085,S1O
112,AF8,130,-33.620,S1O
112,AF8,131,-25.319,S1O
112,AF8,132,-14.577,S1O
112,AF8,133,-7.253,S1O
112,AF8,134,-7.741,S1O
112,AF8,135,-16.530,S1O
112,AF8,136,-27.273,S1O
112,AF8,137,-35.085,S1O
112,AF8,138,-36.550,S1O
112,AF8,139,-32.155,S1O
112,AF8,140,-25.808,S1O
112,AF8,141,-19.948,S1O
112,AF8,142,-15.554,S1O
112,AF8,143,-13.112,S1O
112,AF8,144,-13.601,S1O
112,AF8,145,-17.019,S1O
112,AF8,146,-20.437,S1O
112,AF8,147,-22.390,S1O
112,AF8,148,-20.925,S1O
112,AF8,149,-17.507,S1O
112,AF8,150,-17.019,S1O
112,AF8,151,-21.413,S1O
112,AF8,152,-28.737,S1O
112,AF8,153,-33.132,S1O
112,AF8,154,-30.691,S1O
112,AF8,155,-21.413,S1O
112,AF8,156,-12.624,S1O
112,AF8,157,-9.694,S1O
112,AF8,158,-15.554,S1O
112,AF8,159,-24.831,S1O
112,AF8,160,-30.691,S1O
112,AF8,161,-29.714,S1O
112,AF8,162,-24.343,S1O
112,AF8,163,-19.460,S1O
112,AF8,164,-18.483,S1O
112,AF8,165,-20.925,S1O
112,AF8,166,-22.878,S1O
112,AF8,167,-22.390,S1O
112,AF8,168,-20.437,S1O
112,AF8,169,-20.925,S1O
112,AF8,170,-25.319,S1O
112,AF8,171,-30.202,S1O
112,AF8,172,-30.202,S1O
112,AF8,173,-22.878,S1O
112,AF8,174,-12.624,S1O
112,AF8,175,-6.276,S1O
112,AF8,176,-9.206,S1O
112,AF8,177,-19.460,S1O
112,AF8,178,-29.714,S1O
112,AF8,179,-33.132,S1O
112,AF8,180,-29.714,S1O
112,AF8,181,-23.855,S1O
112,AF8,182,-20.925,S1O
112,AF8,183,-22.878,S1O
112,AF8,184,-25.808,S1O
112,AF8,185,-26.784,S1O
112,AF8,186,-24.831,S1O
112,AF8,187,-23.366,S1O
112,AF8,188,-23.855,S1O
112,AF8,189,-25.808,S1O
112,AF8,190,-27.761,S1O
112,AF8,191,-28.249,S1O
112,AF8,192,-28.249,S1O
112,AF8,193,-28.249,S1O
112,AF8,194,-28.737,S1O
112,AF8,195,-27.761,S1O
112,AF8,196,-25.808,S1O
112,AF8,197,-23.855,S1O
112,AF8,198,-24.831,S1O
112,AF8,199,-28.737,S1O
112,AF8,200,-32.155,S1O
112,AF8,201,-32.644,S1O
112,AF8,202,-28.249,S1O
112,AF8,203,-22.390,S1O
112,AF8,204,-19.948,S1O
112,AF8,205,-22.878,S1O
112,AF8,206,-29.714,S1O
112,AF8,207,-36.062,S1O
112,AF8,208,-38.503,S1O
112,AF8,209,-37.038,S1O
112,AF8,210,-32.644,S1O
112,AF8,211,-28.249,S1O
112,AF8,212,-24.831,S1O
112,AF8,213,-22.390,S1O
112,AF8,214,-23.366,S1O
112,AF8,215,-27.761,S1O
112,AF8,216,-34.597,S1O
112,AF8,217,-39.968,S1O
112,AF8,218,-41.433,S1O
112,AF8,219,-38.015,S1O
112,AF8,220,-32.644,S1O
112,AF8,221,-28.737,S1O
112,AF8,222,-27.273,S1O
112,AF8,223,-27.273,S1O
112,AF8,224,-27.761,S1O
112,AF8,225,-27.761,S1O
112,AF8,226,-27.761,S1O
112,AF8,227,-30.691,S1O
112,AF8,228,-36.062,S1O
112,AF8,229,-42.898,S1O
112,AF8,230,-46.316,S1O
112,AF8,231,-44.362,S1O
112,AF8,232,-36.550,S1O
112,AF8,233,-26.784,S1O
112,AF8,234,-20.437,S1O
112,AF8,235,-20.437,S1O
112,AF8,236,-26.784,S1O
112,AF8,237,-34.597,S1O
112,AF8,238,-38.503,S1O
112,AF8,239,-36.062,S1O
112,AF8,240,-28.249,S1O
112,AF8,241,-18.972,S1O
112,AF8,242,-13.112,S1O
112,AF8,243,-12.136,S1O
112,AF8,244,-15.066,S1O
112,AF8,245,-19.948,S1O
112,AF8,246,-25.808,S1O
112,AF8,247,-30.691,S1O
112,AF8,248,-33.620,S1O
112,AF8,249,-34.108,S1O
112,AF8,250,-31.179,S1O
112,AF8,251,-25.319,S1O
112,AF8,252,-20.925,S1O
112,AF8,253,-20.437,S1O
112,AF8,254,-23.366,S1O
112,AF8,255,-26.784,S1O
112,F5,0,1.322,S1O
112,F5,1,1.811,S1O
112,F5,2,1.811,S1O
112,F5,3,1.811,S1O
112,F5,4,1.811,S1O
112,F5,5,2.299,S1O
112,F5,6,1.811,S1O
112,F5,7,-0.631,S1O
112,F5,8,-2.584,S1O
112,F5,9,-2.096,S1O
112,F5,10,1.811,S1O
112,F5,11,7.670,S1O
112,F5,12,10.600,S1O
112,F5,13,9.135,S1O
112,F5,14,3.276,S1O
112,F5,15,-3.560,S1O
112,F5,16,-7.955,S1O
112,F5,17,-8.443,S1O
112,F5,18,-6.490,S1O
112,F5,19,-4.049,S1O
112,F5,20,-2.584,S1O
112,F5,21,-3.072,S1O
112,F5,22,-4.537,S1O
112,F5,23,-5.514,S1O
112,F5,24,-5.514,S1O
112,F5,25,-5.514,S1O
112,F5,26,-5.025,S1O
112,F5,27,-4.537,S1O
112,F5,28,-4.049,S1O
112,F5,29,-4.049,S1O
112,F5,30,-5.514,S1O
112,F5,31,-6.978,S1O
112,F5,32,-8.443,S1O
112,F5,33,-8.443,S1O
112,F5,34,-7.467,S1O
112,F5,35,-6.490,S1O
112,F5,36,-6.490,S1O
112,F5,37,-6.978,S1O
112,F5,38,-7.467,S1O
112,F5,39,-6.490,S1O
112,F5,40,-3.072,S1O
112,F5,41,1.322,S1O
112,F5,42,4.740,S1O
112,F5,43,4.252,S1O
112,F5,44,0.346,S1O
112,F5,45,-5.514,S1O
112,F5,46,-9.908,S1O
112,F5,47,-10.396,S1O
112,F5,48,-6.978,S1O
112,F5,49,-2.584,S1O
112,F5,50,-0.631,S1O
112,F5,51,-1.119,S1O
112,F5,52,-3.072,S1O
112,F5,53,-4.049,S1O
112,F5,54,-3.072,S1O
112,F5,55,-1.119,S1O
112,F5,56,0.346,S1O
112,F5,57,-0.631,S1O
112,F5,58,-2.584,S1O
112,F5,59,-3.560,S1O
112,F5,60,-2.096,S1O
112,F5,61,0.346,S1O
112,F5,62,1.811,S1O
112,F5,63,0.346,S1O
112,F5,64,-3.072,S1O
112,F5,65,-7.955,S1O
112,F5,66,-10.396,S1O
112,F5,67,-9.908,S1O
112,F5,68,-7.467,S1O
112,F5,69,-4.537,S1O
112,F5,70,-2.096,S1O
112,F5,71,-0.631,S1O
112,F5,72,0.834,S1O
112,F5,73,2.299,S1O
112,F5,74,1.322,S1O
112,F5,75,-0.631,S1O
112,F5,76,-4.537,S1O
112,F5,77,-7.467,S1O
112,F5,78,-7.955,S1O
112,F5,79,-6.002,S1O
112,F5,80,-3.072,S1O
112,F5,81,-0.631,S1O
112,F5,82,0.834,S1O
112,F5,83,0.346,S1O
112,F5,84,-1.119,S1O
112,F5,85,-3.072,S1O
112,F5,86,-4.049,S1O
112,F5,87,-5.025,S1O
112,F5,88,-4.049,S1O
112,F5,89,-2.096,S1O
112,F5,90,-0.631,S1O
112,F5,91,-0.631,S1O
112,F5,92,-2.584,S1O
112,F5,93,-5.025,S1O
112,F5,94,-5.514,S1O
112,F5,95,-3.072,S1O
112,F5,96,0.346,S1O
112,F5,97,2.299,S1O
112,F5,98,0.834,S1O
112,F5,99,-3.072,S1O
112,F5,100,-7.467,S1O
112,F5,101,-8.931,S1O
112,F5,102,-6.490,S1O
112,F5,103,-2.096,S1O
112,F5,104,1.322,S1O
112,F5,105,1.322,S1O
112,F5,106,-1.607,S1O
112,F5,107,-4.049,S1O
112,F5,108,-5.025,S1O
112,F5,109,-3.560,S1O
112,F5,110,-0.631,S1O
112,F5,111,0.834,S1O
112,F5,112,0.346,S1O
112,F5,113,-2.096,S1O
112,F5,114,-4.537,S1O
112,F5,115,-6.002,S1O
112,F5,116,-6.002,S1O
112,F5,117,-4.537,S1O
112,F5,118,-3.072,S1O
112,F5,119,-2.096,S1O
112,F5,120,-2.584,S1O
112,F5,121,-4.049,S1O
112,F5,122,-4.537,S1O
112,F5,123,-4.049,S1O
112,F5,124,-3.072,S1O
112,F5,125,-2.096,S1O
112,F5,126,-2.584,S1O
112,F5,127,-3.560,S1O
112,F5,128,-5.025,S1O
112,F5,129,-5.025,S1O
112,F5,130,-4.049,S1O
112,F5,131,-2.584,S1O
112,F5,132,-2.584,S1O
112,F5,133,-4.049,S1O
112,F5,134,-6.002,S1O
112,F5,135,-6.978,S1O
112,F5,136,-6.002,S1O
112,F5,137,-4.049,S1O
112,F5,138,-2.584,S1O
112,F5,139,-2.584,S1O
112,F5,140,-3.560,S1O
112,F5,141,-4.049,S1O
112,F5,142,-4.537,S1O
112,F5,143,-4.049,S1O
112,F5,144,-3.560,S1O
112,F5,145,-2.584,S1O
112,F5,146,-1.607,S1O
112,F5,147,-1.119,S1O
112,F5,148,-2.096,S1O
112,F5,149,-3.560,S1O
112,F5,150,-4.537,S1O
112,F5,151,-4.537,S1O
112,F5,152,-3.072,S1O
112,F5,153,-1.607,S1O
112,F5,154,-2.096,S1O
112,F5,155,-4.049,S1O
112,F5,156,-7.467,S1O
112,F5,157,-9.420,S1O
112,F5,158,-9.420,S1O
112,F5,159,-8.443,S1O
112,F5,160,-6.978,S1O
112,F5,161,-6.002,S1O
112,F5,162,-6.490,S1O
112,F5,163,-6.490,S1O
112,F5,164,-6.002,S1O
112,F5,165,-5.025,S1O
112,F5,166,-4.537,S1O
112,F5,167,-5.025,S1O
112,F5,168,-6.978,S1O
112,F5,169,-8.931,S1O
112,F5,170,-10.885,S1O
112,F5,171,-11.373,S1O
112,F5,172,-10.396,S1O
112,F5,173,-7.955,S1O
112,F5,174,-5.514,S1O
112,F5,175,-4.537,S1O
112,F5,176,-5.514,S1O
112,F5,177,-8.443,S1O
112,F5,178,-11.373,S1O
112,F5,179,-12.349,S1O
112,F5,180,-11.373,S1O
112,F5,181,-8.931,S1O
112,F5,182,-6.978,S1O
112,F5,183,-6.490,S1O
112,F5,184,-7.467,S1O
112,F5,185,-8.443,S1O
112,F5,186,-9.420,S1O
112,F5,187,-8.443,S1O
112,F5,188,-7.955,S1O
112,F5,189,-7.467,S1O
112,F5,190,-8.931,S1O
112,F5,191,-9.908,S1O
112,F5,192,-10.396,S1O
112,F5,193,-8.931,S1O
112,F5,194,-6.978,S1O
112,F5,195,-5.514,S1O
112,F5,196,-6.978,S1O
112,F5,197,-9.908,S1O
112,F5,198,-12.838,S1O
112,F5,199,-12.838,S1O
112,F5,200,-11.373,S1O
112,F5,201,-8.443,S1O
112,F5,202,-7.467,S1O
112,F5,203,-8.931,S1O
112,F5,204,-11.861,S1O
112,F5,205,-12.838,S1O
112,F5,206,-10.885,S1O
112,F5,207,-6.978,S1O
112,F5,208,-3.560,S1O
112,F5,209,-3.560,S1O
112,F5,210,-6.002,S1O
112,F5,211,-8.931,S1O
112,F5,212,-10.885,S1O
112,F5,213,-10.396,S1O
112,F5,214,-8.931,S1O
112,F5,215,-7.955,S1O
112,F5,216,-8.443,S1O
112,F5,217,-8.443,S1O
112,F5,218,-7.955,S1O
112,F5,219,-7.467,S1O
112,F5,220,-6.978,S1O
112,F5,221,-8.443,S1O
112,F5,222,-10.396,S1O
112,F5,223,-11.861,S1O
112,F5,224,-11.373,S1O
112,F5,225,-9.908,S1O
112,F5,226,-8.931,S1O
112,F5,227,-9.420,S1O
112,F5,228,-11.861,S1O
112,F5,229,-13.814,S1O
112,F5,230,-14.303,S1O
112,F5,231,-12.838,S1O
112,F5,232,-10.396,S1O
112,F5,233,-9.420,S1O
112,F5,234,-9.908,S1O
112,F5,235,-11.373,S1O
112,F5,236,-10.885,S1O
112,F5,237,-8.443,S1O
112,F5,238,-5.514,S1O
112,F5,239,-3.560,S1O
112,F5,240,-4.537,S1O
112,F5,241,-6.490,S1O
112,F5,242,-7.467,S1O
112,F5,243,-6.490,S1O
112,F5,244,-5.025,S1O
112,F5,245,-4.049,S1O
112,F5,246,-5.514,S1O
112,F5,247,-7.467,S1O
112,F5,248,-6.978,S1O
112,F5,249,-3.560,S1O
112,F5,250,-0.142,S1O
112,F5,251,1.811,S1O
112,F5,252,-0.631,S1O
112,F5,253,-5.514,S1O
112,F5,254,-8.931,S1O
112,F5,255,-9.420,S1O
112,F6,0,1.485,S1O
112,F6,1,0.509,S1O
112,F6,2,0.997,S1O
112,F6,3,2.950,S1O
112,F6,4,3.927,S1O
112,F6,5,3.438,S1O
112,F6,6,0.997,S1O
112,F6,7,-0.956,S1O
112,F6,8,-0.956,S1O
112,F6,9,1.485,S1O
112,F6,10,4.415,S1O
112,F6,11,5.880,S1O
112,F6,12,5.391,S1O
112,F6,13,3.438,S1O
112,F6,14,1.973,S1O
112,F6,15,0.020,S1O
112,F6,16,-2.421,S1O
112,F6,17,-5.839,S1O
112,F6,18,-9.257,S1O
112,F6,19,-9.745,S1O
112,F6,20,-6.816,S1O
112,F6,21,-1.444,S1O
112,F6,22,2.462,S1O
112,F6,23,3.438,S1O
112,F6,24,-0.956,S1O
112,F6,25,-6.816,S1O
112,F6,26,-10.722,S1O
112,F6,27,-9.257,S1O
112,F6,28,-4.374,S1O
112,F6,29,1.485,S1O
112,F6,30,3.927,S1O
112,F6,31,1.973,S1O
112,F6,32,-3.398,S1O
112,F6,33,-9.257,S1O
112,F6,34,-11.698,S1O
112,F6,35,-11.210,S1O
112,F6,36,-8.280,S1O
112,F6,37,-5.351,S1O
112,F6,38,-2.909,S1O
112,F6,39,-1.933,S1O
112,F6,40,-1.933,S1O
112,F6,41,-3.886,S1O
112,F6,42,-6.816,S1O
112,F6,43,-9.257,S1O
112,F6,44,-10.234,S1O
112,F6,45,-6.816,S1O
112,F6,46,-0.956,S1O
112,F6,47,3.927,S1O
112,F6,48,4.415,S1O
112,F6,49,-0.468,S1O
112,F6,50,-8.280,S1O
112,F6,51,-15.116,S1O
112,F6,52,-16.581,S1O
112,F6,53,-13.163,S1O
112,F6,54,-6.327,S1O
112,F6,55,-0.956,S1O
112,F6,56,0.997,S1O
112,F6,57,-0.956,S1O
112,F6,58,-3.886,S1O
112,F6,59,-5.839,S1O
112,F6,60,-6.327,S1O
112,F6,61,-4.862,S1O
112,F6,62,-3.398,S1O
112,F6,63,-2.909,S1O
112,F6,64,-3.398,S1O
112,F6,65,-5.351,S1O
112,F6,66,-7.304,S1O
112,F6,67,-9.257,S1O
112,F6,68,-10.234,S1O
112,F6,69,-10.234,S1O
112,F6,70,-9.257,S1O
112,F6,71,-8.280,S1O
112,F6,72,-7.304,S1O
112,F6,73,-7.304,S1O
112,F6,74,-8.280,S1O
112,F6,75,-9.257,S1O
112,F6,76,-9.745,S1O
112,F6,77,-7.792,S1O
112,F6,78,-3.886,S1O
112,F6,79,0.509,S1O
112,F6,80,2.950,S1O
112,F6,81,0.997,S1O
112,F6,82,-4.374,S1O
112,F6,83,-9.745,S1O
112,F6,84,-11.698,S1O
112,F6,85,-8.280,S1O
112,F6,86,-1.444,S1O
112,F6,87,4.415,S1O
112,F6,88,5.391,S1O
112,F6,89,1.485,S1O
112,F6,90,-3.886,S1O
112,F6,91,-7.792,S1O
112,F6,92,-8.769,S1O
112,F6,93,-7.304,S1O
112,F6,94,-6.327,S1O
112,F6,95,-5.839,S1O
112,F6,96,-5.351,S1O
112,F6,97,-3.886,S1O
112,F6,98,-1.933,S1O
112,F6,99,-1.933,S1O
112,F6,100,-5.839,S1O
112,F6,101,-11.698,S1O
112,F6,102,-16.093,S1O
112,F6,103,-16.581,S1O
112,F6,104,-13.163,S1O
112,F6,105,-8.769,S1O
112,F6,106,-5.351,S1O
112,F6,107,-4.374,S1O
112,F6,108,-4.862,S1O
112,F6,109,-7.304,S1O
112,F6,110,-10.722,S1O
112,F6,111,-16.093,S1O
112,F6,112,-19.511,S1O
112,F6,113,-19.511,S1O
112,F6,114,-15.116,S1O
112,F6,115,-8.280,S1O
112,F6,116,-4.374,S1O
112,F6,117,-6.327,S1O
112,F6,118,-13.163,S1O
112,F6,119,-19.511,S1O
112,F6,120,-22.441,S1O
112,F6,121,-19.999,S1O
112,F6,122,-15.116,S1O
112,F6,123,-11.698,S1O
112,F6,124,-12.187,S1O
112,F6,125,-15.116,S1O
112,F6,126,-18.534,S1O
112,F6,127,-19.511,S1O
112,F6,128,-17.558,S1O
112,F6,129,-13.163,S1O
112,F6,130,-9.257,S1O
112,F6,131,-7.304,S1O
112,F6,132,-8.769,S1O
112,F6,133,-13.163,S1O
112,F6,134,-17.069,S1O
112,F6,135,-19.023,S1O
112,F6,136,-18.046,S1O
112,F6,137,-14.628,S1O
112,F6,138,-11.698,S1O
112,F6,139,-11.698,S1O
112,F6,140,-14.140,S1O
112,F6,141,-18.046,S1O
112,F6,142,-19.023,S1O
112,F6,143,-15.605,S1O
112,F6,144,-8.769,S1O
112,F6,145,-2.909,S1O
112,F6,146,-2.909,S1O
112,F6,147,-9.257,S1O
112,F6,148,-18.534,S1O
112,F6,149,-25.370,S1O
112,F6,150,-24.882,S1O
112,F6,151,-18.534,S1O
112,F6,152,-9.745,S1O
112,F6,153,-4.374,S1O
112,F6,154,-4.862,S1O
112,F6,155,-11.210,S1O
112,F6,156,-19.023,S1O
112,F6,157,-23.905,S1O
112,F6,158,-23.417,S1O
112,F6,159,-17.558,S1O
112,F6,160,-8.769,S1O
112,F6,161,-1.933,S1O
112,F6,162,-1.933,S1O
112,F6,163,-7.792,S1O
112,F6,164,-16.581,S1O
112,F6,165,-22.929,S1O
112,F6,166,-22.929,S1O
112,F6,167,-17.069,S1O
112,F6,168,-10.234,S1O
112,F6,169,-6.816,S1O
112,F6,170,-9.745,S1O
112,F6,171,-16.581,S1O
112,F6,172,-22.929,S1O
112,F6,173,-23.905,S1O
112,F6,174,-18.046,S1O
112,F6,175,-10.234,S1O
112,F6,176,-3.886,S1O
112,F6,177,-3.886,S1O
112,F6,178,-9.257,S1O
112,F6,179,-16.093,S1O
112,F6,180,-19.999,S1O
112,F6,181,-20.487,S1O
112,F6,182,-17.069,S1O
112,F6,183,-13.652,S1O
112,F6,184,-11.210,S1O
112,F6,185,-10.234,S1O
112,F6,186,-11.698,S1O
112,F6,187,-14.628,S1O
112,F6,188,-18.046,S1O
112,F6,189,-21.952,S1O
112,F6,190,-22.929,S1O
112,F6,191,-20.487,S1O
112,F6,192,-15.116,S1O
112,F6,193,-9.745,S1O
112,F6,194,-8.769,S1O
112,F6,195,-13.652,S1O
112,F6,196,-20.976,S1O
112,F6,197,-25.859,S1O
112,F6,198,-25.370,S1O
112,F6,199,-18.534,S1O
112,F6,200,-11.698,S1O
112,F6,201,-8.769,S1O
112,F6,202,-10.722,S1O
112,F6,203,-15.116,S1O
112,F6,204,-18.534,S1O
112,F6,205,-19.999,S1O
112,F6,206,-20.976,S1O
112,F6,207,-22.929,S1O
112,F6,208,-25.859,S1O
112,F6,209,-25.859,S1O
112,F6,210,-20.976,S1O
112,F6,211,-13.652,S1O
112,F6,212,-8.280,S1O
112,F6,213,-9.745,S1O
112,F6,214,-18.046,S1O
112,F6,215,-26.835,S1O
112,F6,216,-29.765,S1O
112,F6,217,-25.859,S1O
112,F6,218,-18.046,S1O
112,F6,219,-13.163,S1O
112,F6,220,-15.116,S1O
112,F6,221,-20.487,S1O
112,F6,222,-25.859,S1O
112,F6,223,-26.835,S1O
112,F6,224,-23.905,S1O
112,F6,225,-20.976,S1O
112,F6,226,-19.999,S1O
112,F6,227,-20.976,S1O
112,F6,228,-21.952,S1O
112,F6,229,-22.929,S1O
112,F6,230,-23.417,S1O
112,F6,231,-23.905,S1O
112,F6,232,-24.394,S1O
112,F6,233,-24.882,S1O
112,F6,234,-24.394,S1O
112,F6,235,-22.441,S1O
112,F6,236,-19.023,S1O
112,F6,237,-15.116,S1O
112,F6,238,-11.698,S1O
112,F6,239,-11.210,S1O
112,F6,240,-14.628,S1O
112,F6,241,-19.999,S1O
112,F6,242,-24.394,S1O
112,F6,243,-25.370,S1O
112,F6,244,-19.999,S1O
112,F6,245,-12.187,S1O
112,F6,246,-5.839,S1O
112,F6,247,-5.839,S1O
112,F6,248,-12.675,S1O
112,F6,249,-21.464,S1O
112,F6,250,-26.347,S1O
112,F6,251,-24.394,S1O
112,F6,252,-17.558,S1O
112,F6,253,-11.210,S1O
112,F6,254,-9.257,S1O
112,F6,255,-13.163,S1O
112,FT7,0,7.385,S1O
112,FT7,1,8.362,S1O
112,FT7,2,7.385,S1O
112,FT7,3,4.456,S1O
112,FT7,4,0.549,S1O
112,FT7,5,-2.380,S1O
112,FT7,6,-2.869,S1O
112,FT7,7,-0.916,S1O
112,FT7,8,2.991,S1O
112,FT7,9,8.362,S1O
112,FT7,10,13.245,S1O
112,FT7,11,15.686,S1O
112,FT7,12,13.245,S1O
112,FT7,13,5.920,S1O
112,FT7,14,-2.380,S1O
112,FT7,15,-7.751,S1O
112,FT7,16,-7.263,S1O
112,FT7,17,-1.892,S1O
112,FT7,18,3.967,S1O
112,FT7,19,5.432,S1O
112,FT7,20,2.014,S1O
112,FT7,21,-3.845,S1O
112,FT7,22,-7.751,S1O
112,FT7,23,-7.263,S1O
112,FT7,24,-4.333,S1O
112,FT7,25,-1.404,S1O
112,FT7,26,-0.916,S1O
112,FT7,27,-1.892,S1O
112,FT7,28,-2.869,S1O
112,FT7,29,-2.869,S1O
112,FT7,30,-1.892,S1O
112,FT7,31,-0.916,S1O
112,FT7,32,-1.404,S1O
112,FT7,33,-3.357,S1O
112,FT7,34,-5.310,S1O
112,FT7,35,-6.287,S1O
112,FT7,36,-6.287,S1O
112,FT7,37,-4.822,S1O
112,FT7,38,-2.869,S1O
112,FT7,39,0.061,S1O
112,FT7,40,3.479,S1O
112,FT7,41,5.432,S1O
112,FT7,42,5.432,S1O
112,FT7,43,2.014,S1O
112,FT7,44,-3.357,S1O
112,FT7,45,-8.240,S1O
112,FT7,46,-10.193,S1O
112,FT7,47,-7.263,S1O
112,FT7,48,-1.892,S1O
112,FT7,49,3.967,S1O
112,FT7,50,6.897,S1O
112,FT7,51,5.432,S1O
112,FT7,52,1.038,S1O
112,FT7,53,-3.845,S1O
112,FT7,54,-7.263,S1O
112,FT7,55,-7.751,S1O
112,FT7,56,-5.798,S1O
112,FT7,57,-2.869,S1O
112,FT7,58,0.549,S1O
112,FT7,59,2.502,S1O
112,FT7,60,2.502,S1O
112,FT7,61,0.061,S1O
112,FT7,62,-3.845,S1O
112,FT7,63,-8.240,S1O
112,FT7,64,-11.658,S1O
112,FT7,65,-13.123,S1O
112,FT7,66,-12.634,S1O
112,FT7,67,-10.681,S1O
112,FT7,68,-7.751,S1O
112,FT7,69,-5.798,S1O
112,FT7,70,-3.845,S1O
112,FT7,71,-3.357,S1O
112,FT7,72,-3.845,S1O
112,FT7,73,-3.845,S1O
112,FT7,74,-4.822,S1O
112,FT7,75,-5.798,S1O
112,FT7,76,-6.775,S1O
112,FT7,77,-6.287,S1O
112,FT7,78,-5.798,S1O
112,FT7,79,-6.287,S1O
112,FT7,80,-6.287,S1O
112,FT7,81,-7.263,S1O
112,FT7,82,-8.240,S1O
112,FT7,83,-7.751,S1O
112,FT7,84,-4.822,S1O
112,FT7,85,-0.916,S1O
112,FT7,86,1.526,S1O
112,FT7,87,0.061,S1O
112,FT7,88,-4.822,S1O
112,FT7,89,-9.216,S1O
112,FT7,90,-10.681,S1O
112,FT7,91,-7.263,S1O
112,FT7,92,-2.869,S1O
112,FT7,93,0.061,S1O
112,FT7,94,-1.404,S1O
112,FT7,95,-6.287,S1O
112,FT7,96,-10.681,S1O
112,FT7,97,-11.658,S1O
112,FT7,98,-9.216,S1O
112,FT7,99,-5.310,S1O
112,FT7,100,-3.357,S1O
112,FT7,101,-3.845,S1O
112,FT7,102,-6.775,S1O
112,FT7,103,-10.681,S1O
112,FT7,104,-11.658,S1O
112,FT7,105,-9.705,S1O
112,FT7,106,-5.798,S1O
112,FT7,107,-1.892,S1O
112,FT7,108,-0.916,S1O
112,FT7,109,-3.845,S1O
112,FT7,110,-9.705,S1O
112,FT7,111,-14.587,S1O
112,FT7,112,-16.541,S1O
112,FT7,113,-14.099,S1O
112,FT7,114,-9.216,S1O
112,FT7,115,-4.822,S1O
112,FT7,116,-3.357,S1O
112,FT7,117,-4.333,S1O
112,FT7,118,-6.775,S1O
112,FT7,119,-8.240,S1O
112,FT7,120,-8.728,S1O
112,FT7,121,-9.216,S1O
112,FT7,122,-9.216,S1O
112,FT7,123,-10.193,S1O
112,FT7,124,-10.193,S1O
112,FT7,125,-9.216,S1O
112,FT7,126,-7.263,S1O
112,FT7,127,-5.798,S1O
112,FT7,128,-5.310,S1O
112,FT7,129,-6.287,S1O
112,FT7,130,-8.240,S1O
112,FT7,131,-8.728,S1O
112,FT7,132,-7.263,S1O
112,FT7,133,-4.333,S1O
112,FT7,134,-2.380,S1O
112,FT7,135,-2.869,S1O
112,FT7,136,-5.798,S1O
112,FT7,137,-9.216,S1O
112,FT7,138,-11.169,S1O
112,FT7,139,-10.193,S1O
112,FT7,140,-6.775,S1O
112,FT7,141,-2.869,S1O
112,FT7,142,0.549,S1O
112,FT7,143,2.502,S1O
112,FT7,144,2.991,S1O
112,FT7,145,2.014,S1O
112,FT7,146,0.061,S1O
112,FT7,147,-1.892,S1O
112,FT7,148,-3.357,S1O
112,FT7,149,-3.357,S1O
112,FT7,150,-1.404,S1O
112,FT7,151,0.061,S1O
112,FT7,152,0.549,S1O
112,FT7,153,-0.916,S1O
112,FT7,154,-2.869,S1O
112,FT7,155,-4.822,S1O
112,FT7,156,-4.822,S1O
112,FT7,157,-3.357,S1O
112,FT7,158,-2.869,S1O
112,FT7,159,-3.357,S1O
112,FT7,160,-5.798,S1O
112,FT7,161,-6.775,S1O
112,FT7,162,-6.287,S1O
112,FT7,163,-3.357,S1O
112,FT7,164,-0.916,S1O
112,FT7,165,-0.916,S1O
112,FT7,166,-3.357,S1O
112,FT7,167,-7.263,S1O
112,FT7,168,-8.728,S1O
112,FT7,169,-7.263,S1O
112,FT7,170,-2.869,S1O
112,FT7,171,2.014,S1O
112,FT7,172,2.991,S1O
112,FT7,173,0.061,S1O
112,FT7,174,-5.310,S1O
112,FT7,175,-9.216,S1O
112,FT7,176,-10.681,S1O
112,FT7,177,-8.728,S1O
112,FT7,178,-5.310,S1O
112,FT7,179,-4.333,S1O
112,FT7,180,-5.310,S1O
112,FT7,181,-8.240,S1O
112,FT7,182,-9.705,S1O
112,FT7,183,-7.751,S1O
112,FT7,184,-3.357,S1O
112,FT7,185,1.526,S1O
112,FT7,186,3.479,S1O
112,FT7,187,0.549,S1O
112,FT7,188,-5.310,S1O
112,FT7,189,-10.193,S1O
112,FT7,190,-12.634,S1O
112,FT7,191,-12.146,S1O
112,FT7,192,-9.705,S1O
112,FT7,193,-7.263,S1O
112,FT7,194,-6.287,S1O
112,FT7,195,-5.310,S1O
112,FT7,196,-4.822,S1O
112,FT7,197,-3.845,S1O
112,FT7,198,-4.822,S1O
112,FT7,199,-8.240,S1O
112,FT7,200,-12.146,S1O
112,FT7,201,-14.587,S1O
112,FT7,202,-12.634,S1O
112,FT7,203,-8.728,S1O
112,FT7,204,-5.310,S1O
112,FT7,205,-4.333,S1O
112,FT7,206,-5.798,S1O
112,FT7,207,-7.263,S1O
112,FT7,208,-7.751,S1O
112,FT7,209,-7.263,S1O
112,FT7,210,-6.775,S1O
112,FT7,211,-8.240,S1O
112,FT7,212,-11.169,S1O
112,FT7,213,-12.146,S1O
112,FT7,214,-10.193,S1O
112,FT7,215,-4.822,S1O
112,FT7,216,0.061,S1O
112,FT7,217,2.014,S1O
112,FT7,218,-0.427,S1O
112,FT7,219,-5.310,S1O
112,FT7,220,-9.705,S1O
112,FT7,221,-11.658,S1O
112,FT7,222,-10.681,S1O
112,FT7,223,-8.728,S1O
112,FT7,224,-7.751,S1O
112,FT7,225,-6.775,S1O
112,FT7,226,-7.263,S1O
112,FT7,227,-8.240,S1O
112,FT7,228,-10.193,S1O
112,FT7,229,-12.634,S1O
112,FT7,230,-14.587,S1O
112,FT7,231,-14.587,S1O
112,FT7,232,-12.146,S1O
112,FT7,233,-9.216,S1O
112,FT7,234,-6.775,S1O
112,FT7,235,-6.775,S1O
112,FT7,236,-8.240,S1O
112,FT7,237,-8.240,S1O
112,FT7,238,-6.287,S1O
112,FT7,239,-2.380,S1O
112,FT7,240,2.502,S1O
112,FT7,241,3.967,S1O
112,FT7,242,1.038,S1O
112,FT7,243,-5.310,S1O
112,FT7,244,-13.123,S1O
112,FT7,245,-18.982,S1O
112,FT7,246,-18.982,S1O
112,FT7,247,-12.146,S1O
112,FT7,248,-0.916,S1O
112,FT7,249,9.827,S1O
112,FT7,250,14.221,S1O
112,FT7,251,9.338,S1O
112,FT7,252,-2.380,S1O
112,FT7,253,-13.123,S1O
112,FT7,254,-17.517,S1O
112,FT7,255,-12.634,S1O
112,FT8,0,3.866,S1O
112,FT8,1,5.819,S1O
112,FT8,2,6.307,S1O
112,FT8,3,4.842,S1O
112,FT8,4,3.377,S1O
112,FT8,5,1.912,S1O
112,FT8,6,1.912,S1O
112,FT8,7,3.377,S1O
112,FT8,8,5.330,S1O
112,FT8,9,7.284,S1O
112,FT8,10,8.260,S1O
112,FT8,11,6.307,S1O
112,FT8,12,1.912,S1O
112,FT8,13,-2.970,S1O
112,FT8,14,-3.947,S1O
112,FT8,15,-0.529,S1O
112,FT8,16,5.330,S1O
112,FT8,17,9.725,S1O
112,FT8,18,7.772,S1O
112,FT8,19,-0.041,S1O
112,FT8,20,-8.830,S1O
112,FT8,21,-14.201,S1O
112,FT8,22,-11.271,S1O
112,FT8,23,-3.459,S1O
112,FT8,24,4.842,S1O
112,FT8,25,8.260,S1O
112,FT8,26,5.819,S1O
112,FT8,27,-0.041,S1O
112,FT8,28,-5.412,S1O
112,FT8,29,-7.365,S1O
112,FT8,30,-6.388,S1O
112,FT8,31,-3.947,S1O
112,FT8,32,-2.482,S1O
112,FT8,33,-1.994,S1O
112,FT8,34,-2.482,S1O
112,FT8,35,-2.970,S1O
112,FT8,36,-3.947,S1O
112,FT8,37,-5.412,S1O
112,FT8,38,-7.365,S1O
112,FT8,39,-8.830,S1O
112,FT8,40,-7.853,S1O
112,FT8,41,-4.435,S1O
112,FT8,42,-0.529,S1O
112,FT8,43,1.424,S1O
112,FT8,44,0.936,S1O
112,FT8,45,-2.482,S1O
112,FT8,46,-5.412,S1O
112,FT8,47,-5.900,S1O
112,FT8,48,-3.459,S1O
112,FT8,49,-0.041,S1O
112,FT8,50,0.448,S1O
112,FT8,51,-2.970,S1O
112,FT8,52,-8.341,S1O
112,FT8,53,-13.224,S1O
112,FT8,54,-14.201,S1O
112,FT8,55,-11.271,S1O
112,FT8,56,-7.365,S1O
112,FT8,57,-3.947,S1O
112,FT8,58,-2.970,S1O
112,FT8,59,-2.482,S1O
112,FT8,60,-2.482,S1O
112,FT8,61,-2.970,S1O
112,FT8,62,-5.412,S1O
112,FT8,63,-8.341,S1O
112,FT8,64,-11.271,S1O
112,FT8,65,-12.248,S1O
112,FT8,66,-11.271,S1O
112,FT8,67,-9.318,S1O
112,FT8,68,-7.365,S1O
112,FT8,69,-6.388,S1O
112,FT8,70,-5.900,S1O
112,FT8,71,-6.877,S1O
112,FT8,72,-8.341,S1O
112,FT8,73,-11.759,S1O
112,FT8,74,-14.689,S1O
112,FT8,75,-16.154,S1O
112,FT8,76,-14.201,S1O
112,FT8,77,-9.318,S1O
112,FT8,78,-4.435,S1O
112,FT8,79,-1.994,S1O
112,FT8,80,-2.482,S1O
112,FT8,81,-4.924,S1O
112,FT8,82,-5.900,S1O
112,FT8,83,-5.412,S1O
112,FT8,84,-2.970,S1O
112,FT8,85,-0.529,S1O
112,FT8,86,0.448,S1O
112,FT8,87,0.448,S1O
112,FT8,88,-1.017,S1O
112,FT8,89,-1.994,S1O
112,FT8,90,-1.994,S1O
112,FT8,91,-1.994,S1O
112,FT8,92,-1.994,S1O
112,FT8,93,-3.947,S1O
112,FT8,94,-6.877,S1O
112,FT8,95,-9.318,S1O
112,FT8,96,-10.295,S1O
112,FT8,97,-9.318,S1O
112,FT8,98,-7.365,S1O
112,FT8,99,-5.900,S1O
112,FT8,100,-6.877,S1O
112,FT8,101,-9.318,S1O
112,FT8,102,-11.759,S1O
112,FT8,103,-12.248,S1O
112,FT8,104,-10.783,S1O
112,FT8,105,-8.830,S1O
112,FT8,106,-7.853,S1O
112,FT8,107,-8.341,S1O
112,FT8,108,-9.806,S1O
112,FT8,109,-12.248,S1O
112,FT8,110,-14.201,S1O
112,FT8,111,-14.201,S1O
112,FT8,112,-12.736,S1O
112,FT8,113,-10.783,S1O
112,FT8,114,-10.295,S1O
112,FT8,115,-11.271,S1O
112,FT8,116,-15.177,S1O
112,FT8,117,-18.595,S1O
112,FT8,118,-20.549,S1O
112,FT8,119,-18.595,S1O
112,FT8,120,-13.713,S1O
112,FT8,121,-9.318,S1O
112,FT8,122,-8.341,S1O
112,FT8,123,-11.759,S1O
112,FT8,124,-18.595,S1O
112,FT8,125,-25.431,S1O
112,FT8,126,-26.896,S1O
112,FT8,127,-22.990,S1O
112,FT8,128,-14.689,S1O
112,FT8,129,-7.365,S1O
112,FT8,130,-4.924,S1O
112,FT8,131,-9.318,S1O
112,FT8,132,-16.642,S1O
112,FT8,133,-21.525,S1O
112,FT8,134,-20.060,S1O
112,FT8,135,-13.224,S1O
112,FT8,136,-4.924,S1O
112,FT8,137,-1.017,S1O
112,FT8,138,-4.924,S1O
112,FT8,139,-12.736,S1O
112,FT8,140,-20.549,S1O
112,FT8,141,-23.478,S1O
112,FT8,142,-19.572,S1O
112,FT8,143,-13.224,S1O
112,FT8,144,-7.853,S1O
112,FT8,145,-6.388,S1O
112,FT8,146,-7.853,S1O
112,FT8,147,-10.295,S1O
112,FT8,148,-10.783,S1O
112,FT8,149,-9.806,S1O
112,FT8,150,-9.318,S1O
112,FT8,151,-10.295,S1O
112,FT8,152,-13.224,S1O
112,FT8,153,-14.201,S1O
112,FT8,154,-12.736,S1O
112,FT8,155,-8.341,S1O
112,FT8,156,-4.435,S1O
112,FT8,157,-3.459,S1O
112,FT8,158,-5.900,S1O
112,FT8,159,-9.318,S1O
112,FT8,160,-12.248,S1O
112,FT8,161,-12.736,S1O
112,FT8,162,-11.271,S1O
112,FT8,163,-8.341,S1O
112,FT8,164,-5.412,S1O
112,FT8,165,-3.459,S1O
112,FT8,166,-2.482,S1O
112,FT8,167,-4.924,S1O
112,FT8,168,-10.295,S1O
112,FT8,169,-15.666,S1O
112,FT8,170,-18.107,S1O
112,FT8,171,-15.666,S1O
112,FT8,172,-9.318,S1O
112,FT8,173,-2.482,S1O
112,FT8,174,0.936,S1O
112,FT8,175,-0.529,S1O
112,FT8,176,-4.435,S1O
112,FT8,177,-8.341,S1O
112,FT8,178,-11.271,S1O
112,FT8,179,-13.713,S1O
112,FT8,180,-15.177,S1O
112,FT8,181,-15.177,S1O
112,FT8,182,-12.736,S1O
112,FT8,183,-7.853,S1O
112,FT8,184,-3.947,S1O
112,FT8,185,-3.459,S1O
112,FT8,186,-6.877,S1O
112,FT8,187,-13.224,S1O
112,FT8,188,-17.619,S1O
112,FT8,189,-17.619,S1O
112,FT8,190,-13.224,S1O
112,FT8,191,-8.341,S1O
112,FT8,192,-6.388,S1O
112,FT8,193,-8.830,S1O
112,FT8,194,-14.201,S1O
112,FT8,195,-18.107,S1O
112,FT8,196,-19.084,S1O
112,FT8,197,-16.154,S1O
112,FT8,198,-12.248,S1O
112,FT8,199,-8.830,S1O
112,FT8,200,-8.341,S1O
112,FT8,201,-10.295,S1O
112,FT8,202,-13.713,S1O
112,FT8,203,-16.154,S1O
112,FT8,204,-16.642,S1O
112,FT8,205,-15.177,S1O
112,FT8,206,-13.224,S1O
112,FT8,207,-11.759,S1O
112,FT8,208,-12.736,S1O
112,FT8,209,-14.689,S1O
112,FT8,210,-17.619,S1O
112,FT8,211,-19.084,S1O
112,FT8,212,-18.595,S1O
112,FT8,213,-17.131,S1O
112,FT8,214,-14.689,S1O
112,FT8,215,-12.736,S1O
112,FT8,216,-13.224,S1O
112,FT8,217,-14.689,S1O
112,FT8,218,-17.619,S1O
112,FT8,219,-19.084,S1O
112,FT8,220,-18.595,S1O
112,FT8,221,-16.154,S1O
112,FT8,222,-13.224,S1O
112,FT8,223,-12.248,S1O
112,FT8,224,-13.713,S1O
112,FT8,225,-16.154,S1O
112,FT8,226,-18.595,S1O
112,FT8,227,-19.084,S1O
112,FT8,228,-17.619,S1O
112,FT8,229,-16.154,S1O
112,FT8,230,-15.177,S1O
112,FT8,231,-15.666,S1O
112,FT8,232,-16.154,S1O
112,FT8,233,-17.619,S1O
112,FT8,234,-18.107,S1O
112,FT8,235,-18.107,S1O
112,FT8,236,-16.154,S1O
112,FT8,237,-12.736,S1O
112,FT8,238,-9.318,S1O
112,FT8,239,-7.365,S1O
112,FT8,240,-7.853,S1O
112,FT8,241,-10.295,S1O
112,FT8,242,-13.224,S1O
112,FT8,243,-14.689,S1O
112,FT8,244,-13.224,S1O
112,FT8,245,-10.295,S1O
112,FT8,246,-7.853,S1O
112,FT8,247,-6.877,S1O
112,FT8,248,-8.341,S1O
112,FT8,249,-11.271,S1O
112,FT8,250,-13.713,S1O
112,FT8,251,-15.177,S1O
112,FT8,252,-14.689,S1O
112,FT8,253,-12.248,S1O
112,FT8,254,-9.806,S1O
112,FT8,255,-8.341,S1O
112,FPZ,0,6.999,S1O
112,FPZ,1,6.999,S1O
112,FPZ,2,6.022,S1O
112,FPZ,3,4.069,S1O
112,FPZ,4,0.651,S1O
112,FPZ,5,-2.767,S1O
112,FPZ,6,-4.720,S1O
112,FPZ,7,-4.232,S1O
112,FPZ,8,0.163,S1O
112,FPZ,9,6.022,S1O
112,FPZ,10,9.928,S1O
112,FPZ,11,9.928,S1O
112,FPZ,12,5.534,S1O
112,FPZ,13,-0.326,S1O
112,FPZ,14,-4.720,S1O
112,FPZ,15,-5.208,S1O
112,FPZ,16,-2.767,S1O
112,FPZ,17,-0.326,S1O
112,FPZ,18,-0.326,S1O
112,FPZ,19,-3.743,S1O
112,FPZ,20,-7.161,S1O
112,FPZ,21,-8.138,S1O
112,FPZ,22,-7.161,S1O
112,FPZ,23,-4.720,S1O
112,FPZ,24,-3.743,S1O
112,FPZ,25,-4.720,S1O
112,FPZ,26,-6.185,S1O
112,FPZ,27,-6.185,S1O
112,FPZ,28,-4.720,S1O
112,FPZ,29,-2.279,S1O
112,FPZ,30,-2.279,S1O
112,FPZ,31,-4.232,S1O
112,FPZ,32,-6.673,S1O
112,FPZ,33,-7.650,S1O
112,FPZ,34,-7.161,S1O
112,FPZ,35,-6.185,S1O
112,FPZ,36,-6.673,S1O
112,FPZ,37,-8.626,S1O
112,FPZ,38,-10.579,S1O
112,FPZ,39,-8.626,S1O
112,FPZ,40,-4.232,S1O
112,FPZ,41,0.651,S1O
112,FPZ,42,2.116,S1O
112,FPZ,43,-0.814,S1O
112,FPZ,44,-7.161,S1O
112,FPZ,45,-12.533,S1O
112,FPZ,46,-12.533,S1O
112,FPZ,47,-8.138,S1O
112,FPZ,48,-2.279,S1O
112,FPZ,49,0.651,S1O
112,FPZ,50,-0.814,S1O
112,FPZ,51,-5.208,S1O
112,FPZ,52,-8.626,S1O
112,FPZ,53,-10.091,S1O
112,FPZ,54,-8.626,S1O
112,FPZ,55,-6.185,S1O
112,FPZ,56,-4.720,S1O
112,FPZ,57,-4.232,S1O
112,FPZ,58,-3.743,S1O
112,FPZ,59,-2.767,S1O
112,FPZ,60,-2.279,S1O
112,FPZ,61,-3.255,S1O
112,FPZ,62,-4.720,S1O
112,FPZ,63,-6.185,S1O
112,FPZ,64,-6.185,S1O
112,FPZ,65,-5.208,S1O
112,FPZ,66,-3.743,S1O
112,FPZ,67,-4.720,S1O
112,FPZ,68,-8.138,S1O
112,FPZ,69,-12.044,S1O
112,FPZ,70,-14.974,S1O
112,FPZ,71,-13.509,S1O
112,FPZ,72,-9.115,S1O
112,FPZ,73,-3.255,S1O
112,FPZ,74,0.163,S1O
112,FPZ,75,-0.814,S1O
112,FPZ,76,-5.697,S1O
112,FPZ,77,-11.068,S1O
112,FPZ,78,-13.997,S1O
112,FPZ,79,-13.021,S1O
112,FPZ,80,-8.138,S1O
112,FPZ,81,-2.279,S1O
112,FPZ,82,0.163,S1O
112,FPZ,83,-0.814,S1O
112,FPZ,84,-5.208,S1O
112,FPZ,85,-9.115,S1O
112,FPZ,86,-10.579,S1O
112,FPZ,87,-8.138,S1O
112,FPZ,88,-3.255,S1O
112,FPZ,89,0.651,S1O
112,FPZ,90,1.139,S1O
112,FPZ,91,-1.790,S1O
112,FPZ,92,-6.185,S1O
112,FPZ,93,-10.579,S1O
112,FPZ,94,-11.556,S1O
112,FPZ,95,-9.603,S1O
112,FPZ,96,-6.673,S1O
112,FPZ,97,-4.232,S1O
112,FPZ,98,-4.232,S1O
112,FPZ,99,-6.673,S1O
112,FPZ,100,-10.579,S1O
112,FPZ,101,-13.021,S1O
112,FPZ,102,-13.997,S1O
112,FPZ,103,-13.021,S1O
112,FPZ,104,-10.579,S1O
112,FPZ,105,-8.138,S1O
112,FPZ,106,-6.673,S1O
112,FPZ,107,-6.673,S1O
112,FPZ,108,-8.138,S1O
112,FPZ,109,-10.091,S1O
112,FPZ,110,-13.021,S1O
112,FPZ,111,-14.974,S1O
112,FPZ,112,-15.462,S1O
112,FPZ,113,-13.997,S1O
112,FPZ,114,-11.556,S1O
112,FPZ,115,-9.603,S1O
112,FPZ,116,-10.579,S1O
112,FPZ,117,-13.509,S1O
112,FPZ,118,-16.927,S1O
112,FPZ,119,-18.392,S1O
112,FPZ,120,-17.415,S1O
112,FPZ,121,-13.997,S1O
112,FPZ,122,-11.068,S1O
112,FPZ,123,-9.603,S1O
112,FPZ,124,-12.044,S1O
112,FPZ,125,-15.462,S1O
112,FPZ,126,-18.392,S1O
112,FPZ,127,-19.857,S1O
112,FPZ,128,-18.392,S1O
112,FPZ,129,-15.462,S1O
112,FPZ,130,-12.044,S1O
112,FPZ,131,-10.579,S1O
112,FPZ,132,-11.556,S1O
112,FPZ,133,-14.486,S1O
112,FPZ,134,-17.415,S1O
112,FPZ,135,-18.880,S1O
112,FPZ,136,-17.904,S1O
112,FPZ,137,-16.439,S1O
112,FPZ,138,-15.462,S1O
112,FPZ,139,-15.462,S1O
112,FPZ,140,-16.439,S1O
112,FPZ,141,-17.415,S1O
112,FPZ,142,-16.927,S1O
112,FPZ,143,-16.439,S1O
112,FPZ,144,-14.486,S1O
112,FPZ,145,-13.021,S1O
112,FPZ,146,-12.044,S1O
112,FPZ,147,-11.068,S1O
112,FPZ,148,-11.556,S1O
112,FPZ,149,-13.997,S1O
112,FPZ,150,-17.415,S1O
112,FPZ,151,-21.322,S1O
112,FPZ,152,-23.763,S1O
112,FPZ,153,-23.275,S1O
112,FPZ,154,-20.345,S1O
112,FPZ,155,-16.439,S1O
112,FPZ,156,-13.509,S1O
112,FPZ,157,-13.021,S1O
112,FPZ,158,-15.951,S1O
112,FPZ,159,-19.857,S1O
112,FPZ,160,-22.786,S1O
112,FPZ,161,-21.810,S1O
112,FPZ,162,-17.904,S1O
112,FPZ,163,-13.997,S1O
112,FPZ,164,-11.556,S1O
112,FPZ,165,-12.533,S1O
112,FPZ,166,-15.951,S1O
112,FPZ,167,-19.368,S1O
112,FPZ,168,-20.833,S1O
112,FPZ,169,-20.345,S1O
112,FPZ,170,-18.880,S1O
112,FPZ,171,-17.415,S1O
112,FPZ,172,-16.439,S1O
112,FPZ,173,-15.951,S1O
112,FPZ,174,-15.462,S1O
112,FPZ,175,-15.462,S1O
112,FPZ,176,-16.439,S1O
112,FPZ,177,-17.904,S1O
112,FPZ,178,-19.368,S1O
112,FPZ,179,-19.368,S1O
112,FPZ,180,-17.904,S1O
112,FPZ,181,-16.927,S1O
112,FPZ,182,-16.927,S1O
112,FPZ,183,-18.392,S1O
112,FPZ,184,-21.322,S1O
112,FPZ,185,-22.786,S1O
112,FPZ,186,-22.786,S1O
112,FPZ,187,-20.833,S1O
112,FPZ,188,-18.880,S1O
112,FPZ,189,-17.415,S1O
112,FPZ,190,-17.904,S1O
112,FPZ,191,-19.857,S1O
112,FPZ,192,-22.298,S1O
112,FPZ,193,-24.251,S1O
112,FPZ,194,-24.251,S1O
112,FPZ,195,-22.786,S1O
112,FPZ,196,-20.833,S1O
112,FPZ,197,-19.857,S1O
112,FPZ,198,-21.322,S1O
112,FPZ,199,-23.763,S1O
112,FPZ,200,-25.228,S1O
112,FPZ,201,-24.740,S1O
112,FPZ,202,-22.786,S1O
112,FPZ,203,-21.322,S1O
112,FPZ,204,-21.810,S1O
112,FPZ,205,-23.763,S1O
112,FPZ,206,-26.204,S1O
112,FPZ,207,-26.204,S1O
112,FPZ,208,-24.251,S1O
112,FPZ,209,-22.298,S1O
112,FPZ,210,-21.322,S1O
112,FPZ,211,-22.786,S1O
112,FPZ,212,-24.740,S1O
112,FPZ,213,-25.228,S1O
112,FPZ,214,-23.763,S1O
112,FPZ,215,-21.810,S1O
112,FPZ,216,-21.322,S1O
112,FPZ,217,-22.298,S1O
112,FPZ,218,-24.740,S1O
112,FPZ,219,-26.693,S1O
112,FPZ,220,-26.693,S1O
112,FPZ,221,-25.716,S1O
112,FPZ,222,-23.763,S1O
112,FPZ,223,-23.763,S1O
112,FPZ,224,-24.251,S1O
112,FPZ,225,-26.693,S1O
112,FPZ,226,-28.646,S1O
112,FPZ,227,-30.599,S1O
112,FPZ,228,-31.576,S1O
112,FPZ,229,-31.087,S1O
112,FPZ,230,-28.646,S1O
112,FPZ,231,-25.228,S1O
112,FPZ,232,-22.298,S1O
112,FPZ,233,-21.810,S1O
112,FPZ,234,-24.740,S1O
112,FPZ,235,-29.134,S1O
112,FPZ,236,-31.087,S1O
112,FPZ,237,-29.622,S1O
112,FPZ,238,-23.763,S1O
112,FPZ,239,-17.415,S1O
112,FPZ,240,-14.486,S1O
112,FPZ,241,-15.951,S1O
112,FPZ,242,-20.345,S1O
112,FPZ,243,-24.740,S1O
112,FPZ,244,-25.228,S1O
112,FPZ,245,-22.298,S1O
112,FPZ,246,-18.392,S1O
112,FPZ,247,-16.439,S1O
112,FPZ,248,-16.927,S1O
112,FPZ,249,-18.392,S1O
112,FPZ,250,-19.857,S1O
112,FPZ,251,-19.857,S1O
112,FPZ,252,-19.368,S1O
112,FPZ,253,-18.392,S1O
112,FPZ,254,-18.880,S1O
112,FPZ,255,-18.880,S1O
112,FC4,0,0.346,S1O
112,FC4,1,1.811,S1O
112,FC4,2,3.276,S1O
112,FC4,3,2.299,S1O
112,FC4,4,-0.142,S1O
112,FC4,5,-1.607,S1O
112,FC4,6,-2.096,S1O
112,FC4,7,-0.631,S1O
112,FC4,8,1.811,S1O
112,FC4,9,2.787,S1O
112,FC4,10,2.299,S1O
112,FC4,11,1.322,S1O
112,FC4,12,0.834,S1O
112,FC4,13,0.834,S1O
112,FC4,14,0.834,S1O
112,FC4,15,0.346,S1O
112,FC4,16,-1.119,S1O
112,FC4,17,-2.584,S1O
112,FC4,18,-3.560,S1O
112,FC4,19,-3.560,S1O
112,FC4,20,-2.584,S1O
112,FC4,21,-2.096,S1O
112,FC4,22,-2.096,S1O
112,FC4,23,-3.072,S1O
112,FC4,24,-4.049,S1O
112,FC4,25,-4.049,S1O
112,FC4,26,-2.584,S1O
112,FC4,27,-0.631,S1O
112,FC4,28,0.346,S1O
112,FC4,29,0.834,S1O
112,FC4,30,-0.142,S1O
112,FC4,31,-1.119,S1O
112,FC4,32,-2.584,S1O
112,FC4,33,-3.560,S1O
112,FC4,34,-3.560,S1O
112,FC4,35,-2.584,S1O
112,FC4,36,-2.096,S1O
112,FC4,37,-1.119,S1O
112,FC4,38,-1.119,S1O
112,FC4,39,-2.096,S1O
112,FC4,40,-2.584,S1O
112,FC4,41,-3.072,S1O
112,FC4,42,-3.560,S1O
112,FC4,43,-3.072,S1O
112,FC4,44,-3.072,S1O
112,FC4,45,-2.584,S1O
112,FC4,46,-2.096,S1O
112,FC4,47,-1.119,S1O
112,FC4,48,-0.142,S1O
112,FC4,49,0.834,S1O
112,FC4,50,0.346,S1O
112,FC4,51,-1.607,S1O
112,FC4,52,-3.072,S1O
112,FC4,53,-4.537,S1O
112,FC4,54,-4.049,S1O
112,FC4,55,-3.072,S1O
112,FC4,56,-2.584,S1O
112,FC4,57,-2.096,S1O
112,FC4,58,-2.096,S1O
112,FC4,59,-2.096,S1O
112,FC4,60,-1.119,S1O
112,FC4,61,0.346,S1O
112,FC4,62,0.346,S1O
112,FC4,63,-1.119,S1O
112,FC4,64,-3.560,S1O
112,FC4,65,-5.514,S1O
112,FC4,66,-5.514,S1O
112,FC4,67,-4.049,S1O
112,FC4,68,-2.584,S1O
112,FC4,69,-1.607,S1O
112,FC4,70,-2.096,S1O
112,FC4,71,-3.560,S1O
112,FC4,72,-5.025,S1O
112,FC4,73,-5.514,S1O
112,FC4,74,-5.514,S1O
112,FC4,75,-4.537,S1O
112,FC4,76,-4.049,S1O
112,FC4,77,-3.560,S1O
112,FC4,78,-2.096,S1O
112,FC4,79,-0.631,S1O
112,FC4,80,0.346,S1O
112,FC4,81,0.834,S1O
112,FC4,82,0.834,S1O
112,FC4,83,-0.142,S1O
112,FC4,84,-0.142,S1O
112,FC4,85,0.834,S1O
112,FC4,86,2.299,S1O
112,FC4,87,2.787,S1O
112,FC4,88,1.322,S1O
112,FC4,89,-0.631,S1O
112,FC4,90,-3.072,S1O
112,FC4,91,-3.560,S1O
112,FC4,92,-2.096,S1O
112,FC4,93,-0.142,S1O
112,FC4,94,0.346,S1O
112,FC4,95,-0.631,S1O
112,FC4,96,-2.096,S1O
112,FC4,97,-3.560,S1O
112,FC4,98,-3.560,S1O
112,FC4,99,-4.049,S1O
112,FC4,100,-4.537,S1O
112,FC4,101,-5.025,S1O
112,FC4,102,-5.514,S1O
112,FC4,103,-4.537,S1O
112,FC4,104,-3.072,S1O
112,FC4,105,-2.096,S1O
112,FC4,106,-2.584,S1O
112,FC4,107,-3.560,S1O
112,FC4,108,-5.025,S1O
112,FC4,109,-5.514,S1O
112,FC4,110,-5.025,S1O
112,FC4,111,-5.025,S1O
112,FC4,112,-5.514,S1O
112,FC4,113,-6.490,S1O
112,FC4,114,-7.467,S1O
112,FC4,115,-6.978,S1O
112,FC4,116,-5.514,S1O
112,FC4,117,-4.537,S1O
112,FC4,118,-5.025,S1O
112,FC4,119,-6.002,S1O
112,FC4,120,-7.955,S1O
112,FC4,121,-9.420,S1O
112,FC4,122,-8.931,S1O
112,FC4,123,-7.955,S1O
112,FC4,124,-6.978,S1O
112,FC4,125,-6.978,S1O
112,FC4,126,-7.467,S1O
112,FC4,127,-8.443,S1O
112,FC4,128,-7.467,S1O
112,FC4,129,-6.002,S1O
112,FC4,130,-4.049,S1O
112,FC4,131,-3.072,S1O
112,FC4,132,-4.049,S1O
112,FC4,133,-6.002,S1O
112,FC4,134,-7.467,S1O
112,FC4,135,-7.955,S1O
112,FC4,136,-6.490,S1O
112,FC4,137,-5.514,S1O
112,FC4,138,-4.537,S1O
112,FC4,139,-5.025,S1O
112,FC4,140,-6.490,S1O
112,FC4,141,-6.978,S1O
112,FC4,142,-6.490,S1O
112,FC4,143,-6.002,S1O
112,FC4,144,-5.025,S1O
112,FC4,145,-4.537,S1O
112,FC4,146,-5.025,S1O
112,FC4,147,-5.514,S1O
112,FC4,148,-6.490,S1O
112,FC4,149,-6.490,S1O
112,FC4,150,-6.490,S1O
112,FC4,151,-6.490,S1O
112,FC4,152,-6.490,S1O
112,FC4,153,-6.002,S1O
112,FC4,154,-5.514,S1O
112,FC4,155,-5.514,S1O
112,FC4,156,-5.514,S1O
112,FC4,157,-5.514,S1O
112,FC4,158,-6.002,S1O
112,FC4,159,-6.490,S1O
112,FC4,160,-6.002,S1O
112,FC4,161,-4.537,S1O
112,FC4,162,-4.049,S1O
112,FC4,163,-3.560,S1O
112,FC4,164,-4.049,S1O
112,FC4,165,-4.537,S1O
112,FC4,166,-4.537,S1O
112,FC4,167,-5.025,S1O
112,FC4,168,-5.514,S1O
112,FC4,169,-6.490,S1O
112,FC4,170,-7.955,S1O
112,FC4,171,-8.443,S1O
112,FC4,172,-7.467,S1O
112,FC4,173,-5.514,S1O
112,FC4,174,-4.049,S1O
112,FC4,175,-4.537,S1O
112,FC4,176,-5.514,S1O
112,FC4,177,-7.467,S1O
112,FC4,178,-7.955,S1O
112,FC4,179,-6.978,S1O
112,FC4,180,-5.514,S1O
112,FC4,181,-4.537,S1O
112,FC4,182,-4.537,S1O
112,FC4,183,-6.002,S1O
112,FC4,184,-6.978,S1O
112,FC4,185,-6.978,S1O
112,FC4,186,-6.002,S1O
112,FC4,187,-5.025,S1O
112,FC4,188,-5.025,S1O
112,FC4,189,-6.490,S1O
112,FC4,190,-7.955,S1O
112,FC4,191,-8.931,S1O
112,FC4,192,-8.443,S1O
112,FC4,193,-7.467,S1O
112,FC4,194,-6.490,S1O
112,FC4,195,-6.490,S1O
112,FC4,196,-7.467,S1O
112,FC4,197,-7.955,S1O
112,FC4,198,-8.443,S1O
112,FC4,199,-8.443,S1O
112,FC4,200,-7.955,S1O
112,FC4,201,-7.955,S1O
112,FC4,202,-7.467,S1O
112,FC4,203,-7.467,S1O
112,FC4,204,-6.490,S1O
112,FC4,205,-6.002,S1O
112,FC4,206,-6.490,S1O
112,FC4,207,-7.467,S1O
112,FC4,208,-9.420,S1O
112,FC4,209,-10.396,S1O
112,FC4,210,-10.396,S1O
112,FC4,211,-9.908,S1O
112,FC4,212,-9.908,S1O
112,FC4,213,-10.396,S1O
112,FC4,214,-10.885,S1O
112,FC4,215,-10.396,S1O
112,FC4,216,-9.420,S1O
112,FC4,217,-8.443,S1O
112,FC4,218,-9.420,S1O
112,FC4,219,-10.885,S1O
112,FC4,220,-12.349,S1O
112,FC4,221,-11.861,S1O
112,FC4,222,-9.420,S1O
112,FC4,223,-6.978,S1O
112,FC4,224,-6.490,S1O
112,FC4,225,-7.955,S1O
112,FC4,226,-10.885,S1O
112,FC4,227,-12.349,S1O
112,FC4,228,-11.861,S1O
112,FC4,229,-9.908,S1O
112,FC4,230,-9.420,S1O
112,FC4,231,-10.396,S1O
112,FC4,232,-12.349,S1O
112,FC4,233,-13.326,S1O
112,FC4,234,-11.861,S1O
112,FC4,235,-9.420,S1O
112,FC4,236,-6.978,S1O
112,FC4,237,-6.002,S1O
112,FC4,238,-6.490,S1O
112,FC4,239,-6.490,S1O
112,FC4,240,-6.490,S1O
112,FC4,241,-6.002,S1O
112,FC4,242,-6.002,S1O
112,FC4,243,-6.490,S1O
112,FC4,244,-7.467,S1O
112,FC4,245,-7.467,S1O
112,FC4,246,-6.490,S1O
112,FC4,247,-6.490,S1O
112,FC4,248,-6.490,S1O
112,FC4,249,-7.467,S1O
112,FC4,250,-7.955,S1O
112,FC4,251,-6.978,S1O
112,FC4,252,-4.537,S1O
112,FC4,253,-3.072,S1O
112,FC4,254,-3.560,S1O
112,FC4,255,-6.978,S1O
112,FC3,0,-2.207,S1O
112,FC3,1,-2.207,S1O
112,FC3,2,-0.254,S1O
112,FC3,3,1.211,S1O
112,FC3,4,1.699,S1O
112,FC3,5,0.722,S1O
112,FC3,6,-0.743,S1O
112,FC3,7,-1.719,S1O
112,FC3,8,-1.231,S1O
112,FC3,9,0.722,S1O
112,FC3,10,2.675,S1O
112,FC3,11,4.140,S1O
112,FC3,12,3.652,S1O
112,FC3,13,1.699,S1O
112,FC3,14,-0.254,S1O
112,FC3,15,-2.696,S1O
112,FC3,16,-4.161,S1O
112,FC3,17,-4.649,S1O
112,FC3,18,-4.161,S1O
112,FC3,19,-3.672,S1O
112,FC3,20,-3.672,S1O
112,FC3,21,-3.672,S1O
112,FC3,22,-4.161,S1O
112,FC3,23,-4.649,S1O
112,FC3,24,-4.649,S1O
112,FC3,25,-4.161,S1O
112,FC3,26,-4.161,S1O
112,FC3,27,-3.672,S1O
112,FC3,28,-3.184,S1O
112,FC3,29,-2.696,S1O
112,FC3,30,-2.696,S1O
112,FC3,31,-3.672,S1O
112,FC3,32,-5.137,S1O
112,FC3,33,-6.114,S1O
112,FC3,34,-6.114,S1O
112,FC3,35,-5.625,S1O
112,FC3,36,-4.161,S1O
112,FC3,37,-3.184,S1O
112,FC3,38,-2.207,S1O
112,FC3,39,-2.207,S1O
112,FC3,40,-1.719,S1O
112,FC3,41,-1.231,S1O
112,FC3,42,-0.743,S1O
112,FC3,43,-0.743,S1O
112,FC3,44,-1.231,S1O
112,FC3,45,-2.207,S1O
112,FC3,46,-3.184,S1O
112,FC3,47,-3.184,S1O
112,FC3,48,-2.696,S1O
112,FC3,49,-1.719,S1O
112,FC3,50,-1.231,S1O
112,FC3,51,-0.743,S1O
112,FC3,52,-0.743,S1O
112,FC3,53,-0.254,S1O
112,FC3,54,-0.254,S1O
112,FC3,55,-0.743,S1O
112,FC3,56,-1.231,S1O
112,FC3,57,-1.719,S1O
112,FC3,58,-0.743,S1O
112,FC3,59,0.722,S1O
112,FC3,60,1.699,S1O
112,FC3,61,1.211,S1O
112,FC3,62,-0.254,S1O
112,FC3,63,-3.184,S1O
112,FC3,64,-5.137,S1O
112,FC3,65,-5.137,S1O
112,FC3,66,-4.161,S1O
112,FC3,67,-2.696,S1O
112,FC3,68,-1.719,S1O
112,FC3,69,-2.207,S1O
112,FC3,70,-2.207,S1O
112,FC3,71,-2.207,S1O
112,FC3,72,-0.743,S1O
112,FC3,73,0.722,S1O
112,FC3,74,1.699,S1O
112,FC3,75,0.722,S1O
112,FC3,76,-0.743,S1O
112,FC3,77,-2.696,S1O
112,FC3,78,-3.184,S1O
112,FC3,79,-2.696,S1O
112,FC3,80,-1.719,S1O
112,FC3,81,-1.231,S1O
112,FC3,82,-1.719,S1O
112,FC3,83,-2.207,S1O
112,FC3,84,-3.184,S1O
112,FC3,85,-3.184,S1O
112,FC3,86,-3.184,S1O
112,FC3,87,-3.184,S1O
112,FC3,88,-2.207,S1O
112,FC3,89,-1.231,S1O
112,FC3,90,-1.231,S1O
112,FC3,91,-2.207,S1O
112,FC3,92,-3.184,S1O
112,FC3,93,-4.649,S1O
112,FC3,94,-4.161,S1O
112,FC3,95,-2.696,S1O
112,FC3,96,-0.254,S1O
112,FC3,97,0.722,S1O
112,FC3,98,-0.254,S1O
112,FC3,99,-2.696,S1O
112,FC3,100,-5.625,S1O
112,FC3,101,-6.602,S1O
112,FC3,102,-5.625,S1O
112,FC3,103,-2.696,S1O
112,FC3,104,-0.743,S1O
112,FC3,105,-0.254,S1O
112,FC3,106,-1.719,S1O
112,FC3,107,-3.672,S1O
112,FC3,108,-4.649,S1O
112,FC3,109,-3.672,S1O
112,FC3,110,-1.719,S1O
112,FC3,111,-0.254,S1O
112,FC3,112,-0.254,S1O
112,FC3,113,-2.207,S1O
112,FC3,114,-4.649,S1O
112,FC3,115,-6.602,S1O
112,FC3,116,-7.090,S1O
112,FC3,117,-5.625,S1O
112,FC3,118,-4.161,S1O
112,FC3,119,-3.184,S1O
112,FC3,120,-3.184,S1O
112,FC3,121,-4.161,S1O
112,FC3,122,-4.649,S1O
112,FC3,123,-4.161,S1O
112,FC3,124,-3.184,S1O
112,FC3,125,-2.207,S1O
112,FC3,126,-1.719,S1O
112,FC3,127,-2.696,S1O
112,FC3,128,-4.161,S1O
112,FC3,129,-5.625,S1O
112,FC3,130,-6.602,S1O
112,FC3,131,-6.602,S1O
112,FC3,132,-6.602,S1O
112,FC3,133,-6.114,S1O
112,FC3,134,-6.114,S1O
112,FC3,135,-5.625,S1O
112,FC3,136,-5.625,S1O
112,FC3,137,-5.137,S1O
112,FC3,138,-5.137,S1O
112,FC3,139,-5.625,S1O
112,FC3,140,-5.137,S1O
112,FC3,141,-5.137,S1O
112,FC3,142,-4.649,S1O
112,FC3,143,-4.161,S1O
112,FC3,144,-3.672,S1O
112,FC3,145,-3.184,S1O
112,FC3,146,-3.672,S1O
112,FC3,147,-4.161,S1O
112,FC3,148,-5.137,S1O
112,FC3,149,-5.625,S1O
112,FC3,150,-5.137,S1O
112,FC3,151,-4.649,S1O
112,FC3,152,-4.161,S1O
112,FC3,153,-4.161,S1O
112,FC3,154,-4.649,S1O
112,FC3,155,-5.625,S1O
112,FC3,156,-7.090,S1O
112,FC3,157,-7.579,S1O
112,FC3,158,-7.579,S1O
112,FC3,159,-6.602,S1O
112,FC3,160,-6.114,S1O
112,FC3,161,-6.114,S1O
112,FC3,162,-6.602,S1O
112,FC3,163,-7.090,S1O
112,FC3,164,-7.090,S1O
112,FC3,165,-6.602,S1O
112,FC3,166,-6.114,S1O
112,FC3,167,-7.090,S1O
112,FC3,168,-8.555,S1O
112,FC3,169,-9.532,S1O
112,FC3,170,-9.532,S1O
112,FC3,171,-8.555,S1O
112,FC3,172,-6.602,S1O
112,FC3,173,-5.137,S1O
112,FC3,174,-5.625,S1O
112,FC3,175,-8.067,S1O
112,FC3,176,-10.508,S1O
112,FC3,177,-11.485,S1O
112,FC3,178,-11.485,S1O
112,FC3,179,-9.532,S1O
112,FC3,180,-7.579,S1O
112,FC3,181,-6.602,S1O
112,FC3,182,-7.090,S1O
112,FC3,183,-8.067,S1O
112,FC3,184,-8.555,S1O
112,FC3,185,-9.043,S1O
112,FC3,186,-9.043,S1O
112,FC3,187,-9.043,S1O
112,FC3,188,-9.043,S1O
112,FC3,189,-9.043,S1O
112,FC3,190,-9.043,S1O
112,FC3,191,-8.555,S1O
112,FC3,192,-8.067,S1O
112,FC3,193,-8.067,S1O
112,FC3,194,-8.555,S1O
112,FC3,195,-9.043,S1O
112,FC3,196,-9.532,S1O
112,FC3,197,-9.043,S1O
112,FC3,198,-8.067,S1O
112,FC3,199,-7.090,S1O
112,FC3,200,-7.090,S1O
112,FC3,201,-7.579,S1O
112,FC3,202,-9.043,S1O
112,FC3,203,-10.997,S1O
112,FC3,204,-12.461,S1O
112,FC3,205,-11.973,S1O
112,FC3,206,-10.020,S1O
112,FC3,207,-7.090,S1O
112,FC3,208,-5.625,S1O
112,FC3,209,-5.625,S1O
112,FC3,210,-7.579,S1O
112,FC3,211,-9.043,S1O
112,FC3,212,-9.043,S1O
112,FC3,213,-8.067,S1O
112,FC3,214,-7.090,S1O
112,FC3,215,-6.602,S1O
112,FC3,216,-7.090,S1O
112,FC3,217,-8.067,S1O
112,FC3,218,-8.555,S1O
112,FC3,219,-8.067,S1O
112,FC3,220,-8.067,S1O
112,FC3,221,-9.043,S1O
112,FC3,222,-11.485,S1O
112,FC3,223,-12.950,S1O
112,FC3,224,-12.461,S1O
112,FC3,225,-9.532,S1O
112,FC3,226,-7.090,S1O
112,FC3,227,-5.625,S1O
112,FC3,228,-7.090,S1O
112,FC3,229,-10.020,S1O
112,FC3,230,-12.461,S1O
112,FC3,231,-12.950,S1O
112,FC3,232,-10.997,S1O
112,FC3,233,-9.043,S1O
112,FC3,234,-7.579,S1O
112,FC3,235,-8.067,S1O
112,FC3,236,-9.043,S1O
112,FC3,237,-9.532,S1O
112,FC3,238,-10.020,S1O
112,FC3,239,-9.043,S1O
112,FC3,240,-7.579,S1O
112,FC3,241,-6.114,S1O
112,FC3,242,-5.137,S1O
112,FC3,243,-4.649,S1O
112,FC3,244,-5.137,S1O
112,FC3,245,-6.114,S1O
112,FC3,246,-7.579,S1O
112,FC3,247,-8.555,S1O
112,FC3,248,-8.555,S1O
112,FC3,249,-7.090,S1O
112,FC3,250,-5.625,S1O
112,FC3,251,-4.649,S1O
112,FC3,252,-5.137,S1O
112,FC3,253,-6.114,S1O
112,FC3,254,-7.579,S1O
112,FC3,255,-7.579,S1O
112,C6,0,1.587,S1O
112,C6,1,1.587,S1O
112,C6,2,1.587,S1O
112,C6,3,0.610,S1O
112,C6,4,-0.366,S1O
112,C6,5,-0.854,S1O
112,C6,6,0.122,S1O
112,C6,7,1.587,S1O
112,C6,8,3.052,S1O
112,C6,9,3.540,S1O
112,C6,10,3.052,S1O
112,C6,11,2.563,S1O
112,C6,12,0.610,S1O
112,C6,13,-0.366,S1O
112,C6,14,-0.854,S1O
112,C6,15,-0.366,S1O
112,C6,16,0.610,S1O
112,C6,17,1.099,S1O
112,C6,18,1.099,S1O
112,C6,19,-0.366,S1O
112,C6,20,-1.831,S1O
112,C6,21,-2.808,S1O
112,C6,22,-2.808,S1O
112,C6,23,-1.831,S1O
112,C6,24,-0.854,S1O
112,C6,25,-0.366,S1O
112,C6,26,-0.366,S1O
112,C6,27,-0.854,S1O
112,C6,28,-1.831,S1O
112,C6,29,-2.319,S1O
112,C6,30,-1.831,S1O
112,C6,31,-1.831,S1O
112,C6,32,-1.343,S1O
112,C6,33,-1.831,S1O
112,C6,34,-2.319,S1O
112,C6,35,-2.319,S1O
112,C6,36,-2.319,S1O
112,C6,37,-2.319,S1O
112,C6,38,-2.319,S1O
112,C6,39,-2.808,S1O
112,C6,40,-3.296,S1O
112,C6,41,-3.296,S1O
112,C6,42,-2.808,S1O
112,C6,43,-1.831,S1O
112,C6,44,-1.343,S1O
112,C6,45,-1.831,S1O
112,C6,46,-2.808,S1O
112,C6,47,-3.296,S1O
112,C6,48,-2.808,S1O
112,C6,49,-0.854,S1O
112,C6,50,0.122,S1O
112,C6,51,-0.366,S1O
112,C6,52,-1.831,S1O
112,C6,53,-4.761,S1O
112,C6,54,-6.226,S1O
112,C6,55,-6.226,S1O
112,C6,56,-4.761,S1O
112,C6,57,-3.296,S1O
112,C6,58,-2.319,S1O
112,C6,59,-3.296,S1O
112,C6,60,-4.272,S1O
112,C6,61,-5.249,S1O
112,C6,62,-5.737,S1O
112,C6,63,-5.737,S1O
112,C6,64,-5.737,S1O
112,C6,65,-5.737,S1O
112,C6,66,-6.226,S1O
112,C6,67,-6.226,S1O
112,C6,68,-5.737,S1O
112,C6,69,-5.249,S1O
112,C6,70,-5.249,S1O
112,C6,71,-5.249,S1O
112,C6,72,-6.226,S1O
112,C6,73,-7.690,S1O
112,C6,74,-8.667,S1O
112,C6,75,-8.179,S1O
112,C6,76,-7.202,S1O
112,C6,77,-5.249,S1O
112,C6,78,-3.296,S1O
112,C6,79,-2.808,S1O
112,C6,80,-2.808,S1O
112,C6,81,-2.808,S1O
112,C6,82,-2.319,S1O
112,C6,83,-1.343,S1O
112,C6,84,0.122,S1O
112,C6,85,1.099,S1O
112,C6,86,0.610,S1O
112,C6,87,-0.366,S1O
112,C6,88,-1.831,S1O
112,C6,89,-2.808,S1O
112,C6,90,-2.319,S1O
112,C6,91,-1.343,S1O
112,C6,92,-0.366,S1O
112,C6,93,-0.366,S1O
112,C6,94,-1.343,S1O
112,C6,95,-3.296,S1O
112,C6,96,-5.249,S1O
112,C6,97,-7.202,S1O
112,C6,98,-8.179,S1O
112,C6,99,-8.179,S1O
112,C6,100,-7.690,S1O
112,C6,101,-7.202,S1O
112,C6,102,-6.714,S1O
112,C6,103,-6.226,S1O
112,C6,104,-6.226,S1O
112,C6,105,-5.737,S1O
112,C6,106,-5.737,S1O
112,C6,107,-5.249,S1O
112,C6,108,-4.761,S1O
112,C6,109,-4.761,S1O
112,C6,110,-6.226,S1O
112,C6,111,-8.179,S1O
112,C6,112,-9.644,S1O
112,C6,113,-10.132,S1O
112,C6,114,-9.155,S1O
112,C6,115,-7.690,S1O
112,C6,116,-6.714,S1O
112,C6,117,-7.690,S1O
112,C6,118,-9.155,S1O
112,C6,119,-10.620,S1O
112,C6,120,-10.620,S1O
112,C6,121,-9.155,S1O
112,C6,122,-7.202,S1O
112,C6,123,-7.202,S1O
112,C6,124,-8.667,S1O
112,C6,125,-11.597,S1O
112,C6,126,-14.038,S1O
112,C6,127,-14.526,S1O
112,C6,128,-12.085,S1O
112,C6,129,-8.179,S1O
112,C6,130,-5.249,S1O
112,C6,131,-4.761,S1O
112,C6,132,-5.737,S1O
112,C6,133,-8.179,S1O
112,C6,134,-9.155,S1O
112,C6,135,-8.179,S1O
112,C6,136,-5.737,S1O
112,C6,137,-3.296,S1O
112,C6,138,-2.808,S1O
112,C6,139,-4.272,S1O
112,C6,140,-5.737,S1O
112,C6,141,-7.690,S1O
112,C6,142,-8.179,S1O
112,C6,143,-8.179,S1O
112,C6,144,-8.179,S1O
112,C6,145,-7.690,S1O
112,C6,146,-7.202,S1O
112,C6,147,-5.737,S1O
112,C6,148,-4.761,S1O
112,C6,149,-4.272,S1O
112,C6,150,-4.272,S1O
112,C6,151,-5.737,S1O
112,C6,152,-6.714,S1O
112,C6,153,-6.226,S1O
112,C6,154,-4.761,S1O
112,C6,155,-3.296,S1O
112,C6,156,-2.319,S1O
112,C6,157,-2.319,S1O
112,C6,158,-3.784,S1O
112,C6,159,-4.272,S1O
112,C6,160,-4.761,S1O
112,C6,161,-4.761,S1O
112,C6,162,-4.272,S1O
112,C6,163,-4.272,S1O
112,C6,164,-4.272,S1O
112,C6,165,-3.784,S1O
112,C6,166,-2.808,S1O
112,C6,167,-2.319,S1O
112,C6,168,-3.296,S1O
112,C6,169,-4.761,S1O
112,C6,170,-6.226,S1O
112,C6,171,-7.690,S1O
112,C6,172,-7.202,S1O
112,C6,173,-5.737,S1O
112,C6,174,-4.272,S1O
112,C6,175,-3.784,S1O
112,C6,176,-4.272,S1O
112,C6,177,-5.249,S1O
112,C6,178,-6.226,S1O
112,C6,179,-7.202,S1O
112,C6,180,-7.690,S1O
112,C6,181,-7.202,S1O
112,C6,182,-6.714,S1O
112,C6,183,-5.249,S1O
112,C6,184,-3.784,S1O
112,C6,185,-2.808,S1O
112,C6,186,-2.808,S1O
112,C6,187,-4.272,S1O
112,C6,188,-6.714,S1O
112,C6,189,-8.667,S1O
112,C6,190,-10.132,S1O
112,C6,191,-10.132,S1O
112,C6,192,-9.644,S1O
112,C6,193,-8.179,S1O
112,C6,194,-7.202,S1O
112,C6,195,-6.714,S1O
112,C6,196,-6.714,S1O
112,C6,197,-7.690,S1O
112,C6,198,-8.179,S1O
112,C6,199,-9.155,S1O
112,C6,200,-9.155,S1O
112,C6,201,-8.667,S1O
112,C6,202,-8.179,S1O
112,C6,203,-7.690,S1O
112,C6,204,-7.690,S1O
112,C6,205,-7.690,S1O
112,C6,206,-8.179,S1O
112,C6,207,-9.155,S1O
112,C6,208,-10.132,S1O
112,C6,209,-10.132,S1O
112,C6,210,-10.620,S1O
112,C6,211,-11.597,S1O
112,C6,212,-12.573,S1O
112,C6,213,-13.550,S1O
112,C6,214,-13.550,S1O
112,C6,215,-12.573,S1O
112,C6,216,-11.597,S1O
112,C6,217,-10.620,S1O
112,C6,218,-10.620,S1O
112,C6,219,-12.085,S1O
112,C6,220,-13.062,S1O
112,C6,221,-12.573,S1O
112,C6,222,-10.620,S1O
112,C6,223,-9.155,S1O
112,C6,224,-9.155,S1O
112,C6,225,-10.620,S1O
112,C6,226,-13.062,S1O
112,C6,227,-14.038,S1O
112,C6,228,-13.550,S1O
112,C6,229,-12.085,S1O
112,C6,230,-11.597,S1O
112,C6,231,-12.085,S1O
112,C6,232,-14.038,S1O
112,C6,233,-15.503,S1O
112,C6,234,-15.015,S1O
112,C6,235,-12.573,S1O
112,C6,236,-10.132,S1O
112,C6,237,-8.179,S1O
112,C6,238,-8.179,S1O
112,C6,239,-8.179,S1O
112,C6,240,-8.667,S1O
112,C6,241,-9.155,S1O
112,C6,242,-9.155,S1O
112,C6,243,-9.644,S1O
112,C6,244,-10.620,S1O
112,C6,245,-11.108,S1O
112,C6,246,-10.620,S1O
112,C6,247,-9.644,S1O
112,C6,248,-9.155,S1O
112,C6,249,-9.155,S1O
112,C6,250,-9.644,S1O
112,C6,251,-9.644,S1O
112,C6,252,-8.667,S1O
112,C6,253,-7.690,S1O
112,C6,254,-7.690,S1O
112,C6,255,-8.667,S1O
112,C5,0,1.424,S1O
112,C5,1,0.448,S1O
112,C5,2,0.936,S1O
112,C5,3,1.912,S1O
112,C5,4,2.889,S1O
112,C5,5,3.377,S1O
112,C5,6,2.889,S1O
112,C5,7,2.401,S1O
112,C5,8,2.889,S1O
112,C5,9,4.354,S1O
112,C5,10,5.819,S1O
112,C5,11,6.307,S1O
112,C5,12,5.819,S1O
112,C5,13,2.889,S1O
112,C5,14,-0.041,S1O
112,C5,15,-2.482,S1O
112,C5,16,-3.459,S1O
112,C5,17,-2.970,S1O
112,C5,18,-2.482,S1O
112,C5,19,-1.994,S1O
112,C5,20,-2.970,S1O
112,C5,21,-3.459,S1O
112,C5,22,-3.947,S1O
112,C5,23,-2.970,S1O
112,C5,24,-1.994,S1O
112,C5,25,-1.017,S1O
112,C5,26,-0.529,S1O
112,C5,27,-1.506,S1O
112,C5,28,-2.482,S1O
112,C5,29,-2.970,S1O
112,C5,30,-2.970,S1O
112,C5,31,-2.970,S1O
112,C5,32,-2.482,S1O
112,C5,33,-1.994,S1O
112,C5,34,-2.482,S1O
112,C5,35,-2.970,S1O
112,C5,36,-3.459,S1O
112,C5,37,-3.459,S1O
112,C5,38,-3.947,S1O
112,C5,39,-3.459,S1O
112,C5,40,-2.482,S1O
112,C5,41,-1.506,S1O
112,C5,42,-1.506,S1O
112,C5,43,-1.506,S1O
112,C5,44,-2.482,S1O
112,C5,45,-2.482,S1O
112,C5,46,-2.970,S1O
112,C5,47,-2.970,S1O
112,C5,48,-2.482,S1O
112,C5,49,-2.482,S1O
112,C5,50,-1.994,S1O
112,C5,51,-0.529,S1O
112,C5,52,1.912,S1O
112,C5,53,2.889,S1O
112,C5,54,2.401,S1O
112,C5,55,0.448,S1O
112,C5,56,-1.506,S1O
112,C5,57,-2.482,S1O
112,C5,58,-1.017,S1O
112,C5,59,1.424,S1O
112,C5,60,2.401,S1O
112,C5,61,0.936,S1O
112,C5,62,-2.482,S1O
112,C5,63,-6.388,S1O
112,C5,64,-8.830,S1O
112,C5,65,-8.341,S1O
112,C5,66,-6.388,S1O
112,C5,67,-4.435,S1O
112,C5,68,-3.459,S1O
112,C5,69,-2.970,S1O
112,C5,70,-2.970,S1O
112,C5,71,-1.506,S1O
112,C5,72,0.448,S1O
112,C5,73,1.912,S1O
112,C5,74,2.889,S1O
112,C5,75,2.401,S1O
112,C5,76,1.424,S1O
112,C5,77,0.448,S1O
112,C5,78,-1.017,S1O
112,C5,79,-1.506,S1O
112,C5,80,-2.970,S1O
112,C5,81,-2.970,S1O
112,C5,82,-1.506,S1O
112,C5,83,0.448,S1O
112,C5,84,1.912,S1O
112,C5,85,2.401,S1O
112,C5,86,1.424,S1O
112,C5,87,-0.529,S1O
112,C5,88,-1.506,S1O
112,C5,89,-1.994,S1O
112,C5,90,-1.017,S1O
112,C5,91,-0.529,S1O
112,C5,92,-1.017,S1O
112,C5,93,-1.994,S1O
112,C5,94,-2.482,S1O
112,C5,95,-1.994,S1O
112,C5,96,-1.017,S1O
112,C5,97,-0.041,S1O
112,C5,98,-0.529,S1O
112,C5,99,-1.506,S1O
112,C5,100,-2.482,S1O
112,C5,101,-2.482,S1O
112,C5,102,-1.994,S1O
112,C5,103,-1.506,S1O
112,C5,104,-1.506,S1O
112,C5,105,-1.994,S1O
112,C5,106,-1.994,S1O
112,C5,107,-1.506,S1O
112,C5,108,-0.529,S1O
112,C5,109,0.448,S1O
112,C5,110,0.448,S1O
112,C5,111,-0.041,S1O
112,C5,112,-1.017,S1O
112,C5,113,-1.506,S1O
112,C5,114,-1.017,S1O
112,C5,115,-1.017,S1O
112,C5,116,-1.017,S1O
112,C5,117,-1.506,S1O
112,C5,118,-2.482,S1O
112,C5,119,-3.459,S1O
112,C5,120,-3.459,S1O
112,C5,121,-2.482,S1O
112,C5,122,-1.017,S1O
112,C5,123,-0.041,S1O
112,C5,124,-0.041,S1O
112,C5,125,-0.529,S1O
112,C5,126,-1.506,S1O
112,C5,127,-2.482,S1O
112,C5,128,-2.482,S1O
112,C5,129,-2.482,S1O
112,C5,130,-2.482,S1O
112,C5,131,-3.947,S1O
112,C5,132,-4.924,S1O
112,C5,133,-5.900,S1O
112,C5,134,-4.435,S1O
112,C5,135,-2.970,S1O
112,C5,136,-1.017,S1O
112,C5,137,-0.041,S1O
112,C5,138,-0.529,S1O
112,C5,139,-1.994,S1O
112,C5,140,-2.970,S1O
112,C5,141,-2.970,S1O
112,C5,142,-1.506,S1O
112,C5,143,-0.041,S1O
112,C5,144,0.448,S1O
112,C5,145,-0.041,S1O
112,C5,146,-1.017,S1O
112,C5,147,-1.994,S1O
112,C5,148,-1.994,S1O
112,C5,149,-1.017,S1O
112,C5,150,-0.041,S1O
112,C5,151,-0.041,S1O
112,C5,152,-0.529,S1O
112,C5,153,-1.017,S1O
112,C5,154,-1.994,S1O
112,C5,155,-2.482,S1O
112,C5,156,-1.994,S1O
112,C5,157,-1.017,S1O
112,C5,158,-0.529,S1O
112,C5,159,-0.529,S1O
112,C5,160,-1.506,S1O
112,C5,161,-2.970,S1O
112,C5,162,-3.459,S1O
112,C5,163,-3.947,S1O
112,C5,164,-3.459,S1O
112,C5,165,-3.947,S1O
112,C5,166,-3.947,S1O
112,C5,167,-4.435,S1O
112,C5,168,-4.924,S1O
112,C5,169,-4.435,S1O
112,C5,170,-3.947,S1O
112,C5,171,-2.970,S1O
112,C5,172,-2.970,S1O
112,C5,173,-2.970,S1O
112,C5,174,-3.947,S1O
112,C5,175,-4.435,S1O
112,C5,176,-5.900,S1O
112,C5,177,-6.877,S1O
112,C5,178,-7.853,S1O
112,C5,179,-7.853,S1O
112,C5,180,-6.877,S1O
112,C5,181,-6.388,S1O
112,C5,182,-5.900,S1O
112,C5,183,-5.412,S1O
112,C5,184,-4.924,S1O
112,C5,185,-4.924,S1O
112,C5,186,-5.412,S1O
112,C5,187,-5.900,S1O
112,C5,188,-6.877,S1O
112,C5,189,-7.853,S1O
112,C5,190,-8.341,S1O
112,C5,191,-7.365,S1O
112,C5,192,-5.900,S1O
112,C5,193,-4.435,S1O
112,C5,194,-3.947,S1O
112,C5,195,-3.947,S1O
112,C5,196,-4.924,S1O
112,C5,197,-5.900,S1O
112,C5,198,-7.365,S1O
112,C5,199,-8.341,S1O
112,C5,200,-8.341,S1O
112,C5,201,-8.341,S1O
112,C5,202,-8.341,S1O
112,C5,203,-8.341,S1O
112,C5,204,-8.341,S1O
112,C5,205,-8.341,S1O
112,C5,206,-7.365,S1O
112,C5,207,-5.900,S1O
112,C5,208,-4.435,S1O
112,C5,209,-4.924,S1O
112,C5,210,-6.388,S1O
112,C5,211,-8.830,S1O
112,C5,212,-9.806,S1O
112,C5,213,-9.318,S1O
112,C5,214,-7.365,S1O
112,C5,215,-5.900,S1O
112,C5,216,-5.412,S1O
112,C5,217,-5.412,S1O
112,C5,218,-5.412,S1O
112,C5,219,-5.900,S1O
112,C5,220,-7.365,S1O
112,C5,221,-9.318,S1O
112,C5,222,-11.759,S1O
112,C5,223,-13.224,S1O
112,C5,224,-11.759,S1O
112,C5,225,-8.830,S1O
112,C5,226,-5.900,S1O
112,C5,227,-5.412,S1O
112,C5,228,-7.365,S1O
112,C5,229,-9.806,S1O
112,C5,230,-11.271,S1O
112,C5,231,-10.295,S1O
112,C5,232,-8.341,S1O
112,C5,233,-7.365,S1O
112,C5,234,-7.853,S1O
112,C5,235,-8.830,S1O
112,C5,236,-9.318,S1O
112,C5,237,-8.341,S1O
112,C5,238,-6.388,S1O
112,C5,239,-5.412,S1O
112,C5,240,-5.412,S1O
112,C5,241,-6.388,S1O
112,C5,242,-6.388,S1O
112,C5,243,-6.388,S1O
112,C5,244,-5.412,S1O
112,C5,245,-5.412,S1O
112,C5,246,-5.900,S1O
112,C5,247,-6.877,S1O
112,C5,248,-6.877,S1O
112,C5,249,-5.900,S1O
112,C5,250,-4.435,S1O
112,C5,251,-4.435,S1O
112,C5,252,-5.412,S1O
112,C5,253,-7.365,S1O
112,C5,254,-7.853,S1O
112,C5,255,-6.388,S1O
112,F2,0,-1.984,S1O
112,F2,1,-1.495,S1O
112,F2,2,-1.007,S1O
112,F2,3,-0.519,S1O
112,F2,4,-1.007,S1O
112,F2,5,-1.495,S1O
112,F2,6,-2.472,S1O
112,F2,7,-2.472,S1O
112,F2,8,-1.984,S1O
112,F2,9,-1.007,S1O
112,F2,10,-0.519,S1O
112,F2,11,-0.031,S1O
112,F2,12,-0.031,S1O
112,F2,13,-0.031,S1O
112,F2,14,-0.519,S1O
112,F2,15,-1.984,S1O
112,F2,16,-3.937,S1O
112,F2,17,-5.890,S1O
112,F2,18,-6.866,S1O
112,F2,19,-6.378,S1O
112,F2,20,-5.402,S1O
112,F2,21,-3.448,S1O
112,F2,22,-2.960,S1O
112,F2,23,-3.448,S1O
112,F2,24,-5.402,S1O
112,F2,25,-7.355,S1O
112,F2,26,-7.843,S1O
112,F2,27,-5.890,S1O
112,F2,28,-2.472,S1O
112,F2,29,-1.007,S1O
112,F2,30,-1.984,S1O
112,F2,31,-4.425,S1O
112,F2,32,-6.866,S1O
112,F2,33,-7.843,S1O
112,F2,34,-6.378,S1O
112,F2,35,-4.425,S1O
112,F2,36,-3.937,S1O
112,F2,37,-4.913,S1O
112,F2,38,-6.378,S1O
112,F2,39,-6.378,S1O
112,F2,40,-4.425,S1O
112,F2,41,-1.495,S1O
112,F2,42,-0.519,S1O
112,F2,43,-1.495,S1O
112,F2,44,-3.937,S1O
112,F2,45,-5.402,S1O
112,F2,46,-4.913,S1O
112,F2,47,-2.960,S1O
112,F2,48,-1.495,S1O
112,F2,49,-1.984,S1O
112,F2,50,-4.913,S1O
112,F2,51,-7.355,S1O
112,F2,52,-7.355,S1O
112,F2,53,-4.913,S1O
112,F2,54,-1.495,S1O
112,F2,55,0.458,S1O
112,F2,56,-0.519,S1O
112,F2,57,-3.937,S1O
112,F2,58,-6.378,S1O
112,F2,59,-6.378,S1O
112,F2,60,-2.960,S1O
112,F2,61,0.946,S1O
112,F2,62,3.876,S1O
112,F2,63,2.899,S1O
112,F2,64,-0.031,S1O
112,F2,65,-4.913,S1O
112,F2,66,-7.843,S1O
112,F2,67,-8.820,S1O
112,F2,68,-6.866,S1O
112,F2,69,-4.913,S1O
112,F2,70,-2.960,S1O
112,F2,71,-1.984,S1O
112,F2,72,-1.984,S1O
112,F2,73,-1.984,S1O
112,F2,74,-2.960,S1O
112,F2,75,-4.425,S1O
112,F2,76,-5.402,S1O
112,F2,77,-5.890,S1O
112,F2,78,-4.425,S1O
112,F2,79,-1.984,S1O
112,F2,80,0.458,S1O
112,F2,81,0.946,S1O
112,F2,82,-0.519,S1O
112,F2,83,-2.960,S1O
112,F2,84,-4.913,S1O
112,F2,85,-4.425,S1O
112,F2,86,-1.984,S1O
112,F2,87,-0.031,S1O
112,F2,88,0.458,S1O
112,F2,89,-1.007,S1O
112,F2,90,-3.448,S1O
112,F2,91,-5.890,S1O
112,F2,92,-5.890,S1O
112,F2,93,-5.402,S1O
112,F2,94,-4.425,S1O
112,F2,95,-3.448,S1O
112,F2,96,-2.960,S1O
112,F2,97,-1.984,S1O
112,F2,98,-2.472,S1O
112,F2,99,-3.937,S1O
112,F2,100,-6.378,S1O
112,F2,101,-9.308,S1O
112,F2,102,-9.796,S1O
112,F2,103,-7.843,S1O
112,F2,104,-4.913,S1O
112,F2,105,-2.472,S1O
112,F2,106,-2.472,S1O
112,F2,107,-4.913,S1O
112,F2,108,-6.866,S1O
112,F2,109,-7.843,S1O
112,F2,110,-7.843,S1O
112,F2,111,-6.866,S1O
112,F2,112,-6.378,S1O
112,F2,113,-6.866,S1O
112,F2,114,-8.820,S1O
112,F2,115,-9.796,S1O
112,F2,116,-10.284,S1O
112,F2,117,-9.308,S1O
112,F2,118,-8.331,S1O
112,F2,119,-7.355,S1O
112,F2,120,-7.843,S1O
112,F2,121,-8.820,S1O
112,F2,122,-9.796,S1O
112,F2,123,-10.284,S1O
112,F2,124,-9.796,S1O
112,F2,125,-8.820,S1O
112,F2,126,-7.843,S1O
112,F2,127,-7.355,S1O
112,F2,128,-7.355,S1O
112,F2,129,-7.355,S1O
112,F2,130,-7.355,S1O
112,F2,131,-7.843,S1O
112,F2,132,-8.331,S1O
112,F2,133,-9.308,S1O
112,F2,134,-9.796,S1O
112,F2,135,-9.796,S1O
112,F2,136,-9.308,S1O
112,F2,137,-8.820,S1O
112,F2,138,-9.308,S1O
112,F2,139,-10.284,S1O
112,F2,140,-11.261,S1O
112,F2,141,-11.261,S1O
112,F2,142,-9.796,S1O
112,F2,143,-7.843,S1O
112,F2,144,-5.890,S1O
112,F2,145,-5.890,S1O
112,F2,146,-6.866,S1O
112,F2,147,-9.308,S1O
112,F2,148,-11.261,S1O
112,F2,149,-12.238,S1O
112,F2,150,-11.749,S1O
112,F2,151,-10.773,S1O
112,F2,152,-9.308,S1O
112,F2,153,-8.820,S1O
112,F2,154,-9.308,S1O
112,F2,155,-11.261,S1O
112,F2,156,-13.214,S1O
112,F2,157,-14.191,S1O
112,F2,158,-13.702,S1O
112,F2,159,-12.726,S1O
112,F2,160,-11.261,S1O
112,F2,161,-9.796,S1O
112,F2,162,-9.308,S1O
112,F2,163,-9.796,S1O
112,F2,164,-9.796,S1O
112,F2,165,-10.284,S1O
112,F2,166,-10.284,S1O
112,F2,167,-10.773,S1O
112,F2,168,-11.749,S1O
112,F2,169,-12.726,S1O
112,F2,170,-13.702,S1O
112,F2,171,-13.702,S1O
112,F2,172,-12.238,S1O
112,F2,173,-10.284,S1O
112,F2,174,-9.308,S1O
112,F2,175,-9.308,S1O
112,F2,176,-11.261,S1O
112,F2,177,-12.726,S1O
112,F2,178,-13.214,S1O
112,F2,179,-11.749,S1O
112,F2,180,-9.796,S1O
112,F2,181,-8.820,S1O
112,F2,182,-9.308,S1O
112,F2,183,-11.749,S1O
112,F2,184,-14.191,S1O
112,F2,185,-15.167,S1O
112,F2,186,-14.191,S1O
112,F2,187,-11.749,S1O
112,F2,188,-9.796,S1O
112,F2,189,-9.308,S1O
112,F2,190,-10.773,S1O
112,F2,191,-12.726,S1O
112,F2,192,-14.191,S1O
112,F2,193,-13.702,S1O
112,F2,194,-12.238,S1O
112,F2,195,-11.749,S1O
112,F2,196,-11.749,S1O
112,F2,197,-13.214,S1O
112,F2,198,-14.191,S1O
112,F2,199,-14.191,S1O
112,F2,200,-13.214,S1O
112,F2,201,-12.238,S1O
112,F2,202,-12.238,S1O
112,F2,203,-12.726,S1O
112,F2,204,-13.702,S1O
112,F2,205,-13.702,S1O
112,F2,206,-12.726,S1O
112,F2,207,-12.238,S1O
112,F2,208,-11.749,S1O
112,F2,209,-12.238,S1O
112,F2,210,-11.749,S1O
112,F2,211,-11.261,S1O
112,F2,212,-10.773,S1O
112,F2,213,-11.749,S1O
112,F2,214,-13.214,S1O
112,F2,215,-14.679,S1O
112,F2,216,-15.167,S1O
112,F2,217,-13.702,S1O
112,F2,218,-12.238,S1O
112,F2,219,-11.749,S1O
112,F2,220,-13.214,S1O
112,F2,221,-15.167,S1O
112,F2,222,-16.144,S1O
112,F2,223,-15.656,S1O
112,F2,224,-14.191,S1O
112,F2,225,-12.726,S1O
112,F2,226,-12.238,S1O
112,F2,227,-13.214,S1O
112,F2,228,-15.167,S1O
112,F2,229,-16.632,S1O
112,F2,230,-16.632,S1O
112,F2,231,-16.144,S1O
112,F2,232,-14.679,S1O
112,F2,233,-13.702,S1O
112,F2,234,-12.726,S1O
112,F2,235,-13.214,S1O
112,F2,236,-13.702,S1O
112,F2,237,-13.702,S1O
112,F2,238,-13.214,S1O
112,F2,239,-11.261,S1O
112,F2,240,-10.284,S1O
112,F2,241,-10.284,S1O
112,F2,242,-10.284,S1O
112,F2,243,-10.773,S1O
112,F2,244,-10.773,S1O
112,F2,245,-9.796,S1O
112,F2,246,-8.820,S1O
112,F2,247,-8.820,S1O
112,F2,248,-10.284,S1O
112,F2,249,-11.749,S1O
112,F2,250,-11.749,S1O
112,F2,251,-10.284,S1O
112,F2,252,-8.331,S1O
112,F2,253,-7.355,S1O
112,F2,254,-8.331,S1O
112,F2,255,-10.773,S1O
112,F1,0,-1.577,S1O
112,F1,1,-1.088,S1O
112,F1,2,-0.112,S1O
112,F1,3,-0.112,S1O
112,F1,4,-0.600,S1O
112,F1,5,-1.577,S1O
112,F1,6,-3.042,S1O
112,F1,7,-4.018,S1O
112,F1,8,-3.042,S1O
112,F1,9,-1.577,S1O
112,F1,10,0.865,S1O
112,F1,11,1.841,S1O
112,F1,12,2.330,S1O
112,F1,13,0.865,S1O
112,F1,14,-1.088,S1O
112,F1,15,-3.042,S1O
112,F1,16,-4.506,S1O
112,F1,17,-5.483,S1O
112,F1,18,-5.971,S1O
112,F1,19,-6.460,S1O
112,F1,20,-6.460,S1O
112,F1,21,-5.971,S1O
112,F1,22,-5.483,S1O
112,F1,23,-5.483,S1O
112,F1,24,-5.483,S1O
112,F1,25,-6.460,S1O
112,F1,26,-6.460,S1O
112,F1,27,-5.971,S1O
112,F1,28,-4.995,S1O
112,F1,29,-4.506,S1O
112,F1,30,-4.995,S1O
112,F1,31,-6.460,S1O
112,F1,32,-7.436,S1O
112,F1,33,-7.436,S1O
112,F1,34,-6.460,S1O
112,F1,35,-5.483,S1O
112,F1,36,-5.483,S1O
112,F1,37,-6.460,S1O
112,F1,38,-7.436,S1O
112,F1,39,-6.460,S1O
112,F1,40,-4.018,S1O
112,F1,41,-0.600,S1O
112,F1,42,0.376,S1O
112,F1,43,-0.112,S1O
112,F1,44,-3.042,S1O
112,F1,45,-5.971,S1O
112,F1,46,-7.436,S1O
112,F1,47,-5.971,S1O
112,F1,48,-4.018,S1O
112,F1,49,-2.553,S1O
112,F1,50,-3.042,S1O
112,F1,51,-4.506,S1O
112,F1,52,-5.483,S1O
112,F1,53,-4.995,S1O
112,F1,54,-3.530,S1O
112,F1,55,-2.065,S1O
112,F1,56,-2.065,S1O
112,F1,57,-3.042,S1O
112,F1,58,-4.506,S1O
112,F1,59,-4.018,S1O
112,F1,60,-2.065,S1O
112,F1,61,0.376,S1O
112,F1,62,0.865,S1O
112,F1,63,-0.600,S1O
112,F1,64,-3.530,S1O
112,F1,65,-6.460,S1O
112,F1,66,-7.436,S1O
112,F1,67,-6.948,S1O
112,F1,68,-5.971,S1O
112,F1,69,-5.483,S1O
112,F1,70,-4.995,S1O
112,F1,71,-4.018,S1O
112,F1,72,-2.065,S1O
112,F1,73,-0.112,S1O
112,F1,74,0.865,S1O
112,F1,75,-0.600,S1O
112,F1,76,-4.018,S1O
112,F1,77,-6.460,S1O
112,F1,78,-7.436,S1O
112,F1,79,-5.971,S1O
112,F1,80,-3.042,S1O
112,F1,81,-1.088,S1O
112,F1,82,-0.600,S1O
112,F1,83,-2.065,S1O
112,F1,84,-4.506,S1O
112,F1,85,-6.460,S1O
112,F1,86,-6.460,S1O
112,F1,87,-5.483,S1O
112,F1,88,-4.018,S1O
112,F1,89,-2.553,S1O
112,F1,90,-3.042,S1O
112,F1,91,-4.506,S1O
112,F1,92,-6.460,S1O
112,F1,93,-7.436,S1O
112,F1,94,-7.436,S1O
112,F1,95,-5.971,S1O
112,F1,96,-4.018,S1O
112,F1,97,-2.553,S1O
112,F1,98,-3.042,S1O
112,F1,99,-4.995,S1O
112,F1,100,-7.924,S1O
112,F1,101,-9.389,S1O
112,F1,102,-8.413,S1O
112,F1,103,-5.971,S1O
112,F1,104,-4.018,S1O
112,F1,105,-3.530,S1O
112,F1,106,-4.995,S1O
112,F1,107,-6.948,S1O
112,F1,108,-7.924,S1O
112,F1,109,-7.436,S1O
112,F1,110,-6.460,S1O
112,F1,111,-5.483,S1O
112,F1,112,-5.483,S1O
112,F1,113,-6.948,S1O
112,F1,114,-8.413,S1O
112,F1,115,-9.389,S1O
112,F1,116,-9.389,S1O
112,F1,117,-8.413,S1O
112,F1,118,-7.924,S1O
112,F1,119,-7.924,S1O
112,F1,120,-7.924,S1O
112,F1,121,-8.413,S1O
112,F1,122,-8.413,S1O
112,F1,123,-7.436,S1O
112,F1,124,-6.948,S1O
112,F1,125,-5.971,S1O
112,F1,126,-5.971,S1O
112,F1,127,-6.948,S1O
112,F1,128,-8.413,S1O
112,F1,129,-8.901,S1O
112,F1,130,-8.413,S1O
112,F1,131,-7.436,S1O
112,F1,132,-6.948,S1O
112,F1,133,-7.436,S1O
112,F1,134,-8.413,S1O
112,F1,135,-8.901,S1O
112,F1,136,-9.389,S1O
112,F1,137,-9.878,S1O
112,F1,138,-9.878,S1O
112,F1,139,-9.878,S1O
112,F1,140,-9.878,S1O
112,F1,141,-9.389,S1O
112,F1,142,-8.413,S1O
112,F1,143,-7.436,S1O
112,F1,144,-5.971,S1O
112,F1,145,-5.483,S1O
112,F1,146,-5.483,S1O
112,F1,147,-6.460,S1O
112,F1,148,-7.924,S1O
112,F1,149,-9.389,S1O
112,F1,150,-10.366,S1O
112,F1,151,-9.878,S1O
112,F1,152,-8.901,S1O
112,F1,153,-8.413,S1O
112,F1,154,-7.924,S1O
112,F1,155,-9.389,S1O
112,F1,156,-11.342,S1O
112,F1,157,-12.319,S1O
112,F1,158,-12.807,S1O
112,F1,159,-11.831,S1O
112,F1,160,-11.342,S1O
112,F1,161,-10.366,S1O
112,F1,162,-10.366,S1O
112,F1,163,-10.366,S1O
112,F1,164,-9.878,S1O
112,F1,165,-9.878,S1O
112,F1,166,-9.878,S1O
112,F1,167,-10.366,S1O
112,F1,168,-11.831,S1O
112,F1,169,-12.807,S1O
112,F1,170,-13.295,S1O
112,F1,171,-13.295,S1O
112,F1,172,-11.831,S1O
112,F1,173,-10.366,S1O
112,F1,174,-9.389,S1O
112,F1,175,-10.366,S1O
112,F1,176,-11.831,S1O
112,F1,177,-13.295,S1O
112,F1,178,-13.784,S1O
112,F1,179,-13.295,S1O
112,F1,180,-11.831,S1O
112,F1,181,-10.854,S1O
112,F1,182,-10.366,S1O
112,F1,183,-11.342,S1O
112,F1,184,-12.319,S1O
112,F1,185,-13.295,S1O
112,F1,186,-12.807,S1O
112,F1,187,-12.319,S1O
112,F1,188,-11.342,S1O
112,F1,189,-10.854,S1O
112,F1,190,-10.854,S1O
112,F1,191,-11.831,S1O
112,F1,192,-12.807,S1O
112,F1,193,-13.295,S1O
112,F1,194,-12.807,S1O
112,F1,195,-12.319,S1O
112,F1,196,-12.319,S1O
112,F1,197,-12.807,S1O
112,F1,198,-13.295,S1O
112,F1,199,-12.807,S1O
112,F1,200,-12.319,S1O
112,F1,201,-11.831,S1O
112,F1,202,-12.319,S1O
112,F1,203,-13.295,S1O
112,F1,204,-14.272,S1O
112,F1,205,-14.760,S1O
112,F1,206,-13.295,S1O
112,F1,207,-11.831,S1O
112,F1,208,-10.366,S1O
112,F1,209,-9.878,S1O
112,F1,210,-10.366,S1O
112,F1,211,-10.854,S1O
112,F1,212,-11.342,S1O
112,F1,213,-11.342,S1O
112,F1,214,-10.854,S1O
112,F1,215,-11.342,S1O
112,F1,216,-11.342,S1O
112,F1,217,-11.342,S1O
112,F1,218,-10.366,S1O
112,F1,219,-10.366,S1O
112,F1,220,-10.854,S1O
112,F1,221,-12.319,S1O
112,F1,222,-14.760,S1O
112,F1,223,-15.249,S1O
112,F1,224,-14.760,S1O
112,F1,225,-12.319,S1O
112,F1,226,-10.854,S1O
112,F1,227,-11.342,S1O
112,F1,228,-13.295,S1O
112,F1,229,-16.225,S1O
112,F1,230,-17.202,S1O
112,F1,231,-16.225,S1O
112,F1,232,-13.784,S1O
112,F1,233,-11.342,S1O
112,F1,234,-11.342,S1O
112,F1,235,-12.319,S1O
112,F1,236,-14.272,S1O
112,F1,237,-14.272,S1O
112,F1,238,-13.784,S1O
112,F1,239,-11.831,S1O
112,F1,240,-10.366,S1O
112,F1,241,-9.878,S1O
112,F1,242,-9.878,S1O
112,F1,243,-9.878,S1O
112,F1,244,-9.389,S1O
112,F1,245,-9.389,S1O
112,F1,246,-9.878,S1O
112,F1,247,-10.366,S1O
112,F1,248,-10.854,S1O
112,F1,249,-9.878,S1O
112,F1,250,-8.901,S1O
112,F1,251,-7.924,S1O
112,F1,252,-7.924,S1O
112,F1,253,-9.389,S1O
112,F1,254,-10.854,S1O
112,F1,255,-11.342,S1O
112,TP8,0,4.110,S1O
112,TP8,1,3.133,S1O
112,TP8,2,1.180,S1O
112,TP8,3,0.692,S1O
112,TP8,4,0.692,S1O
112,TP8,5,1.180,S1O
112,TP8,6,1.180,S1O
112,TP8,7,2.157,S1O
112,TP8,8,3.621,S1O
112,TP8,9,5.086,S1O
112,TP8,10,6.551,S1O
112,TP8,11,5.575,S1O
112,TP8,12,3.133,S1O
112,TP8,13,-0.285,S1O
112,TP8,14,-2.726,S1O
112,TP8,15,-2.726,S1O
112,TP8,16,-1.750,S1O
112,TP8,17,-0.285,S1O
112,TP8,18,0.692,S1O
112,TP8,19,-0.285,S1O
112,TP8,20,-1.750,S1O
112,TP8,21,-2.726,S1O
112,TP8,22,-2.238,S1O
112,TP8,23,-1.261,S1O
112,TP8,24,0.203,S1O
112,TP8,25,0.203,S1O
112,TP8,26,-0.773,S1O
112,TP8,27,-3.215,S1O
112,TP8,28,-5.168,S1O
112,TP8,29,-5.656,S1O
112,TP8,30,-4.679,S1O
112,TP8,31,-2.726,S1O
112,TP8,32,-0.773,S1O
112,TP8,33,0.692,S1O
112,TP8,34,0.692,S1O
112,TP8,35,-0.285,S1O
112,TP8,36,-2.726,S1O
112,TP8,37,-5.168,S1O
112,TP8,38,-6.144,S1O
112,TP8,39,-5.656,S1O
112,TP8,40,-3.703,S1O
112,TP8,41,-1.750,S1O
112,TP8,42,-0.773,S1O
112,TP8,43,-0.773,S1O
112,TP8,44,-2.238,S1O
112,TP8,45,-4.191,S1O
112,TP8,46,-5.168,S1O
112,TP8,47,-4.679,S1O
112,TP8,48,-3.215,S1O
112,TP8,49,-2.726,S1O
112,TP8,50,-2.726,S1O
112,TP8,51,-3.703,S1O
112,TP8,52,-4.191,S1O
112,TP8,53,-4.191,S1O
112,TP8,54,-4.191,S1O
112,TP8,55,-4.679,S1O
112,TP8,56,-5.656,S1O
112,TP8,57,-7.121,S1O
112,TP8,58,-7.609,S1O
112,TP8,59,-7.609,S1O
112,TP8,60,-6.632,S1O
112,TP8,61,-6.144,S1O
112,TP8,62,-7.609,S1O
112,TP8,63,-9.562,S1O
112,TP8,64,-11.515,S1O
112,TP8,65,-12.980,S1O
112,TP8,66,-12.004,S1O
112,TP8,67,-10.050,S1O
112,TP8,68,-7.609,S1O
112,TP8,69,-6.144,S1O
112,TP8,70,-6.632,S1O
112,TP8,71,-8.586,S1O
112,TP8,72,-11.027,S1O
112,TP8,73,-13.468,S1O
112,TP8,74,-13.957,S1O
112,TP8,75,-12.004,S1O
112,TP8,76,-9.074,S1O
112,TP8,77,-5.168,S1O
112,TP8,78,-2.238,S1O
112,TP8,79,-0.285,S1O
112,TP8,80,0.203,S1O
112,TP8,81,-0.285,S1O
112,TP8,82,-0.285,S1O
112,TP8,83,-0.285,S1O
112,TP8,84,0.203,S1O
112,TP8,85,0.692,S1O
112,TP8,86,2.157,S1O
112,TP8,87,3.133,S1O
112,TP8,88,3.621,S1O
112,TP8,89,2.157,S1O
112,TP8,90,0.203,S1O
112,TP8,91,-1.750,S1O
112,TP8,92,-3.215,S1O
112,TP8,93,-3.703,S1O
112,TP8,94,-4.191,S1O
112,TP8,95,-5.656,S1O
112,TP8,96,-7.121,S1O
112,TP8,97,-9.074,S1O
112,TP8,98,-9.562,S1O
112,TP8,99,-8.586,S1O
112,TP8,100,-7.121,S1O
112,TP8,101,-7.121,S1O
112,TP8,102,-8.586,S1O
112,TP8,103,-10.539,S1O
112,TP8,104,-10.539,S1O
112,TP8,105,-9.074,S1O
112,TP8,106,-6.144,S1O
112,TP8,107,-4.191,S1O
112,TP8,108,-4.679,S1O
112,TP8,109,-8.097,S1O
112,TP8,110,-11.515,S1O
112,TP8,111,-13.957,S1O
112,TP8,112,-14.445,S1O
112,TP8,113,-13.468,S1O
112,TP8,114,-11.515,S1O
112,TP8,115,-10.539,S1O
112,TP8,116,-10.539,S1O
112,TP8,117,-11.515,S1O
112,TP8,118,-12.004,S1O
112,TP8,119,-12.492,S1O
112,TP8,120,-12.004,S1O
112,TP8,121,-11.027,S1O
112,TP8,122,-11.027,S1O
112,TP8,123,-12.004,S1O
112,TP8,124,-13.957,S1O
112,TP8,125,-15.910,S1O
112,TP8,126,-15.422,S1O
112,TP8,127,-13.957,S1O
112,TP8,128,-11.027,S1O
112,TP8,129,-9.562,S1O
112,TP8,130,-9.562,S1O
112,TP8,131,-11.027,S1O
112,TP8,132,-12.980,S1O
112,TP8,133,-12.980,S1O
112,TP8,134,-11.027,S1O
112,TP8,135,-7.609,S1O
112,TP8,136,-4.679,S1O
112,TP8,137,-3.703,S1O
112,TP8,138,-4.191,S1O
112,TP8,139,-6.144,S1O
112,TP8,140,-8.097,S1O
112,TP8,141,-10.539,S1O
112,TP8,142,-12.492,S1O
112,TP8,143,-13.468,S1O
112,TP8,144,-12.980,S1O
112,TP8,145,-11.027,S1O
112,TP8,146,-8.097,S1O
112,TP8,147,-5.656,S1O
112,TP8,148,-4.679,S1O
112,TP8,149,-5.168,S1O
112,TP8,150,-5.656,S1O
112,TP8,151,-5.656,S1O
112,TP8,152,-5.168,S1O
112,TP8,153,-4.191,S1O
112,TP8,154,-3.703,S1O
112,TP8,155,-3.703,S1O
112,TP8,156,-3.703,S1O
112,TP8,157,-2.726,S1O
112,TP8,158,-1.750,S1O
112,TP8,159,-2.238,S1O
112,TP8,160,-3.703,S1O
112,TP8,161,-5.656,S1O
112,TP8,162,-6.144,S1O
112,TP8,163,-5.168,S1O
112,TP8,164,-2.238,S1O
112,TP8,165,-0.285,S1O
112,TP8,166,-0.285,S1O
112,TP8,167,-2.238,S1O
112,TP8,168,-3.703,S1O
112,TP8,169,-4.191,S1O
112,TP8,170,-3.703,S1O
112,TP8,171,-3.703,S1O
112,TP8,172,-5.168,S1O
112,TP8,173,-7.121,S1O
112,TP8,174,-8.097,S1O
112,TP8,175,-7.121,S1O
112,TP8,176,-5.168,S1O
112,TP8,177,-4.191,S1O
112,TP8,178,-5.168,S1O
112,TP8,179,-8.097,S1O
112,TP8,180,-10.539,S1O
112,TP8,181,-10.539,S1O
112,TP8,182,-8.097,S1O
112,TP8,183,-4.679,S1O
112,TP8,184,-2.238,S1O
112,TP8,185,-2.726,S1O
112,TP8,186,-4.191,S1O
112,TP8,187,-6.632,S1O
112,TP8,188,-8.097,S1O
112,TP8,189,-9.074,S1O
112,TP8,190,-9.074,S1O
112,TP8,191,-9.562,S1O
112,TP8,192,-9.562,S1O
112,TP8,193,-9.562,S1O
112,TP8,194,-9.562,S1O
112,TP8,195,-9.562,S1O
112,TP8,196,-9.562,S1O
112,TP8,197,-10.539,S1O
112,TP8,198,-11.515,S1O
112,TP8,199,-12.492,S1O
112,TP8,200,-12.980,S1O
112,TP8,201,-12.492,S1O
112,TP8,202,-11.515,S1O
112,TP8,203,-9.562,S1O
112,TP8,204,-8.097,S1O
112,TP8,205,-7.121,S1O
112,TP8,206,-8.097,S1O
112,TP8,207,-10.539,S1O
112,TP8,208,-12.004,S1O
112,TP8,209,-12.980,S1O
112,TP8,210,-12.492,S1O
112,TP8,211,-11.515,S1O
112,TP8,212,-12.004,S1O
112,TP8,213,-13.957,S1O
112,TP8,214,-15.910,S1O
112,TP8,215,-16.886,S1O
112,TP8,216,-15.910,S1O
112,TP8,217,-13.468,S1O
112,TP8,218,-11.515,S1O
112,TP8,219,-11.027,S1O
112,TP8,220,-12.004,S1O
112,TP8,221,-12.980,S1O
112,TP8,222,-13.468,S1O
112,TP8,223,-12.492,S1O
112,TP8,224,-11.027,S1O
112,TP8,225,-11.027,S1O
112,TP8,226,-11.515,S1O
112,TP8,227,-12.492,S1O
112,TP8,228,-12.980,S1O
112,TP8,229,-12.492,S1O
112,TP8,230,-11.515,S1O
112,TP8,231,-11.027,S1O
112,TP8,232,-12.492,S1O
112,TP8,233,-13.957,S1O
112,TP8,234,-14.933,S1O
112,TP8,235,-13.468,S1O
112,TP8,236,-11.027,S1O
112,TP8,237,-9.074,S1O
112,TP8,238,-8.586,S1O
112,TP8,239,-9.074,S1O
112,TP8,240,-10.050,S1O
112,TP8,241,-9.562,S1O
112,TP8,242,-8.097,S1O
112,TP8,243,-7.609,S1O
112,TP8,244,-8.097,S1O
112,TP8,245,-10.539,S1O
112,TP8,246,-12.980,S1O
112,TP8,247,-13.468,S1O
112,TP8,248,-12.004,S1O
112,TP8,249,-9.074,S1O
112,TP8,250,-7.609,S1O
112,TP8,251,-8.586,S1O
112,TP8,252,-10.539,S1O
112,TP8,253,-12.492,S1O
112,TP8,254,-12.980,S1O
112,TP8,255,-12.492,S1O
112,TP7,0,3.794,S1O
112,TP7,1,3.306,S1O
112,TP7,2,2.330,S1O
112,TP7,3,1.353,S1O
112,TP7,4,1.353,S1O
112,TP7,5,2.818,S1O
112,TP7,6,4.771,S1O
112,TP7,7,6.724,S1O
112,TP7,8,8.677,S1O
112,TP7,9,8.677,S1O
112,TP7,10,7.212,S1O
112,TP7,11,4.771,S1O
112,TP7,12,2.818,S1O
112,TP7,13,0.865,S1O
112,TP7,14,0.376,S1O
112,TP7,15,-0.112,S1O
112,TP7,16,-0.600,S1O
112,TP7,17,-1.577,S1O
112,TP7,18,-3.042,S1O
112,TP7,19,-4.506,S1O
112,TP7,20,-5.483,S1O
112,TP7,21,-5.483,S1O
112,TP7,22,-5.483,S1O
112,TP7,23,-4.506,S1O
112,TP7,24,-3.042,S1O
112,TP7,25,-1.577,S1O
112,TP7,26,-1.088,S1O
112,TP7,27,-1.577,S1O
112,TP7,28,-4.018,S1O
112,TP7,29,-6.948,S1O
112,TP7,30,-7.924,S1O
112,TP7,31,-5.971,S1O
112,TP7,32,-2.553,S1O
112,TP7,33,0.865,S1O
112,TP7,34,0.865,S1O
112,TP7,35,-2.553,S1O
112,TP7,36,-7.436,S1O
112,TP7,37,-10.366,S1O
112,TP7,38,-9.878,S1O
112,TP7,39,-7.436,S1O
112,TP7,40,-4.506,S1O
112,TP7,41,-3.042,S1O
112,TP7,42,-3.042,S1O
112,TP7,43,-3.530,S1O
112,TP7,44,-4.506,S1O
112,TP7,45,-4.506,S1O
112,TP7,46,-4.995,S1O
112,TP7,47,-4.995,S1O
112,TP7,48,-4.506,S1O
112,TP7,49,-3.530,S1O
112,TP7,50,-2.065,S1O
112,TP7,51,0.376,S1O
112,TP7,52,2.330,S1O
112,TP7,53,3.306,S1O
112,TP7,54,3.306,S1O
112,TP7,55,2.818,S1O
112,TP7,56,1.353,S1O
112,TP7,57,-0.600,S1O
112,TP7,58,-2.065,S1O
112,TP7,59,-2.553,S1O
112,TP7,60,-3.530,S1O
112,TP7,61,-4.506,S1O
112,TP7,62,-5.483,S1O
112,TP7,63,-6.948,S1O
112,TP7,64,-8.413,S1O
112,TP7,65,-9.878,S1O
112,TP7,66,-10.854,S1O
112,TP7,67,-10.854,S1O
112,TP7,68,-10.366,S1O
112,TP7,69,-8.413,S1O
112,TP7,70,-5.971,S1O
112,TP7,71,-4.018,S1O
112,TP7,72,-2.553,S1O
112,TP7,73,-2.065,S1O
112,TP7,74,-2.553,S1O
112,TP7,75,-2.065,S1O
112,TP7,76,-1.088,S1O
112,TP7,77,0.376,S1O
112,TP7,78,0.865,S1O
112,TP7,79,-1.088,S1O
112,TP7,80,-4.018,S1O
112,TP7,81,-5.483,S1O
112,TP7,82,-5.483,S1O
112,TP7,83,-3.042,S1O
112,TP7,84,-0.600,S1O
112,TP7,85,0.376,S1O
112,TP7,86,-0.600,S1O
112,TP7,87,-3.530,S1O
112,TP7,88,-5.971,S1O
112,TP7,89,-6.948,S1O
112,TP7,90,-6.460,S1O
112,TP7,91,-4.506,S1O
112,TP7,92,-3.530,S1O
112,TP7,93,-3.530,S1O
112,TP7,94,-4.506,S1O
112,TP7,95,-6.460,S1O
112,TP7,96,-8.413,S1O
112,TP7,97,-9.878,S1O
112,TP7,98,-10.366,S1O
112,TP7,99,-8.901,S1O
112,TP7,100,-6.460,S1O
112,TP7,101,-3.530,S1O
112,TP7,102,-2.553,S1O
112,TP7,103,-3.530,S1O
112,TP7,104,-5.971,S1O
112,TP7,105,-7.436,S1O
112,TP7,106,-6.948,S1O
112,TP7,107,-5.483,S1O
112,TP7,108,-4.506,S1O
112,TP7,109,-6.460,S1O
112,TP7,110,-9.389,S1O
112,TP7,111,-11.342,S1O
112,TP7,112,-10.854,S1O
112,TP7,113,-7.436,S1O
112,TP7,114,-3.530,S1O
112,TP7,115,-2.553,S1O
112,TP7,116,-4.506,S1O
112,TP7,117,-7.924,S1O
112,TP7,118,-10.854,S1O
112,TP7,119,-11.342,S1O
112,TP7,120,-9.389,S1O
112,TP7,121,-6.460,S1O
112,TP7,122,-4.995,S1O
112,TP7,123,-5.483,S1O
112,TP7,124,-7.924,S1O
112,TP7,125,-9.878,S1O
112,TP7,126,-10.854,S1O
112,TP7,127,-10.366,S1O
112,TP7,128,-9.389,S1O
112,TP7,129,-7.924,S1O
112,TP7,130,-6.948,S1O
112,TP7,131,-6.460,S1O
112,TP7,132,-6.460,S1O
112,TP7,133,-5.971,S1O
112,TP7,134,-5.971,S1O
112,TP7,135,-4.995,S1O
112,TP7,136,-4.018,S1O
112,TP7,137,-2.553,S1O
112,TP7,138,-1.577,S1O
112,TP7,139,-2.065,S1O
112,TP7,140,-3.530,S1O
112,TP7,141,-5.971,S1O
112,TP7,142,-6.948,S1O
112,TP7,143,-6.460,S1O
112,TP7,144,-4.506,S1O
112,TP7,145,-2.065,S1O
112,TP7,146,-1.088,S1O
112,TP7,147,-1.577,S1O
112,TP7,148,-2.553,S1O
112,TP7,149,-3.530,S1O
112,TP7,150,-4.018,S1O
112,TP7,151,-3.530,S1O
112,TP7,152,-3.530,S1O
112,TP7,153,-4.018,S1O
112,TP7,154,-4.995,S1O
112,TP7,155,-5.971,S1O
112,TP7,156,-5.483,S1O
112,TP7,157,-4.506,S1O
112,TP7,158,-4.018,S1O
112,TP7,159,-4.018,S1O
112,TP7,160,-4.506,S1O
112,TP7,161,-4.995,S1O
112,TP7,162,-5.483,S1O
112,TP7,163,-4.995,S1O
112,TP7,164,-5.483,S1O
112,TP7,165,-6.460,S1O
112,TP7,166,-6.948,S1O
112,TP7,167,-7.436,S1O
112,TP7,168,-6.948,S1O
112,TP7,169,-5.971,S1O
112,TP7,170,-5.483,S1O
112,TP7,171,-5.971,S1O
112,TP7,172,-6.948,S1O
112,TP7,173,-7.924,S1O
112,TP7,174,-7.436,S1O
112,TP7,175,-5.971,S1O
112,TP7,176,-5.971,S1O
112,TP7,177,-6.948,S1O
112,TP7,178,-9.389,S1O
112,TP7,179,-11.831,S1O
112,TP7,180,-12.319,S1O
112,TP7,181,-11.831,S1O
112,TP7,182,-10.366,S1O
112,TP7,183,-8.901,S1O
112,TP7,184,-7.924,S1O
112,TP7,185,-7.436,S1O
112,TP7,186,-7.924,S1O
112,TP7,187,-10.366,S1O
112,TP7,188,-12.807,S1O
112,TP7,189,-14.760,S1O
112,TP7,190,-14.760,S1O
112,TP7,191,-12.807,S1O
112,TP7,192,-10.366,S1O
112,TP7,193,-8.901,S1O
112,TP7,194,-9.389,S1O
112,TP7,195,-11.342,S1O
112,TP7,196,-12.807,S1O
112,TP7,197,-13.784,S1O
112,TP7,198,-14.760,S1O
112,TP7,199,-16.713,S1O
112,TP7,200,-17.690,S1O
112,TP7,201,-18.178,S1O
112,TP7,202,-16.713,S1O
112,TP7,203,-14.760,S1O
112,TP7,204,-13.295,S1O
112,TP7,205,-13.295,S1O
112,TP7,206,-14.760,S1O
112,TP7,207,-15.249,S1O
112,TP7,208,-14.272,S1O
112,TP7,209,-11.831,S1O
112,TP7,210,-9.389,S1O
112,TP7,211,-9.389,S1O
112,TP7,212,-11.831,S1O
112,TP7,213,-14.760,S1O
112,TP7,214,-15.737,S1O
112,TP7,215,-15.249,S1O
112,TP7,216,-13.784,S1O
112,TP7,217,-12.807,S1O
112,TP7,218,-12.807,S1O
112,TP7,219,-13.295,S1O
112,TP7,220,-13.784,S1O
112,TP7,221,-13.784,S1O
112,TP7,222,-13.295,S1O
112,TP7,223,-13.784,S1O
112,TP7,224,-14.760,S1O
112,TP7,225,-15.737,S1O
112,TP7,226,-16.225,S1O
112,TP7,227,-16.225,S1O
112,TP7,228,-16.225,S1O
112,TP7,229,-16.713,S1O
112,TP7,230,-16.713,S1O
112,TP7,231,-16.713,S1O
112,TP7,232,-16.225,S1O
112,TP7,233,-15.249,S1O
112,TP7,234,-13.784,S1O
112,TP7,235,-12.319,S1O
112,TP7,236,-11.342,S1O
112,TP7,237,-10.854,S1O
112,TP7,238,-11.831,S1O
112,TP7,239,-12.807,S1O
112,TP7,240,-13.784,S1O
112,TP7,241,-14.272,S1O
112,TP7,242,-14.272,S1O
112,TP7,243,-13.295,S1O
112,TP7,244,-12.319,S1O
112,TP7,245,-11.342,S1O
112,TP7,246,-10.366,S1O
112,TP7,247,-9.878,S1O
112,TP7,248,-9.389,S1O
112,TP7,249,-9.878,S1O
112,TP7,250,-11.342,S1O
112,TP7,251,-13.784,S1O
112,TP7,252,-15.737,S1O
112,TP7,253,-16.713,S1O
112,TP7,254,-15.249,S1O
112,TP7,255,-13.295,S1O
112,AFZ,0,2.167,S1O
112,AFZ,1,2.167,S1O
112,AFZ,2,2.167,S1O
112,AFZ,3,1.678,S1O
112,AFZ,4,0.702,S1O
112,AFZ,5,-1.251,S1O
112,AFZ,6,-2.716,S1O
112,AFZ,7,-2.716,S1O
112,AFZ,8,-1.740,S1O
112,AFZ,9,0.214,S1O
112,AFZ,10,1.678,S1O
112,AFZ,11,2.167,S1O
112,AFZ,12,1.190,S1O
112,AFZ,13,-0.275,S1O
112,AFZ,14,-1.740,S1O
112,AFZ,15,-2.716,S1O
112,AFZ,16,-3.693,S1O
112,AFZ,17,-5.157,S1O
112,AFZ,18,-6.622,S1O
112,AFZ,19,-7.599,S1O
112,AFZ,20,-7.599,S1O
112,AFZ,21,-5.646,S1O
112,AFZ,22,-4.181,S1O
112,AFZ,23,-3.693,S1O
112,AFZ,24,-5.157,S1O
112,AFZ,25,-7.599,S1O
112,AFZ,26,-9.064,S1O
112,AFZ,27,-8.087,S1O
112,AFZ,28,-6.134,S1O
112,AFZ,29,-4.181,S1O
112,AFZ,30,-4.669,S1O
112,AFZ,31,-6.622,S1O
112,AFZ,32,-8.087,S1O
112,AFZ,33,-8.575,S1O
112,AFZ,34,-7.111,S1O
112,AFZ,35,-5.646,S1O
112,AFZ,36,-6.622,S1O
112,AFZ,37,-8.575,S1O
112,AFZ,38,-10.529,S1O
112,AFZ,39,-9.552,S1O
112,AFZ,40,-6.134,S1O
112,AFZ,41,-1.740,S1O
112,AFZ,42,-0.275,S1O
112,AFZ,43,-2.228,S1O
112,AFZ,44,-6.622,S1O
112,AFZ,45,-10.529,S1O
112,AFZ,46,-11.017,S1O
112,AFZ,47,-8.575,S1O
112,AFZ,48,-5.646,S1O
112,AFZ,49,-5.157,S1O
112,AFZ,50,-7.111,S1O
112,AFZ,51,-9.552,S1O
112,AFZ,52,-11.017,S1O
112,AFZ,53,-9.064,S1O
112,AFZ,54,-6.134,S1O
112,AFZ,55,-4.181,S1O
112,AFZ,56,-4.181,S1O
112,AFZ,57,-6.622,S1O
112,AFZ,58,-8.575,S1O
112,AFZ,59,-8.575,S1O
112,AFZ,60,-6.134,S1O
112,AFZ,61,-2.716,S1O
112,AFZ,62,-0.275,S1O
112,AFZ,63,-0.763,S1O
112,AFZ,64,-3.693,S1O
112,AFZ,65,-7.111,S1O
112,AFZ,66,-9.064,S1O
112,AFZ,67,-9.552,S1O
112,AFZ,68,-9.064,S1O
112,AFZ,69,-9.064,S1O
112,AFZ,70,-8.575,S1O
112,AFZ,71,-7.599,S1O
112,AFZ,72,-5.646,S1O
112,AFZ,73,-3.693,S1O
112,AFZ,74,-3.204,S1O
112,AFZ,75,-4.669,S1O
112,AFZ,76,-8.087,S1O
112,AFZ,77,-11.017,S1O
112,AFZ,78,-11.505,S1O
112,AFZ,79,-9.552,S1O
112,AFZ,80,-5.157,S1O
112,AFZ,81,-2.228,S1O
112,AFZ,82,-2.228,S1O
112,AFZ,83,-4.669,S1O
112,AFZ,84,-7.599,S1O
112,AFZ,85,-9.064,S1O
112,AFZ,86,-7.599,S1O
112,AFZ,87,-4.669,S1O
112,AFZ,88,-2.716,S1O
112,AFZ,89,-2.228,S1O
112,AFZ,90,-3.693,S1O
112,AFZ,91,-6.134,S1O
112,AFZ,92,-8.087,S1O
112,AFZ,93,-9.064,S1O
112,AFZ,94,-8.575,S1O
112,AFZ,95,-7.599,S1O
112,AFZ,96,-5.646,S1O
112,AFZ,97,-4.669,S1O
112,AFZ,98,-4.669,S1O
112,AFZ,99,-7.111,S1O
112,AFZ,100,-10.040,S1O
112,AFZ,101,-12.970,S1O
112,AFZ,102,-13.947,S1O
112,AFZ,103,-12.482,S1O
112,AFZ,104,-9.552,S1O
112,AFZ,105,-7.111,S1O
112,AFZ,106,-6.622,S1O
112,AFZ,107,-8.087,S1O
112,AFZ,108,-10.529,S1O
112,AFZ,109,-11.505,S1O
112,AFZ,110,-11.993,S1O
112,AFZ,111,-11.993,S1O
112,AFZ,112,-11.505,S1O
112,AFZ,113,-11.993,S1O
112,AFZ,114,-12.970,S1O
112,AFZ,115,-13.947,S1O
112,AFZ,116,-14.435,S1O
112,AFZ,117,-14.435,S1O
112,AFZ,118,-14.435,S1O
112,AFZ,119,-14.435,S1O
112,AFZ,120,-14.435,S1O
112,AFZ,121,-14.435,S1O
112,AFZ,122,-14.435,S1O
112,AFZ,123,-14.435,S1O
112,AFZ,124,-14.435,S1O
112,AFZ,125,-14.435,S1O
112,AFZ,126,-14.923,S1O
112,AFZ,127,-15.900,S1O
112,AFZ,128,-16.876,S1O
112,AFZ,129,-16.876,S1O
112,AFZ,130,-15.411,S1O
112,AFZ,131,-14.435,S1O
112,AFZ,132,-13.947,S1O
112,AFZ,133,-13.947,S1O
112,AFZ,134,-14.923,S1O
112,AFZ,135,-15.900,S1O
112,AFZ,136,-16.876,S1O
112,AFZ,137,-16.876,S1O
112,AFZ,138,-17.853,S1O
112,AFZ,139,-18.341,S1O
112,AFZ,140,-17.853,S1O
112,AFZ,141,-16.388,S1O
112,AFZ,142,-13.947,S1O
112,AFZ,143,-11.993,S1O
112,AFZ,144,-11.017,S1O
112,AFZ,145,-11.505,S1O
112,AFZ,146,-12.482,S1O
112,AFZ,147,-13.947,S1O
112,AFZ,148,-14.923,S1O
112,AFZ,149,-14.923,S1O
112,AFZ,150,-15.411,S1O
112,AFZ,151,-15.900,S1O
112,AFZ,152,-16.388,S1O
112,AFZ,153,-16.388,S1O
112,AFZ,154,-15.900,S1O
112,AFZ,155,-15.411,S1O
112,AFZ,156,-15.411,S1O
112,AFZ,157,-15.411,S1O
112,AFZ,158,-16.388,S1O
112,AFZ,159,-16.876,S1O
112,AFZ,160,-16.876,S1O
112,AFZ,161,-15.900,S1O
112,AFZ,162,-14.923,S1O
112,AFZ,163,-14.435,S1O
112,AFZ,164,-14.435,S1O
112,AFZ,165,-14.923,S1O
112,AFZ,166,-15.411,S1O
112,AFZ,167,-15.900,S1O
112,AFZ,168,-16.876,S1O
112,AFZ,169,-18.341,S1O
112,AFZ,170,-19.318,S1O
112,AFZ,171,-18.829,S1O
112,AFZ,172,-17.365,S1O
112,AFZ,173,-14.923,S1O
112,AFZ,174,-13.458,S1O
112,AFZ,175,-13.947,S1O
112,AFZ,176,-15.900,S1O
112,AFZ,177,-17.853,S1O
112,AFZ,178,-18.829,S1O
112,AFZ,179,-17.853,S1O
112,AFZ,180,-16.388,S1O
112,AFZ,181,-15.411,S1O
112,AFZ,182,-15.900,S1O
112,AFZ,183,-17.365,S1O
112,AFZ,184,-19.806,S1O
112,AFZ,185,-21.271,S1O
112,AFZ,186,-21.271,S1O
112,AFZ,187,-19.806,S1O
112,AFZ,188,-18.341,S1O
112,AFZ,189,-17.853,S1O
112,AFZ,190,-18.829,S1O
112,AFZ,191,-20.294,S1O
112,AFZ,192,-21.271,S1O
112,AFZ,193,-21.271,S1O
112,AFZ,194,-20.294,S1O
112,AFZ,195,-19.806,S1O
112,AFZ,196,-19.318,S1O
112,AFZ,197,-20.294,S1O
112,AFZ,198,-21.271,S1O
112,AFZ,199,-21.271,S1O
112,AFZ,200,-20.782,S1O
112,AFZ,201,-19.806,S1O
112,AFZ,202,-19.318,S1O
112,AFZ,203,-19.806,S1O
112,AFZ,204,-20.294,S1O
112,AFZ,205,-20.294,S1O
112,AFZ,206,-19.806,S1O
112,AFZ,207,-18.829,S1O
112,AFZ,208,-17.853,S1O
112,AFZ,209,-17.365,S1O
112,AFZ,210,-17.853,S1O
112,AFZ,211,-17.853,S1O
112,AFZ,212,-18.341,S1O
112,AFZ,213,-18.829,S1O
112,AFZ,214,-18.829,S1O
112,AFZ,215,-19.318,S1O
112,AFZ,216,-19.806,S1O
112,AFZ,217,-19.806,S1O
112,AFZ,218,-19.806,S1O
112,AFZ,219,-19.806,S1O
112,AFZ,220,-20.782,S1O
112,AFZ,221,-22.247,S1O
112,AFZ,222,-23.224,S1O
112,AFZ,223,-23.712,S1O
112,AFZ,224,-22.736,S1O
112,AFZ,225,-22.247,S1O
112,AFZ,226,-22.247,S1O
112,AFZ,227,-22.736,S1O
112,AFZ,228,-24.200,S1O
112,AFZ,229,-25.177,S1O
112,AFZ,230,-25.665,S1O
112,AFZ,231,-24.200,S1O
112,AFZ,232,-22.247,S1O
112,AFZ,233,-20.782,S1O
112,AFZ,234,-21.271,S1O
112,AFZ,235,-22.736,S1O
112,AFZ,236,-24.200,S1O
112,AFZ,237,-24.200,S1O
112,AFZ,238,-22.736,S1O
112,AFZ,239,-20.294,S1O
112,AFZ,240,-18.341,S1O
112,AFZ,241,-17.853,S1O
112,AFZ,242,-19.318,S1O
112,AFZ,243,-20.782,S1O
112,AFZ,244,-21.271,S1O
112,AFZ,245,-20.294,S1O
112,AFZ,246,-18.829,S1O
112,AFZ,247,-17.853,S1O
112,AFZ,248,-17.853,S1O
112,AFZ,249,-18.341,S1O
112,AFZ,250,-18.829,S1O
112,AFZ,251,-18.829,S1O
112,AFZ,252,-18.341,S1O
112,AFZ,253,-18.341,S1O
112,AFZ,254,-19.806,S1O
112,AFZ,255,-21.271,S1O
112,CP3,0,0.437,S1O
112,CP3,1,0.437,S1O
112,CP3,2,0.926,S1O
112,CP3,3,1.902,S1O
112,CP3,4,2.879,S1O
112,CP3,5,3.367,S1O
112,CP3,6,3.367,S1O
112,CP3,7,3.855,S1O
112,CP3,8,4.344,S1O
112,CP3,9,4.832,S1O
112,CP3,10,4.344,S1O
112,CP3,11,2.879,S1O
112,CP3,12,1.414,S1O
112,CP3,13,-0.051,S1O
112,CP3,14,-1.516,S1O
112,CP3,15,-2.492,S1O
112,CP3,16,-2.492,S1O
112,CP3,17,-1.516,S1O
112,CP3,18,-1.027,S1O
112,CP3,19,-1.027,S1O
112,CP3,20,-1.516,S1O
112,CP3,21,-2.492,S1O
112,CP3,22,-2.981,S1O
112,CP3,23,-2.981,S1O
112,CP3,24,-2.492,S1O
112,CP3,25,-1.027,S1O
112,CP3,26,-0.539,S1O
112,CP3,27,-1.027,S1O
112,CP3,28,-1.516,S1O
112,CP3,29,-2.492,S1O
112,CP3,30,-2.004,S1O
112,CP3,31,-2.004,S1O
112,CP3,32,-1.516,S1O
112,CP3,33,-1.516,S1O
112,CP3,34,-2.492,S1O
112,CP3,35,-3.469,S1O
112,CP3,36,-4.445,S1O
112,CP3,37,-5.422,S1O
112,CP3,38,-5.422,S1O
112,CP3,39,-5.422,S1O
112,CP3,40,-4.934,S1O
112,CP3,41,-3.957,S1O
112,CP3,42,-3.957,S1O
112,CP3,43,-3.957,S1O
112,CP3,44,-3.957,S1O
112,CP3,45,-4.445,S1O
112,CP3,46,-4.445,S1O
112,CP3,47,-3.957,S1O
112,CP3,48,-2.981,S1O
112,CP3,49,-1.516,S1O
112,CP3,50,-0.539,S1O
112,CP3,51,0.437,S1O
112,CP3,52,0.926,S1O
112,CP3,53,-0.051,S1O
112,CP3,54,-1.027,S1O
112,CP3,55,-1.516,S1O
112,CP3,56,-1.516,S1O
112,CP3,57,-0.539,S1O
112,CP3,58,-0.051,S1O
112,CP3,59,-0.539,S1O
112,CP3,60,-1.516,S1O
112,CP3,61,-2.981,S1O
112,CP3,62,-4.445,S1O
112,CP3,63,-4.934,S1O
112,CP3,64,-4.934,S1O
112,CP3,65,-4.934,S1O
112,CP3,66,-4.445,S1O
112,CP3,67,-3.469,S1O
112,CP3,68,-2.004,S1O
112,CP3,69,-0.051,S1O
112,CP3,70,0.926,S1O
112,CP3,71,0.926,S1O
112,CP3,72,0.437,S1O
112,CP3,73,-0.051,S1O
112,CP3,74,-0.051,S1O
112,CP3,75,0.437,S1O
112,CP3,76,1.414,S1O
112,CP3,77,1.414,S1O
112,CP3,78,-0.051,S1O
112,CP3,79,-1.516,S1O
112,CP3,80,-2.492,S1O
112,CP3,81,-1.516,S1O
112,CP3,82,0.437,S1O
112,CP3,83,2.391,S1O
112,CP3,84,2.391,S1O
112,CP3,85,1.902,S1O
112,CP3,86,0.437,S1O
112,CP3,87,-0.539,S1O
112,CP3,88,-0.539,S1O
112,CP3,89,-0.539,S1O
112,CP3,90,-0.539,S1O
112,CP3,91,-1.516,S1O
112,CP3,92,-2.004,S1O
112,CP3,93,-2.004,S1O
112,CP3,94,-1.516,S1O
112,CP3,95,-1.516,S1O
112,CP3,96,-2.492,S1O
112,CP3,97,-2.981,S1O
112,CP3,98,-3.469,S1O
112,CP3,99,-2.981,S1O
112,CP3,100,-2.492,S1O
112,CP3,101,-2.492,S1O
112,CP3,102,-2.981,S1O
112,CP3,103,-3.469,S1O
112,CP3,104,-3.469,S1O
112,CP3,105,-2.004,S1O
112,CP3,106,-0.051,S1O
112,CP3,107,0.437,S1O
112,CP3,108,-0.051,S1O
112,CP3,109,-1.516,S1O
112,CP3,110,-2.981,S1O
112,CP3,111,-2.981,S1O
112,CP3,112,-2.492,S1O
112,CP3,113,-1.516,S1O
112,CP3,114,-2.004,S1O
112,CP3,115,-2.492,S1O
112,CP3,116,-2.981,S1O
112,CP3,117,-2.981,S1O
112,CP3,118,-2.981,S1O
112,CP3,119,-2.492,S1O
112,CP3,120,-2.492,S1O
112,CP3,121,-1.516,S1O
112,CP3,122,-1.027,S1O
112,CP3,123,-1.027,S1O
112,CP3,124,-1.027,S1O
112,CP3,125,-1.516,S1O
112,CP3,126,-2.492,S1O
112,CP3,127,-2.492,S1O
112,CP3,128,-2.004,S1O
112,CP3,129,-1.516,S1O
112,CP3,130,-1.516,S1O
112,CP3,131,-2.492,S1O
112,CP3,132,-2.492,S1O
112,CP3,133,-2.004,S1O
112,CP3,134,-1.027,S1O
112,CP3,135,-0.539,S1O
112,CP3,136,-0.051,S1O
112,CP3,137,0.437,S1O
112,CP3,138,0.437,S1O
112,CP3,139,0.437,S1O
112,CP3,140,0.926,S1O
112,CP3,141,0.437,S1O
112,CP3,142,0.437,S1O
112,CP3,143,0.437,S1O
112,CP3,144,0.437,S1O
112,CP3,145,0.437,S1O
112,CP3,146,0.926,S1O
112,CP3,147,0.926,S1O
112,CP3,148,1.902,S1O
112,CP3,149,2.391,S1O
112,CP3,150,2.391,S1O
112,CP3,151,2.391,S1O
112,CP3,152,1.902,S1O
112,CP3,153,1.414,S1O
112,CP3,154,1.414,S1O
112,CP3,155,1.414,S1O
112,CP3,156,1.902,S1O
112,CP3,157,2.391,S1O
112,CP3,158,1.902,S1O
112,CP3,159,1.902,S1O
112,CP3,160,0.926,S1O
112,CP3,161,0.926,S1O
112,CP3,162,0.926,S1O
112,CP3,163,1.414,S1O
112,CP3,164,1.414,S1O
112,CP3,165,1.414,S1O
112,CP3,166,1.414,S1O
112,CP3,167,0.926,S1O
112,CP3,168,0.437,S1O
112,CP3,169,0.437,S1O
112,CP3,170,0.437,S1O
112,CP3,171,0.926,S1O
112,CP3,172,0.926,S1O
112,CP3,173,0.926,S1O
112,CP3,174,0.437,S1O
112,CP3,175,-0.051,S1O
112,CP3,176,-0.539,S1O
112,CP3,177,-1.027,S1O
112,CP3,178,-1.027,S1O
112,CP3,179,-1.027,S1O
112,CP3,180,-1.027,S1O
112,CP3,181,-0.539,S1O
112,CP3,182,-0.539,S1O
112,CP3,183,-0.051,S1O
112,CP3,184,-0.051,S1O
112,CP3,185,-0.539,S1O
112,CP3,186,-1.516,S1O
112,CP3,187,-2.981,S1O
112,CP3,188,-4.934,S1O
112,CP3,189,-4.934,S1O
112,CP3,190,-3.957,S1O
112,CP3,191,-2.492,S1O
112,CP3,192,-1.027,S1O
112,CP3,193,-0.539,S1O
112,CP3,194,-1.027,S1O
112,CP3,195,-1.027,S1O
112,CP3,196,-1.516,S1O
112,CP3,197,-2.492,S1O
112,CP3,198,-2.981,S1O
112,CP3,199,-4.445,S1O
112,CP3,200,-5.422,S1O
112,CP3,201,-4.934,S1O
112,CP3,202,-3.957,S1O
112,CP3,203,-2.981,S1O
112,CP3,204,-2.492,S1O
112,CP3,205,-2.981,S1O
112,CP3,206,-3.469,S1O
112,CP3,207,-2.981,S1O
112,CP3,208,-2.004,S1O
112,CP3,209,-1.516,S1O
112,CP3,210,-2.492,S1O
112,CP3,211,-3.957,S1O
112,CP3,212,-4.934,S1O
112,CP3,213,-4.934,S1O
112,CP3,214,-3.957,S1O
112,CP3,215,-3.469,S1O
112,CP3,216,-2.981,S1O
112,CP3,217,-3.469,S1O
112,CP3,218,-3.957,S1O
112,CP3,219,-3.957,S1O
112,CP3,220,-4.934,S1O
112,CP3,221,-5.910,S1O
112,CP3,222,-6.399,S1O
112,CP3,223,-6.399,S1O
112,CP3,224,-5.422,S1O
112,CP3,225,-3.469,S1O
112,CP3,226,-2.981,S1O
112,CP3,227,-3.469,S1O
112,CP3,228,-4.445,S1O
112,CP3,229,-4.934,S1O
112,CP3,230,-4.445,S1O
112,CP3,231,-3.957,S1O
112,CP3,232,-3.957,S1O
112,CP3,233,-4.934,S1O
112,CP3,234,-5.910,S1O
112,CP3,235,-5.910,S1O
112,CP3,236,-4.445,S1O
112,CP3,237,-2.492,S1O
112,CP3,238,-2.492,S1O
112,CP3,239,-3.469,S1O
112,CP3,240,-3.957,S1O
112,CP3,241,-4.445,S1O
112,CP3,242,-3.957,S1O
112,CP3,243,-2.981,S1O
112,CP3,244,-2.981,S1O
112,CP3,245,-3.469,S1O
112,CP3,246,-3.469,S1O
112,CP3,247,-2.981,S1O
112,CP3,248,-1.516,S1O
112,CP3,249,-0.539,S1O
112,CP3,250,-1.027,S1O
112,CP3,251,-2.981,S1O
112,CP3,252,-4.445,S1O
112,CP3,253,-4.445,S1O
112,CP3,254,-2.981,S1O
112,CP3,255,-1.516,S1O
112,CP4,0,0.102,S1O
112,CP4,1,-0.387,S1O
112,CP4,2,-0.875,S1O
112,CP4,3,-1.363,S1O
112,CP4,4,-1.363,S1O
112,CP4,5,-0.387,S1O
112,CP4,6,0.102,S1O
112,CP4,7,0.590,S1O
112,CP4,8,1.078,S1O
112,CP4,9,1.078,S1O
112,CP4,10,0.590,S1O
112,CP4,11,-0.387,S1O
112,CP4,12,-1.363,S1O
112,CP4,13,-2.340,S1O
112,CP4,14,-2.828,S1O
112,CP4,15,-2.828,S1O
112,CP4,16,-2.340,S1O
112,CP4,17,-1.851,S1O
112,CP4,18,-1.363,S1O
112,CP4,19,-1.363,S1O
112,CP4,20,-2.340,S1O
112,CP4,21,-2.340,S1O
112,CP4,22,-1.851,S1O
112,CP4,23,-0.875,S1O
112,CP4,24,0.102,S1O
112,CP4,25,0.102,S1O
112,CP4,26,-0.875,S1O
112,CP4,27,-1.851,S1O
112,CP4,28,-2.340,S1O
112,CP4,29,-2.340,S1O
112,CP4,30,-1.851,S1O
112,CP4,31,-0.875,S1O
112,CP4,32,-0.387,S1O
112,CP4,33,0.102,S1O
112,CP4,34,-0.875,S1O
112,CP4,35,-1.851,S1O
112,CP4,36,-3.316,S1O
112,CP4,37,-4.293,S1O
112,CP4,38,-5.269,S1O
112,CP4,39,-5.269,S1O
112,CP4,40,-5.269,S1O
112,CP4,41,-4.781,S1O
112,CP4,42,-4.293,S1O
112,CP4,43,-3.805,S1O
112,CP4,44,-3.805,S1O
112,CP4,45,-4.293,S1O
112,CP4,46,-5.269,S1O
112,CP4,47,-4.781,S1O
112,CP4,48,-4.293,S1O
112,CP4,49,-2.828,S1O
112,CP4,50,-1.851,S1O
112,CP4,51,-1.851,S1O
112,CP4,52,-2.828,S1O
112,CP4,53,-4.293,S1O
112,CP4,54,-5.269,S1O
112,CP4,55,-5.269,S1O
112,CP4,56,-4.781,S1O
112,CP4,57,-3.805,S1O
112,CP4,58,-3.805,S1O
112,CP4,59,-4.293,S1O
112,CP4,60,-4.781,S1O
112,CP4,61,-5.758,S1O
112,CP4,62,-6.246,S1O
112,CP4,63,-6.246,S1O
112,CP4,64,-6.246,S1O
112,CP4,65,-5.758,S1O
112,CP4,66,-5.269,S1O
112,CP4,67,-4.781,S1O
112,CP4,68,-3.805,S1O
112,CP4,69,-3.316,S1O
112,CP4,70,-3.316,S1O
112,CP4,71,-4.293,S1O
112,CP4,72,-6.246,S1O
112,CP4,73,-7.711,S1O
112,CP4,74,-8.199,S1O
112,CP4,75,-6.734,S1O
112,CP4,76,-4.293,S1O
112,CP4,77,-2.340,S1O
112,CP4,78,-1.363,S1O
112,CP4,79,-1.363,S1O
112,CP4,80,-1.851,S1O
112,CP4,81,-2.340,S1O
112,CP4,82,-2.340,S1O
112,CP4,83,-1.363,S1O
112,CP4,84,-0.387,S1O
112,CP4,85,0.590,S1O
112,CP4,86,1.078,S1O
112,CP4,87,0.590,S1O
112,CP4,88,0.102,S1O
112,CP4,89,-0.875,S1O
112,CP4,90,-1.363,S1O
112,CP4,91,-0.875,S1O
112,CP4,92,-0.387,S1O
112,CP4,93,-0.387,S1O
112,CP4,94,-1.363,S1O
112,CP4,95,-3.316,S1O
112,CP4,96,-4.781,S1O
112,CP4,97,-5.269,S1O
112,CP4,98,-5.269,S1O
112,CP4,99,-4.293,S1O
112,CP4,100,-3.805,S1O
112,CP4,101,-3.805,S1O
112,CP4,102,-4.293,S1O
112,CP4,103,-4.293,S1O
112,CP4,104,-3.805,S1O
112,CP4,105,-2.828,S1O
112,CP4,106,-0.875,S1O
112,CP4,107,0.102,S1O
112,CP4,108,0.102,S1O
112,CP4,109,-1.363,S1O
112,CP4,110,-3.316,S1O
112,CP4,111,-4.781,S1O
112,CP4,112,-5.758,S1O
112,CP4,113,-5.269,S1O
112,CP4,114,-3.805,S1O
112,CP4,115,-3.316,S1O
112,CP4,116,-3.316,S1O
112,CP4,117,-4.293,S1O
112,CP4,118,-5.269,S1O
112,CP4,119,-5.269,S1O
112,CP4,120,-4.293,S1O
112,CP4,121,-3.316,S1O
112,CP4,122,-2.828,S1O
112,CP4,123,-3.316,S1O
112,CP4,124,-4.781,S1O
112,CP4,125,-6.246,S1O
112,CP4,126,-6.734,S1O
112,CP4,127,-5.758,S1O
112,CP4,128,-4.293,S1O
112,CP4,129,-2.340,S1O
112,CP4,130,-1.363,S1O
112,CP4,131,-1.363,S1O
112,CP4,132,-1.363,S1O
112,CP4,133,-1.851,S1O
112,CP4,134,-1.851,S1O
112,CP4,135,-0.875,S1O
112,CP4,136,-0.387,S1O
112,CP4,137,0.590,S1O
112,CP4,138,0.590,S1O
112,CP4,139,0.102,S1O
112,CP4,140,-0.875,S1O
112,CP4,141,-2.340,S1O
112,CP4,142,-4.293,S1O
112,CP4,143,-5.758,S1O
112,CP4,144,-6.246,S1O
112,CP4,145,-5.758,S1O
112,CP4,146,-4.293,S1O
112,CP4,147,-2.828,S1O
112,CP4,148,-1.851,S1O
112,CP4,149,-1.363,S1O
112,CP4,150,-1.363,S1O
112,CP4,151,-1.851,S1O
112,CP4,152,-1.363,S1O
112,CP4,153,-1.363,S1O
112,CP4,154,-0.875,S1O
112,CP4,155,0.102,S1O
112,CP4,156,0.590,S1O
112,CP4,157,1.078,S1O
112,CP4,158,1.078,S1O
112,CP4,159,0.102,S1O
112,CP4,160,-0.875,S1O
112,CP4,161,-1.363,S1O
112,CP4,162,-1.851,S1O
112,CP4,163,-1.363,S1O
112,CP4,164,-0.875,S1O
112,CP4,165,-0.387,S1O
112,CP4,166,0.102,S1O
112,CP4,167,-0.387,S1O
112,CP4,168,-0.875,S1O
112,CP4,169,-1.363,S1O
112,CP4,170,-2.340,S1O
112,CP4,171,-2.828,S1O
112,CP4,172,-3.805,S1O
112,CP4,173,-3.805,S1O
112,CP4,174,-2.828,S1O
112,CP4,175,-2.340,S1O
112,CP4,176,-1.851,S1O
112,CP4,177,-1.851,S1O
112,CP4,178,-2.340,S1O
112,CP4,179,-3.316,S1O
112,CP4,180,-3.805,S1O
112,CP4,181,-3.316,S1O
112,CP4,182,-2.828,S1O
112,CP4,183,-1.851,S1O
112,CP4,184,-1.363,S1O
112,CP4,185,-1.851,S1O
112,CP4,186,-2.340,S1O
112,CP4,187,-2.828,S1O
112,CP4,188,-3.805,S1O
112,CP4,189,-4.293,S1O
112,CP4,190,-5.269,S1O
112,CP4,191,-5.269,S1O
112,CP4,192,-5.269,S1O
112,CP4,193,-4.781,S1O
112,CP4,194,-3.805,S1O
112,CP4,195,-3.805,S1O
112,CP4,196,-3.805,S1O
112,CP4,197,-4.781,S1O
112,CP4,198,-6.246,S1O
112,CP4,199,-7.222,S1O
112,CP4,200,-7.222,S1O
112,CP4,201,-6.734,S1O
112,CP4,202,-5.269,S1O
112,CP4,203,-4.293,S1O
112,CP4,204,-3.805,S1O
112,CP4,205,-4.293,S1O
112,CP4,206,-5.269,S1O
112,CP4,207,-6.246,S1O
112,CP4,208,-7.222,S1O
112,CP4,209,-6.734,S1O
112,CP4,210,-6.734,S1O
112,CP4,211,-7.222,S1O
112,CP4,212,-8.199,S1O
112,CP4,213,-9.176,S1O
112,CP4,214,-9.664,S1O
112,CP4,215,-9.176,S1O
112,CP4,216,-8.199,S1O
112,CP4,217,-7.711,S1O
112,CP4,218,-8.199,S1O
112,CP4,219,-8.199,S1O
112,CP4,220,-8.199,S1O
112,CP4,221,-7.222,S1O
112,CP4,222,-5.758,S1O
112,CP4,223,-5.269,S1O
112,CP4,224,-5.758,S1O
112,CP4,225,-7.711,S1O
112,CP4,226,-8.687,S1O
112,CP4,227,-9.176,S1O
112,CP4,228,-8.687,S1O
112,CP4,229,-7.222,S1O
112,CP4,230,-6.734,S1O
112,CP4,231,-7.711,S1O
112,CP4,232,-9.176,S1O
112,CP4,233,-9.664,S1O
112,CP4,234,-9.176,S1O
112,CP4,235,-7.222,S1O
112,CP4,236,-5.758,S1O
112,CP4,237,-4.781,S1O
112,CP4,238,-4.781,S1O
112,CP4,239,-5.269,S1O
112,CP4,240,-6.246,S1O
112,CP4,241,-7.222,S1O
112,CP4,242,-7.711,S1O
112,CP4,243,-8.199,S1O
112,CP4,244,-8.199,S1O
112,CP4,245,-8.199,S1O
112,CP4,246,-7.711,S1O
112,CP4,247,-7.222,S1O
112,CP4,248,-6.734,S1O
112,CP4,249,-6.734,S1O
112,CP4,250,-7.222,S1O
112,CP4,251,-7.222,S1O
112,CP4,252,-7.711,S1O
112,CP4,253,-7.711,S1O
112,CP4,254,-7.711,S1O
112,CP4,255,-7.711,S1O
112,P5,0,1.190,S1O
112,P5,1,0.214,S1O
112,P5,2,0.214,S1O
112,P5,3,1.190,S1O
112,P5,4,2.655,S1O
112,P5,5,4.120,S1O
112,P5,6,5.096,S1O
112,P5,7,6.561,S1O
112,P5,8,7.050,S1O
112,P5,9,7.538,S1O
112,P5,10,7.538,S1O
112,P5,11,6.073,S1O
112,P5,12,3.632,S1O
112,P5,13,1.678,S1O
112,P5,14,-0.763,S1O
112,P5,15,-1.251,S1O
112,P5,16,-1.740,S1O
112,P5,17,-1.251,S1O
112,P5,18,-1.251,S1O
112,P5,19,-1.251,S1O
112,P5,20,-1.740,S1O
112,P5,21,-2.716,S1O
112,P5,22,-3.204,S1O
112,P5,23,-2.228,S1O
112,P5,24,-1.251,S1O
112,P5,25,-0.275,S1O
112,P5,26,0.214,S1O
112,P5,27,-0.763,S1O
112,P5,28,-2.716,S1O
112,P5,29,-4.181,S1O
112,P5,30,-4.181,S1O
112,P5,31,-2.228,S1O
112,P5,32,-0.275,S1O
112,P5,33,0.702,S1O
112,P5,34,0.214,S1O
112,P5,35,-1.740,S1O
112,P5,36,-4.181,S1O
112,P5,37,-5.157,S1O
112,P5,38,-5.646,S1O
112,P5,39,-5.157,S1O
112,P5,40,-4.181,S1O
112,P5,41,-3.204,S1O
112,P5,42,-2.228,S1O
112,P5,43,-2.228,S1O
112,P5,44,-2.716,S1O
112,P5,45,-3.204,S1O
112,P5,46,-3.693,S1O
112,P5,47,-3.204,S1O
112,P5,48,-1.251,S1O
112,P5,49,0.702,S1O
112,P5,50,2.655,S1O
112,P5,51,4.120,S1O
112,P5,52,5.096,S1O
112,P5,53,4.608,S1O
112,P5,54,3.632,S1O
112,P5,55,3.143,S1O
112,P5,56,2.655,S1O
112,P5,57,2.655,S1O
112,P5,58,2.167,S1O
112,P5,59,1.190,S1O
112,P5,60,-0.275,S1O
112,P5,61,-1.251,S1O
112,P5,62,-2.228,S1O
112,P5,63,-2.228,S1O
112,P5,64,-2.228,S1O
112,P5,65,-2.228,S1O
112,P5,66,-2.716,S1O
112,P5,67,-2.228,S1O
112,P5,68,-0.275,S1O
112,P5,69,2.167,S1O
112,P5,70,4.608,S1O
112,P5,71,5.096,S1O
112,P5,72,4.608,S1O
112,P5,73,3.143,S1O
112,P5,74,2.655,S1O
112,P5,75,4.608,S1O
112,P5,76,7.050,S1O
112,P5,77,8.514,S1O
112,P5,78,8.026,S1O
112,P5,79,6.073,S1O
112,P5,80,4.608,S1O
112,P5,81,4.608,S1O
112,P5,82,6.073,S1O
112,P5,83,8.026,S1O
112,P5,84,9.003,S1O
112,P5,85,8.026,S1O
112,P5,86,6.073,S1O
112,P5,87,5.096,S1O
112,P5,88,4.120,S1O
112,P5,89,4.120,S1O
112,P5,90,4.120,S1O
112,P5,91,3.143,S1O
112,P5,92,3.143,S1O
112,P5,93,3.632,S1O
112,P5,94,3.143,S1O
112,P5,95,3.143,S1O
112,P5,96,1.678,S1O
112,P5,97,-0.275,S1O
112,P5,98,-0.763,S1O
112,P5,99,0.702,S1O
112,P5,100,2.655,S1O
112,P5,101,4.120,S1O
112,P5,102,3.632,S1O
112,P5,103,2.655,S1O
112,P5,104,1.678,S1O
112,P5,105,2.655,S1O
112,P5,106,4.608,S1O
112,P5,107,6.073,S1O
112,P5,108,5.096,S1O
112,P5,109,3.143,S1O
112,P5,110,1.190,S1O
112,P5,111,0.702,S1O
112,P5,112,2.167,S1O
112,P5,113,3.632,S1O
112,P5,114,4.120,S1O
112,P5,115,3.632,S1O
112,P5,116,2.655,S1O
112,P5,117,1.678,S1O
112,P5,118,1.190,S1O
112,P5,119,1.190,S1O
112,P5,120,1.678,S1O
112,P5,121,2.655,S1O
112,P5,122,3.143,S1O
112,P5,123,3.143,S1O
112,P5,124,2.655,S1O
112,P5,125,1.678,S1O
112,P5,126,0.214,S1O
112,P5,127,-0.275,S1O
112,P5,128,-0.763,S1O
112,P5,129,-0.275,S1O
112,P5,130,0.214,S1O
112,P5,131,0.702,S1O
112,P5,132,1.190,S1O
112,P5,133,1.678,S1O
112,P5,134,2.655,S1O
112,P5,135,3.143,S1O
112,P5,136,4.608,S1O
112,P5,137,4.608,S1O
112,P5,138,4.608,S1O
112,P5,139,3.632,S1O
112,P5,140,2.167,S1O
112,P5,141,1.190,S1O
112,P5,142,0.214,S1O
112,P5,143,0.214,S1O
112,P5,144,0.702,S1O
112,P5,145,1.678,S1O
112,P5,146,3.143,S1O
112,P5,147,4.120,S1O
112,P5,148,4.120,S1O
112,P5,149,3.632,S1O
112,P5,150,3.143,S1O
112,P5,151,2.655,S1O
112,P5,152,2.655,S1O
112,P5,153,2.655,S1O
112,P5,154,2.655,S1O
112,P5,155,3.143,S1O
112,P5,156,3.143,S1O
112,P5,157,4.120,S1O
112,P5,158,4.120,S1O
112,P5,159,3.632,S1O
112,P5,160,2.167,S1O
112,P5,161,1.190,S1O
112,P5,162,1.190,S1O
112,P5,163,1.678,S1O
112,P5,164,2.655,S1O
112,P5,165,3.143,S1O
112,P5,166,3.143,S1O
112,P5,167,2.167,S1O
112,P5,168,1.678,S1O
112,P5,169,1.678,S1O
112,P5,170,1.190,S1O
112,P5,171,0.702,S1O
112,P5,172,0.702,S1O
112,P5,173,0.214,S1O
112,P5,174,0.702,S1O
112,P5,175,1.190,S1O
112,P5,176,1.190,S1O
112,P5,177,0.214,S1O
112,P5,178,-0.763,S1O
112,P5,179,-2.228,S1O
112,P5,180,-2.228,S1O
112,P5,181,-1.740,S1O
112,P5,182,-0.275,S1O
112,P5,183,0.702,S1O
112,P5,184,1.678,S1O
112,P5,185,1.190,S1O
112,P5,186,-0.275,S1O
112,P5,187,-2.716,S1O
112,P5,188,-5.157,S1O
112,P5,189,-6.134,S1O
112,P5,190,-5.157,S1O
112,P5,191,-3.204,S1O
112,P5,192,-1.251,S1O
112,P5,193,-0.275,S1O
112,P5,194,-0.763,S1O
112,P5,195,-1.740,S1O
112,P5,196,-2.716,S1O
112,P5,197,-3.204,S1O
112,P5,198,-4.669,S1O
112,P5,199,-5.646,S1O
112,P5,200,-6.622,S1O
112,P5,201,-6.134,S1O
112,P5,202,-4.669,S1O
112,P5,203,-2.228,S1O
112,P5,204,-1.251,S1O
112,P5,205,-2.228,S1O
112,P5,206,-3.204,S1O
112,P5,207,-3.204,S1O
112,P5,208,-2.228,S1O
112,P5,209,-0.763,S1O
112,P5,210,-0.763,S1O
112,P5,211,-2.228,S1O
112,P5,212,-5.157,S1O
112,P5,213,-6.622,S1O
112,P5,214,-6.134,S1O
112,P5,215,-4.669,S1O
112,P5,216,-3.204,S1O
112,P5,217,-3.204,S1O
112,P5,218,-4.181,S1O
112,P5,219,-5.157,S1O
112,P5,220,-5.157,S1O
112,P5,221,-5.157,S1O
112,P5,222,-4.669,S1O
112,P5,223,-3.693,S1O
112,P5,224,-3.693,S1O
112,P5,225,-3.693,S1O
112,P5,226,-4.181,S1O
112,P5,227,-5.157,S1O
112,P5,228,-5.646,S1O
112,P5,229,-5.646,S1O
112,P5,230,-4.669,S1O
112,P5,231,-3.693,S1O
112,P5,232,-3.204,S1O
112,P5,233,-3.693,S1O
112,P5,234,-4.181,S1O
112,P5,235,-3.693,S1O
112,P5,236,-2.716,S1O
112,P5,237,-1.740,S1O
112,P5,238,-1.740,S1O
112,P5,239,-2.716,S1O
112,P5,240,-4.181,S1O
112,P5,241,-5.157,S1O
112,P5,242,-5.157,S1O
112,P5,243,-5.157,S1O
112,P5,244,-4.669,S1O
112,P5,245,-3.693,S1O
112,P5,246,-2.228,S1O
112,P5,247,-0.275,S1O
112,P5,248,0.702,S1O
112,P5,249,0.702,S1O
112,P5,250,-1.740,S1O
112,P5,251,-4.669,S1O
112,P5,252,-6.134,S1O
112,P5,253,-5.157,S1O
112,P5,254,-2.716,S1O
112,P5,255,-0.275,S1O
112,P6,0,-0.102,S1O
112,P6,1,-1.078,S1O
112,P6,2,-2.543,S1O
112,P6,3,-3.031,S1O
112,P6,4,-2.543,S1O
112,P6,5,-1.567,S1O
112,P6,6,-0.590,S1O
112,P6,7,0.387,S1O
112,P6,8,1.851,S1O
112,P6,9,2.828,S1O
112,P6,10,3.316,S1O
112,P6,11,1.851,S1O
112,P6,12,-0.102,S1O
112,P6,13,-3.031,S1O
112,P6,14,-5.473,S1O
112,P6,15,-5.473,S1O
112,P6,16,-4.496,S1O
112,P6,17,-2.543,S1O
112,P6,18,-1.567,S1O
112,P6,19,-2.055,S1O
112,P6,20,-3.031,S1O
112,P6,21,-4.008,S1O
112,P6,22,-4.008,S1O
112,P6,23,-3.520,S1O
112,P6,24,-2.543,S1O
112,P6,25,-2.543,S1O
112,P6,26,-3.520,S1O
112,P6,27,-5.473,S1O
112,P6,28,-6.938,S1O
112,P6,29,-6.938,S1O
112,P6,30,-5.961,S1O
112,P6,31,-4.008,S1O
112,P6,32,-2.543,S1O
112,P6,33,-2.055,S1O
112,P6,34,-3.031,S1O
112,P6,35,-4.496,S1O
112,P6,36,-6.938,S1O
112,P6,37,-8.891,S1O
112,P6,38,-9.867,S1O
112,P6,39,-9.379,S1O
112,P6,40,-7.914,S1O
112,P6,41,-5.961,S1O
112,P6,42,-4.985,S1O
112,P6,43,-4.496,S1O
112,P6,44,-4.985,S1O
112,P6,45,-6.449,S1O
112,P6,46,-7.914,S1O
112,P6,47,-7.914,S1O
112,P6,48,-7.426,S1O
112,P6,49,-5.961,S1O
112,P6,50,-4.008,S1O
112,P6,51,-3.520,S1O
112,P6,52,-3.520,S1O
112,P6,53,-4.985,S1O
112,P6,54,-6.449,S1O
112,P6,55,-6.938,S1O
112,P6,56,-6.938,S1O
112,P6,57,-6.938,S1O
112,P6,58,-6.938,S1O
112,P6,59,-7.426,S1O
112,P6,60,-8.891,S1O
112,P6,61,-9.867,S1O
112,P6,62,-10.356,S1O
112,P6,63,-10.356,S1O
112,P6,64,-10.356,S1O
112,P6,65,-10.844,S1O
112,P6,66,-10.356,S1O
112,P6,67,-8.891,S1O
112,P6,68,-7.426,S1O
112,P6,69,-5.961,S1O
112,P6,70,-5.473,S1O
112,P6,71,-6.938,S1O
112,P6,72,-9.867,S1O
112,P6,73,-11.820,S1O
112,P6,74,-11.820,S1O
112,P6,75,-9.379,S1O
112,P6,76,-5.473,S1O
112,P6,77,-1.567,S1O
112,P6,78,0.387,S1O
112,P6,79,0.387,S1O
112,P6,80,-0.102,S1O
112,P6,81,-0.590,S1O
112,P6,82,-0.590,S1O
112,P6,83,0.875,S1O
112,P6,84,1.851,S1O
112,P6,85,2.828,S1O
112,P6,86,2.828,S1O
112,P6,87,2.828,S1O
112,P6,88,1.851,S1O
112,P6,89,0.387,S1O
112,P6,90,-0.102,S1O
112,P6,91,-0.102,S1O
112,P6,92,-0.102,S1O
112,P6,93,-1.078,S1O
112,P6,94,-2.543,S1O
112,P6,95,-4.985,S1O
112,P6,96,-6.938,S1O
112,P6,97,-7.914,S1O
112,P6,98,-7.426,S1O
112,P6,99,-5.473,S1O
112,P6,100,-4.985,S1O
112,P6,101,-4.985,S1O
112,P6,102,-5.961,S1O
112,P6,103,-6.938,S1O
112,P6,104,-6.449,S1O
112,P6,105,-4.985,S1O
112,P6,106,-2.543,S1O
112,P6,107,-1.567,S1O
112,P6,108,-2.055,S1O
112,P6,109,-4.008,S1O
112,P6,110,-6.938,S1O
112,P6,111,-8.891,S1O
112,P6,112,-9.379,S1O
112,P6,113,-8.403,S1O
112,P6,114,-6.938,S1O
112,P6,115,-6.449,S1O
112,P6,116,-6.449,S1O
112,P6,117,-7.426,S1O
112,P6,118,-8.403,S1O
112,P6,119,-8.403,S1O
112,P6,120,-7.426,S1O
112,P6,121,-5.961,S1O
112,P6,122,-5.473,S1O
112,P6,123,-6.449,S1O
112,P6,124,-7.914,S1O
112,P6,125,-9.867,S1O
112,P6,126,-10.356,S1O
112,P6,127,-8.891,S1O
112,P6,128,-6.938,S1O
112,P6,129,-5.473,S1O
112,P6,130,-4.496,S1O
112,P6,131,-4.496,S1O
112,P6,132,-4.985,S1O
112,P6,133,-4.496,S1O
112,P6,134,-3.520,S1O
112,P6,135,-1.567,S1O
112,P6,136,-0.102,S1O
112,P6,137,1.363,S1O
112,P6,138,1.851,S1O
112,P6,139,0.875,S1O
112,P6,140,-1.078,S1O
112,P6,141,-4.008,S1O
112,P6,142,-6.449,S1O
112,P6,143,-7.914,S1O
112,P6,144,-7.914,S1O
112,P6,145,-5.961,S1O
112,P6,146,-3.520,S1O
112,P6,147,-2.055,S1O
112,P6,148,-1.567,S1O
112,P6,149,-2.055,S1O
112,P6,150,-2.543,S1O
112,P6,151,-3.031,S1O
112,P6,152,-2.543,S1O
112,P6,153,-2.055,S1O
112,P6,154,-1.078,S1O
112,P6,155,-0.102,S1O
112,P6,156,1.363,S1O
112,P6,157,2.340,S1O
112,P6,158,2.340,S1O
112,P6,159,0.387,S1O
112,P6,160,-2.055,S1O
112,P6,161,-3.520,S1O
112,P6,162,-3.520,S1O
112,P6,163,-2.055,S1O
112,P6,164,-0.102,S1O
112,P6,165,0.875,S1O
112,P6,166,0.387,S1O
112,P6,167,-0.102,S1O
112,P6,168,-0.590,S1O
112,P6,169,-0.590,S1O
112,P6,170,-1.567,S1O
112,P6,171,-3.031,S1O
112,P6,172,-4.985,S1O
112,P6,173,-6.449,S1O
112,P6,174,-5.961,S1O
112,P6,175,-4.008,S1O
112,P6,176,-3.031,S1O
112,P6,177,-3.031,S1O
112,P6,178,-4.496,S1O
112,P6,179,-5.961,S1O
112,P6,180,-5.961,S1O
112,P6,181,-4.008,S1O
112,P6,182,-2.055,S1O
112,P6,183,-1.078,S1O
112,P6,184,-1.078,S1O
112,P6,185,-2.055,S1O
112,P6,186,-3.031,S1O
112,P6,187,-4.008,S1O
112,P6,188,-4.985,S1O
112,P6,189,-6.449,S1O
112,P6,190,-7.914,S1O
112,P6,191,-8.403,S1O
112,P6,192,-7.914,S1O
112,P6,193,-6.449,S1O
112,P6,194,-4.985,S1O
112,P6,195,-4.008,S1O
112,P6,196,-4.496,S1O
112,P6,197,-6.449,S1O
112,P6,198,-8.891,S1O
112,P6,199,-10.844,S1O
112,P6,200,-11.820,S1O
112,P6,201,-10.844,S1O
112,P6,202,-9.379,S1O
112,P6,203,-7.426,S1O
112,P6,204,-6.449,S1O
112,P6,205,-6.449,S1O
112,P6,206,-7.426,S1O
112,P6,207,-7.914,S1O
112,P6,208,-7.426,S1O
112,P6,209,-5.961,S1O
112,P6,210,-5.961,S1O
112,P6,211,-6.938,S1O
112,P6,212,-9.379,S1O
112,P6,213,-11.820,S1O
112,P6,214,-12.797,S1O
112,P6,215,-12.309,S1O
112,P6,216,-10.844,S1O
112,P6,217,-9.379,S1O
112,P6,218,-9.379,S1O
112,P6,219,-9.379,S1O
112,P6,220,-9.379,S1O
112,P6,221,-7.914,S1O
112,P6,222,-7.426,S1O
112,P6,223,-6.938,S1O
112,P6,224,-7.426,S1O
112,P6,225,-8.891,S1O
112,P6,226,-9.867,S1O
112,P6,227,-9.379,S1O
112,P6,228,-9.379,S1O
112,P6,229,-8.891,S1O
112,P6,230,-8.891,S1O
112,P6,231,-9.867,S1O
112,P6,232,-10.356,S1O
112,P6,233,-10.844,S1O
112,P6,234,-9.867,S1O
112,P6,235,-8.891,S1O
112,P6,236,-6.938,S1O
112,P6,237,-5.961,S1O
112,P6,238,-5.961,S1O
112,P6,239,-6.938,S1O
112,P6,240,-8.403,S1O
112,P6,241,-8.891,S1O
112,P6,242,-8.891,S1O
112,P6,243,-8.891,S1O
112,P6,244,-8.891,S1O
112,P6,245,-9.867,S1O
112,P6,246,-10.356,S1O
112,P6,247,-10.356,S1O
112,P6,248,-9.867,S1O
112,P6,249,-9.379,S1O
112,P6,250,-8.891,S1O
112,P6,251,-9.379,S1O
112,P6,252,-10.356,S1O
112,P6,253,-10.844,S1O
112,P6,254,-10.844,S1O
112,P6,255,-9.867,S1O
112,C1,0,-0.305,S1O
112,C1,1,-0.305,S1O
112,C1,2,0.183,S1O
112,C1,3,1.160,S1O
112,C1,4,1.160,S1O
112,C1,5,1.160,S1O
112,C1,6,1.160,S1O
112,C1,7,1.160,S1O
112,C1,8,1.160,S1O
112,C1,9,1.160,S1O
112,C1,10,1.648,S1O
112,C1,11,1.648,S1O
112,C1,12,1.648,S1O
112,C1,13,1.160,S1O
112,C1,14,0.183,S1O
112,C1,15,-0.305,S1O
112,C1,16,-0.305,S1O
112,C1,17,-0.305,S1O
112,C1,18,0.183,S1O
112,C1,19,0.183,S1O
112,C1,20,0.183,S1O
112,C1,21,-0.305,S1O
112,C1,22,-0.305,S1O
112,C1,23,-0.793,S1O
112,C1,24,-0.793,S1O
112,C1,25,-0.305,S1O
112,C1,26,-0.305,S1O
112,C1,27,0.183,S1O
112,C1,28,0.183,S1O
112,C1,29,0.183,S1O
112,C1,30,-0.305,S1O
112,C1,31,-0.305,S1O
112,C1,32,-0.305,S1O
112,C1,33,-0.793,S1O
112,C1,34,-0.793,S1O
112,C1,35,-0.305,S1O
112,C1,36,-0.305,S1O
112,C1,37,-0.305,S1O
112,C1,38,-0.305,S1O
112,C1,39,-0.305,S1O
112,C1,40,-0.305,S1O
112,C1,41,-0.305,S1O
112,C1,42,0.183,S1O
112,C1,43,0.183,S1O
112,C1,44,0.671,S1O
112,C1,45,0.183,S1O
112,C1,46,0.183,S1O
112,C1,47,0.183,S1O
112,C1,48,0.183,S1O
112,C1,49,0.183,S1O
112,C1,50,0.671,S1O
112,C1,51,1.160,S1O
112,C1,52,1.160,S1O
112,C1,53,1.648,S1O
112,C1,54,1.160,S1O
112,C1,55,0.671,S1O
112,C1,56,0.183,S1O
112,C1,57,0.183,S1O
112,C1,58,0.183,S1O
112,C1,59,0.671,S1O
112,C1,60,1.160,S1O
112,C1,61,1.160,S1O
112,C1,62,0.671,S1O
112,C1,63,-0.305,S1O
112,C1,64,-0.793,S1O
112,C1,65,-0.793,S1O
112,C1,66,-0.305,S1O
112,C1,67,0.183,S1O
112,C1,68,0.183,S1O
112,C1,69,0.671,S1O
112,C1,70,0.671,S1O
112,C1,71,0.671,S1O
112,C1,72,1.160,S1O
112,C1,73,1.648,S1O
112,C1,74,1.648,S1O
112,C1,75,1.648,S1O
112,C1,76,1.160,S1O
112,C1,77,0.671,S1O
112,C1,78,0.671,S1O
112,C1,79,0.183,S1O
112,C1,80,0.183,S1O
112,C1,81,0.183,S1O
112,C1,82,0.671,S1O
112,C1,83,1.160,S1O
112,C1,84,1.160,S1O
112,C1,85,0.671,S1O
112,C1,86,0.671,S1O
112,C1,87,0.183,S1O
112,C1,88,0.671,S1O
112,C1,89,0.671,S1O
112,C1,90,1.160,S1O
112,C1,91,0.671,S1O
112,C1,92,0.671,S1O
112,C1,93,0.183,S1O
112,C1,94,0.183,S1O
112,C1,95,0.671,S1O
112,C1,96,1.160,S1O
112,C1,97,1.160,S1O
112,C1,98,1.160,S1O
112,C1,99,0.671,S1O
112,C1,100,0.183,S1O
112,C1,101,0.183,S1O
112,C1,102,0.671,S1O
112,C1,103,1.160,S1O
112,C1,104,1.160,S1O
112,C1,105,0.671,S1O
112,C1,106,0.671,S1O
112,C1,107,0.183,S1O
112,C1,108,0.183,S1O
112,C1,109,0.671,S1O
112,C1,110,0.671,S1O
112,C1,111,1.160,S1O
112,C1,112,1.648,S1O
112,C1,113,1.648,S1O
112,C1,114,1.160,S1O
112,C1,115,0.183,S1O
112,C1,116,0.183,S1O
112,C1,117,-0.305,S1O
112,C1,118,0.183,S1O
112,C1,119,0.671,S1O
112,C1,120,1.160,S1O
112,C1,121,1.160,S1O
112,C1,122,1.160,S1O
112,C1,123,1.648,S1O
112,C1,124,1.160,S1O
112,C1,125,1.648,S1O
112,C1,126,1.648,S1O
112,C1,127,1.160,S1O
112,C1,128,0.671,S1O
112,C1,129,0.183,S1O
112,C1,130,-0.305,S1O
112,C1,131,-0.793,S1O
112,C1,132,-0.793,S1O
112,C1,133,-0.305,S1O
112,C1,134,0.183,S1O
112,C1,135,0.183,S1O
112,C1,136,0.671,S1O
112,C1,137,0.183,S1O
112,C1,138,0.183,S1O
112,C1,139,-0.305,S1O
112,C1,140,0.183,S1O
112,C1,141,0.183,S1O
112,C1,142,0.671,S1O
112,C1,143,0.671,S1O
112,C1,144,0.671,S1O
112,C1,145,0.671,S1O
112,C1,146,0.671,S1O
112,C1,147,0.671,S1O
112,C1,148,0.671,S1O
112,C1,149,0.671,S1O
112,C1,150,0.671,S1O
112,C1,151,0.183,S1O
112,C1,152,0.183,S1O
112,C1,153,0.183,S1O
112,C1,154,0.183,S1O
112,C1,155,0.183,S1O
112,C1,156,-0.305,S1O
112,C1,157,-0.305,S1O
112,C1,158,-0.305,S1O
112,C1,159,-0.305,S1O
112,C1,160,-0.305,S1O
112,C1,161,-0.305,S1O
112,C1,162,-0.305,S1O
112,C1,163,-0.793,S1O
112,C1,164,-0.305,S1O
112,C1,165,0.183,S1O
112,C1,166,0.183,S1O
112,C1,167,-0.305,S1O
112,C1,168,-0.793,S1O
112,C1,169,-1.282,S1O
112,C1,170,-0.793,S1O
112,C1,171,-0.305,S1O
112,C1,172,0.183,S1O
112,C1,173,0.183,S1O
112,C1,174,-0.305,S1O
112,C1,175,-0.793,S1O
112,C1,176,-1.770,S1O
112,C1,177,-1.770,S1O
112,C1,178,-1.282,S1O
112,C1,179,-0.793,S1O
112,C1,180,-0.305,S1O
112,C1,181,0.183,S1O
112,C1,182,-0.305,S1O
112,C1,183,-0.305,S1O
112,C1,184,-0.793,S1O
112,C1,185,-0.305,S1O
112,C1,186,-0.305,S1O
112,C1,187,-0.793,S1O
112,C1,188,-1.282,S1O
112,C1,189,-1.770,S1O
112,C1,190,-1.282,S1O
112,C1,191,-0.793,S1O
112,C1,192,-0.305,S1O
112,C1,193,-0.305,S1O
112,C1,194,-0.305,S1O
112,C1,195,-0.793,S1O
112,C1,196,-0.793,S1O
112,C1,197,-0.793,S1O
112,C1,198,-0.793,S1O
112,C1,199,-0.305,S1O
112,C1,200,-0.305,S1O
112,C1,201,-0.305,S1O
112,C1,202,-0.793,S1O
112,C1,203,-1.770,S1O
112,C1,204,-1.770,S1O
112,C1,205,-1.770,S1O
112,C1,206,-1.282,S1O
112,C1,207,-0.305,S1O
112,C1,208,0.183,S1O
112,C1,209,0.671,S1O
112,C1,210,0.183,S1O
112,C1,211,-0.305,S1O
112,C1,212,-0.305,S1O
112,C1,213,-0.305,S1O
112,C1,214,0.183,S1O
112,C1,215,0.183,S1O
112,C1,216,-0.305,S1O
112,C1,217,-0.305,S1O
112,C1,218,-0.305,S1O
112,C1,219,-0.305,S1O
112,C1,220,-0.305,S1O
112,C1,221,-0.793,S1O
112,C1,222,-1.770,S1O
112,C1,223,-2.258,S1O
112,C1,224,-1.770,S1O
112,C1,225,-0.793,S1O
112,C1,226,0.183,S1O
112,C1,227,0.671,S1O
112,C1,228,0.183,S1O
112,C1,229,-0.793,S1O
112,C1,230,-1.770,S1O
112,C1,231,-1.770,S1O
112,C1,232,-0.793,S1O
112,C1,233,-0.305,S1O
112,C1,234,-0.305,S1O
112,C1,235,-0.793,S1O
112,C1,236,-0.793,S1O
112,C1,237,-0.793,S1O
112,C1,238,-0.793,S1O
112,C1,239,-0.305,S1O
112,C1,240,-0.793,S1O
112,C1,241,-0.305,S1O
112,C1,242,-0.305,S1O
112,C1,243,-0.305,S1O
112,C1,244,0.183,S1O
112,C1,245,-0.305,S1O
112,C1,246,-0.305,S1O
112,C1,247,-0.793,S1O
112,C1,248,-0.793,S1O
112,C1,249,-0.305,S1O
112,C1,250,0.183,S1O
112,C1,251,0.183,S1O
112,C1,252,-0.305,S1O
112,C1,253,-0.305,S1O
112,C1,254,-0.305,S1O
112,C1,255,-0.305,S1O
112,C2,0,-0.193,S1O
112,C2,1,0.295,S1O
112,C2,2,0.295,S1O
112,C2,3,0.295,S1O
112,C2,4,-0.193,S1O
112,C2,5,-0.193,S1O
112,C2,6,-0.193,S1O
112,C2,7,0.295,S1O
112,C2,8,0.295,S1O
112,C2,9,0.783,S1O
112,C2,10,0.295,S1O
112,C2,11,-0.193,S1O
112,C2,12,-0.193,S1O
112,C2,13,-0.193,S1O
112,C2,14,-0.193,S1O
112,C2,15,-0.193,S1O
112,C2,16,-0.682,S1O
112,C2,17,-1.170,S1O
112,C2,18,-1.170,S1O
112,C2,19,-1.170,S1O
112,C2,20,-1.170,S1O
112,C2,21,-1.170,S1O
112,C2,22,-0.682,S1O
112,C2,23,-0.682,S1O
112,C2,24,-0.682,S1O
112,C2,25,-0.193,S1O
112,C2,26,-0.193,S1O
112,C2,27,-0.193,S1O
112,C2,28,-0.193,S1O
112,C2,29,-0.193,S1O
112,C2,30,-0.193,S1O
112,C2,31,-0.193,S1O
112,C2,32,0.295,S1O
112,C2,33,0.295,S1O
112,C2,34,0.295,S1O
112,C2,35,-0.193,S1O
112,C2,36,-0.682,S1O
112,C2,37,-1.170,S1O
112,C2,38,-1.170,S1O
112,C2,39,-1.170,S1O
112,C2,40,-1.170,S1O
112,C2,41,-0.682,S1O
112,C2,42,-0.682,S1O
112,C2,43,-0.682,S1O
112,C2,44,-1.170,S1O
112,C2,45,-1.170,S1O
112,C2,46,-1.170,S1O
112,C2,47,-1.170,S1O
112,C2,48,-0.682,S1O
112,C2,49,-0.193,S1O
112,C2,50,-0.193,S1O
112,C2,51,-0.193,S1O
112,C2,52,-0.682,S1O
112,C2,53,-1.658,S1O
112,C2,54,-1.658,S1O
112,C2,55,-1.658,S1O
112,C2,56,-1.170,S1O
112,C2,57,-0.682,S1O
112,C2,58,-0.682,S1O
112,C2,59,-0.193,S1O
112,C2,60,-0.682,S1O
112,C2,61,-0.193,S1O
112,C2,62,-0.682,S1O
112,C2,63,-0.682,S1O
112,C2,64,-1.170,S1O
112,C2,65,-1.658,S1O
112,C2,66,-1.658,S1O
112,C2,67,-1.170,S1O
112,C2,68,-0.682,S1O
112,C2,69,-0.193,S1O
112,C2,70,-0.193,S1O
112,C2,71,-0.682,S1O
112,C2,72,-1.658,S1O
112,C2,73,-2.146,S1O
112,C2,74,-2.635,S1O
112,C2,75,-2.146,S1O
112,C2,76,-1.658,S1O
112,C2,77,-0.193,S1O
112,C2,78,0.295,S1O
112,C2,79,0.783,S1O
112,C2,80,0.783,S1O
112,C2,81,0.295,S1O
112,C2,82,0.295,S1O
112,C2,83,0.295,S1O
112,C2,84,0.295,S1O
112,C2,85,0.783,S1O
112,C2,86,1.272,S1O
112,C2,87,1.760,S1O
112,C2,88,1.272,S1O
112,C2,89,0.783,S1O
112,C2,90,0.295,S1O
112,C2,91,0.295,S1O
112,C2,92,0.295,S1O
112,C2,93,0.783,S1O
112,C2,94,0.783,S1O
112,C2,95,0.295,S1O
112,C2,96,-0.193,S1O
112,C2,97,-0.682,S1O
112,C2,98,-0.682,S1O
112,C2,99,-0.682,S1O
112,C2,100,-0.193,S1O
112,C2,101,-0.682,S1O
112,C2,102,-0.682,S1O
112,C2,103,-0.682,S1O
112,C2,104,-0.193,S1O
112,C2,105,0.295,S1O
112,C2,106,0.295,S1O
112,C2,107,0.295,S1O
112,C2,108,0.295,S1O
112,C2,109,-0.193,S1O
112,C2,110,-0.193,S1O
112,C2,111,-0.682,S1O
112,C2,112,-0.682,S1O
112,C2,113,-1.170,S1O
112,C2,114,-1.170,S1O
112,C2,115,-1.170,S1O
112,C2,116,-0.682,S1O
112,C2,117,-0.682,S1O
112,C2,118,-0.682,S1O
112,C2,119,-1.170,S1O
112,C2,120,-1.658,S1O
112,C2,121,-1.658,S1O
112,C2,122,-1.658,S1O
112,C2,123,-1.658,S1O
112,C2,124,-1.658,S1O
112,C2,125,-2.146,S1O
112,C2,126,-2.635,S1O
112,C2,127,-2.146,S1O
112,C2,128,-1.170,S1O
112,C2,129,-0.193,S1O
112,C2,130,0.783,S1O
112,C2,131,1.272,S1O
112,C2,132,0.783,S1O
112,C2,133,-0.193,S1O
112,C2,134,-0.682,S1O
112,C2,135,-0.682,S1O
112,C2,136,-0.682,S1O
112,C2,137,-0.193,S1O
112,C2,138,0.295,S1O
112,C2,139,-0.193,S1O
112,C2,140,-0.193,S1O
112,C2,141,-0.682,S1O
112,C2,142,-1.170,S1O
112,C2,143,-1.658,S1O
112,C2,144,-1.658,S1O
112,C2,145,-2.146,S1O
112,C2,146,-1.658,S1O
112,C2,147,-1.658,S1O
112,C2,148,-1.170,S1O
112,C2,149,-0.682,S1O
112,C2,150,-0.682,S1O
112,C2,151,-0.682,S1O
112,C2,152,-0.682,S1O
112,C2,153,-0.682,S1O
112,C2,154,-0.682,S1O
112,C2,155,-0.682,S1O
112,C2,156,-0.193,S1O
112,C2,157,-0.682,S1O
112,C2,158,-0.682,S1O
112,C2,159,-0.682,S1O
112,C2,160,-0.682,S1O
112,C2,161,-0.682,S1O
112,C2,162,-0.682,S1O
112,C2,163,-0.682,S1O
112,C2,164,-0.682,S1O
112,C2,165,-0.682,S1O
112,C2,166,-0.682,S1O
112,C2,167,-0.682,S1O
112,C2,168,-0.682,S1O
112,C2,169,-1.170,S1O
112,C2,170,-1.658,S1O
112,C2,171,-1.658,S1O
112,C2,172,-2.146,S1O
112,C2,173,-1.658,S1O
112,C2,174,-1.170,S1O
112,C2,175,-0.682,S1O
112,C2,176,-1.170,S1O
112,C2,177,-1.170,S1O
112,C2,178,-1.170,S1O
112,C2,179,-1.658,S1O
112,C2,180,-1.170,S1O
112,C2,181,-1.170,S1O
112,C2,182,-1.170,S1O
112,C2,183,-1.170,S1O
112,C2,184,-1.170,S1O
112,C2,185,-1.170,S1O
112,C2,186,-1.170,S1O
112,C2,187,-1.170,S1O
112,C2,188,-1.170,S1O
112,C2,189,-1.658,S1O
112,C2,190,-2.146,S1O
112,C2,191,-2.146,S1O
112,C2,192,-2.146,S1O
112,C2,193,-2.146,S1O
112,C2,194,-1.658,S1O
112,C2,195,-1.658,S1O
112,C2,196,-1.658,S1O
112,C2,197,-2.146,S1O
112,C2,198,-2.146,S1O
112,C2,199,-2.635,S1O
112,C2,200,-2.635,S1O
112,C2,201,-2.635,S1O
112,C2,202,-2.146,S1O
112,C2,203,-1.658,S1O
112,C2,204,-0.682,S1O
112,C2,205,-0.682,S1O
112,C2,206,-1.170,S1O
112,C2,207,-2.146,S1O
112,C2,208,-2.635,S1O
112,C2,209,-3.123,S1O
112,C2,210,-3.123,S1O
112,C2,211,-3.123,S1O
112,C2,212,-3.123,S1O
112,C2,213,-3.611,S1O
112,C2,214,-3.611,S1O
112,C2,215,-3.611,S1O
112,C2,216,-3.611,S1O
112,C2,217,-3.123,S1O
112,C2,218,-3.123,S1O
112,C2,219,-3.611,S1O
112,C2,220,-3.611,S1O
112,C2,221,-3.123,S1O
112,C2,222,-2.635,S1O
112,C2,223,-1.658,S1O
112,C2,224,-1.658,S1O
112,C2,225,-2.635,S1O
112,C2,226,-3.123,S1O
112,C2,227,-4.100,S1O
112,C2,228,-3.611,S1O
112,C2,229,-3.123,S1O
112,C2,230,-2.635,S1O
112,C2,231,-2.635,S1O
112,C2,232,-3.123,S1O
112,C2,233,-3.611,S1O
112,C2,234,-3.611,S1O
112,C2,235,-3.123,S1O
112,C2,236,-2.146,S1O
112,C2,237,-1.658,S1O
112,C2,238,-1.170,S1O
112,C2,239,-1.658,S1O
112,C2,240,-2.146,S1O
112,C2,241,-2.146,S1O
112,C2,242,-2.146,S1O
112,C2,243,-2.146,S1O
112,C2,244,-2.146,S1O
112,C2,245,-2.146,S1O
112,C2,246,-2.146,S1O
112,C2,247,-1.658,S1O
112,C2,248,-2.146,S1O
112,C2,249,-2.146,S1O
112,C2,250,-2.146,S1O
112,C2,251,-2.146,S1O
112,C2,252,-1.658,S1O
112,C2,253,-1.658,S1O
112,C2,254,-2.146,S1O
112,C2,255,-3.123,S1O
112,PO7,0,0.641,S1O
112,PO7,1,-1.801,S1O
112,PO7,2,-3.754,S1O
112,PO7,3,-3.754,S1O
112,PO7,4,-1.801,S1O
112,PO7,5,1.129,S1O
112,PO7,6,4.059,S1O
112,PO7,7,6.012,S1O
112,PO7,8,6.989,S1O
112,PO7,9,7.965,S1O
112,PO7,10,8.942,S1O
112,PO7,11,7.965,S1O
112,PO7,12,5.524,S1O
112,PO7,13,1.617,S1O
112,PO7,14,-1.801,S1O
112,PO7,15,-3.265,S1O
112,PO7,16,-2.777,S1O
112,PO7,17,-1.801,S1O
112,PO7,18,-1.312,S1O
112,PO7,19,-2.289,S1O
112,PO7,20,-4.242,S1O
112,PO7,21,-5.707,S1O
112,PO7,22,-6.195,S1O
112,PO7,23,-5.219,S1O
112,PO7,24,-3.265,S1O
112,PO7,25,-2.777,S1O
112,PO7,26,-3.754,S1O
112,PO7,27,-6.195,S1O
112,PO7,28,-9.125,S1O
112,PO7,29,-10.101,S1O
112,PO7,30,-9.125,S1O
112,PO7,31,-6.195,S1O
112,PO7,32,-3.265,S1O
112,PO7,33,-1.801,S1O
112,PO7,34,-2.777,S1O
112,PO7,35,-5.219,S1O
112,PO7,36,-7.172,S1O
112,PO7,37,-8.148,S1O
112,PO7,38,-7.172,S1O
112,PO7,39,-5.707,S1O
112,PO7,40,-4.730,S1O
112,PO7,41,-4.242,S1O
112,PO7,42,-4.242,S1O
112,PO7,43,-4.730,S1O
112,PO7,44,-5.219,S1O
112,PO7,45,-6.195,S1O
112,PO7,46,-7.172,S1O
112,PO7,47,-7.172,S1O
112,PO7,48,-5.707,S1O
112,PO7,49,-2.289,S1O
112,PO7,50,1.129,S1O
112,PO7,51,4.059,S1O
112,PO7,52,5.035,S1O
112,PO7,53,4.059,S1O
112,PO7,54,2.106,S1O
112,PO7,55,1.129,S1O
112,PO7,56,0.641,S1O
112,PO7,57,1.129,S1O
112,PO7,58,0.641,S1O
112,PO7,59,-0.824,S1O
112,PO7,60,-3.265,S1O
112,PO7,61,-5.219,S1O
112,PO7,62,-5.707,S1O
112,PO7,63,-4.242,S1O
112,PO7,64,-2.777,S1O
112,PO7,65,-2.289,S1O
112,PO7,66,-2.289,S1O
112,PO7,67,-3.265,S1O
112,PO7,68,-2.777,S1O
112,PO7,69,0.153,S1O
112,PO7,70,3.082,S1O
112,PO7,71,4.547,S1O
112,PO7,72,3.571,S1O
112,PO7,73,0.641,S1O
112,PO7,74,-1.312,S1O
112,PO7,75,0.153,S1O
112,PO7,76,5.035,S1O
112,PO7,77,9.430,S1O
112,PO7,78,11.383,S1O
112,PO7,79,9.430,S1O
112,PO7,80,6.500,S1O
112,PO7,81,5.035,S1O
112,PO7,82,6.989,S1O
112,PO7,83,10.406,S1O
112,PO7,84,12.848,S1O
112,PO7,85,12.360,S1O
112,PO7,86,9.918,S1O
112,PO7,87,6.989,S1O
112,PO7,88,5.035,S1O
112,PO7,89,4.059,S1O
112,PO7,90,3.082,S1O
112,PO7,91,1.129,S1O
112,PO7,92,-0.824,S1O
112,PO7,93,-1.801,S1O
112,PO7,94,-0.824,S1O
112,PO7,95,1.129,S1O
112,PO7,96,1.129,S1O
112,PO7,97,-0.336,S1O
112,PO7,98,-2.289,S1O
112,PO7,99,-2.777,S1O
112,PO7,100,-1.312,S1O
112,PO7,101,1.129,S1O
112,PO7,102,2.594,S1O
112,PO7,103,2.594,S1O
112,PO7,104,1.129,S1O
112,PO7,105,1.129,S1O
112,PO7,106,2.106,S1O
112,PO7,107,3.571,S1O
112,PO7,108,3.571,S1O
112,PO7,109,1.617,S1O
112,PO7,110,-1.801,S1O
112,PO7,111,-4.242,S1O
112,PO7,112,-3.754,S1O
112,PO7,113,-1.312,S1O
112,PO7,114,0.641,S1O
112,PO7,115,0.641,S1O
112,PO7,116,-0.824,S1O
112,PO7,117,-2.777,S1O
112,PO7,118,-3.265,S1O
112,PO7,119,-2.289,S1O
112,PO7,120,-0.824,S1O
112,PO7,121,0.641,S1O
112,PO7,122,1.129,S1O
112,PO7,123,1.129,S1O
112,PO7,124,0.641,S1O
112,PO7,125,0.153,S1O
112,PO7,126,-0.824,S1O
112,PO7,127,-2.289,S1O
112,PO7,128,-3.754,S1O
112,PO7,129,-3.754,S1O
112,PO7,130,-3.265,S1O
112,PO7,131,-1.801,S1O
112,PO7,132,-0.336,S1O
112,PO7,133,0.641,S1O
112,PO7,134,1.617,S1O
112,PO7,135,2.594,S1O
112,PO7,136,3.571,S1O
112,PO7,137,5.035,S1O
112,PO7,138,5.524,S1O
112,PO7,139,4.547,S1O
112,PO7,140,2.594,S1O
112,PO7,141,0.153,S1O
112,PO7,142,-1.801,S1O
112,PO7,143,-2.777,S1O
112,PO7,144,-2.289,S1O
112,PO7,145,0.153,S1O
112,PO7,146,2.594,S1O
112,PO7,147,4.059,S1O
112,PO7,148,3.571,S1O
112,PO7,149,2.106,S1O
112,PO7,150,0.153,S1O
112,PO7,151,-0.336,S1O
112,PO7,152,0.641,S1O
112,PO7,153,2.594,S1O
112,PO7,154,4.059,S1O
112,PO7,155,4.059,S1O
112,PO7,156,3.571,S1O
112,PO7,157,3.082,S1O
112,PO7,158,3.571,S1O
112,PO7,159,4.059,S1O
112,PO7,160,3.082,S1O
112,PO7,161,1.617,S1O
112,PO7,162,0.153,S1O
112,PO7,163,-0.336,S1O
112,PO7,164,2.106,S1O
112,PO7,165,5.035,S1O
112,PO7,166,6.989,S1O
112,PO7,167,6.500,S1O
112,PO7,168,4.059,S1O
112,PO7,169,1.129,S1O
112,PO7,170,-0.336,S1O
112,PO7,171,-0.824,S1O
112,PO7,172,0.153,S1O
112,PO7,173,1.129,S1O
112,PO7,174,1.617,S1O
112,PO7,175,1.129,S1O
112,PO7,176,0.641,S1O
112,PO7,177,0.153,S1O
112,PO7,178,-0.824,S1O
112,PO7,179,-1.801,S1O
112,PO7,180,-2.777,S1O
112,PO7,181,-3.265,S1O
112,PO7,182,-1.801,S1O
112,PO7,183,0.641,S1O
112,PO7,184,3.082,S1O
112,PO7,185,4.059,S1O
112,PO7,186,2.594,S1O
112,PO7,187,-2.289,S1O
112,PO7,188,-7.172,S1O
112,PO7,189,-11.078,S1O
112,PO7,190,-11.078,S1O
112,PO7,191,-7.660,S1O
112,PO7,192,-3.754,S1O
112,PO7,193,-0.824,S1O
112,PO7,194,-0.824,S1O
112,PO7,195,-2.777,S1O
112,PO7,196,-5.219,S1O
112,PO7,197,-6.195,S1O
112,PO7,198,-6.683,S1O
112,PO7,199,-7.172,S1O
112,PO7,200,-8.148,S1O
112,PO7,201,-8.636,S1O
112,PO7,202,-7.660,S1O
112,PO7,203,-5.219,S1O
112,PO7,204,-2.777,S1O
112,PO7,205,-1.312,S1O
112,PO7,206,-1.801,S1O
112,PO7,207,-2.777,S1O
112,PO7,208,-2.777,S1O
112,PO7,209,-1.312,S1O
112,PO7,210,-0.824,S1O
112,PO7,211,-1.801,S1O
112,PO7,212,-4.730,S1O
112,PO7,213,-8.636,S1O
112,PO7,214,-10.101,S1O
112,PO7,215,-8.148,S1O
112,PO7,216,-5.219,S1O
112,PO7,217,-3.265,S1O
112,PO7,218,-3.265,S1O
112,PO7,219,-5.219,S1O
112,PO7,220,-6.683,S1O
112,PO7,221,-6.683,S1O
112,PO7,222,-4.730,S1O
112,PO7,223,-2.777,S1O
112,PO7,224,-1.801,S1O
112,PO7,225,-3.265,S1O
112,PO7,226,-5.219,S1O
112,PO7,227,-6.683,S1O
112,PO7,228,-6.683,S1O
112,PO7,229,-5.219,S1O
112,PO7,230,-3.265,S1O
112,PO7,231,-2.289,S1O
112,PO7,232,-2.777,S1O
112,PO7,233,-3.265,S1O
112,PO7,234,-4.242,S1O
112,PO7,235,-4.242,S1O
112,PO7,236,-3.754,S1O
112,PO7,237,-3.265,S1O
112,PO7,238,-2.777,S1O
112,PO7,239,-3.265,S1O
112,PO7,240,-3.754,S1O
112,PO7,241,-4.730,S1O
112,PO7,242,-5.707,S1O
112,PO7,243,-6.683,S1O
112,PO7,244,-6.683,S1O
112,PO7,245,-5.219,S1O
112,PO7,246,-2.777,S1O
112,PO7,247,-0.336,S1O
112,PO7,248,0.641,S1O
112,PO7,249,-0.336,S1O
112,PO7,250,-2.777,S1O
112,PO7,251,-6.195,S1O
112,PO7,252,-7.172,S1O
112,PO7,253,-5.707,S1O
112,PO7,254,-2.289,S1O
112,PO7,255,1.129,S1O
112,PO8,0,-0.905,S1O
112,PO8,1,-0.905,S1O
112,PO8,2,-1.394,S1O
112,PO8,3,-2.370,S1O
112,PO8,4,-2.370,S1O
112,PO8,5,-1.394,S1O
112,PO8,6,0.071,S1O
112,PO8,7,2.024,S1O
112,PO8,8,3.489,S1O
112,PO8,9,4.954,S1O
112,PO8,10,5.442,S1O
112,PO8,11,3.977,S1O
112,PO8,12,1.048,S1O
112,PO8,13,-2.858,S1O
112,PO8,14,-5.788,S1O
112,PO8,15,-7.253,S1O
112,PO8,16,-5.788,S1O
112,PO8,17,-3.347,S1O
112,PO8,18,-0.905,S1O
112,PO8,19,-0.417,S1O
112,PO8,20,-1.882,S1O
112,PO8,21,-3.835,S1O
112,PO8,22,-5.300,S1O
112,PO8,23,-5.300,S1O
112,PO8,24,-4.323,S1O
112,PO8,25,-3.347,S1O
112,PO8,26,-3.347,S1O
112,PO8,27,-4.812,S1O
112,PO8,28,-6.276,S1O
112,PO8,29,-7.741,S1O
112,PO8,30,-7.741,S1O
112,PO8,31,-6.765,S1O
112,PO8,32,-4.812,S1O
112,PO8,33,-2.858,S1O
112,PO8,34,-2.858,S1O
112,PO8,35,-4.323,S1O
112,PO8,36,-7.253,S1O
112,PO8,37,-10.671,S1O
112,PO8,38,-12.136,S1O
112,PO8,39,-11.648,S1O
112,PO8,40,-9.206,S1O
112,PO8,41,-5.788,S1O
112,PO8,42,-2.858,S1O
112,PO8,43,-2.370,S1O
112,PO8,44,-3.347,S1O
112,PO8,45,-5.788,S1O
112,PO8,46,-7.741,S1O
112,PO8,47,-9.694,S1O
112,PO8,48,-10.183,S1O
112,PO8,49,-9.206,S1O
112,PO8,50,-7.253,S1O
112,PO8,51,-4.812,S1O
112,PO8,52,-3.347,S1O
112,PO8,53,-3.835,S1O
112,PO8,54,-5.300,S1O
112,PO8,55,-7.253,S1O
112,PO8,56,-8.230,S1O
112,PO8,57,-8.718,S1O
112,PO8,58,-8.718,S1O
112,PO8,59,-8.718,S1O
112,PO8,60,-9.694,S1O
112,PO8,61,-9.694,S1O
112,PO8,62,-9.694,S1O
112,PO8,63,-9.694,S1O
112,PO8,64,-9.206,S1O
112,PO8,65,-9.206,S1O
112,PO8,66,-9.206,S1O
112,PO8,67,-7.741,S1O
112,PO8,68,-5.788,S1O
112,PO8,69,-3.835,S1O
112,PO8,70,-2.858,S1O
112,PO8,71,-4.323,S1O
112,PO8,72,-6.276,S1O
112,PO8,73,-8.230,S1O
112,PO8,74,-8.718,S1O
112,PO8,75,-6.765,S1O
112,PO8,76,-2.858,S1O
112,PO8,77,0.071,S1O
112,PO8,78,2.024,S1O
112,PO8,79,3.001,S1O
112,PO8,80,3.489,S1O
112,PO8,81,4.466,S1O
112,PO8,82,5.931,S1O
112,PO8,83,7.395,S1O
112,PO8,84,8.372,S1O
112,PO8,85,8.372,S1O
112,PO8,86,7.395,S1O
112,PO8,87,6.419,S1O
112,PO8,88,4.954,S1O
112,PO8,89,3.489,S1O
112,PO8,90,3.001,S1O
112,PO8,91,3.001,S1O
112,PO8,92,3.001,S1O
112,PO8,93,2.024,S1O
112,PO8,94,0.559,S1O
112,PO8,95,-1.394,S1O
112,PO8,96,-3.347,S1O
112,PO8,97,-4.323,S1O
112,PO8,98,-4.323,S1O
112,PO8,99,-3.347,S1O
112,PO8,100,-2.858,S1O
112,PO8,101,-2.370,S1O
112,PO8,102,-2.858,S1O
112,PO8,103,-2.858,S1O
112,PO8,104,-2.858,S1O
112,PO8,105,-1.882,S1O
112,PO8,106,-0.905,S1O
112,PO8,107,0.071,S1O
112,PO8,108,0.071,S1O
112,PO8,109,-1.394,S1O
112,PO8,110,-4.323,S1O
112,PO8,111,-6.276,S1O
112,PO8,112,-7.741,S1O
112,PO8,113,-7.741,S1O
112,PO8,114,-7.253,S1O
112,PO8,115,-5.788,S1O
112,PO8,116,-5.788,S1O
112,PO8,117,-6.276,S1O
112,PO8,118,-6.765,S1O
112,PO8,119,-7.253,S1O
112,PO8,120,-6.765,S1O
112,PO8,121,-5.788,S1O
112,PO8,122,-5.300,S1O
112,PO8,123,-5.300,S1O
112,PO8,124,-6.765,S1O
112,PO8,125,-9.206,S1O
112,PO8,126,-10.183,S1O
112,PO8,127,-9.694,S1O
112,PO8,128,-8.230,S1O
112,PO8,129,-5.788,S1O
112,PO8,130,-4.323,S1O
112,PO8,131,-4.323,S1O
112,PO8,132,-4.323,S1O
112,PO8,133,-3.835,S1O
112,PO8,134,-2.858,S1O
112,PO8,135,-0.417,S1O
112,PO8,136,2.024,S1O
112,PO8,137,3.489,S1O
112,PO8,138,3.977,S1O
112,PO8,139,3.001,S1O
112,PO8,140,0.559,S1O
112,PO8,141,-1.882,S1O
112,PO8,142,-4.812,S1O
112,PO8,143,-6.276,S1O
112,PO8,144,-6.276,S1O
112,PO8,145,-4.323,S1O
112,PO8,146,-1.394,S1O
112,PO8,147,0.559,S1O
112,PO8,148,1.048,S1O
112,PO8,149,0.559,S1O
112,PO8,150,-0.905,S1O
112,PO8,151,-1.394,S1O
112,PO8,152,-0.905,S1O
112,PO8,153,1.048,S1O
112,PO8,154,2.513,S1O
112,PO8,155,3.977,S1O
112,PO8,156,4.954,S1O
112,PO8,157,4.466,S1O
112,PO8,158,3.489,S1O
112,PO8,159,2.024,S1O
112,PO8,160,0.071,S1O
112,PO8,161,-0.905,S1O
112,PO8,162,-0.905,S1O
112,PO8,163,1.048,S1O
112,PO8,164,2.513,S1O
112,PO8,165,3.489,S1O
112,PO8,166,3.489,S1O
112,PO8,167,3.489,S1O
112,PO8,168,3.489,S1O
112,PO8,169,3.001,S1O
112,PO8,170,2.024,S1O
112,PO8,171,0.071,S1O
112,PO8,172,-2.858,S1O
112,PO8,173,-4.323,S1O
112,PO8,174,-4.812,S1O
112,PO8,175,-3.347,S1O
112,PO8,176,-2.370,S1O
112,PO8,177,-2.370,S1O
112,PO8,178,-3.835,S1O
112,PO8,179,-5.300,S1O
112,PO8,180,-5.788,S1O
112,PO8,181,-3.835,S1O
112,PO8,182,-0.905,S1O
112,PO8,183,1.048,S1O
112,PO8,184,2.024,S1O
112,PO8,185,1.048,S1O
112,PO8,186,0.071,S1O
112,PO8,187,-1.394,S1O
112,PO8,188,-2.370,S1O
112,PO8,189,-3.347,S1O
112,PO8,190,-4.323,S1O
112,PO8,191,-5.300,S1O
112,PO8,192,-5.788,S1O
112,PO8,193,-4.812,S1O
112,PO8,194,-2.370,S1O
112,PO8,195,-0.417,S1O
112,PO8,196,0.071,S1O
112,PO8,197,-1.394,S1O
112,PO8,198,-5.300,S1O
112,PO8,199,-9.206,S1O
112,PO8,200,-10.671,S1O
112,PO8,201,-9.694,S1O
112,PO8,202,-6.765,S1O
112,PO8,203,-4.323,S1O
112,PO8,204,-2.370,S1O
112,PO8,205,-1.882,S1O
112,PO8,206,-2.370,S1O
112,PO8,207,-2.370,S1O
112,PO8,208,-1.394,S1O
112,PO8,209,-0.905,S1O
112,PO8,210,-1.394,S1O
112,PO8,211,-3.347,S1O
112,PO8,212,-6.276,S1O
112,PO8,213,-8.718,S1O
112,PO8,214,-9.694,S1O
112,PO8,215,-9.206,S1O
112,PO8,216,-7.741,S1O
112,PO8,217,-7.253,S1O
112,PO8,218,-7.253,S1O
112,PO8,219,-6.765,S1O
112,PO8,220,-5.788,S1O
112,PO8,221,-4.323,S1O
112,PO8,222,-2.370,S1O
112,PO8,223,-1.882,S1O
112,PO8,224,-2.858,S1O
112,PO8,225,-4.812,S1O
112,PO8,226,-5.788,S1O
112,PO8,227,-6.276,S1O
112,PO8,228,-5.788,S1O
112,PO8,229,-5.300,S1O
112,PO8,230,-5.788,S1O
112,PO8,231,-6.765,S1O
112,PO8,232,-7.741,S1O
112,PO8,233,-8.230,S1O
112,PO8,234,-7.253,S1O
112,PO8,235,-5.788,S1O
112,PO8,236,-3.835,S1O
112,PO8,237,-2.370,S1O
112,PO8,238,-1.882,S1O
112,PO8,239,-2.858,S1O
112,PO8,240,-4.812,S1O
112,PO8,241,-5.788,S1O
112,PO8,242,-6.276,S1O
112,PO8,243,-6.276,S1O
112,PO8,244,-5.788,S1O
112,PO8,245,-6.765,S1O
112,PO8,246,-8.230,S1O
112,PO8,247,-9.206,S1O
112,PO8,248,-8.718,S1O
112,PO8,249,-7.253,S1O
112,PO8,250,-5.788,S1O
112,PO8,251,-5.300,S1O
112,PO8,252,-6.276,S1O
112,PO8,253,-7.741,S1O
112,PO8,254,-9.206,S1O
112,PO8,255,-8.718,S1O
112,FCZ,0,-1.129,S1O
112,FCZ,1,-0.641,S1O
112,FCZ,2,-0.153,S1O
112,FCZ,3,0.336,S1O
112,FCZ,4,-0.153,S1O
112,FCZ,5,-0.641,S1O
112,FCZ,6,-1.617,S1O
112,FCZ,7,-1.617,S1O
112,FCZ,8,-1.129,S1O
112,FCZ,9,-0.641,S1O
112,FCZ,10,-0.153,S1O
112,FCZ,11,-0.153,S1O
112,FCZ,12,-0.153,S1O
112,FCZ,13,0.336,S1O
112,FCZ,14,0.336,S1O
112,FCZ,15,-0.153,S1O
112,FCZ,16,-1.129,S1O
112,FCZ,17,-2.106,S1O
112,FCZ,18,-3.082,S1O
112,FCZ,19,-3.082,S1O
112,FCZ,20,-2.594,S1O
112,FCZ,21,-2.106,S1O
112,FCZ,22,-2.106,S1O
112,FCZ,23,-2.106,S1O
112,FCZ,24,-2.106,S1O
112,FCZ,25,-2.594,S1O
112,FCZ,26,-2.594,S1O
112,FCZ,27,-1.617,S1O
112,FCZ,28,-0.641,S1O
112,FCZ,29,-0.641,S1O
112,FCZ,30,-0.641,S1O
112,FCZ,31,-1.617,S1O
112,FCZ,32,-2.106,S1O
112,FCZ,33,-2.106,S1O
112,FCZ,34,-1.617,S1O
112,FCZ,35,-0.641,S1O
112,FCZ,36,-0.153,S1O
112,FCZ,37,-0.641,S1O
112,FCZ,38,-0.641,S1O
112,FCZ,39,-0.641,S1O
112,FCZ,40,0.336,S1O
112,FCZ,41,1.312,S1O
112,FCZ,42,1.801,S1O
112,FCZ,43,1.801,S1O
112,FCZ,44,0.824,S1O
112,FCZ,45,-0.153,S1O
112,FCZ,46,-0.153,S1O
112,FCZ,47,0.336,S1O
112,FCZ,48,0.824,S1O
112,FCZ,49,0.824,S1O
112,FCZ,50,0.336,S1O
112,FCZ,51,-0.153,S1O
112,FCZ,52,-0.153,S1O
112,FCZ,53,-0.153,S1O
112,FCZ,54,0.824,S1O
112,FCZ,55,1.312,S1O
112,FCZ,56,0.824,S1O
112,FCZ,57,-0.153,S1O
112,FCZ,58,-0.153,S1O
112,FCZ,59,0.336,S1O
112,FCZ,60,1.801,S1O
112,FCZ,61,3.265,S1O
112,FCZ,62,3.754,S1O
112,FCZ,63,2.777,S1O
112,FCZ,64,1.312,S1O
112,FCZ,65,-0.153,S1O
112,FCZ,66,-0.641,S1O
112,FCZ,67,-0.641,S1O
112,FCZ,68,-0.641,S1O
112,FCZ,69,-0.153,S1O
112,FCZ,70,-0.153,S1O
112,FCZ,71,0.824,S1O
112,FCZ,72,1.312,S1O
112,FCZ,73,2.289,S1O
112,FCZ,74,2.777,S1O
112,FCZ,75,1.801,S1O
112,FCZ,76,0.824,S1O
112,FCZ,77,-0.641,S1O
112,FCZ,78,-1.129,S1O
112,FCZ,79,-0.153,S1O
112,FCZ,80,1.312,S1O
112,FCZ,81,2.289,S1O
112,FCZ,82,1.801,S1O
112,FCZ,83,0.824,S1O
112,FCZ,84,-0.641,S1O
112,FCZ,85,-1.617,S1O
112,FCZ,86,-1.129,S1O
112,FCZ,87,-0.641,S1O
112,FCZ,88,0.336,S1O
112,FCZ,89,0.336,S1O
112,FCZ,90,-0.153,S1O
112,FCZ,91,-0.641,S1O
112,FCZ,92,-1.129,S1O
112,FCZ,93,-1.129,S1O
112,FCZ,94,-0.641,S1O
112,FCZ,95,-0.153,S1O
112,FCZ,96,-0.153,S1O
112,FCZ,97,0.824,S1O
112,FCZ,98,0.824,S1O
112,FCZ,99,0.336,S1O
112,FCZ,100,-0.153,S1O
112,FCZ,101,-1.129,S1O
112,FCZ,102,-1.129,S1O
112,FCZ,103,-0.641,S1O
112,FCZ,104,-0.153,S1O
112,FCZ,105,0.336,S1O
112,FCZ,106,-0.153,S1O
112,FCZ,107,-1.617,S1O
112,FCZ,108,-2.106,S1O
112,FCZ,109,-2.106,S1O
112,FCZ,110,-1.617,S1O
112,FCZ,111,-0.641,S1O
112,FCZ,112,-0.153,S1O
112,FCZ,113,-0.641,S1O
112,FCZ,114,-1.617,S1O
112,FCZ,115,-2.594,S1O
112,FCZ,116,-3.082,S1O
112,FCZ,117,-2.594,S1O
112,FCZ,118,-2.106,S1O
112,FCZ,119,-1.617,S1O
112,FCZ,120,-1.617,S1O
112,FCZ,121,-2.106,S1O
112,FCZ,122,-2.594,S1O
112,FCZ,123,-2.594,S1O
112,FCZ,124,-2.106,S1O
112,FCZ,125,-1.617,S1O
112,FCZ,126,-1.129,S1O
112,FCZ,127,-0.641,S1O
112,FCZ,128,-1.129,S1O
112,FCZ,129,-1.617,S1O
112,FCZ,130,-1.617,S1O
112,FCZ,131,-2.106,S1O
112,FCZ,132,-2.106,S1O
112,FCZ,133,-2.594,S1O
112,FCZ,134,-2.594,S1O
112,FCZ,135,-3.082,S1O
112,FCZ,136,-3.082,S1O
112,FCZ,137,-3.082,S1O
112,FCZ,138,-3.571,S1O
112,FCZ,139,-4.059,S1O
112,FCZ,140,-4.059,S1O
112,FCZ,141,-4.059,S1O
112,FCZ,142,-3.082,S1O
112,FCZ,143,-2.106,S1O
112,FCZ,144,-1.129,S1O
112,FCZ,145,-0.641,S1O
112,FCZ,146,-1.129,S1O
112,FCZ,147,-2.106,S1O
112,FCZ,148,-3.571,S1O
112,FCZ,149,-4.547,S1O
112,FCZ,150,-5.035,S1O
112,FCZ,151,-4.547,S1O
112,FCZ,152,-4.059,S1O
112,FCZ,153,-3.571,S1O
112,FCZ,154,-3.571,S1O
112,FCZ,155,-4.059,S1O
112,FCZ,156,-5.035,S1O
112,FCZ,157,-6.012,S1O
112,FCZ,158,-6.500,S1O
112,FCZ,159,-6.012,S1O
112,FCZ,160,-5.524,S1O
112,FCZ,161,-4.547,S1O
112,FCZ,162,-4.059,S1O
112,FCZ,163,-4.059,S1O
112,FCZ,164,-4.059,S1O
112,FCZ,165,-4.547,S1O
112,FCZ,166,-5.035,S1O
112,FCZ,167,-5.524,S1O
112,FCZ,168,-6.012,S1O
112,FCZ,169,-6.012,S1O
112,FCZ,170,-6.012,S1O
112,FCZ,171,-5.524,S1O
112,FCZ,172,-5.035,S1O
112,FCZ,173,-4.059,S1O
112,FCZ,174,-3.571,S1O
112,FCZ,175,-4.059,S1O
112,FCZ,176,-4.547,S1O
112,FCZ,177,-5.524,S1O
112,FCZ,178,-5.524,S1O
112,FCZ,179,-5.035,S1O
112,FCZ,180,-3.571,S1O
112,FCZ,181,-3.082,S1O
112,FCZ,182,-3.082,S1O
112,FCZ,183,-3.571,S1O
112,FCZ,184,-4.547,S1O
112,FCZ,185,-5.524,S1O
112,FCZ,186,-5.035,S1O
112,FCZ,187,-4.547,S1O
112,FCZ,188,-3.571,S1O
112,FCZ,189,-3.082,S1O
112,FCZ,190,-3.082,S1O
112,FCZ,191,-3.571,S1O
112,FCZ,192,-4.547,S1O
112,FCZ,193,-5.035,S1O
112,FCZ,194,-5.035,S1O
112,FCZ,195,-5.035,S1O
112,FCZ,196,-4.547,S1O
112,FCZ,197,-4.059,S1O
112,FCZ,198,-4.059,S1O
112,FCZ,199,-3.571,S1O
112,FCZ,200,-3.082,S1O
112,FCZ,201,-3.082,S1O
112,FCZ,202,-3.082,S1O
112,FCZ,203,-3.571,S1O
112,FCZ,204,-4.059,S1O
112,FCZ,205,-4.059,S1O
112,FCZ,206,-4.059,S1O
112,FCZ,207,-3.082,S1O
112,FCZ,208,-3.082,S1O
112,FCZ,209,-2.594,S1O
112,FCZ,210,-2.106,S1O
112,FCZ,211,-1.617,S1O
112,FCZ,212,-1.617,S1O
112,FCZ,213,-2.106,S1O
112,FCZ,214,-2.106,S1O
112,FCZ,215,-2.594,S1O
112,FCZ,216,-3.082,S1O
112,FCZ,217,-3.082,S1O
112,FCZ,218,-2.594,S1O
112,FCZ,219,-2.106,S1O
112,FCZ,220,-2.106,S1O
112,FCZ,221,-2.594,S1O
112,FCZ,222,-3.571,S1O
112,FCZ,223,-4.059,S1O
112,FCZ,224,-4.059,S1O
112,FCZ,225,-3.571,S1O
112,FCZ,226,-3.082,S1O
112,FCZ,227,-3.082,S1O
112,FCZ,228,-3.571,S1O
112,FCZ,229,-4.547,S1O
112,FCZ,230,-5.035,S1O
112,FCZ,231,-5.035,S1O
112,FCZ,232,-4.547,S1O
112,FCZ,233,-3.571,S1O
112,FCZ,234,-3.082,S1O
112,FCZ,235,-3.082,S1O
112,FCZ,236,-4.059,S1O
112,FCZ,237,-5.035,S1O
112,FCZ,238,-5.035,S1O
112,FCZ,239,-4.547,S1O
112,FCZ,240,-3.082,S1O
112,FCZ,241,-2.594,S1O
112,FCZ,242,-2.106,S1O
112,FCZ,243,-2.106,S1O
112,FCZ,244,-1.617,S1O
112,FCZ,245,-1.617,S1O
112,FCZ,246,-1.617,S1O
112,FCZ,247,-2.106,S1O
112,FCZ,248,-2.594,S1O
112,FCZ,249,-3.082,S1O
112,FCZ,250,-3.082,S1O
112,FCZ,251,-2.106,S1O
112,FCZ,252,-1.129,S1O
112,FCZ,253,-1.129,S1O
112,FCZ,254,-1.617,S1O
112,FCZ,255,-3.082,S1O
112,POZ,0,-3.794,S1O
112,POZ,1,-4.771,S1O
112,POZ,2,-6.236,S1O
112,POZ,3,-6.724,S1O
112,POZ,4,-6.724,S1O
112,POZ,5,-5.259,S1O
112,POZ,6,-3.794,S1O
112,POZ,7,-3.306,S1O
112,POZ,8,-2.818,S1O
112,POZ,9,-1.841,S1O
112,POZ,10,-1.353,S1O
112,POZ,11,-1.353,S1O
112,POZ,12,-2.330,S1O
112,POZ,13,-4.283,S1O
112,POZ,14,-6.724,S1O
112,POZ,15,-7.701,S1O
112,POZ,16,-7.212,S1O
112,POZ,17,-5.259,S1O
112,POZ,18,-3.306,S1O
112,POZ,19,-2.818,S1O
112,POZ,20,-3.306,S1O
112,POZ,21,-4.771,S1O
112,POZ,22,-5.259,S1O
112,POZ,23,-5.259,S1O
112,POZ,24,-4.771,S1O
112,POZ,25,-5.259,S1O
112,POZ,26,-7.212,S1O
112,POZ,27,-10.142,S1O
112,POZ,28,-13.072,S1O
112,POZ,29,-14.537,S1O
112,POZ,30,-14.537,S1O
112,POZ,31,-13.072,S1O
112,POZ,32,-11.119,S1O
112,POZ,33,-10.142,S1O
112,POZ,34,-10.142,S1O
112,POZ,35,-11.119,S1O
112,POZ,36,-12.095,S1O
112,POZ,37,-13.072,S1O
112,POZ,38,-13.560,S1O
112,POZ,39,-13.560,S1O
112,POZ,40,-13.072,S1O
112,POZ,41,-12.583,S1O
112,POZ,42,-11.607,S1O
112,POZ,43,-11.119,S1O
112,POZ,44,-11.607,S1O
112,POZ,45,-12.583,S1O
112,POZ,46,-13.072,S1O
112,POZ,47,-13.072,S1O
112,POZ,48,-12.095,S1O
112,POZ,49,-10.142,S1O
112,POZ,50,-7.701,S1O
112,POZ,51,-5.747,S1O
112,POZ,52,-5.259,S1O
112,POZ,53,-6.236,S1O
112,POZ,54,-6.724,S1O
112,POZ,55,-7.701,S1O
112,POZ,56,-8.189,S1O
112,POZ,57,-8.189,S1O
112,POZ,58,-9.165,S1O
112,POZ,59,-9.654,S1O
112,POZ,60,-11.119,S1O
112,POZ,61,-12.095,S1O
112,POZ,62,-12.583,S1O
112,POZ,63,-12.095,S1O
112,POZ,64,-11.119,S1O
112,POZ,65,-10.142,S1O
112,POZ,66,-9.165,S1O
112,POZ,67,-7.701,S1O
112,POZ,68,-6.236,S1O
112,POZ,69,-4.283,S1O
112,POZ,70,-3.794,S1O
112,POZ,71,-4.771,S1O
112,POZ,72,-7.212,S1O
112,POZ,73,-9.165,S1O
112,POZ,74,-10.142,S1O
112,POZ,75,-8.677,S1O
112,POZ,76,-5.259,S1O
112,POZ,77,-1.353,S1O
112,POZ,78,0.600,S1O
112,POZ,79,0.112,S1O
112,POZ,80,-1.353,S1O
112,POZ,81,-2.818,S1O
112,POZ,82,-2.818,S1O
112,POZ,83,-1.353,S1O
112,POZ,84,0.112,S1O
112,POZ,85,0.600,S1O
112,POZ,86,-0.865,S1O
112,POZ,87,-2.818,S1O
112,POZ,88,-4.283,S1O
112,POZ,89,-4.771,S1O
112,POZ,90,-3.794,S1O
112,POZ,91,-3.306,S1O
112,POZ,92,-2.818,S1O
112,POZ,93,-3.794,S1O
112,POZ,94,-5.259,S1O
112,POZ,95,-7.212,S1O
112,POZ,96,-8.677,S1O
112,POZ,97,-9.654,S1O
112,POZ,98,-9.654,S1O
112,POZ,99,-8.677,S1O
112,POZ,100,-8.189,S1O
112,POZ,101,-7.701,S1O
112,POZ,102,-7.701,S1O
112,POZ,103,-7.701,S1O
112,POZ,104,-7.212,S1O
112,POZ,105,-6.236,S1O
112,POZ,106,-4.283,S1O
112,POZ,107,-2.818,S1O
112,POZ,108,-2.818,S1O
112,POZ,109,-4.283,S1O
112,POZ,110,-7.212,S1O
112,POZ,111,-9.654,S1O
112,POZ,112,-11.119,S1O
112,POZ,113,-10.630,S1O
112,POZ,114,-9.165,S1O
112,POZ,115,-8.677,S1O
112,POZ,116,-8.677,S1O
112,POZ,117,-10.142,S1O
112,POZ,118,-12.095,S1O
112,POZ,119,-12.583,S1O
112,POZ,120,-11.607,S1O
112,POZ,121,-10.142,S1O
112,POZ,122,-8.677,S1O
112,POZ,123,-8.189,S1O
112,POZ,124,-9.165,S1O
112,POZ,125,-10.142,S1O
112,POZ,126,-11.119,S1O
112,POZ,127,-11.119,S1O
112,POZ,128,-10.630,S1O
112,POZ,129,-9.654,S1O
112,POZ,130,-8.677,S1O
112,POZ,131,-8.189,S1O
112,POZ,132,-6.724,S1O
112,POZ,133,-4.771,S1O
112,POZ,134,-2.818,S1O
112,POZ,135,-0.865,S1O
112,POZ,136,0.112,S1O
112,POZ,137,0.112,S1O
112,POZ,138,-0.376,S1O
112,POZ,139,-0.865,S1O
112,POZ,140,-1.841,S1O
112,POZ,141,-2.818,S1O
112,POZ,142,-3.794,S1O
112,POZ,143,-4.771,S1O
112,POZ,144,-4.771,S1O
112,POZ,145,-3.794,S1O
112,POZ,146,-1.841,S1O
112,POZ,147,-0.376,S1O
112,POZ,148,1.088,S1O
112,POZ,149,1.577,S1O
112,POZ,150,1.577,S1O
112,POZ,151,1.088,S1O
112,POZ,152,1.088,S1O
112,POZ,153,1.577,S1O
112,POZ,154,2.065,S1O
112,POZ,155,3.042,S1O
112,POZ,156,4.018,S1O
112,POZ,157,4.995,S1O
112,POZ,158,5.483,S1O
112,POZ,159,4.995,S1O
112,POZ,160,4.018,S1O
112,POZ,161,2.553,S1O
112,POZ,162,1.577,S1O
112,POZ,163,1.577,S1O
112,POZ,164,3.042,S1O
112,POZ,165,4.506,S1O
112,POZ,166,4.995,S1O
112,POZ,167,4.995,S1O
112,POZ,168,4.018,S1O
112,POZ,169,3.042,S1O
112,POZ,170,2.065,S1O
112,POZ,171,1.577,S1O
112,POZ,172,0.600,S1O
112,POZ,173,0.112,S1O
112,POZ,174,0.112,S1O
112,POZ,175,0.600,S1O
112,POZ,176,1.088,S1O
112,POZ,177,1.088,S1O
112,POZ,178,0.600,S1O
112,POZ,179,-0.376,S1O
112,POZ,180,-1.353,S1O
112,POZ,181,-0.865,S1O
112,POZ,182,0.600,S1O
112,POZ,183,2.553,S1O
112,POZ,184,3.530,S1O
112,POZ,185,3.530,S1O
112,POZ,186,2.553,S1O
112,POZ,187,0.600,S1O
112,POZ,188,-0.865,S1O
112,POZ,189,-1.353,S1O
112,POZ,190,-1.353,S1O
112,POZ,191,-0.865,S1O
112,POZ,192,0.112,S1O
112,POZ,193,0.600,S1O
112,POZ,194,1.577,S1O
112,POZ,195,2.065,S1O
112,POZ,196,1.577,S1O
112,POZ,197,1.088,S1O
112,POZ,198,-0.865,S1O
112,POZ,199,-2.330,S1O
112,POZ,200,-3.794,S1O
112,POZ,201,-3.794,S1O
112,POZ,202,-2.330,S1O
112,POZ,203,-0.376,S1O
112,POZ,204,0.600,S1O
112,POZ,205,0.600,S1O
112,POZ,206,-0.376,S1O
112,POZ,207,-1.353,S1O
112,POZ,208,-1.353,S1O
112,POZ,209,0.112,S1O
112,POZ,210,1.577,S1O
112,POZ,211,2.065,S1O
112,POZ,212,0.600,S1O
112,POZ,213,-2.330,S1O
112,POZ,214,-5.259,S1O
112,POZ,215,-5.747,S1O
112,POZ,216,-5.259,S1O
112,POZ,217,-3.794,S1O
112,POZ,218,-2.818,S1O
112,POZ,219,-2.818,S1O
112,POZ,220,-3.306,S1O
112,POZ,221,-3.306,S1O
112,POZ,222,-2.330,S1O
112,POZ,223,-0.865,S1O
112,POZ,224,0.112,S1O
112,POZ,225,-0.865,S1O
112,POZ,226,-1.353,S1O
112,POZ,227,-2.330,S1O
112,POZ,228,-2.818,S1O
112,POZ,229,-2.818,S1O
112,POZ,230,-2.330,S1O
112,POZ,231,-2.330,S1O
112,POZ,232,-2.818,S1O
112,POZ,233,-3.306,S1O
112,POZ,234,-3.794,S1O
112,POZ,235,-2.818,S1O
112,POZ,236,-1.841,S1O
112,POZ,237,-0.865,S1O
112,POZ,238,-1.353,S1O
112,POZ,239,-2.818,S1O
112,POZ,240,-5.259,S1O
112,POZ,241,-6.724,S1O
112,POZ,242,-7.701,S1O
112,POZ,243,-7.701,S1O
112,POZ,244,-7.212,S1O
112,POZ,245,-6.724,S1O
112,POZ,246,-6.236,S1O
112,POZ,247,-5.259,S1O
112,POZ,248,-3.794,S1O
112,POZ,249,-3.306,S1O
112,POZ,250,-3.306,S1O
112,POZ,251,-4.771,S1O
112,POZ,252,-5.747,S1O
112,POZ,253,-5.747,S1O
112,POZ,254,-4.283,S1O
112,POZ,255,-1.841,S1O
112,OZ,0,-0.203,S1O
112,OZ,1,-2.157,S1O
112,OZ,2,-4.110,S1O
112,OZ,3,-5.086,S1O
112,OZ,4,-4.110,S1O
112,OZ,5,-2.157,S1O
112,OZ,6,-0.203,S1O
112,OZ,7,1.261,S1O
112,OZ,8,2.238,S1O
112,OZ,9,2.726,S1O
112,OZ,10,3.703,S1O
112,OZ,11,4.191,S1O
112,OZ,12,3.215,S1O
112,OZ,13,1.261,S1O
112,OZ,14,-1.668,S1O
112,OZ,15,-3.621,S1O
112,OZ,16,-4.110,S1O
112,OZ,17,-2.645,S1O
112,OZ,18,-1.180,S1O
112,OZ,19,-0.692,S1O
112,OZ,20,-2.157,S1O
112,OZ,21,-4.110,S1O
112,OZ,22,-7.039,S1O
112,OZ,23,-8.016,S1O
112,OZ,24,-8.016,S1O
112,OZ,25,-8.016,S1O
112,OZ,26,-8.993,S1O
112,OZ,27,-11.434,S1O
112,OZ,28,-13.875,S1O
112,OZ,29,-15.340,S1O
112,OZ,30,-15.340,S1O
112,OZ,31,-12.899,S1O
112,OZ,32,-9.969,S1O
112,OZ,33,-7.039,S1O
112,OZ,34,-6.551,S1O
112,OZ,35,-7.528,S1O
112,OZ,36,-9.481,S1O
112,OZ,37,-11.434,S1O
112,OZ,38,-12.410,S1O
112,OZ,39,-10.946,S1O
112,OZ,40,-8.504,S1O
112,OZ,41,-6.063,S1O
112,OZ,42,-4.598,S1O
112,OZ,43,-4.598,S1O
112,OZ,44,-6.063,S1O
112,OZ,45,-7.528,S1O
112,OZ,46,-8.993,S1O
112,OZ,47,-8.504,S1O
112,OZ,48,-7.528,S1O
112,OZ,49,-5.086,S1O
112,OZ,50,-3.133,S1O
112,OZ,51,-1.668,S1O
112,OZ,52,-0.692,S1O
112,OZ,53,-1.180,S1O
112,OZ,54,-2.157,S1O
112,OZ,55,-3.133,S1O
112,OZ,56,-3.621,S1O
112,OZ,57,-4.110,S1O
112,OZ,58,-4.110,S1O
112,OZ,59,-4.110,S1O
112,OZ,60,-4.598,S1O
112,OZ,61,-5.086,S1O
112,OZ,62,-5.086,S1O
112,OZ,63,-4.598,S1O
112,OZ,64,-3.621,S1O
112,OZ,65,-2.645,S1O
112,OZ,66,-1.668,S1O
112,OZ,67,-1.180,S1O
112,OZ,68,-0.692,S1O
112,OZ,69,0.285,S1O
112,OZ,70,1.261,S1O
112,OZ,71,1.750,S1O
112,OZ,72,0.773,S1O
112,OZ,73,-0.692,S1O
112,OZ,74,-1.180,S1O
112,OZ,75,0.285,S1O
112,OZ,76,3.703,S1O
112,OZ,77,6.632,S1O
112,OZ,78,8.586,S1O
112,OZ,79,8.586,S1O
112,OZ,80,7.121,S1O
112,OZ,81,6.632,S1O
112,OZ,82,7.121,S1O
112,OZ,83,9.074,S1O
112,OZ,84,11.515,S1O
112,OZ,85,11.515,S1O
112,OZ,86,10.050,S1O
112,OZ,87,7.121,S1O
112,OZ,88,4.679,S1O
112,OZ,89,3.703,S1O
112,OZ,90,4.191,S1O
112,OZ,91,5.168,S1O
112,OZ,92,5.168,S1O
112,OZ,93,4.191,S1O
112,OZ,94,1.750,S1O
112,OZ,95,-0.692,S1O
112,OZ,96,-2.645,S1O
112,OZ,97,-3.133,S1O
112,OZ,98,-3.133,S1O
112,OZ,99,-1.668,S1O
112,OZ,100,-0.692,S1O
112,OZ,101,-0.203,S1O
112,OZ,102,0.285,S1O
112,OZ,103,-0.203,S1O
112,OZ,104,-0.203,S1O
112,OZ,105,0.773,S1O
112,OZ,106,2.726,S1O
112,OZ,107,4.679,S1O
112,OZ,108,5.168,S1O
112,OZ,109,3.215,S1O
112,OZ,110,-0.692,S1O
112,OZ,111,-4.110,S1O
112,OZ,112,-6.063,S1O
112,OZ,113,-5.575,S1O
112,OZ,114,-3.621,S1O
112,OZ,115,-2.157,S1O
112,OZ,116,-2.157,S1O
112,OZ,117,-3.133,S1O
112,OZ,118,-4.598,S1O
112,OZ,119,-4.598,S1O
112,OZ,120,-3.621,S1O
112,OZ,121,-1.668,S1O
112,OZ,122,-0.203,S1O
112,OZ,123,0.285,S1O
112,OZ,124,-0.692,S1O
112,OZ,125,-2.645,S1O
112,OZ,126,-3.621,S1O
112,OZ,127,-3.621,S1O
112,OZ,128,-2.645,S1O
112,OZ,129,-0.692,S1O
112,OZ,130,0.285,S1O
112,OZ,131,0.773,S1O
112,OZ,132,1.261,S1O
112,OZ,133,1.750,S1O
112,OZ,134,2.726,S1O
112,OZ,135,4.191,S1O
112,OZ,136,6.144,S1O
112,OZ,137,6.632,S1O
112,OZ,138,6.632,S1O
112,OZ,139,5.168,S1O
112,OZ,140,3.215,S1O
112,OZ,141,1.750,S1O
112,OZ,142,0.773,S1O
112,OZ,143,0.285,S1O
112,OZ,144,0.773,S1O
112,OZ,145,1.750,S1O
112,OZ,146,3.215,S1O
112,OZ,147,4.191,S1O
112,OZ,148,5.656,S1O
112,OZ,149,6.144,S1O
112,OZ,150,5.656,S1O
112,OZ,151,4.679,S1O
112,OZ,152,3.703,S1O
112,OZ,153,2.726,S1O
112,OZ,154,3.215,S1O
112,OZ,155,4.679,S1O
112,OZ,156,7.121,S1O
112,OZ,157,8.586,S1O
112,OZ,158,9.074,S1O
112,OZ,159,7.609,S1O
112,OZ,160,5.656,S1O
112,OZ,161,3.703,S1O
112,OZ,162,2.726,S1O
112,OZ,163,3.703,S1O
112,OZ,164,5.168,S1O
112,OZ,165,6.632,S1O
112,OZ,166,7.121,S1O
112,OZ,167,7.121,S1O
112,OZ,168,6.144,S1O
112,OZ,169,5.656,S1O
112,OZ,170,4.679,S1O
112,OZ,171,3.703,S1O
112,OZ,172,2.238,S1O
112,OZ,173,0.773,S1O
112,OZ,174,0.773,S1O
112,OZ,175,1.750,S1O
112,OZ,176,2.726,S1O
112,OZ,177,2.726,S1O
112,OZ,178,0.773,S1O
112,OZ,179,-1.180,S1O
112,OZ,180,-2.645,S1O
112,OZ,181,-2.157,S1O
112,OZ,182,-0.203,S1O
112,OZ,183,2.238,S1O
112,OZ,184,4.191,S1O
112,OZ,185,4.191,S1O
112,OZ,186,2.726,S1O
112,OZ,187,0.773,S1O
112,OZ,188,-1.180,S1O
112,OZ,189,-2.157,S1O
112,OZ,190,-2.645,S1O
112,OZ,191,-2.645,S1O
112,OZ,192,-1.668,S1O
112,OZ,193,-0.692,S1O
112,OZ,194,0.773,S1O
112,OZ,195,1.750,S1O
112,OZ,196,1.750,S1O
112,OZ,197,0.285,S1O
112,OZ,198,-2.157,S1O
112,OZ,199,-5.086,S1O
112,OZ,200,-7.039,S1O
112,OZ,201,-7.039,S1O
112,OZ,202,-4.598,S1O
112,OZ,203,-1.180,S1O
112,OZ,204,1.261,S1O
112,OZ,205,1.750,S1O
112,OZ,206,1.261,S1O
112,OZ,207,0.285,S1O
112,OZ,208,0.285,S1O
112,OZ,209,0.773,S1O
112,OZ,210,1.750,S1O
112,OZ,211,1.750,S1O
112,OZ,212,0.285,S1O
112,OZ,213,-2.645,S1O
112,OZ,214,-5.086,S1O
112,OZ,215,-6.063,S1O
112,OZ,216,-5.575,S1O
112,OZ,217,-4.110,S1O
112,OZ,218,-3.133,S1O
112,OZ,219,-2.645,S1O
112,OZ,220,-3.133,S1O
112,OZ,221,-2.645,S1O
112,OZ,222,-2.157,S1O
112,OZ,223,-0.692,S1O
112,OZ,224,-0.203,S1O
112,OZ,225,-0.692,S1O
112,OZ,226,-2.157,S1O
112,OZ,227,-3.621,S1O
112,OZ,228,-4.110,S1O
112,OZ,229,-3.621,S1O
112,OZ,230,-2.645,S1O
112,OZ,231,-2.157,S1O
112,OZ,232,-2.645,S1O
112,OZ,233,-3.621,S1O
112,OZ,234,-4.110,S1O
112,OZ,235,-2.645,S1O
112,OZ,236,-0.692,S1O
112,OZ,237,1.261,S1O
112,OZ,238,1.261,S1O
112,OZ,239,-0.203,S1O
112,OZ,240,-3.133,S1O
112,OZ,241,-5.086,S1O
112,OZ,242,-6.063,S1O
112,OZ,243,-5.575,S1O
112,OZ,244,-4.598,S1O
112,OZ,245,-4.598,S1O
112,OZ,246,-4.598,S1O
112,OZ,247,-4.598,S1O
112,OZ,248,-4.110,S1O
112,OZ,249,-2.645,S1O
112,OZ,250,-2.157,S1O
112,OZ,251,-2.645,S1O
112,OZ,252,-3.621,S1O
112,OZ,253,-4.598,S1O
112,OZ,254,-4.110,S1O
112,OZ,255,-2.645,S1O
112,P2,0,0.559,S1O
112,P2,1,-0.417,S1O
112,P2,2,-1.394,S1O
112,P2,3,-1.882,S1O
112,P2,4,-1.882,S1O
112,P2,5,-0.905,S1O
112,P2,6,0.071,S1O
112,P2,7,0.559,S1O
112,P2,8,0.559,S1O
112,P2,9,0.559,S1O
112,P2,10,0.559,S1O
112,P2,11,0.071,S1O
112,P2,12,-0.905,S1O
112,P2,13,-1.882,S1O
112,P2,14,-2.858,S1O
112,P2,15,-2.858,S1O
112,P2,16,-2.370,S1O
112,P2,17,-1.394,S1O
112,P2,18,-0.417,S1O
112,P2,19,0.071,S1O
112,P2,20,-0.417,S1O
112,P2,21,-0.905,S1O
112,P2,22,-1.394,S1O
112,P2,23,-0.905,S1O
112,P2,24,-0.417,S1O
112,P2,25,0.071,S1O
112,P2,26,-0.417,S1O
112,P2,27,-1.882,S1O
112,P2,28,-3.347,S1O
112,P2,29,-4.323,S1O
112,P2,30,-3.835,S1O
112,P2,31,-2.858,S1O
112,P2,32,-1.882,S1O
112,P2,33,-0.905,S1O
112,P2,34,-1.394,S1O
112,P2,35,-2.370,S1O
112,P2,36,-3.835,S1O
112,P2,37,-4.812,S1O
112,P2,38,-6.276,S1O
112,P2,39,-6.276,S1O
112,P2,40,-5.788,S1O
112,P2,41,-5.300,S1O
112,P2,42,-4.812,S1O
112,P2,43,-4.323,S1O
112,P2,44,-4.812,S1O
112,P2,45,-4.812,S1O
112,P2,46,-5.788,S1O
112,P2,47,-5.788,S1O
112,P2,48,-5.788,S1O
112,P2,49,-4.323,S1O
112,P2,50,-2.858,S1O
112,P2,51,-1.882,S1O
112,P2,52,-1.394,S1O
112,P2,53,-1.882,S1O
112,P2,54,-2.858,S1O
112,P2,55,-3.347,S1O
112,P2,56,-3.835,S1O
112,P2,57,-3.347,S1O
112,P2,58,-3.347,S1O
112,P2,59,-3.347,S1O
112,P2,60,-4.323,S1O
112,P2,61,-5.300,S1O
112,P2,62,-5.788,S1O
112,P2,63,-5.300,S1O
112,P2,64,-4.812,S1O
112,P2,65,-4.323,S1O
112,P2,66,-3.347,S1O
112,P2,67,-2.858,S1O
112,P2,68,-1.394,S1O
112,P2,69,-0.417,S1O
112,P2,70,0.071,S1O
112,P2,71,-0.417,S1O
112,P2,72,-1.882,S1O
112,P2,73,-3.835,S1O
112,P2,74,-4.812,S1O
112,P2,75,-4.323,S1O
112,P2,76,-1.394,S1O
112,P2,77,1.536,S1O
112,P2,78,3.001,S1O
112,P2,79,3.489,S1O
112,P2,80,2.513,S1O
112,P2,81,1.048,S1O
112,P2,82,1.536,S1O
112,P2,83,2.513,S1O
112,P2,84,3.489,S1O
112,P2,85,4.466,S1O
112,P2,86,4.466,S1O
112,P2,87,3.001,S1O
112,P2,88,2.513,S1O
112,P2,89,2.024,S1O
112,P2,90,2.024,S1O
112,P2,91,2.513,S1O
112,P2,92,3.001,S1O
112,P2,93,3.001,S1O
112,P2,94,1.536,S1O
112,P2,95,0.071,S1O
112,P2,96,-1.394,S1O
112,P2,97,-1.882,S1O
112,P2,98,-1.394,S1O
112,P2,99,-0.417,S1O
112,P2,100,0.559,S1O
112,P2,101,1.048,S1O
112,P2,102,0.559,S1O
112,P2,103,0.071,S1O
112,P2,104,-0.417,S1O
112,P2,105,0.559,S1O
112,P2,106,2.513,S1O
112,P2,107,4.466,S1O
112,P2,108,4.954,S1O
112,P2,109,4.466,S1O
112,P2,110,2.024,S1O
112,P2,111,0.071,S1O
112,P2,112,-1.394,S1O
112,P2,113,-0.905,S1O
112,P2,114,-0.417,S1O
112,P2,115,0.559,S1O
112,P2,116,0.071,S1O
112,P2,117,-0.417,S1O
112,P2,118,-1.394,S1O
112,P2,119,-1.882,S1O
112,P2,120,-0.905,S1O
112,P2,121,0.071,S1O
112,P2,122,0.559,S1O
112,P2,123,0.559,S1O
112,P2,124,0.071,S1O
112,P2,125,-1.394,S1O
112,P2,126,-1.882,S1O
112,P2,127,-1.882,S1O
112,P2,128,-0.905,S1O
112,P2,129,0.071,S1O
112,P2,130,1.048,S1O
112,P2,131,1.536,S1O
112,P2,132,2.024,S1O
112,P2,133,2.513,S1O
112,P2,134,3.001,S1O
112,P2,135,3.977,S1O
112,P2,136,4.466,S1O
112,P2,137,4.954,S1O
112,P2,138,4.954,S1O
112,P2,139,4.466,S1O
112,P2,140,3.489,S1O
112,P2,141,2.024,S1O
112,P2,142,0.559,S1O
112,P2,143,-0.905,S1O
112,P2,144,-1.394,S1O
112,P2,145,-1.394,S1O
112,P2,146,0.071,S1O
112,P2,147,2.024,S1O
112,P2,148,3.001,S1O
112,P2,149,4.466,S1O
112,P2,150,4.466,S1O
112,P2,151,3.977,S1O
112,P2,152,3.489,S1O
112,P2,153,3.489,S1O
112,P2,154,3.977,S1O
112,P2,155,4.466,S1O
112,P2,156,5.442,S1O
112,P2,157,6.419,S1O
112,P2,158,6.907,S1O
112,P2,159,5.931,S1O
112,P2,160,5.442,S1O
112,P2,161,3.977,S1O
112,P2,162,3.489,S1O
112,P2,163,3.001,S1O
112,P2,164,3.977,S1O
112,P2,165,4.466,S1O
112,P2,166,4.954,S1O
112,P2,167,4.954,S1O
112,P2,168,4.466,S1O
112,P2,169,3.977,S1O
112,P2,170,3.489,S1O
112,P2,171,3.001,S1O
112,P2,172,2.024,S1O
112,P2,173,1.536,S1O
112,P2,174,1.536,S1O
112,P2,175,2.513,S1O
112,P2,176,3.001,S1O
112,P2,177,3.489,S1O
112,P2,178,3.001,S1O
112,P2,179,2.024,S1O
112,P2,180,1.048,S1O
112,P2,181,1.048,S1O
112,P2,182,2.024,S1O
112,P2,183,3.001,S1O
112,P2,184,3.977,S1O
112,P2,185,3.977,S1O
112,P2,186,3.001,S1O
112,P2,187,1.536,S1O
112,P2,188,0.559,S1O
112,P2,189,-0.417,S1O
112,P2,190,-0.417,S1O
112,P2,191,-0.417,S1O
112,P2,192,0.559,S1O
112,P2,193,1.048,S1O
112,P2,194,2.024,S1O
112,P2,195,2.513,S1O
112,P2,196,2.024,S1O
112,P2,197,1.048,S1O
112,P2,198,-0.417,S1O
112,P2,199,-1.882,S1O
112,P2,200,-2.858,S1O
112,P2,201,-2.370,S1O
112,P2,202,-1.394,S1O
112,P2,203,0.559,S1O
112,P2,204,2.024,S1O
112,P2,205,2.024,S1O
112,P2,206,1.536,S1O
112,P2,207,0.559,S1O
112,P2,208,0.071,S1O
112,P2,209,0.071,S1O
112,P2,210,0.559,S1O
112,P2,211,0.071,S1O
112,P2,212,-1.394,S1O
112,P2,213,-2.858,S1O
112,P2,214,-4.323,S1O
112,P2,215,-4.323,S1O
112,P2,216,-3.835,S1O
112,P2,217,-2.858,S1O
112,P2,218,-2.370,S1O
112,P2,219,-2.370,S1O
112,P2,220,-2.370,S1O
112,P2,221,-1.882,S1O
112,P2,222,-0.905,S1O
112,P2,223,0.071,S1O
112,P2,224,0.071,S1O
112,P2,225,-0.417,S1O
112,P2,226,-1.882,S1O
112,P2,227,-2.370,S1O
112,P2,228,-2.858,S1O
112,P2,229,-2.370,S1O
112,P2,230,-2.370,S1O
112,P2,231,-1.882,S1O
112,P2,232,-2.370,S1O
112,P2,233,-2.858,S1O
112,P2,234,-3.347,S1O
112,P2,235,-2.370,S1O
112,P2,236,-0.905,S1O
112,P2,237,0.071,S1O
112,P2,238,0.071,S1O
112,P2,239,-0.905,S1O
112,P2,240,-2.858,S1O
112,P2,241,-4.323,S1O
112,P2,242,-5.300,S1O
112,P2,243,-5.300,S1O
112,P2,244,-4.812,S1O
112,P2,245,-3.835,S1O
112,P2,246,-3.347,S1O
112,P2,247,-2.858,S1O
112,P2,248,-2.370,S1O
112,P2,249,-1.882,S1O
112,P2,250,-2.370,S1O
112,P2,251,-2.858,S1O
112,P2,252,-3.835,S1O
112,P2,253,-3.835,S1O
112,P2,254,-3.347,S1O
112,P2,255,-1.882,S1O
112,P1,0,1.546,S1O
112,P1,1,0.570,S1O
112,P1,2,-0.895,S1O
112,P1,3,-0.407,S1O
112,P1,4,0.570,S1O
112,P1,5,2.523,S1O
112,P1,6,3.499,S1O
112,P1,7,3.499,S1O
112,P1,8,3.011,S1O
112,P1,9,3.011,S1O
112,P1,10,3.011,S1O
112,P1,11,2.523,S1O
112,P1,12,2.035,S1O
112,P1,13,1.058,S1O
112,P1,14,0.081,S1O
112,P1,15,-0.895,S1O
112,P1,16,-0.895,S1O
112,P1,17,0.081,S1O
112,P1,18,0.570,S1O
112,P1,19,1.058,S1O
112,P1,20,0.570,S1O
112,P1,21,0.081,S1O
112,P1,22,-0.407,S1O
112,P1,23,-0.407,S1O
112,P1,24,0.081,S1O
112,P1,25,0.570,S1O
112,P1,26,0.570,S1O
112,P1,27,0.081,S1O
112,P1,28,-1.383,S1O
112,P1,29,-1.872,S1O
112,P1,30,-2.360,S1O
112,P1,31,-1.383,S1O
112,P1,32,-0.895,S1O
112,P1,33,-0.407,S1O
112,P1,34,-0.895,S1O
112,P1,35,-1.872,S1O
112,P1,36,-3.337,S1O
112,P1,37,-4.801,S1O
112,P1,38,-5.778,S1O
112,P1,39,-6.266,S1O
112,P1,40,-6.266,S1O
112,P1,41,-5.290,S1O
112,P1,42,-5.290,S1O
112,P1,43,-5.290,S1O
112,P1,44,-5.778,S1O
112,P1,45,-5.778,S1O
112,P1,46,-6.266,S1O
112,P1,47,-5.778,S1O
112,P1,48,-5.290,S1O
112,P1,49,-3.825,S1O
112,P1,50,-2.848,S1O
112,P1,51,-1.383,S1O
112,P1,52,-0.895,S1O
112,P1,53,-0.895,S1O
112,P1,54,-1.383,S1O
112,P1,55,-1.872,S1O
112,P1,56,-2.360,S1O
112,P1,57,-2.360,S1O
112,P1,58,-2.360,S1O
112,P1,59,-2.848,S1O
112,P1,60,-4.313,S1O
112,P1,61,-5.778,S1O
112,P1,62,-6.266,S1O
112,P1,63,-6.266,S1O
112,P1,64,-5.290,S1O
112,P1,65,-4.313,S1O
112,P1,66,-3.337,S1O
112,P1,67,-2.848,S1O
112,P1,68,-1.872,S1O
112,P1,69,0.081,S1O
112,P1,70,1.546,S1O
112,P1,71,2.035,S1O
112,P1,72,1.058,S1O
112,P1,73,-0.895,S1O
112,P1,74,-1.872,S1O
112,P1,75,-1.383,S1O
112,P1,76,0.570,S1O
112,P1,77,3.011,S1O
112,P1,78,3.499,S1O
112,P1,79,3.011,S1O
112,P1,80,1.546,S1O
112,P1,81,0.081,S1O
112,P1,82,0.570,S1O
112,P1,83,2.035,S1O
112,P1,84,3.011,S1O
112,P1,85,3.011,S1O
112,P1,86,2.035,S1O
112,P1,87,1.058,S1O
112,P1,88,0.081,S1O
112,P1,89,0.081,S1O
112,P1,90,1.058,S1O
112,P1,91,1.058,S1O
112,P1,92,1.058,S1O
112,P1,93,0.570,S1O
112,P1,94,0.081,S1O
112,P1,95,-0.407,S1O
112,P1,96,-0.895,S1O
112,P1,97,-1.383,S1O
112,P1,98,-1.872,S1O
112,P1,99,-1.383,S1O
112,P1,100,-0.895,S1O
112,P1,101,0.081,S1O
112,P1,102,0.081,S1O
112,P1,103,-0.895,S1O
112,P1,104,-1.872,S1O
112,P1,105,-2.360,S1O
112,P1,106,-1.383,S1O
112,P1,107,0.081,S1O
112,P1,108,1.058,S1O
112,P1,109,0.570,S1O
112,P1,110,-0.407,S1O
112,P1,111,-1.872,S1O
112,P1,112,-2.360,S1O
112,P1,113,-2.360,S1O
112,P1,114,-1.872,S1O
112,P1,115,-1.383,S1O
112,P1,116,-1.872,S1O
112,P1,117,-2.360,S1O
112,P1,118,-2.848,S1O
112,P1,119,-2.848,S1O
112,P1,120,-2.848,S1O
112,P1,121,-1.872,S1O
112,P1,122,-1.872,S1O
112,P1,123,-1.872,S1O
112,P1,124,-2.360,S1O
112,P1,125,-2.848,S1O
112,P1,126,-3.825,S1O
112,P1,127,-4.313,S1O
112,P1,128,-4.313,S1O
112,P1,129,-3.337,S1O
112,P1,130,-2.360,S1O
112,P1,131,-1.383,S1O
112,P1,132,-0.407,S1O
112,P1,133,0.570,S1O
112,P1,134,1.058,S1O
112,P1,135,2.035,S1O
112,P1,136,2.035,S1O
112,P1,137,2.035,S1O
112,P1,138,1.546,S1O
112,P1,139,1.058,S1O
112,P1,140,0.570,S1O
112,P1,141,0.081,S1O
112,P1,142,0.081,S1O
112,P1,143,-0.407,S1O
112,P1,144,0.081,S1O
112,P1,145,0.081,S1O
112,P1,146,1.058,S1O
112,P1,147,2.035,S1O
112,P1,148,3.988,S1O
112,P1,149,4.964,S1O
112,P1,150,4.964,S1O
112,P1,151,4.964,S1O
112,P1,152,4.476,S1O
112,P1,153,3.988,S1O
112,P1,154,3.988,S1O
112,P1,155,4.964,S1O
112,P1,156,5.452,S1O
112,P1,157,6.429,S1O
112,P1,158,5.941,S1O
112,P1,159,4.964,S1O
112,P1,160,3.988,S1O
112,P1,161,3.011,S1O
112,P1,162,3.011,S1O
112,P1,163,3.499,S1O
112,P1,164,4.964,S1O
112,P1,165,5.941,S1O
112,P1,166,5.941,S1O
112,P1,167,5.452,S1O
112,P1,168,4.964,S1O
112,P1,169,4.964,S1O
112,P1,170,4.476,S1O
112,P1,171,4.476,S1O
112,P1,172,3.988,S1O
112,P1,173,3.499,S1O
112,P1,174,2.523,S1O
112,P1,175,3.011,S1O
112,P1,176,3.011,S1O
112,P1,177,3.499,S1O
112,P1,178,3.011,S1O
112,P1,179,2.035,S1O
112,P1,180,1.058,S1O
112,P1,181,1.058,S1O
112,P1,182,2.035,S1O
112,P1,183,3.499,S1O
112,P1,184,4.476,S1O
112,P1,185,4.476,S1O
112,P1,186,3.499,S1O
112,P1,187,1.546,S1O
112,P1,188,0.081,S1O
112,P1,189,-0.407,S1O
112,P1,190,-0.407,S1O
112,P1,191,1.058,S1O
112,P1,192,2.035,S1O
112,P1,193,2.523,S1O
112,P1,194,2.523,S1O
112,P1,195,2.523,S1O
112,P1,196,2.035,S1O
112,P1,197,1.546,S1O
112,P1,198,0.081,S1O
112,P1,199,-0.407,S1O
112,P1,200,-1.383,S1O
112,P1,201,-0.895,S1O
112,P1,202,0.081,S1O
112,P1,203,1.546,S1O
112,P1,204,2.523,S1O
112,P1,205,2.523,S1O
112,P1,206,2.035,S1O
112,P1,207,1.058,S1O
112,P1,208,0.081,S1O
112,P1,209,0.081,S1O
112,P1,210,0.570,S1O
112,P1,211,0.081,S1O
112,P1,212,-0.895,S1O
112,P1,213,-1.872,S1O
112,P1,214,-2.848,S1O
112,P1,215,-2.848,S1O
112,P1,216,-1.872,S1O
112,P1,217,-1.383,S1O
112,P1,218,-0.895,S1O
112,P1,219,-1.383,S1O
112,P1,220,-2.360,S1O
112,P1,221,-2.848,S1O
112,P1,222,-2.360,S1O
112,P1,223,-1.872,S1O
112,P1,224,-0.895,S1O
112,P1,225,-0.407,S1O
112,P1,226,0.081,S1O
112,P1,227,-0.407,S1O
112,P1,228,-0.895,S1O
112,P1,229,-0.895,S1O
112,P1,230,-0.895,S1O
112,P1,231,-0.895,S1O
112,P1,232,-1.383,S1O
112,P1,233,-1.872,S1O
112,P1,234,-2.360,S1O
112,P1,235,-1.872,S1O
112,P1,236,-0.895,S1O
112,P1,237,0.570,S1O
112,P1,238,0.570,S1O
112,P1,239,-0.407,S1O
112,P1,240,-2.360,S1O
112,P1,241,-3.825,S1O
112,P1,242,-4.801,S1O
112,P1,243,-5.290,S1O
112,P1,244,-5.290,S1O
112,P1,245,-3.825,S1O
112,P1,246,-2.848,S1O
112,P1,247,-0.895,S1O
112,P1,248,0.081,S1O
112,P1,249,0.570,S1O
112,P1,250,-0.407,S1O
112,P1,251,-2.360,S1O
112,P1,252,-3.825,S1O
112,P1,253,-4.313,S1O
112,P1,254,-2.848,S1O
112,P1,255,-0.895,S1O
112,CPZ,0,0.773,S1O
112,CPZ,1,0.773,S1O
112,CPZ,2,-0.203,S1O
112,CPZ,3,-0.692,S1O
112,CPZ,4,-0.203,S1O
112,CPZ,5,0.285,S1O
112,CPZ,6,0.773,S1O
112,CPZ,7,0.773,S1O
112,CPZ,8,0.773,S1O
112,CPZ,9,0.773,S1O
112,CPZ,10,0.773,S1O
112,CPZ,11,0.285,S1O
112,CPZ,12,-0.203,S1O
112,CPZ,13,-0.692,S1O
112,CPZ,14,-0.692,S1O
112,CPZ,15,-0.692,S1O
112,CPZ,16,-0.203,S1O
112,CPZ,17,0.285,S1O
112,CPZ,18,1.261,S1O
112,CPZ,19,1.261,S1O
112,CPZ,20,1.261,S1O
112,CPZ,21,0.773,S1O
112,CPZ,22,0.285,S1O
112,CPZ,23,0.285,S1O
112,CPZ,24,0.773,S1O
112,CPZ,25,0.773,S1O
112,CPZ,26,0.773,S1O
112,CPZ,27,-0.203,S1O
112,CPZ,28,-0.692,S1O
112,CPZ,29,-1.180,S1O
112,CPZ,30,-1.180,S1O
112,CPZ,31,-0.692,S1O
112,CPZ,32,-0.203,S1O
112,CPZ,33,0.285,S1O
112,CPZ,34,-0.203,S1O
112,CPZ,35,-0.692,S1O
112,CPZ,36,-1.668,S1O
112,CPZ,37,-2.157,S1O
112,CPZ,38,-2.645,S1O
112,CPZ,39,-2.157,S1O
112,CPZ,40,-2.157,S1O
112,CPZ,41,-2.157,S1O
112,CPZ,42,-2.157,S1O
112,CPZ,43,-1.668,S1O
112,CPZ,44,-1.668,S1O
112,CPZ,45,-1.668,S1O
112,CPZ,46,-2.157,S1O
112,CPZ,47,-2.157,S1O
112,CPZ,48,-2.157,S1O
112,CPZ,49,-1.668,S1O
112,CPZ,50,-0.692,S1O
112,CPZ,51,-0.203,S1O
112,CPZ,52,-0.203,S1O
112,CPZ,53,-0.692,S1O
112,CPZ,54,-1.180,S1O
112,CPZ,55,-1.668,S1O
112,CPZ,56,-1.668,S1O
112,CPZ,57,-1.180,S1O
112,CPZ,58,-1.180,S1O
112,CPZ,59,-1.180,S1O
112,CPZ,60,-1.668,S1O
112,CPZ,61,-2.157,S1O
112,CPZ,62,-2.645,S1O
112,CPZ,63,-2.645,S1O
112,CPZ,64,-2.645,S1O
112,CPZ,65,-2.157,S1O
112,CPZ,66,-1.668,S1O
112,CPZ,67,-0.692,S1O
112,CPZ,68,-0.203,S1O
112,CPZ,69,0.773,S1O
112,CPZ,70,1.261,S1O
112,CPZ,71,1.261,S1O
112,CPZ,72,-0.203,S1O
112,CPZ,73,-1.180,S1O
112,CPZ,74,-1.668,S1O
112,CPZ,75,-1.180,S1O
112,CPZ,76,0.285,S1O
112,CPZ,77,1.750,S1O
112,CPZ,78,2.238,S1O
112,CPZ,79,1.750,S1O
112,CPZ,80,0.773,S1O
112,CPZ,81,0.773,S1O
112,CPZ,82,0.773,S1O
112,CPZ,83,1.750,S1O
112,CPZ,84,2.238,S1O
112,CPZ,85,2.726,S1O
112,CPZ,86,2.238,S1O
112,CPZ,87,1.750,S1O
112,CPZ,88,1.261,S1O
112,CPZ,89,1.261,S1O
112,CPZ,90,1.750,S1O
112,CPZ,91,2.238,S1O
112,CPZ,92,2.726,S1O
112,CPZ,93,2.726,S1O
112,CPZ,94,2.238,S1O
112,CPZ,95,1.261,S1O
112,CPZ,96,0.773,S1O
112,CPZ,97,0.285,S1O
112,CPZ,98,0.773,S1O
112,CPZ,99,1.261,S1O
112,CPZ,100,1.750,S1O
112,CPZ,101,1.750,S1O
112,CPZ,102,1.750,S1O
112,CPZ,103,1.261,S1O
112,CPZ,104,0.773,S1O
112,CPZ,105,1.261,S1O
112,CPZ,106,2.238,S1O
112,CPZ,107,2.726,S1O
112,CPZ,108,3.215,S1O
112,CPZ,109,3.215,S1O
112,CPZ,110,2.238,S1O
112,CPZ,111,1.261,S1O
112,CPZ,112,0.773,S1O
112,CPZ,113,1.261,S1O
112,CPZ,114,1.750,S1O
112,CPZ,115,1.750,S1O
112,CPZ,116,2.238,S1O
112,CPZ,117,1.750,S1O
112,CPZ,118,0.773,S1O
112,CPZ,119,0.773,S1O
112,CPZ,120,1.261,S1O
112,CPZ,121,1.750,S1O
112,CPZ,122,2.238,S1O
112,CPZ,123,2.238,S1O
112,CPZ,124,1.750,S1O
112,CPZ,125,1.261,S1O
112,CPZ,126,0.773,S1O
112,CPZ,127,0.773,S1O
112,CPZ,128,0.773,S1O
112,CPZ,129,1.261,S1O
112,CPZ,130,1.750,S1O
112,CPZ,131,1.750,S1O
112,CPZ,132,2.238,S1O
112,CPZ,133,2.726,S1O
112,CPZ,134,3.215,S1O
112,CPZ,135,3.215,S1O
112,CPZ,136,3.215,S1O
112,CPZ,137,3.703,S1O
112,CPZ,138,3.703,S1O
112,CPZ,139,3.215,S1O
112,CPZ,140,3.215,S1O
112,CPZ,141,2.726,S1O
112,CPZ,142,2.238,S1O
112,CPZ,143,1.750,S1O
112,CPZ,144,1.261,S1O
112,CPZ,145,0.773,S1O
112,CPZ,146,1.261,S1O
112,CPZ,147,2.238,S1O
112,CPZ,148,3.215,S1O
112,CPZ,149,3.703,S1O
112,CPZ,150,3.703,S1O
112,CPZ,151,3.703,S1O
112,CPZ,152,3.703,S1O
112,CPZ,153,3.215,S1O
112,CPZ,154,3.215,S1O
112,CPZ,155,3.703,S1O
112,CPZ,156,4.191,S1O
112,CPZ,157,4.679,S1O
112,CPZ,158,5.168,S1O
112,CPZ,159,5.168,S1O
112,CPZ,160,4.191,S1O
112,CPZ,161,3.703,S1O
112,CPZ,162,3.215,S1O
112,CPZ,163,3.215,S1O
112,CPZ,164,3.703,S1O
112,CPZ,165,4.191,S1O
112,CPZ,166,4.191,S1O
112,CPZ,167,4.191,S1O
112,CPZ,168,4.191,S1O
112,CPZ,169,4.191,S1O
112,CPZ,170,3.703,S1O
112,CPZ,171,3.703,S1O
112,CPZ,172,3.215,S1O
112,CPZ,173,2.726,S1O
112,CPZ,174,2.726,S1O
112,CPZ,175,2.726,S1O
112,CPZ,176,3.703,S1O
112,CPZ,177,3.703,S1O
112,CPZ,178,3.703,S1O
112,CPZ,179,2.726,S1O
112,CPZ,180,2.238,S1O
112,CPZ,181,1.750,S1O
112,CPZ,182,1.750,S1O
112,CPZ,183,2.726,S1O
112,CPZ,184,3.215,S1O
112,CPZ,185,3.703,S1O
112,CPZ,186,3.215,S1O
112,CPZ,187,2.238,S1O
112,CPZ,188,1.750,S1O
112,CPZ,189,1.750,S1O
112,CPZ,190,1.750,S1O
112,CPZ,191,2.238,S1O
112,CPZ,192,2.238,S1O
112,CPZ,193,2.726,S1O
112,CPZ,194,2.726,S1O
112,CPZ,195,2.726,S1O
112,CPZ,196,2.726,S1O
112,CPZ,197,2.238,S1O
112,CPZ,198,1.261,S1O
112,CPZ,199,0.773,S1O
112,CPZ,200,0.285,S1O
112,CPZ,201,0.285,S1O
112,CPZ,202,1.261,S1O
112,CPZ,203,2.238,S1O
112,CPZ,204,2.726,S1O
112,CPZ,205,3.215,S1O
112,CPZ,206,2.726,S1O
112,CPZ,207,2.238,S1O
112,CPZ,208,2.238,S1O
112,CPZ,209,2.238,S1O
112,CPZ,210,1.750,S1O
112,CPZ,211,1.750,S1O
112,CPZ,212,0.773,S1O
112,CPZ,213,-0.203,S1O
112,CPZ,214,-0.203,S1O
112,CPZ,215,-0.203,S1O
112,CPZ,216,0.285,S1O
112,CPZ,217,0.773,S1O
112,CPZ,218,0.773,S1O
112,CPZ,219,0.285,S1O
112,CPZ,220,0.285,S1O
112,CPZ,221,0.285,S1O
112,CPZ,222,1.261,S1O
112,CPZ,223,1.261,S1O
112,CPZ,224,1.750,S1O
112,CPZ,225,1.750,S1O
112,CPZ,226,1.261,S1O
112,CPZ,227,0.773,S1O
112,CPZ,228,0.773,S1O
112,CPZ,229,1.261,S1O
112,CPZ,230,1.261,S1O
112,CPZ,231,1.261,S1O
112,CPZ,232,0.773,S1O
112,CPZ,233,0.285,S1O
112,CPZ,234,-0.203,S1O
112,CPZ,235,0.773,S1O
112,CPZ,236,1.261,S1O
112,CPZ,237,2.238,S1O
112,CPZ,238,2.238,S1O
112,CPZ,239,1.750,S1O
112,CPZ,240,0.285,S1O
112,CPZ,241,-0.692,S1O
112,CPZ,242,-0.692,S1O
112,CPZ,243,-1.180,S1O
112,CPZ,244,-0.692,S1O
112,CPZ,245,-0.203,S1O
112,CPZ,246,-0.203,S1O
112,CPZ,247,0.773,S1O
112,CPZ,248,1.261,S1O
112,CPZ,249,1.261,S1O
112,CPZ,250,1.261,S1O
112,CPZ,251,0.773,S1O
112,CPZ,252,-0.203,S1O
112,CPZ,253,-0.692,S1O
112,CPZ,254,-0.203,S1O
112,CPZ,255,1.261,S1O
112,nd,0,0.163,S1O
112,nd,1,-2.279,S1O
112,nd,2,-4.232,S1O
112,nd,3,-5.208,S1O
112,nd,4,-3.743,S1O
112,nd,5,-1.302,S1O
112,nd,6,1.139,S1O
112,nd,7,2.604,S1O
112,nd,8,3.581,S1O
112,nd,9,4.557,S1O
112,nd,10,6.022,S1O
112,nd,11,6.022,S1O
112,nd,12,5.534,S1O
112,nd,13,2.604,S1O
112,nd,14,-0.326,S1O
112,nd,15,-2.767,S1O
112,nd,16,-2.767,S1O
112,nd,17,-1.302,S1O
112,nd,18,-0.326,S1O
112,nd,19,-0.326,S1O
112,nd,20,-2.279,S1O
112,nd,21,-4.720,S1O
112,nd,22,-7.161,S1O
112,nd,23,-7.650,S1O
112,nd,24,-7.650,S1O
112,nd,25,-7.161,S1O
112,nd,26,-8.138,S1O
112,nd,27,-10.091,S1O
112,nd,28,-12.533,S1O
112,nd,29,-13.997,S1O
112,nd,30,-13.021,S1O
112,nd,31,-10.579,S1O
112,nd,32,-7.650,S1O
112,nd,33,-5.208,S1O
112,nd,34,-4.232,S1O
112,nd,35,-5.697,S1O
112,nd,36,-7.650,S1O
112,nd,37,-9.603,S1O
112,nd,38,-10.579,S1O
112,nd,39,-9.115,S1O
112,nd,40,-7.161,S1O
112,nd,41,-4.720,S1O
112,nd,42,-3.743,S1O
112,nd,43,-4.232,S1O
112,nd,44,-6.185,S1O
112,nd,45,-8.138,S1O
112,nd,46,-9.115,S1O
112,nd,47,-8.626,S1O
112,nd,48,-6.673,S1O
112,nd,49,-4.232,S1O
112,nd,50,-1.790,S1O
112,nd,51,-0.326,S1O
112,nd,52,0.163,S1O
112,nd,53,-0.326,S1O
112,nd,54,-0.814,S1O
112,nd,55,-1.302,S1O
112,nd,56,-1.302,S1O
112,nd,57,-1.302,S1O
112,nd,58,-1.302,S1O
112,nd,59,-1.790,S1O
112,nd,60,-2.767,S1O
112,nd,61,-3.255,S1O
112,nd,62,-3.255,S1O
112,nd,63,-2.767,S1O
112,nd,64,-1.302,S1O
112,nd,65,-0.814,S1O
112,nd,66,-0.326,S1O
112,nd,67,-0.326,S1O
112,nd,68,0.163,S1O
112,nd,69,1.139,S1O
112,nd,70,2.604,S1O
112,nd,71,3.581,S1O
112,nd,72,3.092,S1O
112,nd,73,2.116,S1O
112,nd,74,1.628,S1O
112,nd,75,2.604,S1O
112,nd,76,5.534,S1O
112,nd,77,8.464,S1O
112,nd,78,9.440,S1O
112,nd,79,8.952,S1O
112,nd,80,7.487,S1O
112,nd,81,6.999,S1O
112,nd,82,8.464,S1O
112,nd,83,10.905,S1O
112,nd,84,12.370,S1O
112,nd,85,11.882,S1O
112,nd,86,8.952,S1O
112,nd,87,6.022,S1O
112,nd,88,4.069,S1O
112,nd,89,3.092,S1O
112,nd,90,4.069,S1O
112,nd,91,4.557,S1O
112,nd,92,4.069,S1O
112,nd,93,3.092,S1O
112,nd,94,1.139,S1O
112,nd,95,-0.326,S1O
112,nd,96,-1.790,S1O
112,nd,97,-2.279,S1O
112,nd,98,-2.279,S1O
112,nd,99,-1.790,S1O
112,nd,100,-0.326,S1O
112,nd,101,0.651,S1O
112,nd,102,0.651,S1O
112,nd,103,0.163,S1O
112,nd,104,-0.326,S1O
112,nd,105,0.651,S1O
112,nd,106,2.604,S1O
112,nd,107,4.557,S1O
112,nd,108,4.557,S1O
112,nd,109,2.604,S1O
112,nd,110,-0.814,S1O
112,nd,111,-4.232,S1O
112,nd,112,-5.208,S1O
112,nd,113,-4.232,S1O
112,nd,114,-2.279,S1O
112,nd,115,-1.302,S1O
112,nd,116,-1.790,S1O
112,nd,117,-3.743,S1O
112,nd,118,-4.720,S1O
112,nd,119,-4.720,S1O
112,nd,120,-2.767,S1O
112,nd,121,-0.814,S1O
112,nd,122,1.139,S1O
112,nd,123,1.139,S1O
112,nd,124,-0.326,S1O
112,nd,125,-2.279,S1O
112,nd,126,-3.743,S1O
112,nd,127,-3.743,S1O
112,nd,128,-3.255,S1O
112,nd,129,-2.279,S1O
112,nd,130,-0.814,S1O
112,nd,131,-0.326,S1O
112,nd,132,-0.326,S1O
112,nd,133,0.163,S1O
112,nd,134,1.139,S1O
112,nd,135,3.092,S1O
112,nd,136,5.046,S1O
112,nd,137,6.022,S1O
112,nd,138,5.534,S1O
112,nd,139,4.069,S1O
112,nd,140,2.116,S1O
112,nd,141,0.651,S1O
112,nd,142,0.163,S1O
112,nd,143,-0.326,S1O
112,nd,144,0.163,S1O
112,nd,145,1.139,S1O
112,nd,146,2.604,S1O
112,nd,147,3.581,S1O
112,nd,148,4.557,S1O
112,nd,149,5.046,S1O
112,nd,150,4.557,S1O
112,nd,151,3.581,S1O
112,nd,152,3.092,S1O
112,nd,153,2.604,S1O
112,nd,154,3.581,S1O
112,nd,155,4.557,S1O
112,nd,156,6.022,S1O
112,nd,157,6.999,S1O
112,nd,158,6.999,S1O
112,nd,159,6.022,S1O
112,nd,160,4.557,S1O
112,nd,161,2.604,S1O
112,nd,162,1.628,S1O
112,nd,163,2.604,S1O
112,nd,164,4.557,S1O
112,nd,165,6.510,S1O
112,nd,166,7.487,S1O
112,nd,167,7.487,S1O
112,nd,168,6.510,S1O
112,nd,169,6.022,S1O
112,nd,170,5.046,S1O
112,nd,171,4.069,S1O
112,nd,172,3.092,S1O
112,nd,173,2.116,S1O
112,nd,174,1.628,S1O
112,nd,175,2.116,S1O
112,nd,176,3.092,S1O
112,nd,177,3.092,S1O
112,nd,178,1.628,S1O
112,nd,179,-0.814,S1O
112,nd,180,-2.767,S1O
112,nd,181,-2.767,S1O
112,nd,182,-0.814,S1O
112,nd,183,2.116,S1O
112,nd,184,3.581,S1O
112,nd,185,3.581,S1O
112,nd,186,2.116,S1O
112,nd,187,-0.326,S1O
112,nd,188,-2.279,S1O
112,nd,189,-3.255,S1O
112,nd,190,-3.255,S1O
112,nd,191,-3.255,S1O
112,nd,192,-2.767,S1O
112,nd,193,-1.790,S1O
112,nd,194,-0.814,S1O
112,nd,195,0.163,S1O
112,nd,196,-0.326,S1O
112,nd,197,-1.790,S1O
112,nd,198,-4.232,S1O
112,nd,199,-6.673,S1O
112,nd,200,-8.626,S1O
112,nd,201,-7.650,S1O
112,nd,202,-5.208,S1O
112,nd,203,-1.790,S1O
112,nd,204,0.651,S1O
112,nd,205,1.139,S1O
112,nd,206,0.651,S1O
112,nd,207,-0.326,S1O
112,nd,208,-0.814,S1O
112,nd,209,0.163,S1O
112,nd,210,0.651,S1O
112,nd,211,0.651,S1O
112,nd,212,-1.302,S1O
112,nd,213,-3.743,S1O
112,nd,214,-5.697,S1O
112,nd,215,-5.697,S1O
112,nd,216,-5.208,S1O
112,nd,217,-3.743,S1O
112,nd,218,-3.255,S1O
112,nd,219,-3.255,S1O
112,nd,220,-3.743,S1O
112,nd,221,-3.255,S1O
112,nd,222,-2.279,S1O
112,nd,223,-0.814,S1O
112,nd,224,-0.326,S1O
112,nd,225,-0.814,S1O
112,nd,226,-2.279,S1O
112,nd,227,-3.743,S1O
112,nd,228,-3.743,S1O
112,nd,229,-3.255,S1O
112,nd,230,-2.279,S1O
112,nd,231,-1.790,S1O
112,nd,232,-2.279,S1O
112,nd,233,-2.767,S1O
112,nd,234,-3.255,S1O
112,nd,235,-2.279,S1O
112,nd,236,-0.326,S1O
112,nd,237,0.651,S1O
112,nd,238,0.651,S1O
112,nd,239,-0.814,S1O
112,nd,240,-2.767,S1O
112,nd,241,-4.720,S1O
112,nd,242,-5.208,S1O
112,nd,243,-4.720,S1O
112,nd,244,-4.232,S1O
112,nd,245,-3.743,S1O
112,nd,246,-3.743,S1O
112,nd,247,-2.767,S1O
112,nd,248,-1.790,S1O
112,nd,249,-1.302,S1O
112,nd,250,-1.302,S1O
112,nd,251,-2.279,S1O
112,nd,252,-3.255,S1O
112,nd,253,-3.743,S1O
112,nd,254,-2.279,S1O
112,nd,255,-0.814,S1O
112,Y,0,8.362,S1O
112,Y,1,5.432,S1O
112,Y,2,2.502,S1O
112,Y,3,1.526,S1O
112,Y,4,1.526,S1O
112,Y,5,2.502,S1O
112,Y,6,4.456,S1O
112,Y,7,6.409,S1O
112,Y,8,7.874,S1O
112,Y,9,8.850,S1O
112,Y,10,9.338,S1O
112,Y,11,7.874,S1O
112,Y,12,4.944,S1O
112,Y,13,1.526,S1O
112,Y,14,-0.427,S1O
112,Y,15,-0.427,S1O
112,Y,16,1.526,S1O
112,Y,17,2.502,S1O
112,Y,18,1.526,S1O
112,Y,19,-2.380,S1O
112,Y,20,-8.240,S1O
112,Y,21,-12.146,S1O
112,Y,22,-12.146,S1O
112,Y,23,-9.705,S1O
112,Y,24,-5.310,S1O
112,Y,25,-2.869,S1O
112,Y,26,-2.869,S1O
112,Y,27,-4.822,S1O
112,Y,28,-7.751,S1O
112,Y,29,-10.193,S1O
112,Y,30,-11.169,S1O
112,Y,31,-10.193,S1O
112,Y,32,-8.240,S1O
112,Y,33,-5.310,S1O
112,Y,34,-2.869,S1O
112,Y,35,-1.892,S1O
112,Y,36,-3.357,S1O
112,Y,37,-6.775,S1O
112,Y,38,-9.216,S1O
112,Y,39,-9.216,S1O
112,Y,40,-5.798,S1O
112,Y,41,-0.916,S1O
112,Y,42,1.526,S1O
112,Y,43,0.549,S1O
112,Y,44,-4.333,S1O
112,Y,45,-9.216,S1O
112,Y,46,-12.146,S1O
112,Y,47,-12.146,S1O
112,Y,48,-9.216,S1O
112,Y,49,-7.263,S1O
112,Y,50,-6.775,S1O
112,Y,51,-7.751,S1O
112,Y,52,-7.751,S1O
112,Y,53,-6.775,S1O
112,Y,54,-4.822,S1O
112,Y,55,-3.845,S1O
112,Y,56,-4.822,S1O
112,Y,57,-7.263,S1O
112,Y,58,-9.216,S1O
112,Y,59,-9.216,S1O
112,Y,60,-8.240,S1O
112,Y,61,-6.775,S1O
112,Y,62,-7.751,S1O
112,Y,63,-10.193,S1O
112,Y,64,-12.146,S1O
112,Y,65,-12.634,S1O
112,Y,66,-11.658,S1O
112,Y,67,-10.681,S1O
112,Y,68,-11.658,S1O
112,Y,69,-14.587,S1O
112,Y,70,-17.517,S1O
112,Y,71,-17.517,S1O
112,Y,72,-15.076,S1O
112,Y,73,-10.193,S1O
112,Y,74,-6.287,S1O
112,Y,75,-5.310,S1O
112,Y,76,-7.751,S1O
112,Y,77,-11.658,S1O
112,Y,78,-15.076,S1O
112,Y,79,-16.541,S1O
112,Y,80,-15.564,S1O
112,Y,81,-13.611,S1O
112,Y,82,-10.681,S1O
112,Y,83,-7.263,S1O
112,Y,84,-4.822,S1O
112,Y,85,-3.357,S1O
112,Y,86,-3.357,S1O
112,Y,87,-4.333,S1O
112,Y,88,-4.822,S1O
112,Y,89,-4.822,S1O
112,Y,90,-3.357,S1O
112,Y,91,-2.380,S1O
112,Y,92,-2.869,S1O
112,Y,93,-4.822,S1O
112,Y,94,-7.263,S1O
112,Y,95,-8.728,S1O
112,Y,96,-8.240,S1O
112,Y,97,-6.287,S1O
112,Y,98,-4.822,S1O
112,Y,99,-4.333,S1O
112,Y,100,-5.798,S1O
112,Y,101,-7.751,S1O
112,Y,102,-10.193,S1O
112,Y,103,-10.681,S1O
112,Y,104,-9.705,S1O
112,Y,105,-6.775,S1O
112,Y,106,-3.845,S1O
112,Y,107,-1.892,S1O
112,Y,108,-1.892,S1O
112,Y,109,-4.822,S1O
112,Y,110,-8.728,S1O
112,Y,111,-12.146,S1O
112,Y,112,-13.611,S1O
112,Y,113,-12.146,S1O
112,Y,114,-9.216,S1O
112,Y,115,-7.751,S1O
112,Y,116,-7.751,S1O
112,Y,117,-9.216,S1O
112,Y,118,-11.169,S1O
112,Y,119,-10.681,S1O
112,Y,120,-8.728,S1O
112,Y,121,-6.287,S1O
112,Y,122,-5.310,S1O
112,Y,123,-6.775,S1O
112,Y,124,-10.681,S1O
112,Y,125,-14.099,S1O
112,Y,126,-15.564,S1O
112,Y,127,-15.076,S1O
112,Y,128,-13.611,S1O
112,Y,129,-12.634,S1O
112,Y,130,-12.634,S1O
112,Y,131,-14.099,S1O
112,Y,132,-14.587,S1O
112,Y,133,-13.611,S1O
112,Y,134,-11.169,S1O
112,Y,135,-8.240,S1O
112,Y,136,-5.798,S1O
112,Y,137,-4.822,S1O
112,Y,138,-6.287,S1O
112,Y,139,-8.240,S1O
112,Y,140,-9.216,S1O
112,Y,141,-8.728,S1O
112,Y,142,-7.263,S1O
112,Y,143,-5.310,S1O
112,Y,144,-3.845,S1O
112,Y,145,-3.357,S1O
112,Y,146,-4.333,S1O
112,Y,147,-5.310,S1O
112,Y,148,-6.775,S1O
112,Y,149,-7.751,S1O
112,Y,150,-8.728,S1O
112,Y,151,-9.216,S1O
112,Y,152,-9.216,S1O
112,Y,153,-8.728,S1O
112,Y,154,-7.751,S1O
112,Y,155,-6.287,S1O
112,Y,156,-5.798,S1O
112,Y,157,-6.287,S1O
112,Y,158,-7.751,S1O
112,Y,159,-8.728,S1O
112,Y,160,-9.216,S1O
112,Y,161,-7.751,S1O
112,Y,162,-5.310,S1O
112,Y,163,-2.869,S1O
112,Y,164,-2.380,S1O
112,Y,165,-4.822,S1O
112,Y,166,-8.240,S1O
112,Y,167,-10.193,S1O
112,Y,168,-9.216,S1O
112,Y,169,-6.287,S1O
112,Y,170,-2.380,S1O
112,Y,171,-0.916,S1O
112,Y,172,-2.380,S1O
112,Y,173,-4.822,S1O
112,Y,174,-6.287,S1O
112,Y,175,-6.287,S1O
112,Y,176,-5.310,S1O
112,Y,177,-5.798,S1O
112,Y,178,-7.263,S1O
112,Y,179,-9.216,S1O
112,Y,180,-9.216,S1O
112,Y,181,-8.240,S1O
112,Y,182,-6.287,S1O
112,Y,183,-5.310,S1O
112,Y,184,-4.333,S1O
112,Y,185,-4.333,S1O
112,Y,186,-4.822,S1O
112,Y,187,-5.798,S1O
112,Y,188,-7.751,S1O
112,Y,189,-10.193,S1O
112,Y,190,-12.146,S1O
112,Y,191,-12.634,S1O
112,Y,192,-11.169,S1O
112,Y,193,-9.705,S1O
112,Y,194,-8.728,S1O
112,Y,195,-8.240,S1O
112,Y,196,-7.751,S1O
112,Y,197,-7.751,S1O
112,Y,198,-8.240,S1O
112,Y,199,-10.193,S1O
112,Y,200,-13.123,S1O
112,Y,201,-16.052,S1O
112,Y,202,-16.541,S1O
112,Y,203,-14.099,S1O
112,Y,204,-9.705,S1O
112,Y,205,-5.798,S1O
112,Y,206,-4.822,S1O
112,Y,207,-6.775,S1O
112,Y,208,-9.705,S1O
112,Y,209,-11.658,S1O
112,Y,210,-12.146,S1O
112,Y,211,-11.169,S1O
112,Y,212,-11.169,S1O
112,Y,213,-11.169,S1O
112,Y,214,-11.658,S1O
112,Y,215,-11.169,S1O
112,Y,216,-9.705,S1O
112,Y,217,-8.728,S1O
112,Y,218,-9.705,S1O
112,Y,219,-11.658,S1O
112,Y,220,-13.611,S1O
112,Y,221,-13.123,S1O
112,Y,222,-11.169,S1O
112,Y,223,-8.728,S1O
112,Y,224,-8.728,S1O
112,Y,225,-12.146,S1O
112,Y,226,-16.541,S1O
112,Y,227,-19.470,S1O
112,Y,228,-19.470,S1O
112,Y,229,-17.517,S1O
112,Y,230,-15.076,S1O
112,Y,231,-14.099,S1O
112,Y,232,-14.099,S1O
112,Y,233,-13.611,S1O
112,Y,234,-12.146,S1O
112,Y,235,-10.193,S1O
112,Y,236,-9.705,S1O
112,Y,237,-10.681,S1O
112,Y,238,-12.146,S1O
112,Y,239,-11.658,S1O
112,Y,240,-9.705,S1O
112,Y,241,-5.798,S1O
112,Y,242,-3.357,S1O
112,Y,243,-3.845,S1O
112,Y,244,-6.775,S1O
112,Y,245,-9.216,S1O
112,Y,246,-9.216,S1O
112,Y,247,-6.775,S1O
112,Y,248,-3.845,S1O
112,Y,249,-2.869,S1O
112,Y,250,-4.822,S1O
112,Y,251,-8.240,S1O
112,Y,252,-11.169,S1O
112,Y,253,-10.681,S1O
112,Y,254,-8.728,S1O
112,Y,255,-6.287,S1O
