Trial no,Sensor position,Sample No,Sensor val,Matching condition
82,FP1,0,11.587,S1O
82,FP1,1,14.028,S1O
82,FP1,2,15.493,S1O
82,FP1,3,15.981,S1O
82,FP1,4,14.028,S1O
82,FP1,5,10.610,S1O
82,FP1,6,7.680,S1O
82,FP1,7,6.215,S1O
82,FP1,8,6.704,S1O
82,FP1,9,9.145,S1O
82,FP1,10,11.587,S1O
82,FP1,11,12.563,S1O
82,FP1,12,11.098,S1O
82,FP1,13,8.169,S1O
82,FP1,14,4.751,S1O
82,FP1,15,0.844,S1O
82,FP1,16,-2.085,S1O
82,FP1,17,-4.038,S1O
82,FP1,18,-4.527,S1O
82,FP1,19,-2.574,S1O
82,FP1,20,-0.132,S1O
82,FP1,21,1.821,S1O
82,FP1,22,2.797,S1O
82,FP1,23,2.797,S1O
82,FP1,24,2.797,S1O
82,FP1,25,2.797,S1O
82,FP1,26,4.262,S1O
82,FP1,27,5.727,S1O
82,FP1,28,5.239,S1O
82,FP1,29,3.286,S1O
82,FP1,30,0.356,S1O
82,FP1,31,-2.085,S1O
82,FP1,32,-2.574,S1O
82,FP1,33,-1.109,S1O
82,FP1,34,2.797,S1O
82,FP1,35,6.215,S1O
82,FP1,36,8.169,S1O
82,FP1,37,8.657,S1O
82,FP1,38,8.169,S1O
82,FP1,39,6.704,S1O
82,FP1,40,5.239,S1O
82,FP1,41,4.262,S1O
82,FP1,42,4.262,S1O
82,FP1,43,3.774,S1O
82,FP1,44,2.797,S1O
82,FP1,45,0.844,S1O
82,FP1,46,-1.109,S1O
82,FP1,47,-1.109,S1O
82,FP1,48,0.356,S1O
82,FP1,49,3.286,S1O
82,FP1,50,6.215,S1O
82,FP1,51,7.192,S1O
82,FP1,52,6.704,S1O
82,FP1,53,5.239,S1O
82,FP1,54,4.751,S1O
82,FP1,55,5.239,S1O
82,FP1,56,7.192,S1O
82,FP1,57,8.657,S1O
82,FP1,58,8.169,S1O
82,FP1,59,6.704,S1O
82,FP1,60,4.751,S1O
82,FP1,61,3.774,S1O
82,FP1,62,3.286,S1O
82,FP1,63,2.797,S1O
82,FP1,64,1.821,S1O
82,FP1,65,-0.621,S1O
82,FP1,66,-3.550,S1O
82,FP1,67,-6.480,S1O
82,FP1,68,-8.921,S1O
82,FP1,69,-10.386,S1O
82,FP1,70,-10.874,S1O
82,FP1,71,-10.386,S1O
82,FP1,72,-9.898,S1O
82,FP1,73,-10.386,S1O
82,FP1,74,-11.363,S1O
82,FP1,75,-12.339,S1O
82,FP1,76,-12.828,S1O
82,FP1,77,-11.851,S1O
82,FP1,78,-9.410,S1O
82,FP1,79,-6.968,S1O
82,FP1,80,-5.015,S1O
82,FP1,81,-5.015,S1O
82,FP1,82,-5.992,S1O
82,FP1,83,-7.456,S1O
82,FP1,84,-8.921,S1O
82,FP1,85,-9.898,S1O
82,FP1,86,-10.874,S1O
82,FP1,87,-12.339,S1O
82,FP1,88,-14.781,S1O
82,FP1,89,-18.199,S1O
82,FP1,90,-22.105,S1O
82,FP1,91,-25.035,S1O
82,FP1,92,-27.964,S1O
82,FP1,93,-29.917,S1O
82,FP1,94,-30.894,S1O
82,FP1,95,-30.894,S1O
82,FP1,96,-29.917,S1O
82,FP1,97,-27.964,S1O
82,FP1,98,-26.011,S1O
82,FP1,99,-24.546,S1O
82,FP1,100,-22.593,S1O
82,FP1,101,-21.617,S1O
82,FP1,102,-20.152,S1O
82,FP1,103,-18.199,S1O
82,FP1,104,-16.734,S1O
82,FP1,105,-15.269,S1O
82,FP1,106,-14.292,S1O
82,FP1,107,-14.292,S1O
82,FP1,108,-14.292,S1O
82,FP1,109,-14.781,S1O
82,FP1,110,-14.781,S1O
82,FP1,111,-14.781,S1O
82,FP1,112,-15.269,S1O
82,FP1,113,-15.757,S1O
82,FP1,114,-17.222,S1O
82,FP1,115,-18.687,S1O
82,FP1,116,-20.640,S1O
82,FP1,117,-21.617,S1O
82,FP1,118,-22.593,S1O
82,FP1,119,-22.593,S1O
82,FP1,120,-22.593,S1O
82,FP1,121,-23.081,S1O
82,FP1,122,-23.570,S1O
82,FP1,123,-22.593,S1O
82,FP1,124,-20.640,S1O
82,FP1,125,-16.734,S1O
82,FP1,126,-13.316,S1O
82,FP1,127,-10.386,S1O
82,FP1,128,-8.921,S1O
82,FP1,129,-8.921,S1O
82,FP1,130,-9.410,S1O
82,FP1,131,-8.921,S1O
82,FP1,132,-7.945,S1O
82,FP1,133,-5.992,S1O
82,FP1,134,-5.015,S1O
82,FP1,135,-4.527,S1O
82,FP1,136,-5.015,S1O
82,FP1,137,-6.480,S1O
82,FP1,138,-7.456,S1O
82,FP1,139,-7.945,S1O
82,FP1,140,-8.433,S1O
82,FP1,141,-7.945,S1O
82,FP1,142,-7.945,S1O
82,FP1,143,-7.945,S1O
82,FP1,144,-8.433,S1O
82,FP1,145,-8.921,S1O
82,FP1,146,-8.921,S1O
82,FP1,147,-9.410,S1O
82,FP1,148,-9.410,S1O
82,FP1,149,-9.898,S1O
82,FP1,150,-9.898,S1O
82,FP1,151,-9.410,S1O
82,FP1,152,-8.433,S1O
82,FP1,153,-7.945,S1O
82,FP1,154,-7.945,S1O
82,FP1,155,-9.410,S1O
82,FP1,156,-11.851,S1O
82,FP1,157,-13.316,S1O
82,FP1,158,-13.316,S1O
82,FP1,159,-11.851,S1O
82,FP1,160,-9.898,S1O
82,FP1,161,-8.921,S1O
82,FP1,162,-8.921,S1O
82,FP1,163,-8.921,S1O
82,FP1,164,-8.921,S1O
82,FP1,165,-7.945,S1O
82,FP1,166,-6.480,S1O
82,FP1,167,-5.503,S1O
82,FP1,168,-5.503,S1O
82,FP1,169,-5.992,S1O
82,FP1,170,-6.480,S1O
82,FP1,171,-7.456,S1O
82,FP1,172,-8.921,S1O
82,FP1,173,-9.898,S1O
82,FP1,174,-11.363,S1O
82,FP1,175,-11.363,S1O
82,FP1,176,-9.898,S1O
82,FP1,177,-6.968,S1O
82,FP1,178,-4.038,S1O
82,FP1,179,-2.574,S1O
82,FP1,180,-2.574,S1O
82,FP1,181,-3.062,S1O
82,FP1,182,-3.062,S1O
82,FP1,183,-2.574,S1O
82,FP1,184,-1.597,S1O
82,FP1,185,-1.109,S1O
82,FP1,186,-2.574,S1O
82,FP1,187,-5.015,S1O
82,FP1,188,-8.433,S1O
82,FP1,189,-10.874,S1O
82,FP1,190,-11.363,S1O
82,FP1,191,-10.386,S1O
82,FP1,192,-6.968,S1O
82,FP1,193,-4.038,S1O
82,FP1,194,0.356,S1O
82,FP1,195,3.286,S1O
82,FP1,196,4.751,S1O
82,FP1,197,4.751,S1O
82,FP1,198,3.286,S1O
82,FP1,199,0.844,S1O
82,FP1,200,-1.597,S1O
82,FP1,201,-3.062,S1O
82,FP1,202,-3.062,S1O
82,FP1,203,-2.574,S1O
82,FP1,204,-1.597,S1O
82,FP1,205,-0.621,S1O
82,FP1,206,-0.621,S1O
82,FP1,207,-0.621,S1O
82,FP1,208,0.356,S1O
82,FP1,209,1.333,S1O
82,FP1,210,3.286,S1O
82,FP1,211,5.727,S1O
82,FP1,212,7.680,S1O
82,FP1,213,9.145,S1O
82,FP1,214,9.145,S1O
82,FP1,215,9.145,S1O
82,FP1,216,8.657,S1O
82,FP1,217,7.680,S1O
82,FP1,218,7.680,S1O
82,FP1,219,8.657,S1O
82,FP1,220,11.098,S1O
82,FP1,221,14.028,S1O
82,FP1,222,17.934,S1O
82,FP1,223,20.864,S1O
82,FP1,224,21.840,S1O
82,FP1,225,20.864,S1O
82,FP1,226,18.422,S1O
82,FP1,227,16.469,S1O
82,FP1,228,15.493,S1O
82,FP1,229,15.004,S1O
82,FP1,230,13.540,S1O
82,FP1,231,11.098,S1O
82,FP1,232,7.192,S1O
82,FP1,233,3.286,S1O
82,FP1,234,1.333,S1O
82,FP1,235,1.333,S1O
82,FP1,236,2.797,S1O
82,FP1,237,3.774,S1O
82,FP1,238,2.797,S1O
82,FP1,239,1.821,S1O
82,FP1,240,1.333,S1O
82,FP1,241,2.309,S1O
82,FP1,242,4.751,S1O
82,FP1,243,6.704,S1O
82,FP1,244,6.215,S1O
82,FP1,245,3.774,S1O
82,FP1,246,1.821,S1O
82,FP1,247,0.844,S1O
82,FP1,248,1.333,S1O
82,FP1,249,2.797,S1O
82,FP1,250,2.797,S1O
82,FP1,251,1.333,S1O
82,FP1,252,0.356,S1O
82,FP1,253,-0.621,S1O
82,FP1,254,-0.132,S1O
82,FP1,255,1.333,S1O
82,FP2,0,8.372,S1O
82,FP2,1,11.302,S1O
82,FP2,2,12.278,S1O
82,FP2,3,11.790,S1O
82,FP2,4,9.349,S1O
82,FP2,5,5.931,S1O
82,FP2,6,3.489,S1O
82,FP2,7,2.513,S1O
82,FP2,8,3.489,S1O
82,FP2,9,5.442,S1O
82,FP2,10,6.907,S1O
82,FP2,11,6.419,S1O
82,FP2,12,3.977,S1O
82,FP2,13,0.559,S1O
82,FP2,14,-2.858,S1O
82,FP2,15,-5.788,S1O
82,FP2,16,-7.741,S1O
82,FP2,17,-7.741,S1O
82,FP2,18,-7.253,S1O
82,FP2,19,-6.276,S1O
82,FP2,20,-4.812,S1O
82,FP2,21,-3.835,S1O
82,FP2,22,-3.347,S1O
82,FP2,23,-3.347,S1O
82,FP2,24,-2.370,S1O
82,FP2,25,-1.394,S1O
82,FP2,26,0.559,S1O
82,FP2,27,2.024,S1O
82,FP2,28,2.024,S1O
82,FP2,29,0.559,S1O
82,FP2,30,-1.882,S1O
82,FP2,31,-4.323,S1O
82,FP2,32,-5.300,S1O
82,FP2,33,-4.812,S1O
82,FP2,34,-3.347,S1O
82,FP2,35,-0.905,S1O
82,FP2,36,2.024,S1O
82,FP2,37,3.489,S1O
82,FP2,38,3.489,S1O
82,FP2,39,1.536,S1O
82,FP2,40,-0.417,S1O
82,FP2,41,-1.882,S1O
82,FP2,42,-1.882,S1O
82,FP2,43,-0.905,S1O
82,FP2,44,-0.905,S1O
82,FP2,45,-1.882,S1O
82,FP2,46,-3.347,S1O
82,FP2,47,-4.812,S1O
82,FP2,48,-3.835,S1O
82,FP2,49,-0.905,S1O
82,FP2,50,1.536,S1O
82,FP2,51,3.489,S1O
82,FP2,52,2.513,S1O
82,FP2,53,0.559,S1O
82,FP2,54,-1.394,S1O
82,FP2,55,-1.394,S1O
82,FP2,56,-0.417,S1O
82,FP2,57,1.536,S1O
82,FP2,58,3.001,S1O
82,FP2,59,3.001,S1O
82,FP2,60,3.001,S1O
82,FP2,61,2.513,S1O
82,FP2,62,2.024,S1O
82,FP2,63,0.559,S1O
82,FP2,64,-1.882,S1O
82,FP2,65,-4.812,S1O
82,FP2,66,-7.741,S1O
82,FP2,67,-9.694,S1O
82,FP2,68,-11.159,S1O
82,FP2,69,-11.648,S1O
82,FP2,70,-12.624,S1O
82,FP2,71,-12.624,S1O
82,FP2,72,-13.112,S1O
82,FP2,73,-13.601,S1O
82,FP2,74,-14.089,S1O
82,FP2,75,-14.089,S1O
82,FP2,76,-13.112,S1O
82,FP2,77,-10.671,S1O
82,FP2,78,-7.253,S1O
82,FP2,79,-4.323,S1O
82,FP2,80,-2.370,S1O
82,FP2,81,-1.882,S1O
82,FP2,82,-3.347,S1O
82,FP2,83,-4.323,S1O
82,FP2,84,-4.812,S1O
82,FP2,85,-5.300,S1O
82,FP2,86,-5.300,S1O
82,FP2,87,-6.765,S1O
82,FP2,88,-8.718,S1O
82,FP2,89,-12.624,S1O
82,FP2,90,-16.530,S1O
82,FP2,91,-20.437,S1O
82,FP2,92,-24.343,S1O
82,FP2,93,-27.273,S1O
82,FP2,94,-29.714,S1O
82,FP2,95,-30.691,S1O
82,FP2,96,-31.179,S1O
82,FP2,97,-31.179,S1O
82,FP2,98,-30.691,S1O
82,FP2,99,-30.202,S1O
82,FP2,100,-29.226,S1O
82,FP2,101,-28.249,S1O
82,FP2,102,-26.784,S1O
82,FP2,103,-25.319,S1O
82,FP2,104,-24.343,S1O
82,FP2,105,-23.855,S1O
82,FP2,106,-23.855,S1O
82,FP2,107,-24.343,S1O
82,FP2,108,-25.319,S1O
82,FP2,109,-26.296,S1O
82,FP2,110,-26.296,S1O
82,FP2,111,-25.808,S1O
82,FP2,112,-25.319,S1O
82,FP2,113,-24.831,S1O
82,FP2,114,-24.343,S1O
82,FP2,115,-25.808,S1O
82,FP2,116,-27.761,S1O
82,FP2,117,-30.691,S1O
82,FP2,118,-32.644,S1O
82,FP2,119,-34.108,S1O
82,FP2,120,-34.108,S1O
82,FP2,121,-33.132,S1O
82,FP2,122,-31.667,S1O
82,FP2,123,-29.714,S1O
82,FP2,124,-28.249,S1O
82,FP2,125,-26.296,S1O
82,FP2,126,-24.831,S1O
82,FP2,127,-23.855,S1O
82,FP2,128,-22.390,S1O
82,FP2,129,-20.925,S1O
82,FP2,130,-18.972,S1O
82,FP2,131,-17.019,S1O
82,FP2,132,-16.042,S1O
82,FP2,133,-15.554,S1O
82,FP2,134,-15.554,S1O
82,FP2,135,-16.530,S1O
82,FP2,136,-17.995,S1O
82,FP2,137,-18.483,S1O
82,FP2,138,-19.460,S1O
82,FP2,139,-19.948,S1O
82,FP2,140,-19.948,S1O
82,FP2,141,-19.460,S1O
82,FP2,142,-19.460,S1O
82,FP2,143,-19.460,S1O
82,FP2,144,-19.948,S1O
82,FP2,145,-19.948,S1O
82,FP2,146,-19.948,S1O
82,FP2,147,-19.948,S1O
82,FP2,148,-20.437,S1O
82,FP2,149,-20.437,S1O
82,FP2,150,-20.437,S1O
82,FP2,151,-19.460,S1O
82,FP2,152,-17.507,S1O
82,FP2,153,-16.042,S1O
82,FP2,154,-15.554,S1O
82,FP2,155,-16.530,S1O
82,FP2,156,-19.460,S1O
82,FP2,157,-21.901,S1O
82,FP2,158,-23.366,S1O
82,FP2,159,-23.366,S1O
82,FP2,160,-22.878,S1O
82,FP2,161,-21.901,S1O
82,FP2,162,-22.390,S1O
82,FP2,163,-22.390,S1O
82,FP2,164,-22.878,S1O
82,FP2,165,-22.878,S1O
82,FP2,166,-22.390,S1O
82,FP2,167,-22.390,S1O
82,FP2,168,-22.390,S1O
82,FP2,169,-22.390,S1O
82,FP2,170,-22.390,S1O
82,FP2,171,-23.366,S1O
82,FP2,172,-25.319,S1O
82,FP2,173,-28.249,S1O
82,FP2,174,-30.202,S1O
82,FP2,175,-30.202,S1O
82,FP2,176,-27.761,S1O
82,FP2,177,-24.343,S1O
82,FP2,178,-21.413,S1O
82,FP2,179,-19.948,S1O
82,FP2,180,-19.948,S1O
82,FP2,181,-20.437,S1O
82,FP2,182,-19.948,S1O
82,FP2,183,-18.483,S1O
82,FP2,184,-17.019,S1O
82,FP2,185,-17.019,S1O
82,FP2,186,-18.972,S1O
82,FP2,187,-21.413,S1O
82,FP2,188,-23.855,S1O
82,FP2,189,-24.831,S1O
82,FP2,190,-24.831,S1O
82,FP2,191,-23.855,S1O
82,FP2,192,-21.413,S1O
82,FP2,193,-18.483,S1O
82,FP2,194,-15.066,S1O
82,FP2,195,-11.648,S1O
82,FP2,196,-10.183,S1O
82,FP2,197,-9.694,S1O
82,FP2,198,-10.671,S1O
82,FP2,199,-12.136,S1O
82,FP2,200,-13.112,S1O
82,FP2,201,-13.112,S1O
82,FP2,202,-13.601,S1O
82,FP2,203,-14.089,S1O
82,FP2,204,-14.577,S1O
82,FP2,205,-14.577,S1O
82,FP2,206,-14.577,S1O
82,FP2,207,-13.601,S1O
82,FP2,208,-12.136,S1O
82,FP2,209,-11.159,S1O
82,FP2,210,-10.671,S1O
82,FP2,211,-9.694,S1O
82,FP2,212,-9.206,S1O
82,FP2,213,-8.230,S1O
82,FP2,214,-7.741,S1O
82,FP2,215,-7.741,S1O
82,FP2,216,-8.230,S1O
82,FP2,217,-8.230,S1O
82,FP2,218,-7.741,S1O
82,FP2,219,-6.276,S1O
82,FP2,220,-3.347,S1O
82,FP2,221,0.559,S1O
82,FP2,222,3.977,S1O
82,FP2,223,5.931,S1O
82,FP2,224,6.419,S1O
82,FP2,225,5.442,S1O
82,FP2,226,3.977,S1O
82,FP2,227,3.001,S1O
82,FP2,228,2.513,S1O
82,FP2,229,2.024,S1O
82,FP2,230,0.071,S1O
82,FP2,231,-3.347,S1O
82,FP2,232,-7.253,S1O
82,FP2,233,-10.183,S1O
82,FP2,234,-11.648,S1O
82,FP2,235,-12.136,S1O
82,FP2,236,-12.136,S1O
82,FP2,237,-12.624,S1O
82,FP2,238,-13.601,S1O
82,FP2,239,-13.601,S1O
82,FP2,240,-13.112,S1O
82,FP2,241,-11.159,S1O
82,FP2,242,-9.206,S1O
82,FP2,243,-8.718,S1O
82,FP2,244,-9.694,S1O
82,FP2,245,-12.136,S1O
82,FP2,246,-13.601,S1O
82,FP2,247,-14.089,S1O
82,FP2,248,-13.112,S1O
82,FP2,249,-12.624,S1O
82,FP2,250,-13.112,S1O
82,FP2,251,-15.554,S1O
82,FP2,252,-17.507,S1O
82,FP2,253,-18.483,S1O
82,FP2,254,-17.507,S1O
82,FP2,255,-15.554,S1O
82,F7,0,13.692,S1O
82,F7,1,19.063,S1O
82,F7,2,22.970,S1O
82,F7,3,22.970,S1O
82,F7,4,17.110,S1O
82,F7,5,8.321,S1O
82,F7,6,2.462,S1O
82,F7,7,0.997,S1O
82,F7,8,4.415,S1O
82,F7,9,8.321,S1O
82,F7,10,10.763,S1O
82,F7,11,11.739,S1O
82,F7,12,11.251,S1O
82,F7,13,11.251,S1O
82,F7,14,9.298,S1O
82,F7,15,4.903,S1O
82,F7,16,-2.421,S1O
82,F7,17,-9.257,S1O
82,F7,18,-11.210,S1O
82,F7,19,-7.304,S1O
82,F7,20,-0.468,S1O
82,F7,21,5.880,S1O
82,F7,22,7.345,S1O
82,F7,23,5.391,S1O
82,F7,24,2.462,S1O
82,F7,25,2.950,S1O
82,F7,26,6.856,S1O
82,F7,27,11.251,S1O
82,F7,28,11.251,S1O
82,F7,29,6.856,S1O
82,F7,30,0.509,S1O
82,F7,31,-3.398,S1O
82,F7,32,-2.421,S1O
82,F7,33,2.462,S1O
82,F7,34,7.833,S1O
82,F7,35,11.251,S1O
82,F7,36,11.739,S1O
82,F7,37,11.251,S1O
82,F7,38,10.763,S1O
82,F7,39,9.298,S1O
82,F7,40,5.391,S1O
82,F7,41,0.020,S1O
82,F7,42,-5.351,S1O
82,F7,43,-8.280,S1O
82,F7,44,-8.769,S1O
82,F7,45,-8.280,S1O
82,F7,46,-8.280,S1O
82,F7,47,-9.257,S1O
82,F7,48,-9.257,S1O
82,F7,49,-6.816,S1O
82,F7,50,-1.444,S1O
82,F7,51,3.438,S1O
82,F7,52,3.927,S1O
82,F7,53,0.509,S1O
82,F7,54,-3.886,S1O
82,F7,55,-4.374,S1O
82,F7,56,-0.468,S1O
82,F7,57,5.391,S1O
82,F7,58,8.321,S1O
82,F7,59,6.368,S1O
82,F7,60,1.973,S1O
82,F7,61,0.509,S1O
82,F7,62,2.950,S1O
82,F7,63,6.856,S1O
82,F7,64,7.833,S1O
82,F7,65,2.950,S1O
82,F7,66,-5.351,S1O
82,F7,67,-12.187,S1O
82,F7,68,-14.140,S1O
82,F7,69,-11.210,S1O
82,F7,70,-6.327,S1O
82,F7,71,-3.398,S1O
82,F7,72,-2.421,S1O
82,F7,73,-1.444,S1O
82,F7,74,-0.468,S1O
82,F7,75,0.509,S1O
82,F7,76,0.509,S1O
82,F7,77,-1.444,S1O
82,F7,78,-4.374,S1O
82,F7,79,-5.351,S1O
82,F7,80,-4.374,S1O
82,F7,81,-1.444,S1O
82,F7,82,0.509,S1O
82,F7,83,-0.468,S1O
82,F7,84,-4.862,S1O
82,F7,85,-9.745,S1O
82,F7,86,-14.140,S1O
82,F7,87,-16.581,S1O
82,F7,88,-18.534,S1O
82,F7,89,-20.976,S1O
82,F7,90,-24.882,S1O
82,F7,91,-29.765,S1O
82,F7,92,-34.159,S1O
82,F7,93,-36.601,S1O
82,F7,94,-36.112,S1O
82,F7,95,-34.159,S1O
82,F7,96,-30.253,S1O
82,F7,97,-25.370,S1O
82,F7,98,-19.999,S1O
82,F7,99,-15.116,S1O
82,F7,100,-11.210,S1O
82,F7,101,-10.722,S1O
82,F7,102,-12.675,S1O
82,F7,103,-14.140,S1O
82,F7,104,-14.628,S1O
82,F7,105,-13.163,S1O
82,F7,106,-10.234,S1O
82,F7,107,-8.280,S1O
82,F7,108,-8.280,S1O
82,F7,109,-9.257,S1O
82,F7,110,-9.257,S1O
82,F7,111,-7.304,S1O
82,F7,112,-4.862,S1O
82,F7,113,-3.398,S1O
82,F7,114,-5.351,S1O
82,F7,115,-9.745,S1O
82,F7,116,-14.628,S1O
82,F7,117,-16.581,S1O
82,F7,118,-15.116,S1O
82,F7,119,-12.675,S1O
82,F7,120,-10.722,S1O
82,F7,121,-10.722,S1O
82,F7,122,-12.187,S1O
82,F7,123,-12.675,S1O
82,F7,124,-9.745,S1O
82,F7,125,-5.351,S1O
82,F7,126,-1.444,S1O
82,F7,127,-1.933,S1O
82,F7,128,-6.327,S1O
82,F7,129,-11.210,S1O
82,F7,130,-13.652,S1O
82,F7,131,-12.675,S1O
82,F7,132,-8.769,S1O
82,F7,133,-4.374,S1O
82,F7,134,-2.421,S1O
82,F7,135,-2.421,S1O
82,F7,136,-3.886,S1O
82,F7,137,-5.839,S1O
82,F7,138,-7.304,S1O
82,F7,139,-7.792,S1O
82,F7,140,-7.792,S1O
82,F7,141,-8.280,S1O
82,F7,142,-8.769,S1O
82,F7,143,-9.745,S1O
82,F7,144,-10.722,S1O
82,F7,145,-10.234,S1O
82,F7,146,-8.280,S1O
82,F7,147,-5.839,S1O
82,F7,148,-4.862,S1O
82,F7,149,-6.327,S1O
82,F7,150,-9.257,S1O
82,F7,151,-11.698,S1O
82,F7,152,-10.722,S1O
82,F7,153,-7.304,S1O
82,F7,154,-3.886,S1O
82,F7,155,-3.886,S1O
82,F7,156,-7.304,S1O
82,F7,157,-12.187,S1O
82,F7,158,-15.116,S1O
82,F7,159,-13.652,S1O
82,F7,160,-9.257,S1O
82,F7,161,-3.886,S1O
82,F7,162,-0.468,S1O
82,F7,163,-0.956,S1O
82,F7,164,-3.398,S1O
82,F7,165,-6.816,S1O
82,F7,166,-8.769,S1O
82,F7,167,-7.792,S1O
82,F7,168,-6.327,S1O
82,F7,169,-4.374,S1O
82,F7,170,-4.862,S1O
82,F7,171,-7.304,S1O
82,F7,172,-10.234,S1O
82,F7,173,-13.163,S1O
82,F7,174,-14.140,S1O
82,F7,175,-13.652,S1O
82,F7,176,-12.187,S1O
82,F7,177,-10.722,S1O
82,F7,178,-8.280,S1O
82,F7,179,-5.839,S1O
82,F7,180,-3.886,S1O
82,F7,181,-3.398,S1O
82,F7,182,-3.398,S1O
82,F7,183,-2.909,S1O
82,F7,184,-1.933,S1O
82,F7,185,-0.956,S1O
82,F7,186,-1.444,S1O
82,F7,187,-3.886,S1O
82,F7,188,-8.280,S1O
82,F7,189,-13.163,S1O
82,F7,190,-16.093,S1O
82,F7,191,-16.093,S1O
82,F7,192,-12.675,S1O
82,F7,193,-6.816,S1O
82,F7,194,-0.468,S1O
82,F7,195,4.415,S1O
82,F7,196,5.880,S1O
82,F7,197,4.415,S1O
82,F7,198,0.997,S1O
82,F7,199,-2.909,S1O
82,F7,200,-5.351,S1O
82,F7,201,-5.839,S1O
82,F7,202,-5.351,S1O
82,F7,203,-3.886,S1O
82,F7,204,-3.398,S1O
82,F7,205,-3.398,S1O
82,F7,206,-3.398,S1O
82,F7,207,-3.398,S1O
82,F7,208,-2.421,S1O
82,F7,209,-1.444,S1O
82,F7,210,-0.468,S1O
82,F7,211,1.485,S1O
82,F7,212,4.415,S1O
82,F7,213,7.345,S1O
82,F7,214,9.298,S1O
82,F7,215,8.809,S1O
82,F7,216,5.880,S1O
82,F7,217,2.462,S1O
82,F7,218,0.509,S1O
82,F7,219,1.973,S1O
82,F7,220,5.391,S1O
82,F7,221,9.298,S1O
82,F7,222,12.227,S1O
82,F7,223,13.204,S1O
82,F7,224,12.227,S1O
82,F7,225,10.763,S1O
82,F7,226,9.298,S1O
82,F7,227,7.833,S1O
82,F7,228,6.856,S1O
82,F7,229,5.880,S1O
82,F7,230,3.927,S1O
82,F7,231,0.509,S1O
82,F7,232,-4.374,S1O
82,F7,233,-9.745,S1O
82,F7,234,-12.187,S1O
82,F7,235,-10.234,S1O
82,F7,236,-4.862,S1O
82,F7,237,-0.468,S1O
82,F7,238,0.509,S1O
82,F7,239,-1.933,S1O
82,F7,240,-5.351,S1O
82,F7,241,-6.327,S1O
82,F7,242,-3.886,S1O
82,F7,243,-0.468,S1O
82,F7,244,0.509,S1O
82,F7,245,-2.421,S1O
82,F7,246,-7.304,S1O
82,F7,247,-11.210,S1O
82,F7,248,-11.210,S1O
82,F7,249,-8.280,S1O
82,F7,250,-5.351,S1O
82,F7,251,-5.351,S1O
82,F7,252,-6.816,S1O
82,F7,253,-8.280,S1O
82,F7,254,-8.280,S1O
82,F7,255,-6.327,S1O
82,F8,0,8.189,S1O
82,F8,1,8.677,S1O
82,F8,2,8.189,S1O
82,F8,3,7.701,S1O
82,F8,4,8.189,S1O
82,F8,5,8.677,S1O
82,F8,6,9.165,S1O
82,F8,7,8.189,S1O
82,F8,8,6.236,S1O
82,F8,9,3.794,S1O
82,F8,10,0.865,S1O
82,F8,11,-2.065,S1O
82,F8,12,-4.018,S1O
82,F8,13,-4.995,S1O
82,F8,14,-4.506,S1O
82,F8,15,-3.042,S1O
82,F8,16,-1.088,S1O
82,F8,17,0.376,S1O
82,F8,18,0.865,S1O
82,F8,19,-0.600,S1O
82,F8,20,-3.530,S1O
82,F8,21,-6.948,S1O
82,F8,22,-9.389,S1O
82,F8,23,-7.924,S1O
82,F8,24,-3.530,S1O
82,F8,25,2.818,S1O
82,F8,26,7.212,S1O
82,F8,27,9.165,S1O
82,F8,28,8.189,S1O
82,F8,29,5.259,S1O
82,F8,30,1.353,S1O
82,F8,31,-2.065,S1O
82,F8,32,-5.483,S1O
82,F8,33,-7.436,S1O
82,F8,34,-6.948,S1O
82,F8,35,-3.530,S1O
82,F8,36,1.353,S1O
82,F8,37,5.259,S1O
82,F8,38,6.236,S1O
82,F8,39,3.794,S1O
82,F8,40,-0.600,S1O
82,F8,41,-4.995,S1O
82,F8,42,-8.413,S1O
82,F8,43,-9.878,S1O
82,F8,44,-10.854,S1O
82,F8,45,-9.389,S1O
82,F8,46,-6.948,S1O
82,F8,47,-3.042,S1O
82,F8,48,1.353,S1O
82,F8,49,4.283,S1O
82,F8,50,4.283,S1O
82,F8,51,1.841,S1O
82,F8,52,-1.577,S1O
82,F8,53,-4.995,S1O
82,F8,54,-6.460,S1O
82,F8,55,-6.460,S1O
82,F8,56,-4.995,S1O
82,F8,57,-3.530,S1O
82,F8,58,-2.553,S1O
82,F8,59,-0.112,S1O
82,F8,60,3.794,S1O
82,F8,61,8.189,S1O
82,F8,62,10.142,S1O
82,F8,63,8.189,S1O
82,F8,64,1.841,S1O
82,F8,65,-4.995,S1O
82,F8,66,-9.389,S1O
82,F8,67,-9.389,S1O
82,F8,68,-4.506,S1O
82,F8,69,0.376,S1O
82,F8,70,2.330,S1O
82,F8,71,0.865,S1O
82,F8,72,-1.577,S1O
82,F8,73,-2.553,S1O
82,F8,74,-1.088,S1O
82,F8,75,0.376,S1O
82,F8,76,0.865,S1O
82,F8,77,0.376,S1O
82,F8,78,0.376,S1O
82,F8,79,2.818,S1O
82,F8,80,7.701,S1O
82,F8,81,11.607,S1O
82,F8,82,12.583,S1O
82,F8,83,10.630,S1O
82,F8,84,8.189,S1O
82,F8,85,6.724,S1O
82,F8,86,6.724,S1O
82,F8,87,6.236,S1O
82,F8,88,3.306,S1O
82,F8,89,-1.577,S1O
82,F8,90,-6.948,S1O
82,F8,91,-10.366,S1O
82,F8,92,-11.831,S1O
82,F8,93,-12.807,S1O
82,F8,94,-15.249,S1O
82,F8,95,-18.667,S1O
82,F8,96,-21.596,S1O
82,F8,97,-21.596,S1O
82,F8,98,-19.643,S1O
82,F8,99,-17.690,S1O
82,F8,100,-17.690,S1O
82,F8,101,-19.643,S1O
82,F8,102,-21.108,S1O
82,F8,103,-20.620,S1O
82,F8,104,-17.202,S1O
82,F8,105,-14.272,S1O
82,F8,106,-12.807,S1O
82,F8,107,-14.272,S1O
82,F8,108,-15.737,S1O
82,F8,109,-16.713,S1O
82,F8,110,-16.713,S1O
82,F8,111,-16.713,S1O
82,F8,112,-17.202,S1O
82,F8,113,-17.690,S1O
82,F8,114,-16.225,S1O
82,F8,115,-13.295,S1O
82,F8,116,-10.366,S1O
82,F8,117,-10.366,S1O
82,F8,118,-13.295,S1O
82,F8,119,-17.690,S1O
82,F8,120,-19.643,S1O
82,F8,121,-19.643,S1O
82,F8,122,-18.178,S1O
82,F8,123,-17.202,S1O
82,F8,124,-16.225,S1O
82,F8,125,-14.272,S1O
82,F8,126,-10.366,S1O
82,F8,127,-6.460,S1O
82,F8,128,-4.506,S1O
82,F8,129,-6.460,S1O
82,F8,130,-9.389,S1O
82,F8,131,-11.342,S1O
82,F8,132,-10.854,S1O
82,F8,133,-8.413,S1O
82,F8,134,-7.436,S1O
82,F8,135,-9.389,S1O
82,F8,136,-13.295,S1O
82,F8,137,-15.249,S1O
82,F8,138,-14.272,S1O
82,F8,139,-10.854,S1O
82,F8,140,-7.924,S1O
82,F8,141,-8.413,S1O
82,F8,142,-11.342,S1O
82,F8,143,-15.249,S1O
82,F8,144,-16.225,S1O
82,F8,145,-15.249,S1O
82,F8,146,-13.295,S1O
82,F8,147,-12.807,S1O
82,F8,148,-14.760,S1O
82,F8,149,-17.690,S1O
82,F8,150,-18.178,S1O
82,F8,151,-14.272,S1O
82,F8,152,-8.413,S1O
82,F8,153,-3.530,S1O
82,F8,154,-3.042,S1O
82,F8,155,-8.413,S1O
82,F8,156,-15.249,S1O
82,F8,157,-20.620,S1O
82,F8,158,-21.596,S1O
82,F8,159,-19.643,S1O
82,F8,160,-17.202,S1O
82,F8,161,-17.690,S1O
82,F8,162,-20.131,S1O
82,F8,163,-22.085,S1O
82,F8,164,-21.596,S1O
82,F8,165,-19.643,S1O
82,F8,166,-18.667,S1O
82,F8,167,-20.620,S1O
82,F8,168,-25.014,S1O
82,F8,169,-28.920,S1O
82,F8,170,-29.409,S1O
82,F8,171,-26.967,S1O
82,F8,172,-24.038,S1O
82,F8,173,-24.038,S1O
82,F8,174,-26.967,S1O
82,F8,175,-28.920,S1O
82,F8,176,-27.456,S1O
82,F8,177,-23.549,S1O
82,F8,178,-19.155,S1O
82,F8,179,-18.178,S1O
82,F8,180,-20.131,S1O
82,F8,181,-20.620,S1O
82,F8,182,-18.667,S1O
82,F8,183,-14.272,S1O
82,F8,184,-11.342,S1O
82,F8,185,-12.319,S1O
82,F8,186,-16.713,S1O
82,F8,187,-20.131,S1O
82,F8,188,-20.131,S1O
82,F8,189,-18.178,S1O
82,F8,190,-16.225,S1O
82,F8,191,-17.202,S1O
82,F8,192,-18.667,S1O
82,F8,193,-17.202,S1O
82,F8,194,-9.878,S1O
82,F8,195,-1.088,S1O
82,F8,196,4.771,S1O
82,F8,197,3.306,S1O
82,F8,198,-3.042,S1O
82,F8,199,-8.413,S1O
82,F8,200,-9.389,S1O
82,F8,201,-6.460,S1O
82,F8,202,-4.018,S1O
82,F8,203,-5.483,S1O
82,F8,204,-9.389,S1O
82,F8,205,-11.831,S1O
82,F8,206,-9.878,S1O
82,F8,207,-4.506,S1O
82,F8,208,0.376,S1O
82,F8,209,0.376,S1O
82,F8,210,-2.553,S1O
82,F8,211,-6.948,S1O
82,F8,212,-9.389,S1O
82,F8,213,-10.366,S1O
82,F8,214,-9.878,S1O
82,F8,215,-8.901,S1O
82,F8,216,-7.436,S1O
82,F8,217,-5.483,S1O
82,F8,218,-3.530,S1O
82,F8,219,-0.600,S1O
82,F8,220,1.841,S1O
82,F8,221,4.771,S1O
82,F8,222,8.189,S1O
82,F8,223,11.119,S1O
82,F8,224,10.630,S1O
82,F8,225,7.212,S1O
82,F8,226,1.353,S1O
82,F8,227,-3.530,S1O
82,F8,228,-4.018,S1O
82,F8,229,-0.112,S1O
82,F8,230,3.794,S1O
82,F8,231,5.259,S1O
82,F8,232,1.841,S1O
82,F8,233,-3.530,S1O
82,F8,234,-6.460,S1O
82,F8,235,-5.483,S1O
82,F8,236,-2.553,S1O
82,F8,237,-0.112,S1O
82,F8,238,-2.553,S1O
82,F8,239,-7.436,S1O
82,F8,240,-12.319,S1O
82,F8,241,-12.807,S1O
82,F8,242,-7.924,S1O
82,F8,243,-1.577,S1O
82,F8,244,1.841,S1O
82,F8,245,-1.088,S1O
82,F8,246,-6.948,S1O
82,F8,247,-11.831,S1O
82,F8,248,-11.831,S1O
82,F8,249,-7.924,S1O
82,F8,250,-4.018,S1O
82,F8,251,-3.530,S1O
82,F8,252,-8.413,S1O
82,F8,253,-14.760,S1O
82,F8,254,-18.178,S1O
82,F8,255,-15.737,S1O
82,AF1,0,7.609,S1O
82,AF1,1,10.050,S1O
82,AF1,2,11.515,S1O
82,AF1,3,12.004,S1O
82,AF1,4,10.539,S1O
82,AF1,5,8.097,S1O
82,AF1,6,6.144,S1O
82,AF1,7,4.679,S1O
82,AF1,8,5.656,S1O
82,AF1,9,7.609,S1O
82,AF1,10,10.539,S1O
82,AF1,11,12.004,S1O
82,AF1,12,12.004,S1O
82,AF1,13,9.562,S1O
82,AF1,14,6.632,S1O
82,AF1,15,2.726,S1O
82,AF1,16,-0.692,S1O
82,AF1,17,-2.157,S1O
82,AF1,18,-2.645,S1O
82,AF1,19,-1.668,S1O
82,AF1,20,0.285,S1O
82,AF1,21,2.238,S1O
82,AF1,22,3.215,S1O
82,AF1,23,2.726,S1O
82,AF1,24,2.238,S1O
82,AF1,25,1.750,S1O
82,AF1,26,2.726,S1O
82,AF1,27,3.215,S1O
82,AF1,28,3.703,S1O
82,AF1,29,2.238,S1O
82,AF1,30,0.285,S1O
82,AF1,31,-2.157,S1O
82,AF1,32,-3.621,S1O
82,AF1,33,-3.133,S1O
82,AF1,34,-0.692,S1O
82,AF1,35,1.750,S1O
82,AF1,36,3.215,S1O
82,AF1,37,3.215,S1O
82,AF1,38,2.726,S1O
82,AF1,39,1.750,S1O
82,AF1,40,0.773,S1O
82,AF1,41,0.285,S1O
82,AF1,42,0.285,S1O
82,AF1,43,0.285,S1O
82,AF1,44,-0.692,S1O
82,AF1,45,-1.668,S1O
82,AF1,46,-2.645,S1O
82,AF1,47,-2.645,S1O
82,AF1,48,-1.180,S1O
82,AF1,49,1.750,S1O
82,AF1,50,4.191,S1O
82,AF1,51,6.144,S1O
82,AF1,52,6.144,S1O
82,AF1,53,5.168,S1O
82,AF1,54,3.703,S1O
82,AF1,55,3.215,S1O
82,AF1,56,3.215,S1O
82,AF1,57,3.703,S1O
82,AF1,58,3.215,S1O
82,AF1,59,2.238,S1O
82,AF1,60,0.773,S1O
82,AF1,61,0.285,S1O
82,AF1,62,-0.203,S1O
82,AF1,63,0.285,S1O
82,AF1,64,-0.203,S1O
82,AF1,65,-1.180,S1O
82,AF1,66,-2.645,S1O
82,AF1,67,-3.621,S1O
82,AF1,68,-4.598,S1O
82,AF1,69,-5.086,S1O
82,AF1,70,-5.575,S1O
82,AF1,71,-6.063,S1O
82,AF1,72,-6.551,S1O
82,AF1,73,-7.039,S1O
82,AF1,74,-8.016,S1O
82,AF1,75,-8.504,S1O
82,AF1,76,-9.481,S1O
82,AF1,77,-9.481,S1O
82,AF1,78,-8.504,S1O
82,AF1,79,-7.039,S1O
82,AF1,80,-6.063,S1O
82,AF1,81,-6.063,S1O
82,AF1,82,-6.551,S1O
82,AF1,83,-7.528,S1O
82,AF1,84,-8.016,S1O
82,AF1,85,-7.528,S1O
82,AF1,86,-7.528,S1O
82,AF1,87,-7.528,S1O
82,AF1,88,-9.481,S1O
82,AF1,89,-11.434,S1O
82,AF1,90,-14.852,S1O
82,AF1,91,-17.782,S1O
82,AF1,92,-20.711,S1O
82,AF1,93,-22.664,S1O
82,AF1,94,-23.153,S1O
82,AF1,95,-23.641,S1O
82,AF1,96,-22.664,S1O
82,AF1,97,-21.200,S1O
82,AF1,98,-19.246,S1O
82,AF1,99,-18.270,S1O
82,AF1,100,-17.293,S1O
82,AF1,101,-16.317,S1O
82,AF1,102,-14.364,S1O
82,AF1,103,-11.922,S1O
82,AF1,104,-9.481,S1O
82,AF1,105,-8.504,S1O
82,AF1,106,-7.528,S1O
82,AF1,107,-8.016,S1O
82,AF1,108,-8.504,S1O
82,AF1,109,-8.993,S1O
82,AF1,110,-8.993,S1O
82,AF1,111,-9.481,S1O
82,AF1,112,-10.457,S1O
82,AF1,113,-11.922,S1O
82,AF1,114,-14.364,S1O
82,AF1,115,-16.317,S1O
82,AF1,116,-18.758,S1O
82,AF1,117,-20.711,S1O
82,AF1,118,-22.176,S1O
82,AF1,119,-23.153,S1O
82,AF1,120,-23.641,S1O
82,AF1,121,-24.618,S1O
82,AF1,122,-25.106,S1O
82,AF1,123,-24.618,S1O
82,AF1,124,-22.664,S1O
82,AF1,125,-19.246,S1O
82,AF1,126,-15.828,S1O
82,AF1,127,-13.387,S1O
82,AF1,128,-11.922,S1O
82,AF1,129,-11.922,S1O
82,AF1,130,-11.922,S1O
82,AF1,131,-11.434,S1O
82,AF1,132,-10.457,S1O
82,AF1,133,-9.481,S1O
82,AF1,134,-8.993,S1O
82,AF1,135,-9.481,S1O
82,AF1,136,-10.457,S1O
82,AF1,137,-11.434,S1O
82,AF1,138,-11.922,S1O
82,AF1,139,-10.946,S1O
82,AF1,140,-9.969,S1O
82,AF1,141,-9.481,S1O
82,AF1,142,-9.481,S1O
82,AF1,143,-9.481,S1O
82,AF1,144,-9.481,S1O
82,AF1,145,-9.969,S1O
82,AF1,146,-9.481,S1O
82,AF1,147,-9.481,S1O
82,AF1,148,-9.481,S1O
82,AF1,149,-10.457,S1O
82,AF1,150,-11.434,S1O
82,AF1,151,-11.434,S1O
82,AF1,152,-11.434,S1O
82,AF1,153,-10.946,S1O
82,AF1,154,-11.434,S1O
82,AF1,155,-12.410,S1O
82,AF1,156,-13.387,S1O
82,AF1,157,-14.364,S1O
82,AF1,158,-14.852,S1O
82,AF1,159,-13.875,S1O
82,AF1,160,-12.410,S1O
82,AF1,161,-11.434,S1O
82,AF1,162,-10.946,S1O
82,AF1,163,-10.946,S1O
82,AF1,164,-10.457,S1O
82,AF1,165,-9.969,S1O
82,AF1,166,-8.504,S1O
82,AF1,167,-7.528,S1O
82,AF1,168,-6.551,S1O
82,AF1,169,-6.063,S1O
82,AF1,170,-5.575,S1O
82,AF1,171,-5.575,S1O
82,AF1,172,-6.551,S1O
82,AF1,173,-7.528,S1O
82,AF1,174,-8.504,S1O
82,AF1,175,-8.993,S1O
82,AF1,176,-7.528,S1O
82,AF1,177,-5.575,S1O
82,AF1,178,-3.621,S1O
82,AF1,179,-2.645,S1O
82,AF1,180,-2.645,S1O
82,AF1,181,-3.133,S1O
82,AF1,182,-3.133,S1O
82,AF1,183,-2.157,S1O
82,AF1,184,-0.692,S1O
82,AF1,185,-0.203,S1O
82,AF1,186,-1.668,S1O
82,AF1,187,-4.110,S1O
82,AF1,188,-7.039,S1O
82,AF1,189,-8.993,S1O
82,AF1,190,-9.481,S1O
82,AF1,191,-8.016,S1O
82,AF1,192,-5.575,S1O
82,AF1,193,-3.133,S1O
82,AF1,194,-0.692,S1O
82,AF1,195,1.261,S1O
82,AF1,196,1.750,S1O
82,AF1,197,1.750,S1O
82,AF1,198,0.773,S1O
82,AF1,199,-0.692,S1O
82,AF1,200,-2.157,S1O
82,AF1,201,-3.133,S1O
82,AF1,202,-3.621,S1O
82,AF1,203,-3.621,S1O
82,AF1,204,-3.621,S1O
82,AF1,205,-3.133,S1O
82,AF1,206,-2.157,S1O
82,AF1,207,-1.180,S1O
82,AF1,208,0.285,S1O
82,AF1,209,1.750,S1O
82,AF1,210,2.726,S1O
82,AF1,211,4.191,S1O
82,AF1,212,5.168,S1O
82,AF1,213,6.144,S1O
82,AF1,214,6.144,S1O
82,AF1,215,5.656,S1O
82,AF1,216,4.679,S1O
82,AF1,217,3.215,S1O
82,AF1,218,3.215,S1O
82,AF1,219,4.679,S1O
82,AF1,220,7.121,S1O
82,AF1,221,10.539,S1O
82,AF1,222,13.468,S1O
82,AF1,223,14.933,S1O
82,AF1,224,15.422,S1O
82,AF1,225,14.445,S1O
82,AF1,226,13.468,S1O
82,AF1,227,12.980,S1O
82,AF1,228,12.492,S1O
82,AF1,229,11.515,S1O
82,AF1,230,10.050,S1O
82,AF1,231,8.097,S1O
82,AF1,232,5.168,S1O
82,AF1,233,2.726,S1O
82,AF1,234,1.750,S1O
82,AF1,235,1.750,S1O
82,AF1,236,2.238,S1O
82,AF1,237,2.238,S1O
82,AF1,238,1.261,S1O
82,AF1,239,0.285,S1O
82,AF1,240,-0.203,S1O
82,AF1,241,0.773,S1O
82,AF1,242,3.215,S1O
82,AF1,243,5.656,S1O
82,AF1,244,6.144,S1O
82,AF1,245,5.168,S1O
82,AF1,246,2.726,S1O
82,AF1,247,1.261,S1O
82,AF1,248,0.285,S1O
82,AF1,249,0.285,S1O
82,AF1,250,-0.692,S1O
82,AF1,251,-1.180,S1O
82,AF1,252,-1.668,S1O
82,AF1,253,-2.157,S1O
82,AF1,254,-1.668,S1O
82,AF1,255,-0.203,S1O
82,AF2,0,6.846,S1O
82,AF2,1,9.776,S1O
82,AF2,2,11.241,S1O
82,AF2,3,11.241,S1O
82,AF2,4,9.776,S1O
82,AF2,5,7.334,S1O
82,AF2,6,5.870,S1O
82,AF2,7,5.381,S1O
82,AF2,8,6.358,S1O
82,AF2,9,8.311,S1O
82,AF2,10,9.776,S1O
82,AF2,11,10.264,S1O
82,AF2,12,9.288,S1O
82,AF2,13,7.334,S1O
82,AF2,14,4.405,S1O
82,AF2,15,1.963,S1O
82,AF2,16,-0.478,S1O
82,AF2,17,-1.455,S1O
82,AF2,18,-1.455,S1O
82,AF2,19,-0.478,S1O
82,AF2,20,0.987,S1O
82,AF2,21,1.475,S1O
82,AF2,22,1.963,S1O
82,AF2,23,1.963,S1O
82,AF2,24,2.452,S1O
82,AF2,25,3.428,S1O
82,AF2,26,4.405,S1O
82,AF2,27,5.381,S1O
82,AF2,28,5.381,S1O
82,AF2,29,3.916,S1O
82,AF2,30,1.475,S1O
82,AF2,31,-0.478,S1O
82,AF2,32,-1.943,S1O
82,AF2,33,-1.943,S1O
82,AF2,34,-0.966,S1O
82,AF2,35,0.987,S1O
82,AF2,36,2.940,S1O
82,AF2,37,3.916,S1O
82,AF2,38,3.916,S1O
82,AF2,39,2.452,S1O
82,AF2,40,1.475,S1O
82,AF2,41,0.498,S1O
82,AF2,42,0.498,S1O
82,AF2,43,0.987,S1O
82,AF2,44,0.987,S1O
82,AF2,45,0.987,S1O
82,AF2,46,0.498,S1O
82,AF2,47,0.498,S1O
82,AF2,48,2.452,S1O
82,AF2,49,4.893,S1O
82,AF2,50,7.334,S1O
82,AF2,51,8.311,S1O
82,AF2,52,7.823,S1O
82,AF2,53,5.870,S1O
82,AF2,54,4.405,S1O
82,AF2,55,3.428,S1O
82,AF2,56,3.428,S1O
82,AF2,57,3.916,S1O
82,AF2,58,4.405,S1O
82,AF2,59,4.405,S1O
82,AF2,60,4.405,S1O
82,AF2,61,4.893,S1O
82,AF2,62,5.381,S1O
82,AF2,63,4.893,S1O
82,AF2,64,3.428,S1O
82,AF2,65,0.987,S1O
82,AF2,66,-0.966,S1O
82,AF2,67,-1.943,S1O
82,AF2,68,-2.431,S1O
82,AF2,69,-2.431,S1O
82,AF2,70,-2.920,S1O
82,AF2,71,-3.408,S1O
82,AF2,72,-3.896,S1O
82,AF2,73,-4.873,S1O
82,AF2,74,-5.361,S1O
82,AF2,75,-5.361,S1O
82,AF2,76,-5.361,S1O
82,AF2,77,-4.384,S1O
82,AF2,78,-2.920,S1O
82,AF2,79,-1.455,S1O
82,AF2,80,0.010,S1O
82,AF2,81,0.498,S1O
82,AF2,82,0.498,S1O
82,AF2,83,0.010,S1O
82,AF2,84,0.498,S1O
82,AF2,85,0.987,S1O
82,AF2,86,1.475,S1O
82,AF2,87,0.987,S1O
82,AF2,88,-0.478,S1O
82,AF2,89,-2.920,S1O
82,AF2,90,-6.337,S1O
82,AF2,91,-9.755,S1O
82,AF2,92,-13.173,S1O
82,AF2,93,-16.103,S1O
82,AF2,94,-18.056,S1O
82,AF2,95,-19.033,S1O
82,AF2,96,-18.545,S1O
82,AF2,97,-17.568,S1O
82,AF2,98,-16.591,S1O
82,AF2,99,-15.127,S1O
82,AF2,100,-14.638,S1O
82,AF2,101,-13.173,S1O
82,AF2,102,-11.709,S1O
82,AF2,103,-9.755,S1O
82,AF2,104,-8.291,S1O
82,AF2,105,-7.314,S1O
82,AF2,106,-7.314,S1O
82,AF2,107,-7.314,S1O
82,AF2,108,-7.802,S1O
82,AF2,109,-7.802,S1O
82,AF2,110,-7.802,S1O
82,AF2,111,-7.802,S1O
82,AF2,112,-8.291,S1O
82,AF2,113,-9.267,S1O
82,AF2,114,-10.244,S1O
82,AF2,115,-11.709,S1O
82,AF2,116,-13.173,S1O
82,AF2,117,-14.638,S1O
82,AF2,118,-16.591,S1O
82,AF2,119,-18.056,S1O
82,AF2,120,-19.033,S1O
82,AF2,121,-19.521,S1O
82,AF2,122,-19.033,S1O
82,AF2,123,-18.545,S1O
82,AF2,124,-17.568,S1O
82,AF2,125,-15.615,S1O
82,AF2,126,-13.662,S1O
82,AF2,127,-11.220,S1O
82,AF2,128,-9.755,S1O
82,AF2,129,-8.779,S1O
82,AF2,130,-8.291,S1O
82,AF2,131,-7.802,S1O
82,AF2,132,-7.314,S1O
82,AF2,133,-6.826,S1O
82,AF2,134,-7.314,S1O
82,AF2,135,-7.802,S1O
82,AF2,136,-9.267,S1O
82,AF2,137,-10.244,S1O
82,AF2,138,-11.220,S1O
82,AF2,139,-10.732,S1O
82,AF2,140,-10.732,S1O
82,AF2,141,-9.755,S1O
82,AF2,142,-9.755,S1O
82,AF2,143,-9.755,S1O
82,AF2,144,-9.755,S1O
82,AF2,145,-9.755,S1O
82,AF2,146,-9.755,S1O
82,AF2,147,-9.755,S1O
82,AF2,148,-9.755,S1O
82,AF2,149,-10.244,S1O
82,AF2,150,-10.244,S1O
82,AF2,151,-9.267,S1O
82,AF2,152,-8.291,S1O
82,AF2,153,-7.314,S1O
82,AF2,154,-7.314,S1O
82,AF2,155,-8.291,S1O
82,AF2,156,-10.244,S1O
82,AF2,157,-12.197,S1O
82,AF2,158,-13.173,S1O
82,AF2,159,-13.173,S1O
82,AF2,160,-12.685,S1O
82,AF2,161,-12.197,S1O
82,AF2,162,-11.709,S1O
82,AF2,163,-11.220,S1O
82,AF2,164,-11.220,S1O
82,AF2,165,-10.732,S1O
82,AF2,166,-10.244,S1O
82,AF2,167,-9.267,S1O
82,AF2,168,-8.779,S1O
82,AF2,169,-8.291,S1O
82,AF2,170,-8.291,S1O
82,AF2,171,-8.779,S1O
82,AF2,172,-9.755,S1O
82,AF2,173,-11.220,S1O
82,AF2,174,-12.685,S1O
82,AF2,175,-13.173,S1O
82,AF2,176,-11.220,S1O
82,AF2,177,-8.779,S1O
82,AF2,178,-6.826,S1O
82,AF2,179,-5.361,S1O
82,AF2,180,-5.361,S1O
82,AF2,181,-5.361,S1O
82,AF2,182,-4.873,S1O
82,AF2,183,-2.920,S1O
82,AF2,184,-0.966,S1O
82,AF2,185,-0.478,S1O
82,AF2,186,-1.455,S1O
82,AF2,187,-3.896,S1O
82,AF2,188,-6.337,S1O
82,AF2,189,-7.314,S1O
82,AF2,190,-7.314,S1O
82,AF2,191,-6.337,S1O
82,AF2,192,-4.384,S1O
82,AF2,193,-2.431,S1O
82,AF2,194,-0.478,S1O
82,AF2,195,1.475,S1O
82,AF2,196,2.452,S1O
82,AF2,197,2.940,S1O
82,AF2,198,1.475,S1O
82,AF2,199,0.498,S1O
82,AF2,200,-0.966,S1O
82,AF2,201,-1.455,S1O
82,AF2,202,-1.455,S1O
82,AF2,203,-1.455,S1O
82,AF2,204,-1.943,S1O
82,AF2,205,-1.943,S1O
82,AF2,206,-1.455,S1O
82,AF2,207,-0.478,S1O
82,AF2,208,0.498,S1O
82,AF2,209,1.475,S1O
82,AF2,210,2.452,S1O
82,AF2,211,2.940,S1O
82,AF2,212,3.428,S1O
82,AF2,213,3.428,S1O
82,AF2,214,2.940,S1O
82,AF2,215,2.452,S1O
82,AF2,216,2.452,S1O
82,AF2,217,1.963,S1O
82,AF2,218,2.940,S1O
82,AF2,219,4.893,S1O
82,AF2,220,7.823,S1O
82,AF2,221,10.752,S1O
82,AF2,222,13.682,S1O
82,AF2,223,15.635,S1O
82,AF2,224,16.123,S1O
82,AF2,225,15.635,S1O
82,AF2,226,15.147,S1O
82,AF2,227,14.170,S1O
82,AF2,228,13.682,S1O
82,AF2,229,13.194,S1O
82,AF2,230,11.729,S1O
82,AF2,231,9.776,S1O
82,AF2,232,7.334,S1O
82,AF2,233,4.893,S1O
82,AF2,234,3.428,S1O
82,AF2,235,2.452,S1O
82,AF2,236,2.452,S1O
82,AF2,237,1.963,S1O
82,AF2,238,0.987,S1O
82,AF2,239,0.987,S1O
82,AF2,240,0.987,S1O
82,AF2,241,2.452,S1O
82,AF2,242,4.405,S1O
82,AF2,243,6.358,S1O
82,AF2,244,6.358,S1O
82,AF2,245,4.893,S1O
82,AF2,246,2.452,S1O
82,AF2,247,0.498,S1O
82,AF2,248,0.010,S1O
82,AF2,249,0.010,S1O
82,AF2,250,0.010,S1O
82,AF2,251,-0.966,S1O
82,AF2,252,-2.431,S1O
82,AF2,253,-3.896,S1O
82,AF2,254,-3.896,S1O
82,AF2,255,-2.431,S1O
82,FZ,0,5.585,S1O
82,FZ,1,7.538,S1O
82,FZ,2,8.026,S1O
82,FZ,3,8.026,S1O
82,FZ,4,7.050,S1O
82,FZ,5,5.585,S1O
82,FZ,6,4.120,S1O
82,FZ,7,3.632,S1O
82,FZ,8,4.608,S1O
82,FZ,9,7.050,S1O
82,FZ,10,9.003,S1O
82,FZ,11,9.979,S1O
82,FZ,12,9.979,S1O
82,FZ,13,8.026,S1O
82,FZ,14,5.585,S1O
82,FZ,15,2.655,S1O
82,FZ,16,0.702,S1O
82,FZ,17,-0.275,S1O
82,FZ,18,-0.763,S1O
82,FZ,19,0.214,S1O
82,FZ,20,2.167,S1O
82,FZ,21,3.143,S1O
82,FZ,22,3.143,S1O
82,FZ,23,2.167,S1O
82,FZ,24,1.190,S1O
82,FZ,25,1.190,S1O
82,FZ,26,1.190,S1O
82,FZ,27,2.167,S1O
82,FZ,28,2.167,S1O
82,FZ,29,1.190,S1O
82,FZ,30,-0.275,S1O
82,FZ,31,-2.228,S1O
82,FZ,32,-3.204,S1O
82,FZ,33,-3.693,S1O
82,FZ,34,-3.204,S1O
82,FZ,35,-1.740,S1O
82,FZ,36,-1.251,S1O
82,FZ,37,-0.763,S1O
82,FZ,38,-1.251,S1O
82,FZ,39,-1.740,S1O
82,FZ,40,-1.740,S1O
82,FZ,41,-1.740,S1O
82,FZ,42,-1.251,S1O
82,FZ,43,-0.763,S1O
82,FZ,44,-0.763,S1O
82,FZ,45,-1.251,S1O
82,FZ,46,-2.228,S1O
82,FZ,47,-2.228,S1O
82,FZ,48,-0.763,S1O
82,FZ,49,1.678,S1O
82,FZ,50,4.120,S1O
82,FZ,51,5.585,S1O
82,FZ,52,5.585,S1O
82,FZ,53,4.608,S1O
82,FZ,54,3.143,S1O
82,FZ,55,2.167,S1O
82,FZ,56,1.678,S1O
82,FZ,57,1.190,S1O
82,FZ,58,0.214,S1O
82,FZ,59,-0.275,S1O
82,FZ,60,-0.763,S1O
82,FZ,61,-0.763,S1O
82,FZ,62,-0.275,S1O
82,FZ,63,-0.275,S1O
82,FZ,64,-0.275,S1O
82,FZ,65,-1.251,S1O
82,FZ,66,-1.740,S1O
82,FZ,67,-1.740,S1O
82,FZ,68,-1.740,S1O
82,FZ,69,-1.740,S1O
82,FZ,70,-2.228,S1O
82,FZ,71,-3.204,S1O
82,FZ,72,-4.181,S1O
82,FZ,73,-5.157,S1O
82,FZ,74,-6.134,S1O
82,FZ,75,-6.622,S1O
82,FZ,76,-7.599,S1O
82,FZ,77,-7.599,S1O
82,FZ,78,-7.111,S1O
82,FZ,79,-6.134,S1O
82,FZ,80,-5.646,S1O
82,FZ,81,-5.157,S1O
82,FZ,82,-5.157,S1O
82,FZ,83,-5.646,S1O
82,FZ,84,-5.157,S1O
82,FZ,85,-4.181,S1O
82,FZ,86,-3.693,S1O
82,FZ,87,-3.204,S1O
82,FZ,88,-4.181,S1O
82,FZ,89,-6.134,S1O
82,FZ,90,-8.575,S1O
82,FZ,91,-11.505,S1O
82,FZ,92,-13.458,S1O
82,FZ,93,-15.411,S1O
82,FZ,94,-16.876,S1O
82,FZ,95,-17.365,S1O
82,FZ,96,-16.876,S1O
82,FZ,97,-15.411,S1O
82,FZ,98,-13.947,S1O
82,FZ,99,-12.970,S1O
82,FZ,100,-11.993,S1O
82,FZ,101,-11.017,S1O
82,FZ,102,-9.064,S1O
82,FZ,103,-7.111,S1O
82,FZ,104,-5.157,S1O
82,FZ,105,-3.693,S1O
82,FZ,106,-3.693,S1O
82,FZ,107,-4.181,S1O
82,FZ,108,-5.157,S1O
82,FZ,109,-5.646,S1O
82,FZ,110,-5.646,S1O
82,FZ,111,-6.134,S1O
82,FZ,112,-6.622,S1O
82,FZ,113,-8.087,S1O
82,FZ,114,-10.040,S1O
82,FZ,115,-11.993,S1O
82,FZ,116,-13.947,S1O
82,FZ,117,-15.900,S1O
82,FZ,118,-16.876,S1O
82,FZ,119,-17.853,S1O
82,FZ,120,-18.829,S1O
82,FZ,121,-19.318,S1O
82,FZ,122,-19.318,S1O
82,FZ,123,-18.341,S1O
82,FZ,124,-16.876,S1O
82,FZ,125,-14.923,S1O
82,FZ,126,-11.993,S1O
82,FZ,127,-9.552,S1O
82,FZ,128,-8.087,S1O
82,FZ,129,-8.087,S1O
82,FZ,130,-8.087,S1O
82,FZ,131,-8.087,S1O
82,FZ,132,-8.087,S1O
82,FZ,133,-8.087,S1O
82,FZ,134,-8.087,S1O
82,FZ,135,-8.575,S1O
82,FZ,136,-10.040,S1O
82,FZ,137,-10.040,S1O
82,FZ,138,-10.040,S1O
82,FZ,139,-9.064,S1O
82,FZ,140,-8.575,S1O
82,FZ,141,-8.087,S1O
82,FZ,142,-8.087,S1O
82,FZ,143,-8.087,S1O
82,FZ,144,-8.575,S1O
82,FZ,145,-8.087,S1O
82,FZ,146,-8.087,S1O
82,FZ,147,-7.599,S1O
82,FZ,148,-8.087,S1O
82,FZ,149,-8.087,S1O
82,FZ,150,-8.575,S1O
82,FZ,151,-8.575,S1O
82,FZ,152,-8.575,S1O
82,FZ,153,-8.575,S1O
82,FZ,154,-9.064,S1O
82,FZ,155,-10.040,S1O
82,FZ,156,-11.017,S1O
82,FZ,157,-11.505,S1O
82,FZ,158,-11.505,S1O
82,FZ,159,-11.017,S1O
82,FZ,160,-10.040,S1O
82,FZ,161,-9.552,S1O
82,FZ,162,-9.552,S1O
82,FZ,163,-9.064,S1O
82,FZ,164,-8.575,S1O
82,FZ,165,-7.599,S1O
82,FZ,166,-7.111,S1O
82,FZ,167,-6.622,S1O
82,FZ,168,-6.134,S1O
82,FZ,169,-5.646,S1O
82,FZ,170,-5.157,S1O
82,FZ,171,-5.157,S1O
82,FZ,172,-5.646,S1O
82,FZ,173,-7.111,S1O
82,FZ,174,-7.599,S1O
82,FZ,175,-8.087,S1O
82,FZ,176,-6.622,S1O
82,FZ,177,-5.157,S1O
82,FZ,178,-4.181,S1O
82,FZ,179,-3.693,S1O
82,FZ,180,-3.693,S1O
82,FZ,181,-4.181,S1O
82,FZ,182,-3.693,S1O
82,FZ,183,-2.228,S1O
82,FZ,184,-0.763,S1O
82,FZ,185,-0.275,S1O
82,FZ,186,-0.763,S1O
82,FZ,187,-2.716,S1O
82,FZ,188,-4.669,S1O
82,FZ,189,-6.134,S1O
82,FZ,190,-6.134,S1O
82,FZ,191,-5.157,S1O
82,FZ,192,-3.693,S1O
82,FZ,193,-2.228,S1O
82,FZ,194,-1.251,S1O
82,FZ,195,-0.275,S1O
82,FZ,196,0.214,S1O
82,FZ,197,0.214,S1O
82,FZ,198,-0.275,S1O
82,FZ,199,-1.251,S1O
82,FZ,200,-2.228,S1O
82,FZ,201,-2.716,S1O
82,FZ,202,-3.204,S1O
82,FZ,203,-3.693,S1O
82,FZ,204,-3.204,S1O
82,FZ,205,-3.204,S1O
82,FZ,206,-2.228,S1O
82,FZ,207,-1.251,S1O
82,FZ,208,-0.275,S1O
82,FZ,209,0.702,S1O
82,FZ,210,1.678,S1O
82,FZ,211,2.167,S1O
82,FZ,212,2.655,S1O
82,FZ,213,2.655,S1O
82,FZ,214,2.167,S1O
82,FZ,215,1.678,S1O
82,FZ,216,0.702,S1O
82,FZ,217,0.702,S1O
82,FZ,218,1.190,S1O
82,FZ,219,2.167,S1O
82,FZ,220,4.608,S1O
82,FZ,221,6.561,S1O
82,FZ,222,8.514,S1O
82,FZ,223,9.979,S1O
82,FZ,224,10.468,S1O
82,FZ,225,10.468,S1O
82,FZ,226,9.979,S1O
82,FZ,227,9.979,S1O
82,FZ,228,9.491,S1O
82,FZ,229,9.003,S1O
82,FZ,230,8.026,S1O
82,FZ,231,7.050,S1O
82,FZ,232,5.585,S1O
82,FZ,233,4.120,S1O
82,FZ,234,2.655,S1O
82,FZ,235,2.167,S1O
82,FZ,236,1.678,S1O
82,FZ,237,1.190,S1O
82,FZ,238,0.702,S1O
82,FZ,239,0.214,S1O
82,FZ,240,0.214,S1O
82,FZ,241,1.678,S1O
82,FZ,242,3.632,S1O
82,FZ,243,5.585,S1O
82,FZ,244,6.073,S1O
82,FZ,245,4.608,S1O
82,FZ,246,3.143,S1O
82,FZ,247,1.190,S1O
82,FZ,248,-0.275,S1O
82,FZ,249,-0.763,S1O
82,FZ,250,-1.251,S1O
82,FZ,251,-2.228,S1O
82,FZ,252,-3.204,S1O
82,FZ,253,-3.693,S1O
82,FZ,254,-3.693,S1O
82,FZ,255,-2.228,S1O
82,F4,0,4.822,S1O
82,F4,1,6.775,S1O
82,F4,2,7.751,S1O
82,F4,3,8.240,S1O
82,F4,4,7.751,S1O
82,F4,5,6.287,S1O
82,F4,6,5.310,S1O
82,F4,7,5.310,S1O
82,F4,8,5.798,S1O
82,F4,9,6.775,S1O
82,F4,10,6.775,S1O
82,F4,11,6.287,S1O
82,F4,12,5.310,S1O
82,F4,13,4.333,S1O
82,F4,14,3.357,S1O
82,F4,15,1.892,S1O
82,F4,16,0.916,S1O
82,F4,17,0.427,S1O
82,F4,18,-0.061,S1O
82,F4,19,-0.061,S1O
82,F4,20,0.427,S1O
82,F4,21,-0.061,S1O
82,F4,22,-0.061,S1O
82,F4,23,-0.061,S1O
82,F4,24,0.916,S1O
82,F4,25,3.357,S1O
82,F4,26,5.310,S1O
82,F4,27,6.287,S1O
82,F4,28,5.798,S1O
82,F4,29,3.357,S1O
82,F4,30,0.916,S1O
82,F4,31,-1.526,S1O
82,F4,32,-2.502,S1O
82,F4,33,-2.991,S1O
82,F4,34,-2.502,S1O
82,F4,35,-1.038,S1O
82,F4,36,0.916,S1O
82,F4,37,2.869,S1O
82,F4,38,3.357,S1O
82,F4,39,1.892,S1O
82,F4,40,-0.061,S1O
82,F4,41,-1.526,S1O
82,F4,42,-2.502,S1O
82,F4,43,-2.502,S1O
82,F4,44,-2.502,S1O
82,F4,45,-2.502,S1O
82,F4,46,-2.014,S1O
82,F4,47,-1.038,S1O
82,F4,48,1.892,S1O
82,F4,49,4.333,S1O
82,F4,50,6.775,S1O
82,F4,51,6.775,S1O
82,F4,52,4.822,S1O
82,F4,53,1.892,S1O
82,F4,54,-0.061,S1O
82,F4,55,-1.038,S1O
82,F4,56,-1.526,S1O
82,F4,57,-1.526,S1O
82,F4,58,-1.526,S1O
82,F4,59,-1.038,S1O
82,F4,60,0.427,S1O
82,F4,61,2.869,S1O
82,F4,62,4.333,S1O
82,F4,63,4.333,S1O
82,F4,64,2.869,S1O
82,F4,65,-0.549,S1O
82,F4,66,-2.991,S1O
82,F4,67,-3.967,S1O
82,F4,68,-3.479,S1O
82,F4,69,-2.991,S1O
82,F4,70,-2.991,S1O
82,F4,71,-3.479,S1O
82,F4,72,-4.944,S1O
82,F4,73,-5.432,S1O
82,F4,74,-5.920,S1O
82,F4,75,-5.920,S1O
82,F4,76,-6.409,S1O
82,F4,77,-5.432,S1O
82,F4,78,-4.456,S1O
82,F4,79,-2.991,S1O
82,F4,80,-1.526,S1O
82,F4,81,-0.549,S1O
82,F4,82,-0.549,S1O
82,F4,83,-1.038,S1O
82,F4,84,-1.038,S1O
82,F4,85,-0.549,S1O
82,F4,86,-0.061,S1O
82,F4,87,-0.061,S1O
82,F4,88,-1.526,S1O
82,F4,89,-4.456,S1O
82,F4,90,-7.385,S1O
82,F4,91,-10.803,S1O
82,F4,92,-13.733,S1O
82,F4,93,-15.686,S1O
82,F4,94,-17.639,S1O
82,F4,95,-18.127,S1O
82,F4,96,-18.127,S1O
82,F4,97,-17.151,S1O
82,F4,98,-15.686,S1O
82,F4,99,-14.709,S1O
82,F4,100,-14.221,S1O
82,F4,101,-13.733,S1O
82,F4,102,-13.245,S1O
82,F4,103,-11.780,S1O
82,F4,104,-11.292,S1O
82,F4,105,-10.315,S1O
82,F4,106,-10.315,S1O
82,F4,107,-10.315,S1O
82,F4,108,-10.315,S1O
82,F4,109,-10.315,S1O
82,F4,110,-9.338,S1O
82,F4,111,-9.338,S1O
82,F4,112,-9.827,S1O
82,F4,113,-10.803,S1O
82,F4,114,-10.803,S1O
82,F4,115,-11.292,S1O
82,F4,116,-11.292,S1O
82,F4,117,-12.268,S1O
82,F4,118,-13.733,S1O
82,F4,119,-15.198,S1O
82,F4,120,-16.174,S1O
82,F4,121,-16.663,S1O
82,F4,122,-16.663,S1O
82,F4,123,-17.151,S1O
82,F4,124,-16.663,S1O
82,F4,125,-15.686,S1O
82,F4,126,-13.733,S1O
82,F4,127,-11.292,S1O
82,F4,128,-8.850,S1O
82,F4,129,-7.874,S1O
82,F4,130,-7.874,S1O
82,F4,131,-7.874,S1O
82,F4,132,-7.874,S1O
82,F4,133,-7.874,S1O
82,F4,134,-8.362,S1O
82,F4,135,-8.850,S1O
82,F4,136,-10.315,S1O
82,F4,137,-11.292,S1O
82,F4,138,-11.292,S1O
82,F4,139,-11.292,S1O
82,F4,140,-10.803,S1O
82,F4,141,-10.803,S1O
82,F4,142,-11.780,S1O
82,F4,143,-12.756,S1O
82,F4,144,-12.756,S1O
82,F4,145,-12.756,S1O
82,F4,146,-12.268,S1O
82,F4,147,-12.268,S1O
82,F4,148,-12.756,S1O
82,F4,149,-13.245,S1O
82,F4,150,-12.756,S1O
82,F4,151,-11.780,S1O
82,F4,152,-10.315,S1O
82,F4,153,-8.850,S1O
82,F4,154,-9.338,S1O
82,F4,155,-11.292,S1O
82,F4,156,-13.733,S1O
82,F4,157,-15.686,S1O
82,F4,158,-17.151,S1O
82,F4,159,-16.663,S1O
82,F4,160,-16.174,S1O
82,F4,161,-15.686,S1O
82,F4,162,-15.198,S1O
82,F4,163,-15.198,S1O
82,F4,164,-14.709,S1O
82,F4,165,-14.221,S1O
82,F4,166,-14.221,S1O
82,F4,167,-14.221,S1O
82,F4,168,-14.221,S1O
82,F4,169,-13.733,S1O
82,F4,170,-13.245,S1O
82,F4,171,-13.245,S1O
82,F4,172,-13.733,S1O
82,F4,173,-14.709,S1O
82,F4,174,-16.174,S1O
82,F4,175,-17.151,S1O
82,F4,176,-15.686,S1O
82,F4,177,-13.733,S1O
82,F4,178,-11.292,S1O
82,F4,179,-9.827,S1O
82,F4,180,-9.827,S1O
82,F4,181,-9.338,S1O
82,F4,182,-8.362,S1O
82,F4,183,-6.897,S1O
82,F4,184,-4.944,S1O
82,F4,185,-4.456,S1O
82,F4,186,-5.432,S1O
82,F4,187,-7.385,S1O
82,F4,188,-9.338,S1O
82,F4,189,-9.338,S1O
82,F4,190,-8.850,S1O
82,F4,191,-7.874,S1O
82,F4,192,-6.409,S1O
82,F4,193,-4.944,S1O
82,F4,194,-2.991,S1O
82,F4,195,-1.038,S1O
82,F4,196,-0.061,S1O
82,F4,197,-0.061,S1O
82,F4,198,-1.526,S1O
82,F4,199,-2.991,S1O
82,F4,200,-3.479,S1O
82,F4,201,-3.479,S1O
82,F4,202,-3.479,S1O
82,F4,203,-3.479,S1O
82,F4,204,-3.967,S1O
82,F4,205,-3.967,S1O
82,F4,206,-3.967,S1O
82,F4,207,-2.991,S1O
82,F4,208,-2.014,S1O
82,F4,209,-1.526,S1O
82,F4,210,-1.526,S1O
82,F4,211,-1.526,S1O
82,F4,212,-1.526,S1O
82,F4,213,-1.526,S1O
82,F4,214,-2.502,S1O
82,F4,215,-2.502,S1O
82,F4,216,-2.991,S1O
82,F4,217,-2.014,S1O
82,F4,218,-0.549,S1O
82,F4,219,1.892,S1O
82,F4,220,4.333,S1O
82,F4,221,6.775,S1O
82,F4,222,8.728,S1O
82,F4,223,10.193,S1O
82,F4,224,10.681,S1O
82,F4,225,10.681,S1O
82,F4,226,9.705,S1O
82,F4,227,8.240,S1O
82,F4,228,7.263,S1O
82,F4,229,6.775,S1O
82,F4,230,7.263,S1O
82,F4,231,6.775,S1O
82,F4,232,5.798,S1O
82,F4,233,3.845,S1O
82,F4,234,1.404,S1O
82,F4,235,-0.061,S1O
82,F4,236,-0.549,S1O
82,F4,237,-0.061,S1O
82,F4,238,-0.061,S1O
82,F4,239,-0.549,S1O
82,F4,240,-0.549,S1O
82,F4,241,0.427,S1O
82,F4,242,1.892,S1O
82,F4,243,3.845,S1O
82,F4,244,4.822,S1O
82,F4,245,3.357,S1O
82,F4,246,0.916,S1O
82,F4,247,-1.526,S1O
82,F4,248,-2.991,S1O
82,F4,249,-2.991,S1O
82,F4,250,-2.502,S1O
82,F4,251,-2.991,S1O
82,F4,252,-4.456,S1O
82,F4,253,-6.409,S1O
82,F4,254,-7.385,S1O
82,F4,255,-6.409,S1O
82,F3,0,7.568,S1O
82,F3,1,10.010,S1O
82,F3,2,11.475,S1O
82,F3,3,11.963,S1O
82,F3,4,10.986,S1O
82,F3,5,8.545,S1O
82,F3,6,5.615,S1O
82,F3,7,4.150,S1O
82,F3,8,3.662,S1O
82,F3,9,5.615,S1O
82,F3,10,8.057,S1O
82,F3,11,10.498,S1O
82,F3,12,11.963,S1O
82,F3,13,10.986,S1O
82,F3,14,8.545,S1O
82,F3,15,4.639,S1O
82,F3,16,0.732,S1O
82,F3,17,-1.709,S1O
82,F3,18,-2.686,S1O
82,F3,19,-1.221,S1O
82,F3,20,1.221,S1O
82,F3,21,3.662,S1O
82,F3,22,4.639,S1O
82,F3,23,3.662,S1O
82,F3,24,2.197,S1O
82,F3,25,1.709,S1O
82,F3,26,2.197,S1O
82,F3,27,3.662,S1O
82,F3,28,4.150,S1O
82,F3,29,3.174,S1O
82,F3,30,0.732,S1O
82,F3,31,-1.709,S1O
82,F3,32,-2.197,S1O
82,F3,33,-0.732,S1O
82,F3,34,2.197,S1O
82,F3,35,4.639,S1O
82,F3,36,5.615,S1O
82,F3,37,5.127,S1O
82,F3,38,4.150,S1O
82,F3,39,3.174,S1O
82,F3,40,3.174,S1O
82,F3,41,2.686,S1O
82,F3,42,1.709,S1O
82,F3,43,0.244,S1O
82,F3,44,-1.709,S1O
82,F3,45,-2.686,S1O
82,F3,46,-3.174,S1O
82,F3,47,-2.686,S1O
82,F3,48,-1.221,S1O
82,F3,49,0.732,S1O
82,F3,50,2.686,S1O
82,F3,51,4.639,S1O
82,F3,52,5.615,S1O
82,F3,53,6.104,S1O
82,F3,54,5.127,S1O
82,F3,55,3.662,S1O
82,F3,56,2.686,S1O
82,F3,57,1.709,S1O
82,F3,58,0.732,S1O
82,F3,59,0.244,S1O
82,F3,60,-1.221,S1O
82,F3,61,-1.709,S1O
82,F3,62,-1.709,S1O
82,F3,63,-1.709,S1O
82,F3,64,-1.221,S1O
82,F3,65,-1.221,S1O
82,F3,66,-0.732,S1O
82,F3,67,-0.732,S1O
82,F3,68,-1.221,S1O
82,F3,69,-1.709,S1O
82,F3,70,-2.197,S1O
82,F3,71,-2.686,S1O
82,F3,72,-3.662,S1O
82,F3,73,-4.150,S1O
82,F3,74,-4.639,S1O
82,F3,75,-5.615,S1O
82,F3,76,-7.080,S1O
82,F3,77,-8.545,S1O
82,F3,78,-9.033,S1O
82,F3,79,-9.033,S1O
82,F3,80,-8.545,S1O
82,F3,81,-8.545,S1O
82,F3,82,-8.545,S1O
82,F3,83,-9.033,S1O
82,F3,84,-10.010,S1O
82,F3,85,-10.498,S1O
82,F3,86,-10.498,S1O
82,F3,87,-10.986,S1O
82,F3,88,-11.963,S1O
82,F3,89,-13.916,S1O
82,F3,90,-16.357,S1O
82,F3,91,-18.311,S1O
82,F3,92,-20.264,S1O
82,F3,93,-21.240,S1O
82,F3,94,-21.240,S1O
82,F3,95,-20.264,S1O
82,F3,96,-18.799,S1O
82,F3,97,-17.334,S1O
82,F3,98,-14.893,S1O
82,F3,99,-12.939,S1O
82,F3,100,-11.475,S1O
82,F3,101,-9.521,S1O
82,F3,102,-7.568,S1O
82,F3,103,-5.615,S1O
82,F3,104,-3.662,S1O
82,F3,105,-2.686,S1O
82,F3,106,-2.686,S1O
82,F3,107,-3.174,S1O
82,F3,108,-4.150,S1O
82,F3,109,-4.639,S1O
82,F3,110,-5.127,S1O
82,F3,111,-5.615,S1O
82,F3,112,-6.592,S1O
82,F3,113,-7.568,S1O
82,F3,114,-10.010,S1O
82,F3,115,-11.963,S1O
82,F3,116,-13.916,S1O
82,F3,117,-15.869,S1O
82,F3,118,-16.357,S1O
82,F3,119,-16.846,S1O
82,F3,120,-17.334,S1O
82,F3,121,-18.311,S1O
82,F3,122,-19.287,S1O
82,F3,123,-19.287,S1O
82,F3,124,-17.822,S1O
82,F3,125,-14.893,S1O
82,F3,126,-10.986,S1O
82,F3,127,-8.057,S1O
82,F3,128,-7.568,S1O
82,F3,129,-8.545,S1O
82,F3,130,-10.498,S1O
82,F3,131,-10.498,S1O
82,F3,132,-9.033,S1O
82,F3,133,-7.080,S1O
82,F3,134,-5.127,S1O
82,F3,135,-5.127,S1O
82,F3,136,-6.592,S1O
82,F3,137,-8.057,S1O
82,F3,138,-8.545,S1O
82,F3,139,-8.057,S1O
82,F3,140,-7.080,S1O
82,F3,141,-6.592,S1O
82,F3,142,-6.592,S1O
82,F3,143,-7.568,S1O
82,F3,144,-8.057,S1O
82,F3,145,-8.057,S1O
82,F3,146,-7.568,S1O
82,F3,147,-7.080,S1O
82,F3,148,-7.568,S1O
82,F3,149,-8.057,S1O
82,F3,150,-9.033,S1O
82,F3,151,-9.521,S1O
82,F3,152,-9.521,S1O
82,F3,153,-10.498,S1O
82,F3,154,-11.475,S1O
82,F3,155,-12.451,S1O
82,F3,156,-13.428,S1O
82,F3,157,-13.428,S1O
82,F3,158,-12.451,S1O
82,F3,159,-10.498,S1O
82,F3,160,-9.033,S1O
82,F3,161,-7.568,S1O
82,F3,162,-7.080,S1O
82,F3,163,-7.080,S1O
82,F3,164,-6.592,S1O
82,F3,165,-5.615,S1O
82,F3,166,-5.615,S1O
82,F3,167,-5.615,S1O
82,F3,168,-5.615,S1O
82,F3,169,-5.127,S1O
82,F3,170,-4.150,S1O
82,F3,171,-3.662,S1O
82,F3,172,-3.662,S1O
82,F3,173,-4.150,S1O
82,F3,174,-5.615,S1O
82,F3,175,-6.104,S1O
82,F3,176,-6.104,S1O
82,F3,177,-5.127,S1O
82,F3,178,-3.174,S1O
82,F3,179,-1.709,S1O
82,F3,180,-1.221,S1O
82,F3,181,-1.221,S1O
82,F3,182,-1.709,S1O
82,F3,183,-1.221,S1O
82,F3,184,-0.244,S1O
82,F3,185,0.732,S1O
82,F3,186,0.244,S1O
82,F3,187,-1.709,S1O
82,F3,188,-4.639,S1O
82,F3,189,-7.080,S1O
82,F3,190,-8.057,S1O
82,F3,191,-6.592,S1O
82,F3,192,-3.662,S1O
82,F3,193,-0.732,S1O
82,F3,194,1.221,S1O
82,F3,195,1.709,S1O
82,F3,196,1.709,S1O
82,F3,197,1.709,S1O
82,F3,198,1.221,S1O
82,F3,199,0.732,S1O
82,F3,200,-0.244,S1O
82,F3,201,-1.221,S1O
82,F3,202,-2.686,S1O
82,F3,203,-3.174,S1O
82,F3,204,-3.662,S1O
82,F3,205,-2.686,S1O
82,F3,206,-1.221,S1O
82,F3,207,0.244,S1O
82,F3,208,1.221,S1O
82,F3,209,1.709,S1O
82,F3,210,2.197,S1O
82,F3,211,3.174,S1O
82,F3,212,4.150,S1O
82,F3,213,5.127,S1O
82,F3,214,6.104,S1O
82,F3,215,5.127,S1O
82,F3,216,4.150,S1O
82,F3,217,2.686,S1O
82,F3,218,2.197,S1O
82,F3,219,2.686,S1O
82,F3,220,4.639,S1O
82,F3,221,7.080,S1O
82,F3,222,9.033,S1O
82,F3,223,10.010,S1O
82,F3,224,10.498,S1O
82,F3,225,10.010,S1O
82,F3,226,9.521,S1O
82,F3,227,9.521,S1O
82,F3,228,9.521,S1O
82,F3,229,9.033,S1O
82,F3,230,8.057,S1O
82,F3,231,5.615,S1O
82,F3,232,2.686,S1O
82,F3,233,1.709,S1O
82,F3,234,1.709,S1O
82,F3,235,2.686,S1O
82,F3,236,4.150,S1O
82,F3,237,3.662,S1O
82,F3,238,2.197,S1O
82,F3,239,0.244,S1O
82,F3,240,-0.732,S1O
82,F3,241,0.244,S1O
82,F3,242,2.197,S1O
82,F3,243,4.639,S1O
82,F3,244,5.615,S1O
82,F3,245,4.639,S1O
82,F3,246,2.686,S1O
82,F3,247,0.732,S1O
82,F3,248,-0.244,S1O
82,F3,249,-1.221,S1O
82,F3,250,-1.709,S1O
82,F3,251,-1.709,S1O
82,F3,252,-1.709,S1O
82,F3,253,-1.709,S1O
82,F3,254,-1.221,S1O
82,F3,255,-0.244,S1O
82,FC6,0,0.102,S1O
82,FC6,1,2.055,S1O
82,FC6,2,4.008,S1O
82,FC6,3,5.473,S1O
82,FC6,4,5.473,S1O
82,FC6,5,5.473,S1O
82,FC6,6,6.449,S1O
82,FC6,7,7.914,S1O
82,FC6,8,8.403,S1O
82,FC6,9,5.961,S1O
82,FC6,10,1.567,S1O
82,FC6,11,-3.316,S1O
82,FC6,12,-5.269,S1O
82,FC6,13,-3.805,S1O
82,FC6,14,-0.387,S1O
82,FC6,15,2.543,S1O
82,FC6,16,2.543,S1O
82,FC6,17,1.567,S1O
82,FC6,18,0.590,S1O
82,FC6,19,-0.387,S1O
82,FC6,20,-1.363,S1O
82,FC6,21,-3.805,S1O
82,FC6,22,-6.246,S1O
82,FC6,23,-6.246,S1O
82,FC6,24,-2.828,S1O
82,FC6,25,3.520,S1O
82,FC6,26,8.891,S1O
82,FC6,27,10.356,S1O
82,FC6,28,7.426,S1O
82,FC6,29,1.567,S1O
82,FC6,30,-2.828,S1O
82,FC6,31,-4.293,S1O
82,FC6,32,-3.805,S1O
82,FC6,33,-3.316,S1O
82,FC6,34,-3.805,S1O
82,FC6,35,-3.805,S1O
82,FC6,36,-3.316,S1O
82,FC6,37,-1.363,S1O
82,FC6,38,0.590,S1O
82,FC6,39,0.590,S1O
82,FC6,40,-0.875,S1O
82,FC6,41,-2.828,S1O
82,FC6,42,-4.781,S1O
82,FC6,43,-5.758,S1O
82,FC6,44,-7.222,S1O
82,FC6,45,-8.687,S1O
82,FC6,46,-9.664,S1O
82,FC6,47,-8.199,S1O
82,FC6,48,-4.293,S1O
82,FC6,49,0.102,S1O
82,FC6,50,2.543,S1O
82,FC6,51,1.567,S1O
82,FC6,52,-1.363,S1O
82,FC6,53,-4.293,S1O
82,FC6,54,-5.269,S1O
82,FC6,55,-4.781,S1O
82,FC6,56,-4.781,S1O
82,FC6,57,-7.222,S1O
82,FC6,58,-10.152,S1O
82,FC6,59,-10.640,S1O
82,FC6,60,-7.222,S1O
82,FC6,61,-1.363,S1O
82,FC6,62,3.031,S1O
82,FC6,63,2.543,S1O
82,FC6,64,-1.851,S1O
82,FC6,65,-7.222,S1O
82,FC6,66,-9.176,S1O
82,FC6,67,-6.734,S1O
82,FC6,68,-1.851,S1O
82,FC6,69,2.055,S1O
82,FC6,70,2.543,S1O
82,FC6,71,1.078,S1O
82,FC6,72,-0.387,S1O
82,FC6,73,-1.363,S1O
82,FC6,74,-2.340,S1O
82,FC6,75,-3.805,S1O
82,FC6,76,-4.781,S1O
82,FC6,77,-4.781,S1O
82,FC6,78,-2.340,S1O
82,FC6,79,1.078,S1O
82,FC6,80,4.496,S1O
82,FC6,81,5.473,S1O
82,FC6,82,4.496,S1O
82,FC6,83,4.008,S1O
82,FC6,84,4.008,S1O
82,FC6,85,5.473,S1O
82,FC6,86,6.449,S1O
82,FC6,87,5.473,S1O
82,FC6,88,3.520,S1O
82,FC6,89,0.590,S1O
82,FC6,90,-1.851,S1O
82,FC6,91,-3.805,S1O
82,FC6,92,-6.246,S1O
82,FC6,93,-9.664,S1O
82,FC6,94,-12.594,S1O
82,FC6,95,-14.058,S1O
82,FC6,96,-14.058,S1O
82,FC6,97,-12.594,S1O
82,FC6,98,-11.129,S1O
82,FC6,99,-10.640,S1O
82,FC6,100,-11.129,S1O
82,FC6,101,-11.129,S1O
82,FC6,102,-10.152,S1O
82,FC6,103,-8.687,S1O
82,FC6,104,-8.199,S1O
82,FC6,105,-8.687,S1O
82,FC6,106,-9.176,S1O
82,FC6,107,-9.176,S1O
82,FC6,108,-8.687,S1O
82,FC6,109,-8.199,S1O
82,FC6,110,-8.199,S1O
82,FC6,111,-9.664,S1O
82,FC6,112,-11.129,S1O
82,FC6,113,-11.129,S1O
82,FC6,114,-8.687,S1O
82,FC6,115,-5.269,S1O
82,FC6,116,-2.828,S1O
82,FC6,117,-2.828,S1O
82,FC6,118,-4.781,S1O
82,FC6,119,-6.734,S1O
82,FC6,120,-7.222,S1O
82,FC6,121,-6.734,S1O
82,FC6,122,-7.222,S1O
82,FC6,123,-9.664,S1O
82,FC6,124,-12.594,S1O
82,FC6,125,-12.594,S1O
82,FC6,126,-9.664,S1O
82,FC6,127,-4.293,S1O
82,FC6,128,0.102,S1O
82,FC6,129,0.590,S1O
82,FC6,130,-1.851,S1O
82,FC6,131,-5.269,S1O
82,FC6,132,-7.711,S1O
82,FC6,133,-8.199,S1O
82,FC6,134,-7.711,S1O
82,FC6,135,-7.222,S1O
82,FC6,136,-7.222,S1O
82,FC6,137,-6.734,S1O
82,FC6,138,-5.758,S1O
82,FC6,139,-4.781,S1O
82,FC6,140,-4.781,S1O
82,FC6,141,-7.222,S1O
82,FC6,142,-10.640,S1O
82,FC6,143,-14.058,S1O
82,FC6,144,-15.035,S1O
82,FC6,145,-13.570,S1O
82,FC6,146,-10.640,S1O
82,FC6,147,-9.176,S1O
82,FC6,148,-9.176,S1O
82,FC6,149,-10.152,S1O
82,FC6,150,-10.640,S1O
82,FC6,151,-9.664,S1O
82,FC6,152,-7.222,S1O
82,FC6,153,-5.269,S1O
82,FC6,154,-5.758,S1O
82,FC6,155,-8.687,S1O
82,FC6,156,-12.594,S1O
82,FC6,157,-15.523,S1O
82,FC6,158,-16.988,S1O
82,FC6,159,-17.476,S1O
82,FC6,160,-16.500,S1O
82,FC6,161,-16.012,S1O
82,FC6,162,-16.012,S1O
82,FC6,163,-16.012,S1O
82,FC6,164,-16.500,S1O
82,FC6,165,-17.965,S1O
82,FC6,166,-20.406,S1O
82,FC6,167,-22.359,S1O
82,FC6,168,-23.824,S1O
82,FC6,169,-22.847,S1O
82,FC6,170,-20.406,S1O
82,FC6,171,-17.476,S1O
82,FC6,172,-16.012,S1O
82,FC6,173,-16.988,S1O
82,FC6,174,-19.918,S1O
82,FC6,175,-22.359,S1O
82,FC6,176,-23.824,S1O
82,FC6,177,-23.336,S1O
82,FC6,178,-20.894,S1O
82,FC6,179,-17.476,S1O
82,FC6,180,-14.058,S1O
82,FC6,181,-11.129,S1O
82,FC6,182,-9.176,S1O
82,FC6,183,-8.687,S1O
82,FC6,184,-9.664,S1O
82,FC6,185,-11.617,S1O
82,FC6,186,-13.082,S1O
82,FC6,187,-13.082,S1O
82,FC6,188,-12.105,S1O
82,FC6,189,-10.640,S1O
82,FC6,190,-9.176,S1O
82,FC6,191,-8.199,S1O
82,FC6,192,-7.711,S1O
82,FC6,193,-5.758,S1O
82,FC6,194,-4.293,S1O
82,FC6,195,-3.316,S1O
82,FC6,196,-2.828,S1O
82,FC6,197,-3.316,S1O
82,FC6,198,-3.316,S1O
82,FC6,199,-3.316,S1O
82,FC6,200,-3.316,S1O
82,FC6,201,-3.316,S1O
82,FC6,202,-4.293,S1O
82,FC6,203,-6.246,S1O
82,FC6,204,-7.711,S1O
82,FC6,205,-7.711,S1O
82,FC6,206,-6.734,S1O
82,FC6,207,-5.269,S1O
82,FC6,208,-4.293,S1O
82,FC6,209,-3.805,S1O
82,FC6,210,-2.828,S1O
82,FC6,211,-1.851,S1O
82,FC6,212,-1.851,S1O
82,FC6,213,-3.805,S1O
82,FC6,214,-8.199,S1O
82,FC6,215,-11.617,S1O
82,FC6,216,-12.105,S1O
82,FC6,217,-9.664,S1O
82,FC6,218,-3.805,S1O
82,FC6,219,0.590,S1O
82,FC6,220,2.543,S1O
82,FC6,221,2.543,S1O
82,FC6,222,2.543,S1O
82,FC6,223,3.520,S1O
82,FC6,224,5.473,S1O
82,FC6,225,5.961,S1O
82,FC6,226,3.520,S1O
82,FC6,227,-1.363,S1O
82,FC6,228,-5.758,S1O
82,FC6,229,-5.758,S1O
82,FC6,230,-1.851,S1O
82,FC6,231,3.520,S1O
82,FC6,232,5.961,S1O
82,FC6,233,3.031,S1O
82,FC6,234,-3.316,S1O
82,FC6,235,-8.687,S1O
82,FC6,236,-10.152,S1O
82,FC6,237,-7.222,S1O
82,FC6,238,-3.316,S1O
82,FC6,239,-1.363,S1O
82,FC6,240,-3.805,S1O
82,FC6,241,-7.222,S1O
82,FC6,242,-9.176,S1O
82,FC6,243,-6.734,S1O
82,FC6,244,-2.828,S1O
82,FC6,245,-0.875,S1O
82,FC6,246,-2.828,S1O
82,FC6,247,-7.222,S1O
82,FC6,248,-11.129,S1O
82,FC6,249,-11.617,S1O
82,FC6,250,-8.199,S1O
82,FC6,251,-4.781,S1O
82,FC6,252,-4.781,S1O
82,FC6,253,-7.711,S1O
82,FC6,254,-11.129,S1O
82,FC6,255,-12.594,S1O
82,FC5,0,10.722,S1O
82,FC5,1,10.234,S1O
82,FC5,2,9.745,S1O
82,FC5,3,10.234,S1O
82,FC5,4,11.698,S1O
82,FC5,5,12.675,S1O
82,FC5,6,11.698,S1O
82,FC5,7,7.304,S1O
82,FC5,8,1.933,S1O
82,FC5,9,-1.485,S1O
82,FC5,10,-0.020,S1O
82,FC5,11,5.351,S1O
82,FC5,12,10.234,S1O
82,FC5,13,11.210,S1O
82,FC5,14,8.280,S1O
82,FC5,15,2.421,S1O
82,FC5,16,-2.950,S1O
82,FC5,17,-5.391,S1O
82,FC5,18,-4.903,S1O
82,FC5,19,-2.462,S1O
82,FC5,20,-0.509,S1O
82,FC5,21,0.956,S1O
82,FC5,22,1.444,S1O
82,FC5,23,1.444,S1O
82,FC5,24,0.956,S1O
82,FC5,25,1.444,S1O
82,FC5,26,2.909,S1O
82,FC5,27,4.862,S1O
82,FC5,28,6.327,S1O
82,FC5,29,5.839,S1O
82,FC5,30,2.909,S1O
82,FC5,31,-0.020,S1O
82,FC5,32,-0.020,S1O
82,FC5,33,3.398,S1O
82,FC5,34,7.792,S1O
82,FC5,35,10.722,S1O
82,FC5,36,9.745,S1O
82,FC5,37,5.351,S1O
82,FC5,38,2.421,S1O
82,FC5,39,1.444,S1O
82,FC5,40,2.909,S1O
82,FC5,41,3.886,S1O
82,FC5,42,1.444,S1O
82,FC5,43,-3.438,S1O
82,FC5,44,-8.321,S1O
82,FC5,45,-10.274,S1O
82,FC5,46,-8.809,S1O
82,FC5,47,-6.856,S1O
82,FC5,48,-6.368,S1O
82,FC5,49,-7.833,S1O
82,FC5,50,-9.298,S1O
82,FC5,51,-7.833,S1O
82,FC5,52,-2.462,S1O
82,FC5,53,3.886,S1O
82,FC5,54,7.304,S1O
82,FC5,55,6.327,S1O
82,FC5,56,1.444,S1O
82,FC5,57,-3.438,S1O
82,FC5,58,-4.903,S1O
82,FC5,59,-2.462,S1O
82,FC5,60,1.444,S1O
82,FC5,61,4.374,S1O
82,FC5,62,3.886,S1O
82,FC5,63,0.468,S1O
82,FC5,64,-2.950,S1O
82,FC5,65,-4.903,S1O
82,FC5,66,-4.415,S1O
82,FC5,67,-2.950,S1O
82,FC5,68,-2.950,S1O
82,FC5,69,-3.438,S1O
82,FC5,70,-4.903,S1O
82,FC5,71,-4.903,S1O
82,FC5,72,-3.438,S1O
82,FC5,73,-0.997,S1O
82,FC5,74,1.933,S1O
82,FC5,75,2.909,S1O
82,FC5,76,2.909,S1O
82,FC5,77,2.421,S1O
82,FC5,78,1.933,S1O
82,FC5,79,1.444,S1O
82,FC5,80,1.444,S1O
82,FC5,81,0.468,S1O
82,FC5,82,-0.509,S1O
82,FC5,83,-1.973,S1O
82,FC5,84,-3.927,S1O
82,FC5,85,-5.391,S1O
82,FC5,86,-7.345,S1O
82,FC5,87,-10.274,S1O
82,FC5,88,-13.692,S1O
82,FC5,89,-16.622,S1O
82,FC5,90,-18.087,S1O
82,FC5,91,-18.575,S1O
82,FC5,92,-18.087,S1O
82,FC5,93,-18.087,S1O
82,FC5,94,-18.087,S1O
82,FC5,95,-17.598,S1O
82,FC5,96,-16.622,S1O
82,FC5,97,-14.181,S1O
82,FC5,98,-10.274,S1O
82,FC5,99,-6.856,S1O
82,FC5,100,-4.415,S1O
82,FC5,101,-2.462,S1O
82,FC5,102,-1.485,S1O
82,FC5,103,-1.485,S1O
82,FC5,104,-1.973,S1O
82,FC5,105,-2.950,S1O
82,FC5,106,-2.950,S1O
82,FC5,107,-1.973,S1O
82,FC5,108,-0.020,S1O
82,FC5,109,1.444,S1O
82,FC5,110,1.933,S1O
82,FC5,111,0.956,S1O
82,FC5,112,-0.509,S1O
82,FC5,113,-1.973,S1O
82,FC5,114,-3.438,S1O
82,FC5,115,-4.903,S1O
82,FC5,116,-6.368,S1O
82,FC5,117,-7.345,S1O
82,FC5,118,-7.345,S1O
82,FC5,119,-6.368,S1O
82,FC5,120,-5.391,S1O
82,FC5,121,-6.368,S1O
82,FC5,122,-7.833,S1O
82,FC5,123,-9.786,S1O
82,FC5,124,-10.274,S1O
82,FC5,125,-7.345,S1O
82,FC5,126,-3.438,S1O
82,FC5,127,-1.485,S1O
82,FC5,128,-2.950,S1O
82,FC5,129,-7.345,S1O
82,FC5,130,-11.739,S1O
82,FC5,131,-11.739,S1O
82,FC5,132,-6.856,S1O
82,FC5,133,-0.020,S1O
82,FC5,134,4.374,S1O
82,FC5,135,3.886,S1O
82,FC5,136,-0.997,S1O
82,FC5,137,-6.368,S1O
82,FC5,138,-8.809,S1O
82,FC5,139,-7.345,S1O
82,FC5,140,-4.415,S1O
82,FC5,141,-2.462,S1O
82,FC5,142,-2.950,S1O
82,FC5,143,-4.415,S1O
82,FC5,144,-5.391,S1O
82,FC5,145,-4.903,S1O
82,FC5,146,-3.927,S1O
82,FC5,147,-2.950,S1O
82,FC5,148,-1.973,S1O
82,FC5,149,-1.485,S1O
82,FC5,150,-0.509,S1O
82,FC5,151,0.468,S1O
82,FC5,152,-0.997,S1O
82,FC5,153,-4.415,S1O
82,FC5,154,-8.809,S1O
82,FC5,155,-11.739,S1O
82,FC5,156,-11.739,S1O
82,FC5,157,-7.833,S1O
82,FC5,158,-2.950,S1O
82,FC5,159,0.468,S1O
82,FC5,160,0.468,S1O
82,FC5,161,-1.973,S1O
82,FC5,162,-3.438,S1O
82,FC5,163,-2.462,S1O
82,FC5,164,-0.020,S1O
82,FC5,165,2.421,S1O
82,FC5,166,1.444,S1O
82,FC5,167,-2.950,S1O
82,FC5,168,-7.345,S1O
82,FC5,169,-9.786,S1O
82,FC5,170,-8.809,S1O
82,FC5,171,-5.391,S1O
82,FC5,172,-3.438,S1O
82,FC5,173,-3.438,S1O
82,FC5,174,-6.368,S1O
82,FC5,175,-9.786,S1O
82,FC5,176,-11.251,S1O
82,FC5,177,-9.786,S1O
82,FC5,178,-5.391,S1O
82,FC5,179,-1.485,S1O
82,FC5,180,-0.020,S1O
82,FC5,181,-1.485,S1O
82,FC5,182,-3.438,S1O
82,FC5,183,-3.927,S1O
82,FC5,184,-1.973,S1O
82,FC5,185,0.956,S1O
82,FC5,186,2.421,S1O
82,FC5,187,0.468,S1O
82,FC5,188,-4.415,S1O
82,FC5,189,-8.809,S1O
82,FC5,190,-9.298,S1O
82,FC5,191,-5.880,S1O
82,FC5,192,-0.020,S1O
82,FC5,193,3.886,S1O
82,FC5,194,4.374,S1O
82,FC5,195,0.956,S1O
82,FC5,196,-2.462,S1O
82,FC5,197,-3.438,S1O
82,FC5,198,-1.485,S1O
82,FC5,199,1.933,S1O
82,FC5,200,3.886,S1O
82,FC5,201,3.398,S1O
82,FC5,202,-0.020,S1O
82,FC5,203,-3.438,S1O
82,FC5,204,-4.415,S1O
82,FC5,205,-2.462,S1O
82,FC5,206,1.444,S1O
82,FC5,207,4.374,S1O
82,FC5,208,4.862,S1O
82,FC5,209,2.909,S1O
82,FC5,210,0.468,S1O
82,FC5,211,-0.509,S1O
82,FC5,212,1.444,S1O
82,FC5,213,4.862,S1O
82,FC5,214,7.304,S1O
82,FC5,215,7.304,S1O
82,FC5,216,5.839,S1O
82,FC5,217,3.886,S1O
82,FC5,218,3.886,S1O
82,FC5,219,5.351,S1O
82,FC5,220,7.792,S1O
82,FC5,221,9.745,S1O
82,FC5,222,10.234,S1O
82,FC5,223,9.257,S1O
82,FC5,224,7.304,S1O
82,FC5,225,5.351,S1O
82,FC5,226,4.862,S1O
82,FC5,227,5.351,S1O
82,FC5,228,5.839,S1O
82,FC5,229,5.839,S1O
82,FC5,230,2.909,S1O
82,FC5,231,-0.997,S1O
82,FC5,232,-3.927,S1O
82,FC5,233,-4.415,S1O
82,FC5,234,-1.973,S1O
82,FC5,235,2.421,S1O
82,FC5,236,4.862,S1O
82,FC5,237,3.886,S1O
82,FC5,238,-0.020,S1O
82,FC5,239,-3.438,S1O
82,FC5,240,-4.903,S1O
82,FC5,241,-3.927,S1O
82,FC5,242,-2.462,S1O
82,FC5,243,-0.509,S1O
82,FC5,244,-0.020,S1O
82,FC5,245,-0.509,S1O
82,FC5,246,-1.485,S1O
82,FC5,247,-3.438,S1O
82,FC5,248,-4.903,S1O
82,FC5,249,-6.368,S1O
82,FC5,250,-6.368,S1O
82,FC5,251,-4.903,S1O
82,FC5,252,-3.438,S1O
82,FC5,253,-2.950,S1O
82,FC5,254,-2.950,S1O
82,FC5,255,-3.438,S1O
82,FC2,0,2.940,S1O
82,FC2,1,3.916,S1O
82,FC2,2,4.405,S1O
82,FC2,3,4.405,S1O
82,FC2,4,3.916,S1O
82,FC2,5,3.428,S1O
82,FC2,6,2.940,S1O
82,FC2,7,3.428,S1O
82,FC2,8,3.916,S1O
82,FC2,9,4.405,S1O
82,FC2,10,4.405,S1O
82,FC2,11,4.405,S1O
82,FC2,12,4.405,S1O
82,FC2,13,3.916,S1O
82,FC2,14,3.428,S1O
82,FC2,15,2.452,S1O
82,FC2,16,1.475,S1O
82,FC2,17,0.987,S1O
82,FC2,18,0.498,S1O
82,FC2,19,0.498,S1O
82,FC2,20,0.498,S1O
82,FC2,21,0.010,S1O
82,FC2,22,0.010,S1O
82,FC2,23,-0.478,S1O
82,FC2,24,-0.478,S1O
82,FC2,25,0.987,S1O
82,FC2,26,1.475,S1O
82,FC2,27,2.452,S1O
82,FC2,28,1.963,S1O
82,FC2,29,0.498,S1O
82,FC2,30,-0.478,S1O
82,FC2,31,-1.943,S1O
82,FC2,32,-2.431,S1O
82,FC2,33,-3.408,S1O
82,FC2,34,-4.384,S1O
82,FC2,35,-4.384,S1O
82,FC2,36,-3.408,S1O
82,FC2,37,-2.431,S1O
82,FC2,38,-1.455,S1O
82,FC2,39,-1.455,S1O
82,FC2,40,-2.431,S1O
82,FC2,41,-3.408,S1O
82,FC2,42,-3.896,S1O
82,FC2,43,-3.896,S1O
82,FC2,44,-3.408,S1O
82,FC2,45,-3.408,S1O
82,FC2,46,-2.431,S1O
82,FC2,47,-1.943,S1O
82,FC2,48,-0.478,S1O
82,FC2,49,1.475,S1O
82,FC2,50,2.940,S1O
82,FC2,51,3.428,S1O
82,FC2,52,2.452,S1O
82,FC2,53,0.987,S1O
82,FC2,54,-0.966,S1O
82,FC2,55,-1.943,S1O
82,FC2,56,-2.920,S1O
82,FC2,57,-3.408,S1O
82,FC2,58,-3.896,S1O
82,FC2,59,-3.408,S1O
82,FC2,60,-2.920,S1O
82,FC2,61,-0.966,S1O
82,FC2,62,0.010,S1O
82,FC2,63,1.475,S1O
82,FC2,64,0.987,S1O
82,FC2,65,-0.478,S1O
82,FC2,66,-1.455,S1O
82,FC2,67,-2.431,S1O
82,FC2,68,-2.431,S1O
82,FC2,69,-2.431,S1O
82,FC2,70,-2.431,S1O
82,FC2,71,-2.920,S1O
82,FC2,72,-3.896,S1O
82,FC2,73,-4.384,S1O
82,FC2,74,-4.873,S1O
82,FC2,75,-4.873,S1O
82,FC2,76,-4.384,S1O
82,FC2,77,-3.896,S1O
82,FC2,78,-3.408,S1O
82,FC2,79,-2.920,S1O
82,FC2,80,-1.943,S1O
82,FC2,81,-1.455,S1O
82,FC2,82,-1.455,S1O
82,FC2,83,-1.455,S1O
82,FC2,84,-0.966,S1O
82,FC2,85,-0.478,S1O
82,FC2,86,-0.478,S1O
82,FC2,87,-0.478,S1O
82,FC2,88,-0.966,S1O
82,FC2,89,-2.431,S1O
82,FC2,90,-3.896,S1O
82,FC2,91,-5.361,S1O
82,FC2,92,-6.826,S1O
82,FC2,93,-7.802,S1O
82,FC2,94,-8.779,S1O
82,FC2,95,-8.779,S1O
82,FC2,96,-8.291,S1O
82,FC2,97,-7.314,S1O
82,FC2,98,-6.826,S1O
82,FC2,99,-5.849,S1O
82,FC2,100,-5.849,S1O
82,FC2,101,-5.361,S1O
82,FC2,102,-5.361,S1O
82,FC2,103,-4.873,S1O
82,FC2,104,-4.384,S1O
82,FC2,105,-4.384,S1O
82,FC2,106,-4.384,S1O
82,FC2,107,-4.384,S1O
82,FC2,108,-4.384,S1O
82,FC2,109,-3.896,S1O
82,FC2,110,-3.408,S1O
82,FC2,111,-3.408,S1O
82,FC2,112,-3.408,S1O
82,FC2,113,-3.896,S1O
82,FC2,114,-4.384,S1O
82,FC2,115,-4.384,S1O
82,FC2,116,-4.873,S1O
82,FC2,117,-4.873,S1O
82,FC2,118,-5.361,S1O
82,FC2,119,-6.337,S1O
82,FC2,120,-6.826,S1O
82,FC2,121,-7.314,S1O
82,FC2,122,-8.291,S1O
82,FC2,123,-8.779,S1O
82,FC2,124,-8.291,S1O
82,FC2,125,-7.314,S1O
82,FC2,126,-5.849,S1O
82,FC2,127,-4.873,S1O
82,FC2,128,-3.408,S1O
82,FC2,129,-2.920,S1O
82,FC2,130,-2.920,S1O
82,FC2,131,-3.408,S1O
82,FC2,132,-4.384,S1O
82,FC2,133,-4.873,S1O
82,FC2,134,-5.361,S1O
82,FC2,135,-5.849,S1O
82,FC2,136,-5.849,S1O
82,FC2,137,-6.337,S1O
82,FC2,138,-5.849,S1O
82,FC2,139,-5.849,S1O
82,FC2,140,-5.361,S1O
82,FC2,141,-5.361,S1O
82,FC2,142,-5.361,S1O
82,FC2,143,-5.849,S1O
82,FC2,144,-6.337,S1O
82,FC2,145,-6.337,S1O
82,FC2,146,-6.337,S1O
82,FC2,147,-6.337,S1O
82,FC2,148,-6.826,S1O
82,FC2,149,-7.314,S1O
82,FC2,150,-7.802,S1O
82,FC2,151,-7.314,S1O
82,FC2,152,-6.826,S1O
82,FC2,153,-6.337,S1O
82,FC2,154,-6.337,S1O
82,FC2,155,-7.314,S1O
82,FC2,156,-8.779,S1O
82,FC2,157,-9.755,S1O
82,FC2,158,-10.732,S1O
82,FC2,159,-10.732,S1O
82,FC2,160,-10.732,S1O
82,FC2,161,-10.244,S1O
82,FC2,162,-10.244,S1O
82,FC2,163,-9.267,S1O
82,FC2,164,-8.779,S1O
82,FC2,165,-8.291,S1O
82,FC2,166,-8.779,S1O
82,FC2,167,-8.779,S1O
82,FC2,168,-8.779,S1O
82,FC2,169,-8.779,S1O
82,FC2,170,-8.291,S1O
82,FC2,171,-7.802,S1O
82,FC2,172,-8.291,S1O
82,FC2,173,-8.779,S1O
82,FC2,174,-9.755,S1O
82,FC2,175,-10.244,S1O
82,FC2,176,-9.755,S1O
82,FC2,177,-8.291,S1O
82,FC2,178,-7.314,S1O
82,FC2,179,-6.337,S1O
82,FC2,180,-6.337,S1O
82,FC2,181,-6.337,S1O
82,FC2,182,-5.849,S1O
82,FC2,183,-4.873,S1O
82,FC2,184,-3.408,S1O
82,FC2,185,-3.408,S1O
82,FC2,186,-3.408,S1O
82,FC2,187,-4.873,S1O
82,FC2,188,-5.361,S1O
82,FC2,189,-5.361,S1O
82,FC2,190,-4.873,S1O
82,FC2,191,-3.408,S1O
82,FC2,192,-2.920,S1O
82,FC2,193,-2.431,S1O
82,FC2,194,-1.455,S1O
82,FC2,195,-1.455,S1O
82,FC2,196,-0.966,S1O
82,FC2,197,-0.966,S1O
82,FC2,198,-1.455,S1O
82,FC2,199,-1.943,S1O
82,FC2,200,-2.431,S1O
82,FC2,201,-2.920,S1O
82,FC2,202,-3.408,S1O
82,FC2,203,-2.920,S1O
82,FC2,204,-2.920,S1O
82,FC2,205,-2.431,S1O
82,FC2,206,-1.943,S1O
82,FC2,207,-1.455,S1O
82,FC2,208,-1.943,S1O
82,FC2,209,-2.431,S1O
82,FC2,210,-2.431,S1O
82,FC2,211,-1.943,S1O
82,FC2,212,-1.943,S1O
82,FC2,213,-1.455,S1O
82,FC2,214,-1.943,S1O
82,FC2,215,-2.920,S1O
82,FC2,216,-2.920,S1O
82,FC2,217,-2.431,S1O
82,FC2,218,-1.455,S1O
82,FC2,219,0.498,S1O
82,FC2,220,1.963,S1O
82,FC2,221,2.940,S1O
82,FC2,222,3.428,S1O
82,FC2,223,3.428,S1O
82,FC2,224,3.916,S1O
82,FC2,225,4.405,S1O
82,FC2,226,4.405,S1O
82,FC2,227,3.916,S1O
82,FC2,228,2.940,S1O
82,FC2,229,2.452,S1O
82,FC2,230,2.452,S1O
82,FC2,231,3.428,S1O
82,FC2,232,3.428,S1O
82,FC2,233,2.940,S1O
82,FC2,234,1.963,S1O
82,FC2,235,0.498,S1O
82,FC2,236,0.010,S1O
82,FC2,237,0.498,S1O
82,FC2,238,1.475,S1O
82,FC2,239,1.963,S1O
82,FC2,240,1.963,S1O
82,FC2,241,1.963,S1O
82,FC2,242,2.452,S1O
82,FC2,243,3.428,S1O
82,FC2,244,4.405,S1O
82,FC2,245,3.916,S1O
82,FC2,246,2.452,S1O
82,FC2,247,0.987,S1O
82,FC2,248,-0.966,S1O
82,FC2,249,-1.455,S1O
82,FC2,250,-1.455,S1O
82,FC2,251,-1.455,S1O
82,FC2,252,-1.943,S1O
82,FC2,253,-2.920,S1O
82,FC2,254,-3.408,S1O
82,FC2,255,-3.408,S1O
82,FC1,0,3.143,S1O
82,FC1,1,4.120,S1O
82,FC1,2,5.096,S1O
82,FC1,3,5.096,S1O
82,FC1,4,4.608,S1O
82,FC1,5,3.632,S1O
82,FC1,6,2.655,S1O
82,FC1,7,1.678,S1O
82,FC1,8,2.167,S1O
82,FC1,9,3.143,S1O
82,FC1,10,5.096,S1O
82,FC1,11,6.561,S1O
82,FC1,12,7.050,S1O
82,FC1,13,6.073,S1O
82,FC1,14,4.120,S1O
82,FC1,15,2.167,S1O
82,FC1,16,0.214,S1O
82,FC1,17,-0.763,S1O
82,FC1,18,-0.763,S1O
82,FC1,19,-0.275,S1O
82,FC1,20,0.702,S1O
82,FC1,21,1.190,S1O
82,FC1,22,1.190,S1O
82,FC1,23,0.702,S1O
82,FC1,24,-0.275,S1O
82,FC1,25,-1.251,S1O
82,FC1,26,-1.740,S1O
82,FC1,27,-0.763,S1O
82,FC1,28,-0.275,S1O
82,FC1,29,-0.275,S1O
82,FC1,30,-1.251,S1O
82,FC1,31,-2.228,S1O
82,FC1,32,-2.716,S1O
82,FC1,33,-2.228,S1O
82,FC1,34,-1.251,S1O
82,FC1,35,-0.275,S1O
82,FC1,36,-0.275,S1O
82,FC1,37,-0.763,S1O
82,FC1,38,-1.251,S1O
82,FC1,39,-1.740,S1O
82,FC1,40,-1.251,S1O
82,FC1,41,-0.275,S1O
82,FC1,42,-0.275,S1O
82,FC1,43,-0.275,S1O
82,FC1,44,-0.763,S1O
82,FC1,45,-1.740,S1O
82,FC1,46,-2.228,S1O
82,FC1,47,-2.228,S1O
82,FC1,48,-1.740,S1O
82,FC1,49,-0.763,S1O
82,FC1,50,0.702,S1O
82,FC1,51,2.167,S1O
82,FC1,52,2.655,S1O
82,FC1,53,3.143,S1O
82,FC1,54,2.655,S1O
82,FC1,55,2.167,S1O
82,FC1,56,1.190,S1O
82,FC1,57,0.214,S1O
82,FC1,58,-0.763,S1O
82,FC1,59,-1.251,S1O
82,FC1,60,-1.251,S1O
82,FC1,61,-1.251,S1O
82,FC1,62,-1.740,S1O
82,FC1,63,-1.740,S1O
82,FC1,64,-1.740,S1O
82,FC1,65,-0.763,S1O
82,FC1,66,-0.275,S1O
82,FC1,67,0.702,S1O
82,FC1,68,1.190,S1O
82,FC1,69,0.702,S1O
82,FC1,70,0.214,S1O
82,FC1,71,-0.275,S1O
82,FC1,72,-0.763,S1O
82,FC1,73,-1.251,S1O
82,FC1,74,-2.228,S1O
82,FC1,75,-3.204,S1O
82,FC1,76,-4.181,S1O
82,FC1,77,-5.157,S1O
82,FC1,78,-5.646,S1O
82,FC1,79,-5.157,S1O
82,FC1,80,-4.669,S1O
82,FC1,81,-4.669,S1O
82,FC1,82,-4.669,S1O
82,FC1,83,-5.157,S1O
82,FC1,84,-4.669,S1O
82,FC1,85,-4.181,S1O
82,FC1,86,-3.204,S1O
82,FC1,87,-3.204,S1O
82,FC1,88,-3.693,S1O
82,FC1,89,-5.157,S1O
82,FC1,90,-6.622,S1O
82,FC1,91,-8.087,S1O
82,FC1,92,-8.575,S1O
82,FC1,93,-8.575,S1O
82,FC1,94,-8.575,S1O
82,FC1,95,-8.087,S1O
82,FC1,96,-7.599,S1O
82,FC1,97,-6.622,S1O
82,FC1,98,-5.646,S1O
82,FC1,99,-4.669,S1O
82,FC1,100,-4.181,S1O
82,FC1,101,-2.716,S1O
82,FC1,102,-1.251,S1O
82,FC1,103,0.702,S1O
82,FC1,104,2.167,S1O
82,FC1,105,2.655,S1O
82,FC1,106,2.167,S1O
82,FC1,107,1.190,S1O
82,FC1,108,0.214,S1O
82,FC1,109,-0.275,S1O
82,FC1,110,-0.275,S1O
82,FC1,111,-0.763,S1O
82,FC1,112,-1.251,S1O
82,FC1,113,-2.716,S1O
82,FC1,114,-4.669,S1O
82,FC1,115,-6.134,S1O
82,FC1,116,-7.111,S1O
82,FC1,117,-8.087,S1O
82,FC1,118,-8.575,S1O
82,FC1,119,-9.064,S1O
82,FC1,120,-9.552,S1O
82,FC1,121,-10.040,S1O
82,FC1,122,-10.529,S1O
82,FC1,123,-10.040,S1O
82,FC1,124,-9.064,S1O
82,FC1,125,-7.111,S1O
82,FC1,126,-4.669,S1O
82,FC1,127,-3.204,S1O
82,FC1,128,-3.204,S1O
82,FC1,129,-4.181,S1O
82,FC1,130,-5.157,S1O
82,FC1,131,-5.157,S1O
82,FC1,132,-4.669,S1O
82,FC1,133,-3.693,S1O
82,FC1,134,-3.204,S1O
82,FC1,135,-3.204,S1O
82,FC1,136,-4.181,S1O
82,FC1,137,-4.669,S1O
82,FC1,138,-4.181,S1O
82,FC1,139,-3.693,S1O
82,FC1,140,-2.228,S1O
82,FC1,141,-2.228,S1O
82,FC1,142,-2.228,S1O
82,FC1,143,-2.716,S1O
82,FC1,144,-3.204,S1O
82,FC1,145,-3.204,S1O
82,FC1,146,-3.204,S1O
82,FC1,147,-2.716,S1O
82,FC1,148,-3.204,S1O
82,FC1,149,-3.204,S1O
82,FC1,150,-3.693,S1O
82,FC1,151,-3.693,S1O
82,FC1,152,-4.181,S1O
82,FC1,153,-4.669,S1O
82,FC1,154,-5.157,S1O
82,FC1,155,-5.646,S1O
82,FC1,156,-5.646,S1O
82,FC1,157,-4.669,S1O
82,FC1,158,-4.181,S1O
82,FC1,159,-3.204,S1O
82,FC1,160,-3.204,S1O
82,FC1,161,-3.204,S1O
82,FC1,162,-2.716,S1O
82,FC1,163,-2.228,S1O
82,FC1,164,-1.740,S1O
82,FC1,165,-1.251,S1O
82,FC1,166,-1.740,S1O
82,FC1,167,-1.740,S1O
82,FC1,168,-1.740,S1O
82,FC1,169,-1.740,S1O
82,FC1,170,-1.251,S1O
82,FC1,171,-0.763,S1O
82,FC1,172,-0.763,S1O
82,FC1,173,-1.251,S1O
82,FC1,174,-1.251,S1O
82,FC1,175,-1.740,S1O
82,FC1,176,-1.740,S1O
82,FC1,177,-1.251,S1O
82,FC1,178,-1.251,S1O
82,FC1,179,-1.251,S1O
82,FC1,180,-1.251,S1O
82,FC1,181,-1.251,S1O
82,FC1,182,-1.251,S1O
82,FC1,183,-0.275,S1O
82,FC1,184,0.214,S1O
82,FC1,185,1.190,S1O
82,FC1,186,1.190,S1O
82,FC1,187,0.702,S1O
82,FC1,188,-0.763,S1O
82,FC1,189,-1.740,S1O
82,FC1,190,-1.740,S1O
82,FC1,191,-1.251,S1O
82,FC1,192,-0.275,S1O
82,FC1,193,0.702,S1O
82,FC1,194,1.190,S1O
82,FC1,195,1.190,S1O
82,FC1,196,1.190,S1O
82,FC1,197,1.190,S1O
82,FC1,198,1.190,S1O
82,FC1,199,1.678,S1O
82,FC1,200,1.190,S1O
82,FC1,201,0.214,S1O
82,FC1,202,-0.763,S1O
82,FC1,203,-1.251,S1O
82,FC1,204,-0.763,S1O
82,FC1,205,0.214,S1O
82,FC1,206,1.190,S1O
82,FC1,207,2.167,S1O
82,FC1,208,2.655,S1O
82,FC1,209,2.655,S1O
82,FC1,210,3.143,S1O
82,FC1,211,3.632,S1O
82,FC1,212,3.632,S1O
82,FC1,213,3.632,S1O
82,FC1,214,3.632,S1O
82,FC1,215,3.143,S1O
82,FC1,216,3.143,S1O
82,FC1,217,2.655,S1O
82,FC1,218,2.167,S1O
82,FC1,219,2.167,S1O
82,FC1,220,3.143,S1O
82,FC1,221,4.120,S1O
82,FC1,222,5.096,S1O
82,FC1,223,5.585,S1O
82,FC1,224,6.561,S1O
82,FC1,225,6.073,S1O
82,FC1,226,6.073,S1O
82,FC1,227,6.561,S1O
82,FC1,228,6.561,S1O
82,FC1,229,6.561,S1O
82,FC1,230,6.073,S1O
82,FC1,231,5.096,S1O
82,FC1,232,4.120,S1O
82,FC1,233,3.632,S1O
82,FC1,234,3.632,S1O
82,FC1,235,4.120,S1O
82,FC1,236,4.608,S1O
82,FC1,237,3.632,S1O
82,FC1,238,2.655,S1O
82,FC1,239,1.190,S1O
82,FC1,240,1.190,S1O
82,FC1,241,2.655,S1O
82,FC1,242,5.096,S1O
82,FC1,243,7.050,S1O
82,FC1,244,7.538,S1O
82,FC1,245,7.050,S1O
82,FC1,246,5.585,S1O
82,FC1,247,4.120,S1O
82,FC1,248,3.143,S1O
82,FC1,249,1.678,S1O
82,FC1,250,1.190,S1O
82,FC1,251,0.702,S1O
82,FC1,252,0.702,S1O
82,FC1,253,0.702,S1O
82,FC1,254,1.190,S1O
82,FC1,255,1.678,S1O
82,T8,0,0.814,S1O
82,T8,1,1.790,S1O
82,T8,2,4.720,S1O
82,T8,3,7.650,S1O
82,T8,4,8.626,S1O
82,T8,5,5.697,S1O
82,T8,6,0.814,S1O
82,T8,7,-2.604,S1O
82,T8,8,-2.604,S1O
82,T8,9,0.326,S1O
82,T8,10,3.743,S1O
82,T8,11,4.720,S1O
82,T8,12,2.279,S1O
82,T8,13,-0.651,S1O
82,T8,14,-2.604,S1O
82,T8,15,-1.139,S1O
82,T8,16,0.814,S1O
82,T8,17,1.790,S1O
82,T8,18,1.790,S1O
82,T8,19,2.279,S1O
82,T8,20,3.255,S1O
82,T8,21,5.208,S1O
82,T8,22,5.697,S1O
82,T8,23,3.743,S1O
82,T8,24,0.326,S1O
82,T8,25,-1.628,S1O
82,T8,26,-0.163,S1O
82,T8,27,2.767,S1O
82,T8,28,5.208,S1O
82,T8,29,5.208,S1O
82,T8,30,2.279,S1O
82,T8,31,-1.628,S1O
82,T8,32,-3.581,S1O
82,T8,33,-2.116,S1O
82,T8,34,1.302,S1O
82,T8,35,4.232,S1O
82,T8,36,3.743,S1O
82,T8,37,0.814,S1O
82,T8,38,-3.581,S1O
82,T8,39,-6.999,S1O
82,T8,40,-8.464,S1O
82,T8,41,-7.975,S1O
82,T8,42,-6.999,S1O
82,T8,43,-6.999,S1O
82,T8,44,-8.952,S1O
82,T8,45,-10.905,S1O
82,T8,46,-11.393,S1O
82,T8,47,-9.440,S1O
82,T8,48,-5.046,S1O
82,T8,49,-2.116,S1O
82,T8,50,-2.116,S1O
82,T8,51,-4.557,S1O
82,T8,52,-8.464,S1O
82,T8,53,-9.928,S1O
82,T8,54,-8.952,S1O
82,T8,55,-6.510,S1O
82,T8,56,-5.046,S1O
82,T8,57,-6.510,S1O
82,T8,58,-9.928,S1O
82,T8,59,-10.905,S1O
82,T8,60,-9.440,S1O
82,T8,61,-6.022,S1O
82,T8,62,-3.581,S1O
82,T8,63,-3.092,S1O
82,T8,64,-4.557,S1O
82,T8,65,-5.534,S1O
82,T8,66,-5.046,S1O
82,T8,67,-3.092,S1O
82,T8,68,-0.651,S1O
82,T8,69,0.326,S1O
82,T8,70,0.326,S1O
82,T8,71,0.326,S1O
82,T8,72,0.814,S1O
82,T8,73,1.302,S1O
82,T8,74,0.814,S1O
82,T8,75,-1.139,S1O
82,T8,76,-3.581,S1O
82,T8,77,-4.069,S1O
82,T8,78,-2.604,S1O
82,T8,79,1.302,S1O
82,T8,80,5.208,S1O
82,T8,81,8.138,S1O
82,T8,82,11.068,S1O
82,T8,83,13.997,S1O
82,T8,84,16.927,S1O
82,T8,85,19.368,S1O
82,T8,86,18.392,S1O
82,T8,87,15.462,S1O
82,T8,88,11.068,S1O
82,T8,89,7.650,S1O
82,T8,90,6.185,S1O
82,T8,91,4.720,S1O
82,T8,92,1.790,S1O
82,T8,93,-3.092,S1O
82,T8,94,-8.952,S1O
82,T8,95,-13.346,S1O
82,T8,96,-13.835,S1O
82,T8,97,-10.905,S1O
82,T8,98,-6.510,S1O
82,T8,99,-2.604,S1O
82,T8,100,-1.139,S1O
82,T8,101,-1.628,S1O
82,T8,102,-2.604,S1O
82,T8,103,-3.581,S1O
82,T8,104,-4.557,S1O
82,T8,105,-6.022,S1O
82,T8,106,-8.952,S1O
82,T8,107,-11.393,S1O
82,T8,108,-11.882,S1O
82,T8,109,-9.440,S1O
82,T8,110,-5.534,S1O
82,T8,111,-2.116,S1O
82,T8,112,-1.139,S1O
82,T8,113,-2.116,S1O
82,T8,114,-2.116,S1O
82,T8,115,-0.651,S1O
82,T8,116,2.767,S1O
82,T8,117,4.232,S1O
82,T8,118,1.790,S1O
82,T8,119,-3.092,S1O
82,T8,120,-6.510,S1O
82,T8,121,-5.534,S1O
82,T8,122,0.326,S1O
82,T8,123,6.185,S1O
82,T8,124,8.626,S1O
82,T8,125,6.185,S1O
82,T8,126,1.302,S1O
82,T8,127,-1.628,S1O
82,T8,128,-1.628,S1O
82,T8,129,-0.163,S1O
82,T8,130,-0.163,S1O
82,T8,131,-2.116,S1O
82,T8,132,-3.092,S1O
82,T8,133,-1.139,S1O
82,T8,134,3.255,S1O
82,T8,135,6.673,S1O
82,T8,136,6.673,S1O
82,T8,137,1.790,S1O
82,T8,138,-3.581,S1O
82,T8,139,-6.999,S1O
82,T8,140,-6.999,S1O
82,T8,141,-6.022,S1O
82,T8,142,-6.999,S1O
82,T8,143,-9.928,S1O
82,T8,144,-12.858,S1O
82,T8,145,-12.858,S1O
82,T8,146,-9.440,S1O
82,T8,147,-5.046,S1O
82,T8,148,-2.116,S1O
82,T8,149,-1.628,S1O
82,T8,150,-3.092,S1O
82,T8,151,-3.581,S1O
82,T8,152,-2.604,S1O
82,T8,153,-0.651,S1O
82,T8,154,-0.163,S1O
82,T8,155,-1.628,S1O
82,T8,156,-5.046,S1O
82,T8,157,-9.928,S1O
82,T8,158,-12.858,S1O
82,T8,159,-13.835,S1O
82,T8,160,-12.370,S1O
82,T8,161,-10.417,S1O
82,T8,162,-8.952,S1O
82,T8,163,-10.905,S1O
82,T8,164,-14.811,S1O
82,T8,165,-19.694,S1O
82,T8,166,-23.600,S1O
82,T8,167,-24.577,S1O
82,T8,168,-23.112,S1O
82,T8,169,-21.159,S1O
82,T8,170,-19.694,S1O
82,T8,171,-19.694,S1O
82,T8,172,-20.671,S1O
82,T8,173,-21.647,S1O
82,T8,174,-20.671,S1O
82,T8,175,-19.694,S1O
82,T8,176,-19.206,S1O
82,T8,177,-19.694,S1O
82,T8,178,-21.159,S1O
82,T8,179,-22.135,S1O
82,T8,180,-20.671,S1O
82,T8,181,-17.253,S1O
82,T8,182,-11.882,S1O
82,T8,183,-6.510,S1O
82,T8,184,-4.069,S1O
82,T8,185,-4.069,S1O
82,T8,186,-6.510,S1O
82,T8,187,-9.440,S1O
82,T8,188,-11.882,S1O
82,T8,189,-13.346,S1O
82,T8,190,-14.811,S1O
82,T8,191,-14.811,S1O
82,T8,192,-13.346,S1O
82,T8,193,-8.464,S1O
82,T8,194,-1.628,S1O
82,T8,195,4.232,S1O
82,T8,196,5.697,S1O
82,T8,197,1.790,S1O
82,T8,198,-5.534,S1O
82,T8,199,-10.905,S1O
82,T8,200,-11.393,S1O
82,T8,201,-7.487,S1O
82,T8,202,-1.628,S1O
82,T8,203,1.302,S1O
82,T8,204,-0.163,S1O
82,T8,205,-3.581,S1O
82,T8,206,-5.534,S1O
82,T8,207,-5.046,S1O
82,T8,208,-3.092,S1O
82,T8,209,-3.092,S1O
82,T8,210,-5.534,S1O
82,T8,211,-9.928,S1O
82,T8,212,-12.858,S1O
82,T8,213,-13.346,S1O
82,T8,214,-10.905,S1O
82,T8,215,-7.487,S1O
82,T8,216,-5.534,S1O
82,T8,217,-5.534,S1O
82,T8,218,-5.534,S1O
82,T8,219,-3.581,S1O
82,T8,220,0.814,S1O
82,T8,221,5.697,S1O
82,T8,222,8.626,S1O
82,T8,223,7.161,S1O
82,T8,224,1.790,S1O
82,T8,225,-4.069,S1O
82,T8,226,-7.975,S1O
82,T8,227,-7.975,S1O
82,T8,228,-6.022,S1O
82,T8,229,-4.557,S1O
82,T8,230,-6.022,S1O
82,T8,231,-8.952,S1O
82,T8,232,-11.882,S1O
82,T8,233,-11.393,S1O
82,T8,234,-7.975,S1O
82,T8,235,-3.092,S1O
82,T8,236,-0.651,S1O
82,T8,237,-2.116,S1O
82,T8,238,-6.510,S1O
82,T8,239,-10.905,S1O
82,T8,240,-11.882,S1O
82,T8,241,-9.928,S1O
82,T8,242,-6.510,S1O
82,T8,243,-6.022,S1O
82,T8,244,-9.928,S1O
82,T8,245,-14.811,S1O
82,T8,246,-17.253,S1O
82,T8,247,-14.811,S1O
82,T8,248,-9.440,S1O
82,T8,249,-4.069,S1O
82,T8,250,-2.116,S1O
82,T8,251,-5.046,S1O
82,T8,252,-10.417,S1O
82,T8,253,-13.346,S1O
82,T8,254,-13.346,S1O
82,T8,255,-10.905,S1O
82,T7,0,17.069,S1O
82,T7,1,11.210,S1O
82,T7,2,5.351,S1O
82,T7,3,2.909,S1O
82,T7,4,4.862,S1O
82,T7,5,6.816,S1O
82,T7,6,6.816,S1O
82,T7,7,3.398,S1O
82,T7,8,-0.020,S1O
82,T7,9,-1.485,S1O
82,T7,10,2.421,S1O
82,T7,11,7.792,S1O
82,T7,12,11.210,S1O
82,T7,13,9.745,S1O
82,T7,14,3.886,S1O
82,T7,15,-3.927,S1O
82,T7,16,-8.321,S1O
82,T7,17,-8.809,S1O
82,T7,18,-5.880,S1O
82,T7,19,-2.462,S1O
82,T7,20,-0.997,S1O
82,T7,21,-2.462,S1O
82,T7,22,-4.415,S1O
82,T7,23,-4.415,S1O
82,T7,24,-0.509,S1O
82,T7,25,5.351,S1O
82,T7,26,9.257,S1O
82,T7,27,10.234,S1O
82,T7,28,7.792,S1O
82,T7,29,3.398,S1O
82,T7,30,0.956,S1O
82,T7,31,0.468,S1O
82,T7,32,0.468,S1O
82,T7,33,0.956,S1O
82,T7,34,1.444,S1O
82,T7,35,3.886,S1O
82,T7,36,9.257,S1O
82,T7,37,14.628,S1O
82,T7,38,17.558,S1O
82,T7,39,14.628,S1O
82,T7,40,5.839,S1O
82,T7,41,-3.927,S1O
82,T7,42,-10.274,S1O
82,T7,43,-10.763,S1O
82,T7,44,-9.298,S1O
82,T7,45,-10.763,S1O
82,T7,46,-16.134,S1O
82,T7,47,-22.970,S1O
82,T7,48,-26.388,S1O
82,T7,49,-22.481,S1O
82,T7,50,-13.204,S1O
82,T7,51,-4.415,S1O
82,T7,52,-0.020,S1O
82,T7,53,-1.485,S1O
82,T7,54,-3.927,S1O
82,T7,55,-3.438,S1O
82,T7,56,0.468,S1O
82,T7,57,4.862,S1O
82,T7,58,4.862,S1O
82,T7,59,0.468,S1O
82,T7,60,-4.903,S1O
82,T7,61,-6.368,S1O
82,T7,62,-2.462,S1O
82,T7,63,2.421,S1O
82,T7,64,3.886,S1O
82,T7,65,-1.485,S1O
82,T7,66,-9.786,S1O
82,T7,67,-16.134,S1O
82,T7,68,-15.157,S1O
82,T7,69,-8.809,S1O
82,T7,70,-0.997,S1O
82,T7,71,2.909,S1O
82,T7,72,1.933,S1O
82,T7,73,-0.020,S1O
82,T7,74,1.933,S1O
82,T7,75,9.257,S1O
82,T7,76,18.534,S1O
82,T7,77,22.929,S1O
82,T7,78,19.999,S1O
82,T7,79,10.234,S1O
82,T7,80,-0.020,S1O
82,T7,81,-3.927,S1O
82,T7,82,-0.509,S1O
82,T7,83,4.862,S1O
82,T7,84,5.839,S1O
82,T7,85,0.468,S1O
82,T7,86,-9.786,S1O
82,T7,87,-17.110,S1O
82,T7,88,-18.575,S1O
82,T7,89,-13.692,S1O
82,T7,90,-8.809,S1O
82,T7,91,-7.833,S1O
82,T7,92,-13.204,S1O
82,T7,93,-20.040,S1O
82,T7,94,-22.970,S1O
82,T7,95,-20.040,S1O
82,T7,96,-12.227,S1O
82,T7,97,-3.927,S1O
82,T7,98,-0.020,S1O
82,T7,99,-0.997,S1O
82,T7,100,-3.927,S1O
82,T7,101,-5.391,S1O
82,T7,102,-4.415,S1O
82,T7,103,-0.509,S1O
82,T7,104,3.398,S1O
82,T7,105,5.839,S1O
82,T7,106,5.839,S1O
82,T7,107,3.398,S1O
82,T7,108,0.468,S1O
82,T7,109,-2.462,S1O
82,T7,110,-2.950,S1O
82,T7,111,-1.973,S1O
82,T7,112,0.956,S1O
82,T7,113,3.886,S1O
82,T7,114,5.351,S1O
82,T7,115,4.862,S1O
82,T7,116,2.909,S1O
82,T7,117,0.468,S1O
82,T7,118,-1.485,S1O
82,T7,119,-1.973,S1O
82,T7,120,-1.973,S1O
82,T7,121,-1.485,S1O
82,T7,122,-0.997,S1O
82,T7,123,-1.485,S1O
82,T7,124,-2.462,S1O
82,T7,125,-2.462,S1O
82,T7,126,-1.485,S1O
82,T7,127,0.468,S1O
82,T7,128,2.909,S1O
82,T7,129,3.398,S1O
82,T7,130,1.933,S1O
82,T7,131,-0.997,S1O
82,T7,132,-2.462,S1O
82,T7,133,-0.997,S1O
82,T7,134,3.398,S1O
82,T7,135,7.792,S1O
82,T7,136,8.769,S1O
82,T7,137,5.351,S1O
82,T7,138,-0.997,S1O
82,T7,139,-6.856,S1O
82,T7,140,-8.809,S1O
82,T7,141,-5.880,S1O
82,T7,142,-0.509,S1O
82,T7,143,4.374,S1O
82,T7,144,5.839,S1O
82,T7,145,4.374,S1O
82,T7,146,1.444,S1O
82,T7,147,-0.997,S1O
82,T7,148,-1.973,S1O
82,T7,149,-0.509,S1O
82,T7,150,2.421,S1O
82,T7,151,5.351,S1O
82,T7,152,7.792,S1O
82,T7,153,7.792,S1O
82,T7,154,6.327,S1O
82,T7,155,3.398,S1O
82,T7,156,1.444,S1O
82,T7,157,-0.020,S1O
82,T7,158,-0.020,S1O
82,T7,159,0.468,S1O
82,T7,160,1.933,S1O
82,T7,161,2.909,S1O
82,T7,162,3.398,S1O
82,T7,163,2.909,S1O
82,T7,164,1.933,S1O
82,T7,165,-0.020,S1O
82,T7,166,-1.973,S1O
82,T7,167,-2.950,S1O
82,T7,168,-2.462,S1O
82,T7,169,-0.997,S1O
82,T7,170,-0.997,S1O
82,T7,171,-3.438,S1O
82,T7,172,-7.345,S1O
82,T7,173,-11.251,S1O
82,T7,174,-12.227,S1O
82,T7,175,-9.298,S1O
82,T7,176,-3.927,S1O
82,T7,177,-0.020,S1O
82,T7,178,0.956,S1O
82,T7,179,-0.997,S1O
82,T7,180,-4.903,S1O
82,T7,181,-5.391,S1O
82,T7,182,-2.462,S1O
82,T7,183,3.398,S1O
82,T7,184,8.280,S1O
82,T7,185,8.769,S1O
82,T7,186,3.886,S1O
82,T7,187,-3.438,S1O
82,T7,188,-9.786,S1O
82,T7,189,-12.227,S1O
82,T7,190,-10.274,S1O
82,T7,191,-6.368,S1O
82,T7,192,-2.462,S1O
82,T7,193,-0.509,S1O
82,T7,194,0.956,S1O
82,T7,195,1.933,S1O
82,T7,196,2.421,S1O
82,T7,197,2.421,S1O
82,T7,198,2.909,S1O
82,T7,199,3.398,S1O
82,T7,200,5.351,S1O
82,T7,201,6.327,S1O
82,T7,202,4.862,S1O
82,T7,203,1.444,S1O
82,T7,204,-3.438,S1O
82,T7,205,-5.880,S1O
82,T7,206,-3.927,S1O
82,T7,207,0.956,S1O
82,T7,208,6.816,S1O
82,T7,209,8.769,S1O
82,T7,210,6.816,S1O
82,T7,211,3.398,S1O
82,T7,212,1.933,S1O
82,T7,213,4.374,S1O
82,T7,214,9.745,S1O
82,T7,215,13.652,S1O
82,T7,216,13.652,S1O
82,T7,217,9.257,S1O
82,T7,218,4.374,S1O
82,T7,219,1.933,S1O
82,T7,220,3.886,S1O
82,T7,221,7.792,S1O
82,T7,222,10.722,S1O
82,T7,223,10.234,S1O
82,T7,224,6.816,S1O
82,T7,225,1.933,S1O
82,T7,226,-0.997,S1O
82,T7,227,-0.997,S1O
82,T7,228,0.956,S1O
82,T7,229,4.374,S1O
82,T7,230,5.351,S1O
82,T7,231,2.909,S1O
82,T7,232,-2.950,S1O
82,T7,233,-9.298,S1O
82,T7,234,-12.716,S1O
82,T7,235,-11.739,S1O
82,T7,236,-7.345,S1O
82,T7,237,-2.950,S1O
82,T7,238,-1.485,S1O
82,T7,239,-3.438,S1O
82,T7,240,-7.345,S1O
82,T7,241,-9.786,S1O
82,T7,242,-9.298,S1O
82,T7,243,-7.345,S1O
82,T7,244,-4.903,S1O
82,T7,245,-3.438,S1O
82,T7,246,-2.950,S1O
82,T7,247,-2.950,S1O
82,T7,248,-3.438,S1O
82,T7,249,-5.391,S1O
82,T7,250,-8.321,S1O
82,T7,251,-10.763,S1O
82,T7,252,-12.227,S1O
82,T7,253,-11.251,S1O
82,T7,254,-10.274,S1O
82,T7,255,-10.274,S1O
82,CZ,0,9.837,S1O
82,CZ,1,10.325,S1O
82,CZ,2,11.302,S1O
82,CZ,3,12.278,S1O
82,CZ,4,12.278,S1O
82,CZ,5,11.302,S1O
82,CZ,6,8.860,S1O
82,CZ,7,5.931,S1O
82,CZ,8,3.977,S1O
82,CZ,9,3.001,S1O
82,CZ,10,3.001,S1O
82,CZ,11,2.513,S1O
82,CZ,12,0.559,S1O
82,CZ,13,-1.882,S1O
82,CZ,14,-5.300,S1O
82,CZ,15,-9.206,S1O
82,CZ,16,-11.159,S1O
82,CZ,17,-11.648,S1O
82,CZ,18,-10.183,S1O
82,CZ,19,-7.253,S1O
82,CZ,20,-4.323,S1O
82,CZ,21,-3.835,S1O
82,CZ,22,-5.300,S1O
82,CZ,23,-7.741,S1O
82,CZ,24,-8.718,S1O
82,CZ,25,-7.253,S1O
82,CZ,26,-4.323,S1O
82,CZ,27,-0.905,S1O
82,CZ,28,1.536,S1O
82,CZ,29,1.048,S1O
82,CZ,30,-0.905,S1O
82,CZ,31,-4.812,S1O
82,CZ,32,-8.230,S1O
82,CZ,33,-9.694,S1O
82,CZ,34,-8.718,S1O
82,CZ,35,-5.300,S1O
82,CZ,36,-1.882,S1O
82,CZ,37,-0.905,S1O
82,CZ,38,-3.347,S1O
82,CZ,39,-8.718,S1O
82,CZ,40,-13.112,S1O
82,CZ,41,-14.577,S1O
82,CZ,42,-12.136,S1O
82,CZ,43,-9.206,S1O
82,CZ,44,-8.230,S1O
82,CZ,45,-10.671,S1O
82,CZ,46,-15.554,S1O
82,CZ,47,-18.972,S1O
82,CZ,48,-18.972,S1O
82,CZ,49,-15.554,S1O
82,CZ,50,-12.136,S1O
82,CZ,51,-9.694,S1O
82,CZ,52,-8.718,S1O
82,CZ,53,-7.253,S1O
82,CZ,54,-4.323,S1O
82,CZ,55,-0.417,S1O
82,CZ,56,2.513,S1O
82,CZ,57,3.001,S1O
82,CZ,58,1.048,S1O
82,CZ,59,-1.394,S1O
82,CZ,60,-2.858,S1O
82,CZ,61,-2.858,S1O
82,CZ,62,-2.370,S1O
82,CZ,63,-3.347,S1O
82,CZ,64,-6.276,S1O
82,CZ,65,-9.694,S1O
82,CZ,66,-12.624,S1O
82,CZ,67,-14.089,S1O
82,CZ,68,-14.577,S1O
82,CZ,69,-14.577,S1O
82,CZ,70,-14.577,S1O
82,CZ,71,-15.066,S1O
82,CZ,72,-15.066,S1O
82,CZ,73,-15.554,S1O
82,CZ,74,-16.530,S1O
82,CZ,75,-17.995,S1O
82,CZ,76,-17.995,S1O
82,CZ,77,-16.042,S1O
82,CZ,78,-12.136,S1O
82,CZ,79,-8.230,S1O
82,CZ,80,-5.300,S1O
82,CZ,81,-3.835,S1O
82,CZ,82,-3.347,S1O
82,CZ,83,-3.347,S1O
82,CZ,84,-2.858,S1O
82,CZ,85,-2.858,S1O
82,CZ,86,-4.323,S1O
82,CZ,87,-7.253,S1O
82,CZ,88,-10.671,S1O
82,CZ,89,-13.112,S1O
82,CZ,90,-15.554,S1O
82,CZ,91,-18.483,S1O
82,CZ,92,-22.878,S1O
82,CZ,93,-28.249,S1O
82,CZ,94,-33.620,S1O
82,CZ,95,-36.550,S1O
82,CZ,96,-37.038,S1O
82,CZ,97,-35.573,S1O
82,CZ,98,-33.620,S1O
82,CZ,99,-31.667,S1O
82,CZ,100,-30.691,S1O
82,CZ,101,-30.691,S1O
82,CZ,102,-31.179,S1O
82,CZ,103,-31.179,S1O
82,CZ,104,-29.714,S1O
82,CZ,105,-27.761,S1O
82,CZ,106,-26.296,S1O
82,CZ,107,-26.784,S1O
82,CZ,108,-29.226,S1O
82,CZ,109,-32.155,S1O
82,CZ,110,-32.644,S1O
82,CZ,111,-30.691,S1O
82,CZ,112,-25.808,S1O
82,CZ,113,-21.413,S1O
82,CZ,114,-19.460,S1O
82,CZ,115,-20.925,S1O
82,CZ,116,-24.343,S1O
82,CZ,117,-27.761,S1O
82,CZ,118,-29.714,S1O
82,CZ,119,-28.737,S1O
82,CZ,120,-25.808,S1O
82,CZ,121,-20.925,S1O
82,CZ,122,-16.530,S1O
82,CZ,123,-12.624,S1O
82,CZ,124,-9.694,S1O
82,CZ,125,-8.718,S1O
82,CZ,126,-9.206,S1O
82,CZ,127,-10.671,S1O
82,CZ,128,-11.648,S1O
82,CZ,129,-11.648,S1O
82,CZ,130,-9.694,S1O
82,CZ,131,-7.741,S1O
82,CZ,132,-6.765,S1O
82,CZ,133,-7.253,S1O
82,CZ,134,-8.230,S1O
82,CZ,135,-8.718,S1O
82,CZ,136,-9.206,S1O
82,CZ,137,-10.183,S1O
82,CZ,138,-12.624,S1O
82,CZ,139,-15.554,S1O
82,CZ,140,-18.483,S1O
82,CZ,141,-19.460,S1O
82,CZ,142,-18.483,S1O
82,CZ,143,-16.042,S1O
82,CZ,144,-13.112,S1O
82,CZ,145,-13.112,S1O
82,CZ,146,-15.066,S1O
82,CZ,147,-17.995,S1O
82,CZ,148,-20.437,S1O
82,CZ,149,-20.437,S1O
82,CZ,150,-17.995,S1O
82,CZ,151,-13.112,S1O
82,CZ,152,-7.741,S1O
82,CZ,153,-3.347,S1O
82,CZ,154,-2.858,S1O
82,CZ,155,-5.300,S1O
82,CZ,156,-9.694,S1O
82,CZ,157,-13.601,S1O
82,CZ,158,-15.554,S1O
82,CZ,159,-14.577,S1O
82,CZ,160,-12.624,S1O
82,CZ,161,-11.648,S1O
82,CZ,162,-12.136,S1O
82,CZ,163,-14.089,S1O
82,CZ,164,-16.042,S1O
82,CZ,165,-17.507,S1O
82,CZ,166,-18.972,S1O
82,CZ,167,-20.925,S1O
82,CZ,168,-24.343,S1O
82,CZ,169,-27.761,S1O
82,CZ,170,-29.714,S1O
82,CZ,171,-30.691,S1O
82,CZ,172,-30.691,S1O
82,CZ,173,-30.691,S1O
82,CZ,174,-30.691,S1O
82,CZ,175,-30.691,S1O
82,CZ,176,-30.202,S1O
82,CZ,177,-28.249,S1O
82,CZ,178,-26.784,S1O
82,CZ,179,-24.831,S1O
82,CZ,180,-23.366,S1O
82,CZ,181,-21.901,S1O
82,CZ,182,-20.437,S1O
82,CZ,183,-18.972,S1O
82,CZ,184,-19.460,S1O
82,CZ,185,-21.413,S1O
82,CZ,186,-24.343,S1O
82,CZ,187,-27.273,S1O
82,CZ,188,-29.226,S1O
82,CZ,189,-29.226,S1O
82,CZ,190,-28.249,S1O
82,CZ,191,-26.784,S1O
82,CZ,192,-24.831,S1O
82,CZ,193,-22.390,S1O
82,CZ,194,-18.483,S1O
82,CZ,195,-14.089,S1O
82,CZ,196,-10.671,S1O
82,CZ,197,-8.718,S1O
82,CZ,198,-9.694,S1O
82,CZ,199,-12.624,S1O
82,CZ,200,-16.530,S1O
82,CZ,201,-18.972,S1O
82,CZ,202,-19.460,S1O
82,CZ,203,-17.019,S1O
82,CZ,204,-14.089,S1O
82,CZ,205,-11.159,S1O
82,CZ,206,-10.183,S1O
82,CZ,207,-10.671,S1O
82,CZ,208,-12.136,S1O
82,CZ,209,-13.112,S1O
82,CZ,210,-12.136,S1O
82,CZ,211,-9.694,S1O
82,CZ,212,-6.765,S1O
82,CZ,213,-4.323,S1O
82,CZ,214,-3.835,S1O
82,CZ,215,-4.323,S1O
82,CZ,216,-4.323,S1O
82,CZ,217,-2.370,S1O
82,CZ,218,0.559,S1O
82,CZ,219,4.466,S1O
82,CZ,220,6.907,S1O
82,CZ,221,8.372,S1O
82,CZ,222,9.349,S1O
82,CZ,223,9.837,S1O
82,CZ,224,10.325,S1O
82,CZ,225,9.837,S1O
82,CZ,226,8.372,S1O
82,CZ,227,6.419,S1O
82,CZ,228,3.977,S1O
82,CZ,229,3.001,S1O
82,CZ,230,2.513,S1O
82,CZ,231,1.048,S1O
82,CZ,232,-2.370,S1O
82,CZ,233,-6.765,S1O
82,CZ,234,-10.671,S1O
82,CZ,235,-13.112,S1O
82,CZ,236,-12.624,S1O
82,CZ,237,-10.671,S1O
82,CZ,238,-8.718,S1O
82,CZ,239,-6.765,S1O
82,CZ,240,-4.812,S1O
82,CZ,241,-3.347,S1O
82,CZ,242,-2.858,S1O
82,CZ,243,-3.835,S1O
82,CZ,244,-5.788,S1O
82,CZ,245,-7.741,S1O
82,CZ,246,-8.230,S1O
82,CZ,247,-6.765,S1O
82,CZ,248,-4.812,S1O
82,CZ,249,-4.323,S1O
82,CZ,250,-6.276,S1O
82,CZ,251,-9.206,S1O
82,CZ,252,-12.136,S1O
82,CZ,253,-12.624,S1O
82,CZ,254,-11.159,S1O
82,CZ,255,-10.183,S1O
82,C3,0,-0.020,S1O
82,C3,1,-0.020,S1O
82,C3,2,1.444,S1O
82,C3,3,3.886,S1O
82,C3,4,5.839,S1O
82,C3,5,6.327,S1O
82,C3,6,4.862,S1O
82,C3,7,2.909,S1O
82,C3,8,1.444,S1O
82,C3,9,0.956,S1O
82,C3,10,2.421,S1O
82,C3,11,4.374,S1O
82,C3,12,4.862,S1O
82,C3,13,3.886,S1O
82,C3,14,2.421,S1O
82,C3,15,0.956,S1O
82,C3,16,0.468,S1O
82,C3,17,0.468,S1O
82,C3,18,-0.020,S1O
82,C3,19,-0.997,S1O
82,C3,20,-1.485,S1O
82,C3,21,-0.997,S1O
82,C3,22,0.468,S1O
82,C3,23,1.444,S1O
82,C3,24,1.444,S1O
82,C3,25,0.956,S1O
82,C3,26,0.468,S1O
82,C3,27,1.444,S1O
82,C3,28,3.398,S1O
82,C3,29,4.862,S1O
82,C3,30,4.374,S1O
82,C3,31,2.909,S1O
82,C3,32,2.909,S1O
82,C3,33,4.862,S1O
82,C3,34,8.280,S1O
82,C3,35,11.210,S1O
82,C3,36,10.722,S1O
82,C3,37,7.792,S1O
82,C3,38,3.886,S1O
82,C3,39,1.444,S1O
82,C3,40,1.933,S1O
82,C3,41,2.909,S1O
82,C3,42,2.909,S1O
82,C3,43,0.468,S1O
82,C3,44,-2.950,S1O
82,C3,45,-5.391,S1O
82,C3,46,-6.368,S1O
82,C3,47,-6.368,S1O
82,C3,48,-5.880,S1O
82,C3,49,-6.368,S1O
82,C3,50,-6.856,S1O
82,C3,51,-6.368,S1O
82,C3,52,-3.438,S1O
82,C3,53,-0.020,S1O
82,C3,54,1.933,S1O
82,C3,55,1.444,S1O
82,C3,56,-0.509,S1O
82,C3,57,-3.438,S1O
82,C3,58,-3.927,S1O
82,C3,59,-2.462,S1O
82,C3,60,-0.509,S1O
82,C3,61,-0.020,S1O
82,C3,62,-0.997,S1O
82,C3,63,-2.950,S1O
82,C3,64,-3.927,S1O
82,C3,65,-3.438,S1O
82,C3,66,-2.462,S1O
82,C3,67,-1.973,S1O
82,C3,68,-2.462,S1O
82,C3,69,-3.438,S1O
82,C3,70,-3.438,S1O
82,C3,71,-2.950,S1O
82,C3,72,-0.509,S1O
82,C3,73,1.444,S1O
82,C3,74,2.421,S1O
82,C3,75,1.933,S1O
82,C3,76,0.956,S1O
82,C3,77,-0.509,S1O
82,C3,78,-1.485,S1O
82,C3,79,-2.462,S1O
82,C3,80,-2.950,S1O
82,C3,81,-3.927,S1O
82,C3,82,-4.903,S1O
82,C3,83,-5.391,S1O
82,C3,84,-5.391,S1O
82,C3,85,-4.415,S1O
82,C3,86,-3.438,S1O
82,C3,87,-3.927,S1O
82,C3,88,-4.903,S1O
82,C3,89,-7.345,S1O
82,C3,90,-8.321,S1O
82,C3,91,-8.321,S1O
82,C3,92,-6.368,S1O
82,C3,93,-4.415,S1O
82,C3,94,-2.950,S1O
82,C3,95,-2.950,S1O
82,C3,96,-3.438,S1O
82,C3,97,-3.927,S1O
82,C3,98,-3.438,S1O
82,C3,99,-2.462,S1O
82,C3,100,-0.020,S1O
82,C3,101,1.444,S1O
82,C3,102,2.421,S1O
82,C3,103,2.421,S1O
82,C3,104,1.933,S1O
82,C3,105,0.956,S1O
82,C3,106,0.956,S1O
82,C3,107,1.444,S1O
82,C3,108,1.933,S1O
82,C3,109,2.909,S1O
82,C3,110,3.398,S1O
82,C3,111,3.398,S1O
82,C3,112,2.909,S1O
82,C3,113,2.421,S1O
82,C3,114,0.956,S1O
82,C3,115,-0.997,S1O
82,C3,116,-2.462,S1O
82,C3,117,-3.438,S1O
82,C3,118,-2.950,S1O
82,C3,119,-1.973,S1O
82,C3,120,-1.485,S1O
82,C3,121,-2.462,S1O
82,C3,122,-4.903,S1O
82,C3,123,-6.856,S1O
82,C3,124,-6.856,S1O
82,C3,125,-5.391,S1O
82,C3,126,-3.927,S1O
82,C3,127,-3.927,S1O
82,C3,128,-5.391,S1O
82,C3,129,-7.833,S1O
82,C3,130,-8.321,S1O
82,C3,131,-6.856,S1O
82,C3,132,-2.462,S1O
82,C3,133,0.956,S1O
82,C3,134,2.421,S1O
82,C3,135,0.468,S1O
82,C3,136,-2.462,S1O
82,C3,137,-4.903,S1O
82,C3,138,-5.391,S1O
82,C3,139,-4.415,S1O
82,C3,140,-2.950,S1O
82,C3,141,-2.950,S1O
82,C3,142,-3.438,S1O
82,C3,143,-4.415,S1O
82,C3,144,-4.415,S1O
82,C3,145,-3.927,S1O
82,C3,146,-3.438,S1O
82,C3,147,-2.462,S1O
82,C3,148,-2.462,S1O
82,C3,149,-1.485,S1O
82,C3,150,-0.997,S1O
82,C3,151,-0.509,S1O
82,C3,152,-1.485,S1O
82,C3,153,-2.950,S1O
82,C3,154,-4.903,S1O
82,C3,155,-4.903,S1O
82,C3,156,-3.438,S1O
82,C3,157,-0.997,S1O
82,C3,158,0.468,S1O
82,C3,159,0.468,S1O
82,C3,160,-1.485,S1O
82,C3,161,-3.438,S1O
82,C3,162,-3.927,S1O
82,C3,163,-2.950,S1O
82,C3,164,-1.973,S1O
82,C3,165,-0.997,S1O
82,C3,166,-1.973,S1O
82,C3,167,-3.927,S1O
82,C3,168,-5.391,S1O
82,C3,169,-5.880,S1O
82,C3,170,-5.391,S1O
82,C3,171,-3.927,S1O
82,C3,172,-2.950,S1O
82,C3,173,-2.462,S1O
82,C3,174,-2.462,S1O
82,C3,175,-3.438,S1O
82,C3,176,-4.415,S1O
82,C3,177,-4.903,S1O
82,C3,178,-4.903,S1O
82,C3,179,-3.927,S1O
82,C3,180,-2.950,S1O
82,C3,181,-1.973,S1O
82,C3,182,-2.462,S1O
82,C3,183,-2.462,S1O
82,C3,184,-2.462,S1O
82,C3,185,-1.973,S1O
82,C3,186,-0.997,S1O
82,C3,187,-1.485,S1O
82,C3,188,-2.462,S1O
82,C3,189,-3.927,S1O
82,C3,190,-3.927,S1O
82,C3,191,-1.973,S1O
82,C3,192,-0.020,S1O
82,C3,193,1.444,S1O
82,C3,194,0.956,S1O
82,C3,195,-0.509,S1O
82,C3,196,-1.973,S1O
82,C3,197,-1.973,S1O
82,C3,198,-0.020,S1O
82,C3,199,1.933,S1O
82,C3,200,2.421,S1O
82,C3,201,1.444,S1O
82,C3,202,-0.509,S1O
82,C3,203,-0.997,S1O
82,C3,204,-0.020,S1O
82,C3,205,0.956,S1O
82,C3,206,1.933,S1O
82,C3,207,1.933,S1O
82,C3,208,0.956,S1O
82,C3,209,0.468,S1O
82,C3,210,0.468,S1O
82,C3,211,1.444,S1O
82,C3,212,2.421,S1O
82,C3,213,2.909,S1O
82,C3,214,3.398,S1O
82,C3,215,2.909,S1O
82,C3,216,2.909,S1O
82,C3,217,2.909,S1O
82,C3,218,2.909,S1O
82,C3,219,2.909,S1O
82,C3,220,2.909,S1O
82,C3,221,2.909,S1O
82,C3,222,2.909,S1O
82,C3,223,2.421,S1O
82,C3,224,1.444,S1O
82,C3,225,-0.020,S1O
82,C3,226,-0.509,S1O
82,C3,227,-0.509,S1O
82,C3,228,-0.020,S1O
82,C3,229,-0.509,S1O
82,C3,230,-1.973,S1O
82,C3,231,-3.927,S1O
82,C3,232,-4.903,S1O
82,C3,233,-4.903,S1O
82,C3,234,-2.950,S1O
82,C3,235,-0.997,S1O
82,C3,236,-0.509,S1O
82,C3,237,-1.973,S1O
82,C3,238,-3.927,S1O
82,C3,239,-4.903,S1O
82,C3,240,-4.903,S1O
82,C3,241,-3.438,S1O
82,C3,242,-2.950,S1O
82,C3,243,-2.462,S1O
82,C3,244,-1.973,S1O
82,C3,245,-1.973,S1O
82,C3,246,-1.973,S1O
82,C3,247,-2.462,S1O
82,C3,248,-3.438,S1O
82,C3,249,-4.903,S1O
82,C3,250,-4.903,S1O
82,C3,251,-4.903,S1O
82,C3,252,-4.903,S1O
82,C3,253,-4.903,S1O
82,C3,254,-5.880,S1O
82,C3,255,-6.856,S1O
82,C4,0,-0.417,S1O
82,C4,1,0.071,S1O
82,C4,2,1.048,S1O
82,C4,3,1.536,S1O
82,C4,4,1.536,S1O
82,C4,5,1.536,S1O
82,C4,6,1.536,S1O
82,C4,7,2.024,S1O
82,C4,8,2.513,S1O
82,C4,9,2.513,S1O
82,C4,10,1.536,S1O
82,C4,11,1.048,S1O
82,C4,12,1.048,S1O
82,C4,13,2.513,S1O
82,C4,14,3.977,S1O
82,C4,15,4.954,S1O
82,C4,16,4.954,S1O
82,C4,17,3.489,S1O
82,C4,18,2.513,S1O
82,C4,19,1.048,S1O
82,C4,20,-0.417,S1O
82,C4,21,-2.370,S1O
82,C4,22,-3.835,S1O
82,C4,23,-4.323,S1O
82,C4,24,-2.370,S1O
82,C4,25,0.071,S1O
82,C4,26,2.024,S1O
82,C4,27,2.513,S1O
82,C4,28,1.536,S1O
82,C4,29,-0.417,S1O
82,C4,30,-0.905,S1O
82,C4,31,-1.394,S1O
82,C4,32,-1.394,S1O
82,C4,33,-2.858,S1O
82,C4,34,-4.812,S1O
82,C4,35,-5.788,S1O
82,C4,36,-5.300,S1O
82,C4,37,-2.370,S1O
82,C4,38,0.071,S1O
82,C4,39,0.071,S1O
82,C4,40,-1.394,S1O
82,C4,41,-3.347,S1O
82,C4,42,-5.788,S1O
82,C4,43,-6.276,S1O
82,C4,44,-6.765,S1O
82,C4,45,-6.276,S1O
82,C4,46,-6.276,S1O
82,C4,47,-5.300,S1O
82,C4,48,-3.835,S1O
82,C4,49,-1.882,S1O
82,C4,50,-0.417,S1O
82,C4,51,0.071,S1O
82,C4,52,-0.905,S1O
82,C4,53,-2.370,S1O
82,C4,54,-3.835,S1O
82,C4,55,-5.300,S1O
82,C4,56,-7.253,S1O
82,C4,57,-8.718,S1O
82,C4,58,-9.694,S1O
82,C4,59,-9.694,S1O
82,C4,60,-8.230,S1O
82,C4,61,-5.788,S1O
82,C4,62,-3.347,S1O
82,C4,63,-1.882,S1O
82,C4,64,-1.882,S1O
82,C4,65,-2.370,S1O
82,C4,66,-3.347,S1O
82,C4,67,-3.835,S1O
82,C4,68,-3.835,S1O
82,C4,69,-3.835,S1O
82,C4,70,-3.835,S1O
82,C4,71,-3.835,S1O
82,C4,72,-4.812,S1O
82,C4,73,-5.300,S1O
82,C4,74,-5.788,S1O
82,C4,75,-5.300,S1O
82,C4,76,-3.347,S1O
82,C4,77,-1.394,S1O
82,C4,78,0.071,S1O
82,C4,79,1.536,S1O
82,C4,80,1.536,S1O
82,C4,81,1.536,S1O
82,C4,82,1.536,S1O
82,C4,83,2.513,S1O
82,C4,84,2.513,S1O
82,C4,85,3.001,S1O
82,C4,86,2.513,S1O
82,C4,87,2.024,S1O
82,C4,88,1.536,S1O
82,C4,89,1.536,S1O
82,C4,90,1.048,S1O
82,C4,91,0.559,S1O
82,C4,92,0.071,S1O
82,C4,93,-0.417,S1O
82,C4,94,0.071,S1O
82,C4,95,0.559,S1O
82,C4,96,0.559,S1O
82,C4,97,0.071,S1O
82,C4,98,-0.905,S1O
82,C4,99,-1.394,S1O
82,C4,100,-1.394,S1O
82,C4,101,-1.394,S1O
82,C4,102,-1.394,S1O
82,C4,103,-2.858,S1O
82,C4,104,-4.812,S1O
82,C4,105,-6.765,S1O
82,C4,106,-7.253,S1O
82,C4,107,-6.276,S1O
82,C4,108,-4.812,S1O
82,C4,109,-3.835,S1O
82,C4,110,-3.347,S1O
82,C4,111,-3.347,S1O
82,C4,112,-3.347,S1O
82,C4,113,-2.370,S1O
82,C4,114,-0.905,S1O
82,C4,115,0.559,S1O
82,C4,116,1.536,S1O
82,C4,117,1.048,S1O
82,C4,118,0.071,S1O
82,C4,119,-0.417,S1O
82,C4,120,-0.905,S1O
82,C4,121,-0.905,S1O
82,C4,122,-1.394,S1O
82,C4,123,-2.370,S1O
82,C4,124,-3.835,S1O
82,C4,125,-3.835,S1O
82,C4,126,-3.347,S1O
82,C4,127,-1.882,S1O
82,C4,128,-0.905,S1O
82,C4,129,-0.417,S1O
82,C4,130,-0.417,S1O
82,C4,131,-0.905,S1O
82,C4,132,-2.370,S1O
82,C4,133,-3.347,S1O
82,C4,134,-3.835,S1O
82,C4,135,-3.835,S1O
82,C4,136,-3.835,S1O
82,C4,137,-3.347,S1O
82,C4,138,-3.347,S1O
82,C4,139,-3.835,S1O
82,C4,140,-4.812,S1O
82,C4,141,-5.300,S1O
82,C4,142,-6.276,S1O
82,C4,143,-6.765,S1O
82,C4,144,-7.253,S1O
82,C4,145,-7.253,S1O
82,C4,146,-6.765,S1O
82,C4,147,-6.765,S1O
82,C4,148,-6.765,S1O
82,C4,149,-6.765,S1O
82,C4,150,-6.276,S1O
82,C4,151,-5.300,S1O
82,C4,152,-3.835,S1O
82,C4,153,-3.347,S1O
82,C4,154,-3.835,S1O
82,C4,155,-5.300,S1O
82,C4,156,-7.253,S1O
82,C4,157,-9.206,S1O
82,C4,158,-10.671,S1O
82,C4,159,-12.136,S1O
82,C4,160,-13.112,S1O
82,C4,161,-13.112,S1O
82,C4,162,-13.112,S1O
82,C4,163,-11.648,S1O
82,C4,164,-10.183,S1O
82,C4,165,-9.206,S1O
82,C4,166,-10.183,S1O
82,C4,167,-11.648,S1O
82,C4,168,-12.136,S1O
82,C4,169,-11.648,S1O
82,C4,170,-10.183,S1O
82,C4,171,-9.206,S1O
82,C4,172,-8.718,S1O
82,C4,173,-10.183,S1O
82,C4,174,-12.136,S1O
82,C4,175,-14.089,S1O
82,C4,176,-13.601,S1O
82,C4,177,-11.648,S1O
82,C4,178,-9.694,S1O
82,C4,179,-7.741,S1O
82,C4,180,-6.765,S1O
82,C4,181,-5.788,S1O
82,C4,182,-5.300,S1O
82,C4,183,-4.323,S1O
82,C4,184,-4.323,S1O
82,C4,185,-4.812,S1O
82,C4,186,-6.276,S1O
82,C4,187,-6.765,S1O
82,C4,188,-6.276,S1O
82,C4,189,-5.788,S1O
82,C4,190,-3.835,S1O
82,C4,191,-2.370,S1O
82,C4,192,-1.882,S1O
82,C4,193,-0.905,S1O
82,C4,194,-0.905,S1O
82,C4,195,-0.905,S1O
82,C4,196,-1.882,S1O
82,C4,197,-2.370,S1O
82,C4,198,-2.370,S1O
82,C4,199,-2.370,S1O
82,C4,200,-1.882,S1O
82,C4,201,-1.394,S1O
82,C4,202,-1.394,S1O
82,C4,203,-1.394,S1O
82,C4,204,-0.905,S1O
82,C4,205,-0.417,S1O
82,C4,206,0.071,S1O
82,C4,207,-0.905,S1O
82,C4,208,-2.370,S1O
82,C4,209,-4.323,S1O
82,C4,210,-4.812,S1O
82,C4,211,-3.835,S1O
82,C4,212,-2.858,S1O
82,C4,213,-2.370,S1O
82,C4,214,-3.347,S1O
82,C4,215,-5.300,S1O
82,C4,216,-5.300,S1O
82,C4,217,-3.347,S1O
82,C4,218,-0.417,S1O
82,C4,219,2.513,S1O
82,C4,220,3.489,S1O
82,C4,221,2.024,S1O
82,C4,222,0.559,S1O
82,C4,223,0.071,S1O
82,C4,224,1.048,S1O
82,C4,225,2.024,S1O
82,C4,226,1.536,S1O
82,C4,227,-0.905,S1O
82,C4,228,-3.835,S1O
82,C4,229,-4.812,S1O
82,C4,230,-3.347,S1O
82,C4,231,-0.417,S1O
82,C4,232,1.536,S1O
82,C4,233,1.536,S1O
82,C4,234,-0.417,S1O
82,C4,235,-2.858,S1O
82,C4,236,-3.835,S1O
82,C4,237,-1.882,S1O
82,C4,238,0.071,S1O
82,C4,239,1.048,S1O
82,C4,240,-0.417,S1O
82,C4,241,-2.858,S1O
82,C4,242,-5.300,S1O
82,C4,243,-5.788,S1O
82,C4,244,-4.323,S1O
82,C4,245,-2.858,S1O
82,C4,246,-2.370,S1O
82,C4,247,-3.347,S1O
82,C4,248,-3.835,S1O
82,C4,249,-3.835,S1O
82,C4,250,-2.858,S1O
82,C4,251,-1.882,S1O
82,C4,252,-1.882,S1O
82,C4,253,-2.858,S1O
82,C4,254,-4.323,S1O
82,C4,255,-4.812,S1O
82,CP5,0,0.326,S1O
82,CP5,1,-0.651,S1O
82,CP5,2,0.326,S1O
82,CP5,3,2.767,S1O
82,CP5,4,5.208,S1O
82,CP5,5,6.185,S1O
82,CP5,6,4.720,S1O
82,CP5,7,2.279,S1O
82,CP5,8,0.326,S1O
82,CP5,9,0.814,S1O
82,CP5,10,2.767,S1O
82,CP5,11,4.232,S1O
82,CP5,12,4.232,S1O
82,CP5,13,1.790,S1O
82,CP5,14,-0.651,S1O
82,CP5,15,-2.116,S1O
82,CP5,16,-1.628,S1O
82,CP5,17,-0.651,S1O
82,CP5,18,0.326,S1O
82,CP5,19,-0.651,S1O
82,CP5,20,-1.139,S1O
82,CP5,21,-1.139,S1O
82,CP5,22,0.814,S1O
82,CP5,23,3.255,S1O
82,CP5,24,5.208,S1O
82,CP5,25,5.208,S1O
82,CP5,26,5.208,S1O
82,CP5,27,5.697,S1O
82,CP5,28,7.650,S1O
82,CP5,29,8.626,S1O
82,CP5,30,8.626,S1O
82,CP5,31,6.673,S1O
82,CP5,32,5.697,S1O
82,CP5,33,7.161,S1O
82,CP5,34,11.068,S1O
82,CP5,35,14.974,S1O
82,CP5,36,15.951,S1O
82,CP5,37,12.533,S1O
82,CP5,38,6.185,S1O
82,CP5,39,0.814,S1O
82,CP5,40,-1.139,S1O
82,CP5,41,-0.163,S1O
82,CP5,42,0.814,S1O
82,CP5,43,-0.651,S1O
82,CP5,44,-5.046,S1O
82,CP5,45,-10.417,S1O
82,CP5,46,-13.835,S1O
82,CP5,47,-14.811,S1O
82,CP5,48,-13.835,S1O
82,CP5,49,-12.370,S1O
82,CP5,50,-11.393,S1O
82,CP5,51,-10.417,S1O
82,CP5,52,-8.464,S1O
82,CP5,53,-6.022,S1O
82,CP5,54,-3.581,S1O
82,CP5,55,-2.604,S1O
82,CP5,56,-3.092,S1O
82,CP5,57,-3.581,S1O
82,CP5,58,-2.604,S1O
82,CP5,59,0.326,S1O
82,CP5,60,2.279,S1O
82,CP5,61,2.767,S1O
82,CP5,62,0.814,S1O
82,CP5,63,-3.092,S1O
82,CP5,64,-6.022,S1O
82,CP5,65,-6.510,S1O
82,CP5,66,-6.510,S1O
82,CP5,67,-6.022,S1O
82,CP5,68,-5.534,S1O
82,CP5,69,-5.534,S1O
82,CP5,70,-4.557,S1O
82,CP5,71,-2.116,S1O
82,CP5,72,0.814,S1O
82,CP5,73,4.232,S1O
82,CP5,74,6.185,S1O
82,CP5,75,7.650,S1O
82,CP5,76,7.161,S1O
82,CP5,77,5.697,S1O
82,CP5,78,3.255,S1O
82,CP5,79,-0.163,S1O
82,CP5,80,-3.092,S1O
82,CP5,81,-6.022,S1O
82,CP5,82,-7.487,S1O
82,CP5,83,-7.975,S1O
82,CP5,84,-8.464,S1O
82,CP5,85,-8.952,S1O
82,CP5,86,-10.417,S1O
82,CP5,87,-11.882,S1O
82,CP5,88,-12.858,S1O
82,CP5,89,-13.346,S1O
82,CP5,90,-11.882,S1O
82,CP5,91,-9.928,S1O
82,CP5,92,-7.975,S1O
82,CP5,93,-5.534,S1O
82,CP5,94,-4.069,S1O
82,CP5,95,-3.581,S1O
82,CP5,96,-3.581,S1O
82,CP5,97,-4.069,S1O
82,CP5,98,-3.092,S1O
82,CP5,99,-1.139,S1O
82,CP5,100,1.302,S1O
82,CP5,101,3.743,S1O
82,CP5,102,4.720,S1O
82,CP5,103,3.255,S1O
82,CP5,104,0.814,S1O
82,CP5,105,-0.163,S1O
82,CP5,106,0.326,S1O
82,CP5,107,2.279,S1O
82,CP5,108,3.743,S1O
82,CP5,109,4.720,S1O
82,CP5,110,4.720,S1O
82,CP5,111,4.720,S1O
82,CP5,112,4.720,S1O
82,CP5,113,4.720,S1O
82,CP5,114,3.743,S1O
82,CP5,115,0.814,S1O
82,CP5,116,-3.092,S1O
82,CP5,117,-5.534,S1O
82,CP5,118,-5.534,S1O
82,CP5,119,-3.581,S1O
82,CP5,120,-3.092,S1O
82,CP5,121,-4.069,S1O
82,CP5,122,-6.510,S1O
82,CP5,123,-8.952,S1O
82,CP5,124,-8.952,S1O
82,CP5,125,-6.999,S1O
82,CP5,126,-5.046,S1O
82,CP5,127,-4.557,S1O
82,CP5,128,-6.510,S1O
82,CP5,129,-8.464,S1O
82,CP5,130,-7.975,S1O
82,CP5,131,-4.557,S1O
82,CP5,132,0.814,S1O
82,CP5,133,4.232,S1O
82,CP5,134,4.232,S1O
82,CP5,135,0.814,S1O
82,CP5,136,-3.581,S1O
82,CP5,137,-6.510,S1O
82,CP5,138,-6.510,S1O
82,CP5,139,-5.046,S1O
82,CP5,140,-4.069,S1O
82,CP5,141,-4.557,S1O
82,CP5,142,-6.510,S1O
82,CP5,143,-7.975,S1O
82,CP5,144,-7.487,S1O
82,CP5,145,-5.534,S1O
82,CP5,146,-3.581,S1O
82,CP5,147,-2.604,S1O
82,CP5,148,-3.092,S1O
82,CP5,149,-2.604,S1O
82,CP5,150,-1.139,S1O
82,CP5,151,-0.163,S1O
82,CP5,152,0.326,S1O
82,CP5,153,-1.139,S1O
82,CP5,154,-3.581,S1O
82,CP5,155,-4.557,S1O
82,CP5,156,-3.581,S1O
82,CP5,157,-2.116,S1O
82,CP5,158,-1.628,S1O
82,CP5,159,-2.604,S1O
82,CP5,160,-4.557,S1O
82,CP5,161,-6.022,S1O
82,CP5,162,-6.022,S1O
82,CP5,163,-4.557,S1O
82,CP5,164,-4.069,S1O
82,CP5,165,-4.557,S1O
82,CP5,166,-5.534,S1O
82,CP5,167,-6.510,S1O
82,CP5,168,-7.975,S1O
82,CP5,169,-8.952,S1O
82,CP5,170,-9.928,S1O
82,CP5,171,-10.905,S1O
82,CP5,172,-11.882,S1O
82,CP5,173,-11.393,S1O
82,CP5,174,-9.928,S1O
82,CP5,175,-7.975,S1O
82,CP5,176,-6.510,S1O
82,CP5,177,-6.022,S1O
82,CP5,178,-6.022,S1O
82,CP5,179,-6.022,S1O
82,CP5,180,-5.534,S1O
82,CP5,181,-4.557,S1O
82,CP5,182,-3.581,S1O
82,CP5,183,-3.092,S1O
82,CP5,184,-3.092,S1O
82,CP5,185,-4.069,S1O
82,CP5,186,-5.534,S1O
82,CP5,187,-7.975,S1O
82,CP5,188,-9.928,S1O
82,CP5,189,-11.393,S1O
82,CP5,190,-10.417,S1O
82,CP5,191,-8.464,S1O
82,CP5,192,-5.534,S1O
82,CP5,193,-3.581,S1O
82,CP5,194,-2.116,S1O
82,CP5,195,-2.116,S1O
82,CP5,196,-2.116,S1O
82,CP5,197,-1.628,S1O
82,CP5,198,-0.651,S1O
82,CP5,199,-1.139,S1O
82,CP5,200,-2.116,S1O
82,CP5,201,-3.581,S1O
82,CP5,202,-4.069,S1O
82,CP5,203,-3.092,S1O
82,CP5,204,-1.139,S1O
82,CP5,205,0.326,S1O
82,CP5,206,0.326,S1O
82,CP5,207,-0.651,S1O
82,CP5,208,-2.116,S1O
82,CP5,209,-2.604,S1O
82,CP5,210,-1.628,S1O
82,CP5,211,0.326,S1O
82,CP5,212,1.790,S1O
82,CP5,213,2.767,S1O
82,CP5,214,2.767,S1O
82,CP5,215,2.279,S1O
82,CP5,216,2.279,S1O
82,CP5,217,2.767,S1O
82,CP5,218,3.743,S1O
82,CP5,219,3.743,S1O
82,CP5,220,3.743,S1O
82,CP5,221,3.255,S1O
82,CP5,222,2.767,S1O
82,CP5,223,2.279,S1O
82,CP5,224,0.814,S1O
82,CP5,225,-1.628,S1O
82,CP5,226,-3.581,S1O
82,CP5,227,-4.557,S1O
82,CP5,228,-5.046,S1O
82,CP5,229,-5.046,S1O
82,CP5,230,-6.510,S1O
82,CP5,231,-8.464,S1O
82,CP5,232,-10.417,S1O
82,CP5,233,-11.393,S1O
82,CP5,234,-10.417,S1O
82,CP5,235,-8.952,S1O
82,CP5,236,-7.487,S1O
82,CP5,237,-7.487,S1O
82,CP5,238,-8.464,S1O
82,CP5,239,-8.952,S1O
82,CP5,240,-8.952,S1O
82,CP5,241,-8.952,S1O
82,CP5,242,-8.464,S1O
82,CP5,243,-8.952,S1O
82,CP5,244,-9.440,S1O
82,CP5,245,-9.440,S1O
82,CP5,246,-9.440,S1O
82,CP5,247,-8.952,S1O
82,CP5,248,-8.464,S1O
82,CP5,249,-7.975,S1O
82,CP5,250,-7.487,S1O
82,CP5,251,-6.999,S1O
82,CP5,252,-7.487,S1O
82,CP5,253,-8.952,S1O
82,CP5,254,-11.882,S1O
82,CP5,255,-14.323,S1O
82,CP6,0,1.546,S1O
82,CP6,1,3.011,S1O
82,CP6,2,1.546,S1O
82,CP6,3,-1.872,S1O
82,CP6,4,-4.801,S1O
82,CP6,5,-4.801,S1O
82,CP6,6,-1.872,S1O
82,CP6,7,1.546,S1O
82,CP6,8,3.011,S1O
82,CP6,9,1.546,S1O
82,CP6,10,-0.895,S1O
82,CP6,11,-1.872,S1O
82,CP6,12,1.058,S1O
82,CP6,13,5.452,S1O
82,CP6,14,8.870,S1O
82,CP6,15,11.312,S1O
82,CP6,16,12.288,S1O
82,CP6,17,13.265,S1O
82,CP6,18,12.777,S1O
82,CP6,19,9.847,S1O
82,CP6,20,3.988,S1O
82,CP6,21,-1.872,S1O
82,CP6,22,-4.313,S1O
82,CP6,23,-1.872,S1O
82,CP6,24,3.499,S1O
82,CP6,25,7.406,S1O
82,CP6,26,7.406,S1O
82,CP6,27,4.964,S1O
82,CP6,28,3.499,S1O
82,CP6,29,4.964,S1O
82,CP6,30,9.359,S1O
82,CP6,31,11.800,S1O
82,CP6,32,10.335,S1O
82,CP6,33,4.964,S1O
82,CP6,34,-1.872,S1O
82,CP6,35,-5.290,S1O
82,CP6,36,-4.801,S1O
82,CP6,37,-1.383,S1O
82,CP6,38,2.523,S1O
82,CP6,39,3.988,S1O
82,CP6,40,3.011,S1O
82,CP6,41,-0.407,S1O
82,CP6,42,-4.313,S1O
82,CP6,43,-6.266,S1O
82,CP6,44,-6.755,S1O
82,CP6,45,-6.266,S1O
82,CP6,46,-6.755,S1O
82,CP6,47,-7.731,S1O
82,CP6,48,-9.196,S1O
82,CP6,49,-8.708,S1O
82,CP6,50,-6.266,S1O
82,CP6,51,-2.848,S1O
82,CP6,52,0.081,S1O
82,CP6,53,-0.407,S1O
82,CP6,54,-2.848,S1O
82,CP6,55,-5.778,S1O
82,CP6,56,-7.243,S1O
82,CP6,57,-6.266,S1O
82,CP6,58,-4.801,S1O
82,CP6,59,-5.290,S1O
82,CP6,60,-7.731,S1O
82,CP6,61,-9.196,S1O
82,CP6,62,-7.731,S1O
82,CP6,63,-3.337,S1O
82,CP6,64,1.546,S1O
82,CP6,65,3.011,S1O
82,CP6,66,0.570,S1O
82,CP6,67,-3.337,S1O
82,CP6,68,-5.778,S1O
82,CP6,69,-5.290,S1O
82,CP6,70,-2.360,S1O
82,CP6,71,0.081,S1O
82,CP6,72,0.081,S1O
82,CP6,73,-1.383,S1O
82,CP6,74,-1.383,S1O
82,CP6,75,2.035,S1O
82,CP6,76,7.894,S1O
82,CP6,77,12.777,S1O
82,CP6,78,13.753,S1O
82,CP6,79,10.824,S1O
82,CP6,80,6.429,S1O
82,CP6,81,4.964,S1O
82,CP6,82,5.941,S1O
82,CP6,83,9.359,S1O
82,CP6,84,11.312,S1O
82,CP6,85,10.824,S1O
82,CP6,86,7.894,S1O
82,CP6,87,5.941,S1O
82,CP6,88,5.452,S1O
82,CP6,89,6.917,S1O
82,CP6,90,7.894,S1O
82,CP6,91,7.894,S1O
82,CP6,92,6.917,S1O
82,CP6,93,6.429,S1O
82,CP6,94,7.406,S1O
82,CP6,95,9.847,S1O
82,CP6,96,11.312,S1O
82,CP6,97,10.335,S1O
82,CP6,98,7.406,S1O
82,CP6,99,3.988,S1O
82,CP6,100,3.011,S1O
82,CP6,101,4.476,S1O
82,CP6,102,4.476,S1O
82,CP6,103,2.035,S1O
82,CP6,104,-3.337,S1O
82,CP6,105,-9.684,S1O
82,CP6,106,-12.614,S1O
82,CP6,107,-10.173,S1O
82,CP6,108,-4.801,S1O
82,CP6,109,-0.407,S1O
82,CP6,110,1.058,S1O
82,CP6,111,0.570,S1O
82,CP6,112,0.081,S1O
82,CP6,113,2.523,S1O
82,CP6,114,7.406,S1O
82,CP6,115,11.312,S1O
82,CP6,116,12.288,S1O
82,CP6,117,9.359,S1O
82,CP6,118,4.476,S1O
82,CP6,119,1.546,S1O
82,CP6,120,1.058,S1O
82,CP6,121,1.546,S1O
82,CP6,122,2.035,S1O
82,CP6,123,1.058,S1O
82,CP6,124,-0.407,S1O
82,CP6,125,-0.407,S1O
82,CP6,126,2.035,S1O
82,CP6,127,4.964,S1O
82,CP6,128,6.917,S1O
82,CP6,129,6.429,S1O
82,CP6,130,4.476,S1O
82,CP6,131,2.523,S1O
82,CP6,132,0.570,S1O
82,CP6,133,0.081,S1O
82,CP6,134,-0.407,S1O
82,CP6,135,-0.895,S1O
82,CP6,136,-1.383,S1O
82,CP6,137,-1.872,S1O
82,CP6,138,-2.360,S1O
82,CP6,139,-3.337,S1O
82,CP6,140,-4.313,S1O
82,CP6,141,-6.266,S1O
82,CP6,142,-8.219,S1O
82,CP6,143,-10.173,S1O
82,CP6,144,-10.661,S1O
82,CP6,145,-10.661,S1O
82,CP6,146,-10.173,S1O
82,CP6,147,-9.196,S1O
82,CP6,148,-7.731,S1O
82,CP6,149,-6.755,S1O
82,CP6,150,-5.290,S1O
82,CP6,151,-2.848,S1O
82,CP6,152,0.081,S1O
82,CP6,153,1.546,S1O
82,CP6,154,1.546,S1O
82,CP6,155,0.081,S1O
82,CP6,156,-3.337,S1O
82,CP6,157,-7.731,S1O
82,CP6,158,-12.126,S1O
82,CP6,159,-15.544,S1O
82,CP6,160,-16.520,S1O
82,CP6,161,-16.032,S1O
82,CP6,162,-14.079,S1O
82,CP6,163,-11.637,S1O
82,CP6,164,-10.661,S1O
82,CP6,165,-11.637,S1O
82,CP6,166,-12.614,S1O
82,CP6,167,-13.590,S1O
82,CP6,168,-13.590,S1O
82,CP6,169,-13.102,S1O
82,CP6,170,-13.590,S1O
82,CP6,171,-14.567,S1O
82,CP6,172,-15.544,S1O
82,CP6,173,-16.520,S1O
82,CP6,174,-16.520,S1O
82,CP6,175,-16.032,S1O
82,CP6,176,-15.544,S1O
82,CP6,177,-14.567,S1O
82,CP6,178,-13.102,S1O
82,CP6,179,-10.661,S1O
82,CP6,180,-7.243,S1O
82,CP6,181,-4.313,S1O
82,CP6,182,-3.337,S1O
82,CP6,183,-5.290,S1O
82,CP6,184,-7.731,S1O
82,CP6,185,-9.684,S1O
82,CP6,186,-10.173,S1O
82,CP6,187,-9.196,S1O
82,CP6,188,-7.731,S1O
82,CP6,189,-7.243,S1O
82,CP6,190,-7.243,S1O
82,CP6,191,-5.778,S1O
82,CP6,192,-3.825,S1O
82,CP6,193,-1.872,S1O
82,CP6,194,-1.383,S1O
82,CP6,195,-3.337,S1O
82,CP6,196,-5.778,S1O
82,CP6,197,-6.755,S1O
82,CP6,198,-5.290,S1O
82,CP6,199,-2.848,S1O
82,CP6,200,-1.383,S1O
82,CP6,201,-1.383,S1O
82,CP6,202,-2.360,S1O
82,CP6,203,-1.383,S1O
82,CP6,204,1.546,S1O
82,CP6,205,4.476,S1O
82,CP6,206,3.988,S1O
82,CP6,207,0.081,S1O
82,CP6,208,-6.755,S1O
82,CP6,209,-11.637,S1O
82,CP6,210,-12.126,S1O
82,CP6,211,-9.196,S1O
82,CP6,212,-5.778,S1O
82,CP6,213,-4.801,S1O
82,CP6,214,-6.755,S1O
82,CP6,215,-8.708,S1O
82,CP6,216,-6.755,S1O
82,CP6,217,-1.872,S1O
82,CP6,218,3.988,S1O
82,CP6,219,6.917,S1O
82,CP6,220,4.964,S1O
82,CP6,221,0.570,S1O
82,CP6,222,-2.848,S1O
82,CP6,223,-2.848,S1O
82,CP6,224,-0.895,S1O
82,CP6,225,0.081,S1O
82,CP6,226,-1.872,S1O
82,CP6,227,-6.266,S1O
82,CP6,228,-11.637,S1O
82,CP6,229,-13.590,S1O
82,CP6,230,-11.637,S1O
82,CP6,231,-6.755,S1O
82,CP6,232,-3.337,S1O
82,CP6,233,-2.848,S1O
82,CP6,234,-4.801,S1O
82,CP6,235,-7.243,S1O
82,CP6,236,-7.731,S1O
82,CP6,237,-5.778,S1O
82,CP6,238,-3.337,S1O
82,CP6,239,-2.848,S1O
82,CP6,240,-5.290,S1O
82,CP6,241,-10.661,S1O
82,CP6,242,-16.520,S1O
82,CP6,243,-19.450,S1O
82,CP6,244,-19.450,S1O
82,CP6,245,-16.032,S1O
82,CP6,246,-11.149,S1O
82,CP6,247,-7.243,S1O
82,CP6,248,-5.778,S1O
82,CP6,249,-5.778,S1O
82,CP6,250,-6.755,S1O
82,CP6,251,-7.243,S1O
82,CP6,252,-6.266,S1O
82,CP6,253,-5.290,S1O
82,CP6,254,-4.801,S1O
82,CP6,255,-6.266,S1O
82,CP1,0,-3.794,S1O
82,CP1,1,-4.283,S1O
82,CP1,2,-4.283,S1O
82,CP1,3,-2.818,S1O
82,CP1,4,-1.841,S1O
82,CP1,5,-0.865,S1O
82,CP1,6,-0.376,S1O
82,CP1,7,-0.865,S1O
82,CP1,8,-1.353,S1O
82,CP1,9,-1.353,S1O
82,CP1,10,0.112,S1O
82,CP1,11,0.600,S1O
82,CP1,12,0.600,S1O
82,CP1,13,-0.376,S1O
82,CP1,14,-1.353,S1O
82,CP1,15,-1.841,S1O
82,CP1,16,-1.353,S1O
82,CP1,17,-0.865,S1O
82,CP1,18,-0.376,S1O
82,CP1,19,-0.865,S1O
82,CP1,20,-1.353,S1O
82,CP1,21,-1.841,S1O
82,CP1,22,-1.841,S1O
82,CP1,23,-0.865,S1O
82,CP1,24,-0.376,S1O
82,CP1,25,0.112,S1O
82,CP1,26,0.600,S1O
82,CP1,27,1.577,S1O
82,CP1,28,2.553,S1O
82,CP1,29,2.553,S1O
82,CP1,30,2.553,S1O
82,CP1,31,2.065,S1O
82,CP1,32,2.065,S1O
82,CP1,33,3.042,S1O
82,CP1,34,4.995,S1O
82,CP1,35,6.948,S1O
82,CP1,36,7.924,S1O
82,CP1,37,7.436,S1O
82,CP1,38,5.483,S1O
82,CP1,39,3.042,S1O
82,CP1,40,1.577,S1O
82,CP1,41,1.088,S1O
82,CP1,42,0.600,S1O
82,CP1,43,-0.376,S1O
82,CP1,44,-2.330,S1O
82,CP1,45,-4.771,S1O
82,CP1,46,-6.236,S1O
82,CP1,47,-7.212,S1O
82,CP1,48,-7.701,S1O
82,CP1,49,-7.701,S1O
82,CP1,50,-7.212,S1O
82,CP1,51,-5.747,S1O
82,CP1,52,-4.283,S1O
82,CP1,53,-2.818,S1O
82,CP1,54,-1.841,S1O
82,CP1,55,-2.330,S1O
82,CP1,56,-3.306,S1O
82,CP1,57,-4.283,S1O
82,CP1,58,-5.259,S1O
82,CP1,59,-4.771,S1O
82,CP1,60,-4.283,S1O
82,CP1,61,-4.283,S1O
82,CP1,62,-4.283,S1O
82,CP1,63,-3.794,S1O
82,CP1,64,-3.306,S1O
82,CP1,65,-2.818,S1O
82,CP1,66,-2.330,S1O
82,CP1,67,-2.330,S1O
82,CP1,68,-2.818,S1O
82,CP1,69,-3.306,S1O
82,CP1,70,-3.306,S1O
82,CP1,71,-2.330,S1O
82,CP1,72,-1.353,S1O
82,CP1,73,-0.376,S1O
82,CP1,74,-0.376,S1O
82,CP1,75,-0.865,S1O
82,CP1,76,-1.353,S1O
82,CP1,77,-2.330,S1O
82,CP1,78,-3.306,S1O
82,CP1,79,-4.771,S1O
82,CP1,80,-5.747,S1O
82,CP1,81,-7.212,S1O
82,CP1,82,-7.212,S1O
82,CP1,83,-6.236,S1O
82,CP1,84,-5.259,S1O
82,CP1,85,-3.794,S1O
82,CP1,86,-3.794,S1O
82,CP1,87,-4.283,S1O
82,CP1,88,-4.771,S1O
82,CP1,89,-4.771,S1O
82,CP1,90,-3.794,S1O
82,CP1,91,-2.330,S1O
82,CP1,92,-0.376,S1O
82,CP1,93,1.577,S1O
82,CP1,94,2.065,S1O
82,CP1,95,2.553,S1O
82,CP1,96,2.553,S1O
82,CP1,97,2.065,S1O
82,CP1,98,2.065,S1O
82,CP1,99,2.553,S1O
82,CP1,100,3.042,S1O
82,CP1,101,3.042,S1O
82,CP1,102,3.042,S1O
82,CP1,103,2.065,S1O
82,CP1,104,1.088,S1O
82,CP1,105,0.600,S1O
82,CP1,106,0.112,S1O
82,CP1,107,0.112,S1O
82,CP1,108,-0.376,S1O
82,CP1,109,-0.376,S1O
82,CP1,110,-0.376,S1O
82,CP1,111,0.112,S1O
82,CP1,112,1.088,S1O
82,CP1,113,2.065,S1O
82,CP1,114,2.553,S1O
82,CP1,115,2.553,S1O
82,CP1,116,2.065,S1O
82,CP1,117,1.577,S1O
82,CP1,118,1.577,S1O
82,CP1,119,2.065,S1O
82,CP1,120,2.065,S1O
82,CP1,121,1.577,S1O
82,CP1,122,0.112,S1O
82,CP1,123,-1.841,S1O
82,CP1,124,-2.818,S1O
82,CP1,125,-2.818,S1O
82,CP1,126,-3.306,S1O
82,CP1,127,-3.306,S1O
82,CP1,128,-3.794,S1O
82,CP1,129,-4.283,S1O
82,CP1,130,-3.794,S1O
82,CP1,131,-2.818,S1O
82,CP1,132,-0.865,S1O
82,CP1,133,0.600,S1O
82,CP1,134,1.577,S1O
82,CP1,135,1.088,S1O
82,CP1,136,-0.376,S1O
82,CP1,137,-1.841,S1O
82,CP1,138,-2.330,S1O
82,CP1,139,-2.818,S1O
82,CP1,140,-3.306,S1O
82,CP1,141,-3.794,S1O
82,CP1,142,-4.283,S1O
82,CP1,143,-4.283,S1O
82,CP1,144,-3.794,S1O
82,CP1,145,-3.306,S1O
82,CP1,146,-2.330,S1O
82,CP1,147,-1.841,S1O
82,CP1,148,-1.841,S1O
82,CP1,149,-1.353,S1O
82,CP1,150,-0.865,S1O
82,CP1,151,-0.376,S1O
82,CP1,152,-0.865,S1O
82,CP1,153,-0.865,S1O
82,CP1,154,-1.841,S1O
82,CP1,155,-1.841,S1O
82,CP1,156,-1.353,S1O
82,CP1,157,-0.865,S1O
82,CP1,158,-0.376,S1O
82,CP1,159,-0.376,S1O
82,CP1,160,-1.353,S1O
82,CP1,161,-1.841,S1O
82,CP1,162,-1.841,S1O
82,CP1,163,-1.353,S1O
82,CP1,164,-1.353,S1O
82,CP1,165,-1.841,S1O
82,CP1,166,-2.330,S1O
82,CP1,167,-3.794,S1O
82,CP1,168,-4.283,S1O
82,CP1,169,-4.771,S1O
82,CP1,170,-4.771,S1O
82,CP1,171,-4.283,S1O
82,CP1,172,-4.283,S1O
82,CP1,173,-3.794,S1O
82,CP1,174,-3.306,S1O
82,CP1,175,-2.818,S1O
82,CP1,176,-2.818,S1O
82,CP1,177,-2.818,S1O
82,CP1,178,-3.306,S1O
82,CP1,179,-3.306,S1O
82,CP1,180,-3.306,S1O
82,CP1,181,-3.306,S1O
82,CP1,182,-3.306,S1O
82,CP1,183,-3.306,S1O
82,CP1,184,-3.306,S1O
82,CP1,185,-3.306,S1O
82,CP1,186,-3.794,S1O
82,CP1,187,-3.794,S1O
82,CP1,188,-3.794,S1O
82,CP1,189,-4.283,S1O
82,CP1,190,-4.283,S1O
82,CP1,191,-3.306,S1O
82,CP1,192,-2.818,S1O
82,CP1,193,-2.330,S1O
82,CP1,194,-1.841,S1O
82,CP1,195,-2.330,S1O
82,CP1,196,-2.330,S1O
82,CP1,197,-2.818,S1O
82,CP1,198,-2.330,S1O
82,CP1,199,-1.353,S1O
82,CP1,200,-0.865,S1O
82,CP1,201,-0.865,S1O
82,CP1,202,-0.865,S1O
82,CP1,203,-0.865,S1O
82,CP1,204,-0.376,S1O
82,CP1,205,-0.376,S1O
82,CP1,206,-0.865,S1O
82,CP1,207,-1.841,S1O
82,CP1,208,-2.330,S1O
82,CP1,209,-2.330,S1O
82,CP1,210,-2.330,S1O
82,CP1,211,-1.353,S1O
82,CP1,212,-0.376,S1O
82,CP1,213,0.112,S1O
82,CP1,214,0.600,S1O
82,CP1,215,0.600,S1O
82,CP1,216,0.600,S1O
82,CP1,217,1.088,S1O
82,CP1,218,1.088,S1O
82,CP1,219,1.088,S1O
82,CP1,220,0.600,S1O
82,CP1,221,-0.376,S1O
82,CP1,222,-0.865,S1O
82,CP1,223,-1.841,S1O
82,CP1,224,-2.818,S1O
82,CP1,225,-3.794,S1O
82,CP1,226,-4.771,S1O
82,CP1,227,-5.259,S1O
82,CP1,228,-5.259,S1O
82,CP1,229,-4.771,S1O
82,CP1,230,-4.771,S1O
82,CP1,231,-5.259,S1O
82,CP1,232,-5.747,S1O
82,CP1,233,-6.236,S1O
82,CP1,234,-5.747,S1O
82,CP1,235,-5.259,S1O
82,CP1,236,-4.283,S1O
82,CP1,237,-4.283,S1O
82,CP1,238,-4.283,S1O
82,CP1,239,-5.259,S1O
82,CP1,240,-5.747,S1O
82,CP1,241,-6.724,S1O
82,CP1,242,-7.212,S1O
82,CP1,243,-8.189,S1O
82,CP1,244,-8.677,S1O
82,CP1,245,-8.189,S1O
82,CP1,246,-7.701,S1O
82,CP1,247,-7.212,S1O
82,CP1,248,-6.236,S1O
82,CP1,249,-5.747,S1O
82,CP1,250,-5.259,S1O
82,CP1,251,-5.259,S1O
82,CP1,252,-5.747,S1O
82,CP1,253,-6.236,S1O
82,CP1,254,-6.724,S1O
82,CP1,255,-7.212,S1O
82,CP2,0,-3.510,S1O
82,CP2,1,-4.486,S1O
82,CP2,2,-4.974,S1O
82,CP2,3,-4.486,S1O
82,CP2,4,-3.998,S1O
82,CP2,5,-3.021,S1O
82,CP2,6,-2.533,S1O
82,CP2,7,-2.045,S1O
82,CP2,8,-2.045,S1O
82,CP2,9,-1.556,S1O
82,CP2,10,-1.556,S1O
82,CP2,11,-1.556,S1O
82,CP2,12,-1.068,S1O
82,CP2,13,-0.092,S1O
82,CP2,14,0.397,S1O
82,CP2,15,1.862,S1O
82,CP2,16,2.838,S1O
82,CP2,17,3.815,S1O
82,CP2,18,3.326,S1O
82,CP2,19,2.350,S1O
82,CP2,20,0.397,S1O
82,CP2,21,-1.556,S1O
82,CP2,22,-2.533,S1O
82,CP2,23,-2.045,S1O
82,CP2,24,-1.068,S1O
82,CP2,25,0.397,S1O
82,CP2,26,1.373,S1O
82,CP2,27,1.373,S1O
82,CP2,28,0.885,S1O
82,CP2,29,0.397,S1O
82,CP2,30,0.397,S1O
82,CP2,31,0.397,S1O
82,CP2,32,0.397,S1O
82,CP2,33,-0.092,S1O
82,CP2,34,-0.580,S1O
82,CP2,35,-0.092,S1O
82,CP2,36,0.885,S1O
82,CP2,37,2.350,S1O
82,CP2,38,2.838,S1O
82,CP2,39,2.350,S1O
82,CP2,40,0.885,S1O
82,CP2,41,-1.068,S1O
82,CP2,42,-2.533,S1O
82,CP2,43,-3.510,S1O
82,CP2,44,-3.998,S1O
82,CP2,45,-4.486,S1O
82,CP2,46,-4.974,S1O
82,CP2,47,-5.463,S1O
82,CP2,48,-5.463,S1O
82,CP2,49,-4.974,S1O
82,CP2,50,-3.998,S1O
82,CP2,51,-3.021,S1O
82,CP2,52,-3.021,S1O
82,CP2,53,-3.021,S1O
82,CP2,54,-4.486,S1O
82,CP2,55,-5.951,S1O
82,CP2,56,-6.927,S1O
82,CP2,57,-7.416,S1O
82,CP2,58,-7.416,S1O
82,CP2,59,-6.927,S1O
82,CP2,60,-6.439,S1O
82,CP2,61,-5.463,S1O
82,CP2,62,-4.486,S1O
82,CP2,63,-3.021,S1O
82,CP2,64,-1.556,S1O
82,CP2,65,-1.068,S1O
82,CP2,66,-1.556,S1O
82,CP2,67,-2.045,S1O
82,CP2,68,-3.021,S1O
82,CP2,69,-3.510,S1O
82,CP2,70,-3.510,S1O
82,CP2,71,-3.021,S1O
82,CP2,72,-2.533,S1O
82,CP2,73,-2.533,S1O
82,CP2,74,-2.045,S1O
82,CP2,75,-1.068,S1O
82,CP2,76,0.397,S1O
82,CP2,77,1.862,S1O
82,CP2,78,2.350,S1O
82,CP2,79,2.350,S1O
82,CP2,80,0.885,S1O
82,CP2,81,-0.092,S1O
82,CP2,82,-0.580,S1O
82,CP2,83,-0.092,S1O
82,CP2,84,0.397,S1O
82,CP2,85,0.885,S1O
82,CP2,86,-0.092,S1O
82,CP2,87,-0.580,S1O
82,CP2,88,-0.580,S1O
82,CP2,89,0.397,S1O
82,CP2,90,1.862,S1O
82,CP2,91,3.815,S1O
82,CP2,92,6.256,S1O
82,CP2,93,7.721,S1O
82,CP2,94,8.698,S1O
82,CP2,95,9.186,S1O
82,CP2,96,9.186,S1O
82,CP2,97,8.209,S1O
82,CP2,98,7.233,S1O
82,CP2,99,5.768,S1O
82,CP2,100,5.768,S1O
82,CP2,101,4.791,S1O
82,CP2,102,3.326,S1O
82,CP2,103,1.373,S1O
82,CP2,104,-1.068,S1O
82,CP2,105,-3.510,S1O
82,CP2,106,-4.486,S1O
82,CP2,107,-3.998,S1O
82,CP2,108,-3.021,S1O
82,CP2,109,-1.556,S1O
82,CP2,110,-1.068,S1O
82,CP2,111,-0.580,S1O
82,CP2,112,0.885,S1O
82,CP2,113,2.350,S1O
82,CP2,114,4.791,S1O
82,CP2,115,6.744,S1O
82,CP2,116,8.209,S1O
82,CP2,117,7.233,S1O
82,CP2,118,6.256,S1O
82,CP2,119,5.280,S1O
82,CP2,120,4.791,S1O
82,CP2,121,4.791,S1O
82,CP2,122,4.791,S1O
82,CP2,123,4.303,S1O
82,CP2,124,3.326,S1O
82,CP2,125,2.350,S1O
82,CP2,126,1.862,S1O
82,CP2,127,1.862,S1O
82,CP2,128,2.350,S1O
82,CP2,129,2.350,S1O
82,CP2,130,2.350,S1O
82,CP2,131,1.862,S1O
82,CP2,132,1.373,S1O
82,CP2,133,1.373,S1O
82,CP2,134,1.373,S1O
82,CP2,135,1.862,S1O
82,CP2,136,1.862,S1O
82,CP2,137,1.862,S1O
82,CP2,138,1.373,S1O
82,CP2,139,0.397,S1O
82,CP2,140,-0.580,S1O
82,CP2,141,-1.068,S1O
82,CP2,142,-1.556,S1O
82,CP2,143,-2.045,S1O
82,CP2,144,-2.045,S1O
82,CP2,145,-2.533,S1O
82,CP2,146,-2.045,S1O
82,CP2,147,-1.556,S1O
82,CP2,148,-1.068,S1O
82,CP2,149,-1.068,S1O
82,CP2,150,-0.580,S1O
82,CP2,151,-0.580,S1O
82,CP2,152,-0.092,S1O
82,CP2,153,0.885,S1O
82,CP2,154,0.885,S1O
82,CP2,155,0.885,S1O
82,CP2,156,-0.092,S1O
82,CP2,157,-1.068,S1O
82,CP2,158,-2.533,S1O
82,CP2,159,-3.510,S1O
82,CP2,160,-4.486,S1O
82,CP2,161,-3.998,S1O
82,CP2,162,-3.510,S1O
82,CP2,163,-3.021,S1O
82,CP2,164,-2.533,S1O
82,CP2,165,-2.533,S1O
82,CP2,166,-3.510,S1O
82,CP2,167,-3.998,S1O
82,CP2,168,-4.486,S1O
82,CP2,169,-3.998,S1O
82,CP2,170,-3.510,S1O
82,CP2,171,-3.510,S1O
82,CP2,172,-3.510,S1O
82,CP2,173,-3.510,S1O
82,CP2,174,-4.486,S1O
82,CP2,175,-4.974,S1O
82,CP2,176,-4.974,S1O
82,CP2,177,-4.486,S1O
82,CP2,178,-3.510,S1O
82,CP2,179,-2.533,S1O
82,CP2,180,-2.045,S1O
82,CP2,181,-1.556,S1O
82,CP2,182,-1.068,S1O
82,CP2,183,-1.556,S1O
82,CP2,184,-2.045,S1O
82,CP2,185,-2.533,S1O
82,CP2,186,-3.510,S1O
82,CP2,187,-3.510,S1O
82,CP2,188,-3.510,S1O
82,CP2,189,-3.021,S1O
82,CP2,190,-2.533,S1O
82,CP2,191,-2.045,S1O
82,CP2,192,-2.045,S1O
82,CP2,193,-1.068,S1O
82,CP2,194,-0.580,S1O
82,CP2,195,-0.580,S1O
82,CP2,196,-0.580,S1O
82,CP2,197,-1.068,S1O
82,CP2,198,-1.068,S1O
82,CP2,199,-1.068,S1O
82,CP2,200,-0.580,S1O
82,CP2,201,-0.092,S1O
82,CP2,202,0.397,S1O
82,CP2,203,0.885,S1O
82,CP2,204,1.373,S1O
82,CP2,205,1.862,S1O
82,CP2,206,1.373,S1O
82,CP2,207,-0.092,S1O
82,CP2,208,-2.045,S1O
82,CP2,209,-3.510,S1O
82,CP2,210,-4.486,S1O
82,CP2,211,-3.510,S1O
82,CP2,212,-2.533,S1O
82,CP2,213,-2.045,S1O
82,CP2,214,-1.556,S1O
82,CP2,215,-1.556,S1O
82,CP2,216,-1.068,S1O
82,CP2,217,0.397,S1O
82,CP2,218,2.350,S1O
82,CP2,219,3.326,S1O
82,CP2,220,2.838,S1O
82,CP2,221,1.862,S1O
82,CP2,222,-0.092,S1O
82,CP2,223,-1.556,S1O
82,CP2,224,-2.533,S1O
82,CP2,225,-3.021,S1O
82,CP2,226,-3.998,S1O
82,CP2,227,-5.463,S1O
82,CP2,228,-6.439,S1O
82,CP2,229,-6.439,S1O
82,CP2,230,-5.951,S1O
82,CP2,231,-3.998,S1O
82,CP2,232,-3.021,S1O
82,CP2,233,-2.045,S1O
82,CP2,234,-2.533,S1O
82,CP2,235,-2.533,S1O
82,CP2,236,-2.045,S1O
82,CP2,237,-1.556,S1O
82,CP2,238,-1.068,S1O
82,CP2,239,-1.556,S1O
82,CP2,240,-3.021,S1O
82,CP2,241,-5.951,S1O
82,CP2,242,-8.392,S1O
82,CP2,243,-10.345,S1O
82,CP2,244,-10.834,S1O
82,CP2,245,-10.345,S1O
82,CP2,246,-8.881,S1O
82,CP2,247,-6.439,S1O
82,CP2,248,-4.974,S1O
82,CP2,249,-3.510,S1O
82,CP2,250,-2.533,S1O
82,CP2,251,-2.533,S1O
82,CP2,252,-3.021,S1O
82,CP2,253,-3.021,S1O
82,CP2,254,-3.510,S1O
82,CP2,255,-4.486,S1O
82,P3,0,-3.143,S1O
82,P3,1,-4.608,S1O
82,P3,2,-5.585,S1O
82,P3,3,-4.608,S1O
82,P3,4,-3.143,S1O
82,P3,5,-1.678,S1O
82,P3,6,-1.190,S1O
82,P3,7,-1.190,S1O
82,P3,8,-1.190,S1O
82,P3,9,-0.214,S1O
82,P3,10,1.251,S1O
82,P3,11,2.228,S1O
82,P3,12,1.740,S1O
82,P3,13,0.275,S1O
82,P3,14,-2.167,S1O
82,P3,15,-3.143,S1O
82,P3,16,-2.655,S1O
82,P3,17,-1.678,S1O
82,P3,18,-0.214,S1O
82,P3,19,-0.214,S1O
82,P3,20,-0.214,S1O
82,P3,21,-0.702,S1O
82,P3,22,-0.214,S1O
82,P3,23,0.763,S1O
82,P3,24,1.740,S1O
82,P3,25,2.228,S1O
82,P3,26,2.716,S1O
82,P3,27,3.204,S1O
82,P3,28,4.181,S1O
82,P3,29,4.181,S1O
82,P3,30,3.693,S1O
82,P3,31,2.716,S1O
82,P3,32,1.740,S1O
82,P3,33,2.228,S1O
82,P3,34,5.157,S1O
82,P3,35,9.064,S1O
82,P3,36,11.505,S1O
82,P3,37,11.505,S1O
82,P3,38,8.575,S1O
82,P3,39,4.669,S1O
82,P3,40,1.740,S1O
82,P3,41,-0.214,S1O
82,P3,42,-1.190,S1O
82,P3,43,-2.655,S1O
82,P3,44,-5.585,S1O
82,P3,45,-8.514,S1O
82,P3,46,-12.421,S1O
82,P3,47,-14.374,S1O
82,P3,48,-14.862,S1O
82,P3,49,-14.374,S1O
82,P3,50,-12.421,S1O
82,P3,51,-10.468,S1O
82,P3,52,-9.003,S1O
82,P3,53,-7.538,S1O
82,P3,54,-7.050,S1O
82,P3,55,-7.050,S1O
82,P3,56,-7.538,S1O
82,P3,57,-8.026,S1O
82,P3,58,-7.538,S1O
82,P3,59,-6.561,S1O
82,P3,60,-5.585,S1O
82,P3,61,-4.120,S1O
82,P3,62,-3.143,S1O
82,P3,63,-2.655,S1O
82,P3,64,-2.167,S1O
82,P3,65,-2.167,S1O
82,P3,66,-2.655,S1O
82,P3,67,-3.632,S1O
82,P3,68,-5.096,S1O
82,P3,69,-5.585,S1O
82,P3,70,-5.585,S1O
82,P3,71,-3.632,S1O
82,P3,72,-1.678,S1O
82,P3,73,-0.214,S1O
82,P3,74,0.275,S1O
82,P3,75,0.275,S1O
82,P3,76,-0.702,S1O
82,P3,77,-2.655,S1O
82,P3,78,-4.608,S1O
82,P3,79,-7.538,S1O
82,P3,80,-10.956,S1O
82,P3,81,-13.397,S1O
82,P3,82,-14.374,S1O
82,P3,83,-13.397,S1O
82,P3,84,-11.444,S1O
82,P3,85,-9.979,S1O
82,P3,86,-9.491,S1O
82,P3,87,-10.468,S1O
82,P3,88,-10.468,S1O
82,P3,89,-9.003,S1O
82,P3,90,-6.073,S1O
82,P3,91,-2.655,S1O
82,P3,92,0.275,S1O
82,P3,93,2.716,S1O
82,P3,94,3.693,S1O
82,P3,95,4.669,S1O
82,P3,96,5.157,S1O
82,P3,97,5.157,S1O
82,P3,98,5.646,S1O
82,P3,99,5.646,S1O
82,P3,100,5.157,S1O
82,P3,101,4.181,S1O
82,P3,102,2.716,S1O
82,P3,103,1.251,S1O
82,P3,104,-0.214,S1O
82,P3,105,-1.190,S1O
82,P3,106,-1.678,S1O
82,P3,107,-1.678,S1O
82,P3,108,-1.190,S1O
82,P3,109,-1.678,S1O
82,P3,110,-1.190,S1O
82,P3,111,-0.702,S1O
82,P3,112,0.275,S1O
82,P3,113,1.740,S1O
82,P3,114,2.716,S1O
82,P3,115,2.716,S1O
82,P3,116,1.740,S1O
82,P3,117,1.251,S1O
82,P3,118,1.251,S1O
82,P3,119,1.251,S1O
82,P3,120,1.251,S1O
82,P3,121,0.763,S1O
82,P3,122,-1.190,S1O
82,P3,123,-2.655,S1O
82,P3,124,-4.120,S1O
82,P3,125,-4.120,S1O
82,P3,126,-3.632,S1O
82,P3,127,-3.143,S1O
82,P3,128,-3.632,S1O
82,P3,129,-3.632,S1O
82,P3,130,-2.655,S1O
82,P3,131,-0.702,S1O
82,P3,132,1.740,S1O
82,P3,133,3.693,S1O
82,P3,134,4.181,S1O
82,P3,135,3.204,S1O
82,P3,136,1.251,S1O
82,P3,137,-1.190,S1O
82,P3,138,-2.655,S1O
82,P3,139,-3.632,S1O
82,P3,140,-4.608,S1O
82,P3,141,-5.585,S1O
82,P3,142,-6.561,S1O
82,P3,143,-7.050,S1O
82,P3,144,-6.561,S1O
82,P3,145,-5.585,S1O
82,P3,146,-4.120,S1O
82,P3,147,-3.632,S1O
82,P3,148,-3.143,S1O
82,P3,149,-2.655,S1O
82,P3,150,-1.678,S1O
82,P3,151,-0.702,S1O
82,P3,152,-0.214,S1O
82,P3,153,0.275,S1O
82,P3,154,-0.214,S1O
82,P3,155,-0.702,S1O
82,P3,156,-0.702,S1O
82,P3,157,-0.702,S1O
82,P3,158,-1.190,S1O
82,P3,159,-2.167,S1O
82,P3,160,-3.143,S1O
82,P3,161,-3.632,S1O
82,P3,162,-3.143,S1O
82,P3,163,-2.655,S1O
82,P3,164,-2.167,S1O
82,P3,165,-2.655,S1O
82,P3,166,-4.120,S1O
82,P3,167,-6.561,S1O
82,P3,168,-8.026,S1O
82,P3,169,-9.491,S1O
82,P3,170,-9.979,S1O
82,P3,171,-10.468,S1O
82,P3,172,-10.956,S1O
82,P3,173,-10.468,S1O
82,P3,174,-9.491,S1O
82,P3,175,-8.514,S1O
82,P3,176,-7.538,S1O
82,P3,177,-7.050,S1O
82,P3,178,-6.561,S1O
82,P3,179,-7.050,S1O
82,P3,180,-6.561,S1O
82,P3,181,-6.073,S1O
82,P3,182,-5.585,S1O
82,P3,183,-5.096,S1O
82,P3,184,-5.585,S1O
82,P3,185,-6.561,S1O
82,P3,186,-8.514,S1O
82,P3,187,-10.468,S1O
82,P3,188,-11.444,S1O
82,P3,189,-11.932,S1O
82,P3,190,-10.956,S1O
82,P3,191,-9.491,S1O
82,P3,192,-7.538,S1O
82,P3,193,-6.073,S1O
82,P3,194,-5.585,S1O
82,P3,195,-5.585,S1O
82,P3,196,-5.585,S1O
82,P3,197,-5.585,S1O
82,P3,198,-5.096,S1O
82,P3,199,-4.608,S1O
82,P3,200,-4.608,S1O
82,P3,201,-5.096,S1O
82,P3,202,-4.608,S1O
82,P3,203,-4.120,S1O
82,P3,204,-3.632,S1O
82,P3,205,-3.143,S1O
82,P3,206,-3.632,S1O
82,P3,207,-5.096,S1O
82,P3,208,-6.561,S1O
82,P3,209,-7.050,S1O
82,P3,210,-7.050,S1O
82,P3,211,-6.073,S1O
82,P3,212,-4.608,S1O
82,P3,213,-3.632,S1O
82,P3,214,-3.143,S1O
82,P3,215,-2.655,S1O
82,P3,216,-2.167,S1O
82,P3,217,-1.678,S1O
82,P3,218,-0.702,S1O
82,P3,219,-0.702,S1O
82,P3,220,-1.190,S1O
82,P3,221,-2.167,S1O
82,P3,222,-3.143,S1O
82,P3,223,-4.120,S1O
82,P3,224,-5.096,S1O
82,P3,225,-6.561,S1O
82,P3,226,-8.026,S1O
82,P3,227,-9.003,S1O
82,P3,228,-9.979,S1O
82,P3,229,-9.979,S1O
82,P3,230,-9.979,S1O
82,P3,231,-10.468,S1O
82,P3,232,-11.444,S1O
82,P3,233,-12.421,S1O
82,P3,234,-12.421,S1O
82,P3,235,-11.444,S1O
82,P3,236,-9.979,S1O
82,P3,237,-9.491,S1O
82,P3,238,-9.003,S1O
82,P3,239,-9.979,S1O
82,P3,240,-11.444,S1O
82,P3,241,-12.909,S1O
82,P3,242,-14.374,S1O
82,P3,243,-15.839,S1O
82,P3,244,-16.327,S1O
82,P3,245,-16.327,S1O
82,P3,246,-15.350,S1O
82,P3,247,-13.885,S1O
82,P3,248,-11.932,S1O
82,P3,249,-9.979,S1O
82,P3,250,-9.003,S1O
82,P3,251,-9.003,S1O
82,P3,252,-9.979,S1O
82,P3,253,-10.956,S1O
82,P3,254,-12.421,S1O
82,P3,255,-13.885,S1O
82,P4,0,-3.255,S1O
82,P4,1,-4.720,S1O
82,P4,2,-6.185,S1O
82,P4,3,-7.650,S1O
82,P4,4,-8.138,S1O
82,P4,5,-7.650,S1O
82,P4,6,-7.161,S1O
82,P4,7,-5.208,S1O
82,P4,8,-4.232,S1O
82,P4,9,-3.743,S1O
82,P4,10,-3.255,S1O
82,P4,11,-2.767,S1O
82,P4,12,-1.790,S1O
82,P4,13,-0.326,S1O
82,P4,14,1.628,S1O
82,P4,15,3.581,S1O
82,P4,16,5.534,S1O
82,P4,17,6.999,S1O
82,P4,18,7.487,S1O
82,P4,19,6.510,S1O
82,P4,20,3.581,S1O
82,P4,21,0.651,S1O
82,P4,22,-1.302,S1O
82,P4,23,-0.814,S1O
82,P4,24,0.651,S1O
82,P4,25,2.604,S1O
82,P4,26,3.581,S1O
82,P4,27,3.581,S1O
82,P4,28,3.581,S1O
82,P4,29,3.581,S1O
82,P4,30,4.069,S1O
82,P4,31,4.069,S1O
82,P4,32,3.092,S1O
82,P4,33,1.139,S1O
82,P4,34,-0.814,S1O
82,P4,35,-0.814,S1O
82,P4,36,0.163,S1O
82,P4,37,2.116,S1O
82,P4,38,3.092,S1O
82,P4,39,2.116,S1O
82,P4,40,-0.326,S1O
82,P4,41,-2.767,S1O
82,P4,42,-4.720,S1O
82,P4,43,-6.185,S1O
82,P4,44,-6.673,S1O
82,P4,45,-7.650,S1O
82,P4,46,-9.603,S1O
82,P4,47,-11.068,S1O
82,P4,48,-11.556,S1O
82,P4,49,-11.068,S1O
82,P4,50,-9.115,S1O
82,P4,51,-6.673,S1O
82,P4,52,-5.208,S1O
82,P4,53,-5.208,S1O
82,P4,54,-7.161,S1O
82,P4,55,-9.115,S1O
82,P4,56,-10.579,S1O
82,P4,57,-10.579,S1O
82,P4,58,-9.115,S1O
82,P4,59,-7.650,S1O
82,P4,60,-6.185,S1O
82,P4,61,-5.208,S1O
82,P4,62,-3.255,S1O
82,P4,63,-1.302,S1O
82,P4,64,1.139,S1O
82,P4,65,1.139,S1O
82,P4,66,-0.814,S1O
82,P4,67,-3.743,S1O
82,P4,68,-6.185,S1O
82,P4,69,-6.673,S1O
82,P4,70,-5.208,S1O
82,P4,71,-2.767,S1O
82,P4,72,-1.302,S1O
82,P4,73,-1.302,S1O
82,P4,74,-0.814,S1O
82,P4,75,0.651,S1O
82,P4,76,3.092,S1O
82,P4,77,5.534,S1O
82,P4,78,6.999,S1O
82,P4,79,5.046,S1O
82,P4,80,2.116,S1O
82,P4,81,-0.326,S1O
82,P4,82,-0.814,S1O
82,P4,83,0.163,S1O
82,P4,84,1.139,S1O
82,P4,85,0.651,S1O
82,P4,86,-0.814,S1O
82,P4,87,-2.279,S1O
82,P4,88,-2.279,S1O
82,P4,89,-0.814,S1O
82,P4,90,2.116,S1O
82,P4,91,5.046,S1O
82,P4,92,7.975,S1O
82,P4,93,10.417,S1O
82,P4,94,12.858,S1O
82,P4,95,14.323,S1O
82,P4,96,14.323,S1O
82,P4,97,13.346,S1O
82,P4,98,10.905,S1O
82,P4,99,8.464,S1O
82,P4,100,6.999,S1O
82,P4,101,5.046,S1O
82,P4,102,3.092,S1O
82,P4,103,-0.814,S1O
82,P4,104,-5.697,S1O
82,P4,105,-10.091,S1O
82,P4,106,-12.533,S1O
82,P4,107,-11.556,S1O
82,P4,108,-9.115,S1O
82,P4,109,-6.185,S1O
82,P4,110,-4.232,S1O
82,P4,111,-2.767,S1O
82,P4,112,-0.814,S1O
82,P4,113,1.628,S1O
82,P4,114,5.534,S1O
82,P4,115,8.952,S1O
82,P4,116,10.905,S1O
82,P4,117,9.928,S1O
82,P4,118,6.999,S1O
82,P4,119,4.557,S1O
82,P4,120,3.092,S1O
82,P4,121,2.604,S1O
82,P4,122,2.604,S1O
82,P4,123,2.604,S1O
82,P4,124,2.116,S1O
82,P4,125,2.116,S1O
82,P4,126,2.116,S1O
82,P4,127,3.092,S1O
82,P4,128,3.581,S1O
82,P4,129,3.581,S1O
82,P4,130,3.092,S1O
82,P4,131,2.604,S1O
82,P4,132,2.116,S1O
82,P4,133,2.116,S1O
82,P4,134,2.116,S1O
82,P4,135,2.116,S1O
82,P4,136,1.628,S1O
82,P4,137,1.139,S1O
82,P4,138,0.163,S1O
82,P4,139,-1.302,S1O
82,P4,140,-2.279,S1O
82,P4,141,-3.743,S1O
82,P4,142,-5.697,S1O
82,P4,143,-6.673,S1O
82,P4,144,-7.650,S1O
82,P4,145,-7.650,S1O
82,P4,146,-7.161,S1O
82,P4,147,-6.185,S1O
82,P4,148,-5.697,S1O
82,P4,149,-4.720,S1O
82,P4,150,-3.743,S1O
82,P4,151,-1.790,S1O
82,P4,152,0.163,S1O
82,P4,153,1.628,S1O
82,P4,154,2.604,S1O
82,P4,155,1.628,S1O
82,P4,156,0.163,S1O
82,P4,157,-2.767,S1O
82,P4,158,-5.697,S1O
82,P4,159,-8.138,S1O
82,P4,160,-9.115,S1O
82,P4,161,-8.626,S1O
82,P4,162,-7.161,S1O
82,P4,163,-6.185,S1O
82,P4,164,-5.697,S1O
82,P4,165,-6.673,S1O
82,P4,166,-8.138,S1O
82,P4,167,-9.603,S1O
82,P4,168,-10.579,S1O
82,P4,169,-10.091,S1O
82,P4,170,-10.091,S1O
82,P4,171,-10.091,S1O
82,P4,172,-11.068,S1O
82,P4,173,-12.044,S1O
82,P4,174,-13.021,S1O
82,P4,175,-12.533,S1O
82,P4,176,-12.044,S1O
82,P4,177,-11.068,S1O
82,P4,178,-10.091,S1O
82,P4,179,-8.138,S1O
82,P4,180,-6.185,S1O
82,P4,181,-3.743,S1O
82,P4,182,-2.767,S1O
82,P4,183,-3.255,S1O
82,P4,184,-5.208,S1O
82,P4,185,-7.650,S1O
82,P4,186,-9.603,S1O
82,P4,187,-10.091,S1O
82,P4,188,-9.603,S1O
82,P4,189,-8.626,S1O
82,P4,190,-8.626,S1O
82,P4,191,-7.650,S1O
82,P4,192,-6.673,S1O
82,P4,193,-5.697,S1O
82,P4,194,-4.720,S1O
82,P4,195,-4.232,S1O
82,P4,196,-5.208,S1O
82,P4,197,-6.185,S1O
82,P4,198,-6.673,S1O
82,P4,199,-6.185,S1O
82,P4,200,-5.697,S1O
82,P4,201,-4.720,S1O
82,P4,202,-3.743,S1O
82,P4,203,-2.279,S1O
82,P4,204,-0.814,S1O
82,P4,205,0.163,S1O
82,P4,206,-0.814,S1O
82,P4,207,-3.743,S1O
82,P4,208,-7.650,S1O
82,P4,209,-11.068,S1O
82,P4,210,-12.533,S1O
82,P4,211,-11.556,S1O
82,P4,212,-10.091,S1O
82,P4,213,-8.626,S1O
82,P4,214,-7.650,S1O
82,P4,215,-7.161,S1O
82,P4,216,-5.208,S1O
82,P4,217,-1.790,S1O
82,P4,218,1.628,S1O
82,P4,219,3.581,S1O
82,P4,220,3.092,S1O
82,P4,221,1.139,S1O
82,P4,222,-1.790,S1O
82,P4,223,-3.743,S1O
82,P4,224,-4.720,S1O
82,P4,225,-5.697,S1O
82,P4,226,-7.650,S1O
82,P4,227,-10.579,S1O
82,P4,228,-13.021,S1O
82,P4,229,-13.509,S1O
82,P4,230,-12.533,S1O
82,P4,231,-10.579,S1O
82,P4,232,-8.626,S1O
82,P4,233,-7.650,S1O
82,P4,234,-7.161,S1O
82,P4,235,-6.673,S1O
82,P4,236,-5.208,S1O
82,P4,237,-4.232,S1O
82,P4,238,-3.255,S1O
82,P4,239,-5.208,S1O
82,P4,240,-8.626,S1O
82,P4,241,-13.997,S1O
82,P4,242,-18.880,S1O
82,P4,243,-22.298,S1O
82,P4,244,-23.275,S1O
82,P4,245,-21.322,S1O
82,P4,246,-17.904,S1O
82,P4,247,-13.021,S1O
82,P4,248,-9.115,S1O
82,P4,249,-6.673,S1O
82,P4,250,-6.185,S1O
82,P4,251,-7.161,S1O
82,P4,252,-7.650,S1O
82,P4,253,-8.138,S1O
82,P4,254,-8.138,S1O
82,P4,255,-8.626,S1O
82,PZ,0,-5.870,S1O
82,PZ,1,-7.823,S1O
82,PZ,2,-8.799,S1O
82,PZ,3,-8.799,S1O
82,PZ,4,-7.823,S1O
82,PZ,5,-6.358,S1O
82,PZ,6,-5.381,S1O
82,PZ,7,-4.893,S1O
82,PZ,8,-3.916,S1O
82,PZ,9,-3.428,S1O
82,PZ,10,-2.452,S1O
82,PZ,11,-1.963,S1O
82,PZ,12,-1.963,S1O
82,PZ,13,-2.940,S1O
82,PZ,14,-2.940,S1O
82,PZ,15,-2.452,S1O
82,PZ,16,-0.987,S1O
82,PZ,17,0.478,S1O
82,PZ,18,1.455,S1O
82,PZ,19,0.478,S1O
82,PZ,20,-0.987,S1O
82,PZ,21,-2.940,S1O
82,PZ,22,-3.916,S1O
82,PZ,23,-3.428,S1O
82,PZ,24,-2.452,S1O
82,PZ,25,-0.987,S1O
82,PZ,26,-0.498,S1O
82,PZ,27,-0.010,S1O
82,PZ,28,-0.498,S1O
82,PZ,29,-0.010,S1O
82,PZ,30,-0.010,S1O
82,PZ,31,-0.498,S1O
82,PZ,32,-0.498,S1O
82,PZ,33,-0.498,S1O
82,PZ,34,0.966,S1O
82,PZ,35,2.431,S1O
82,PZ,36,4.384,S1O
82,PZ,37,4.873,S1O
82,PZ,38,3.896,S1O
82,PZ,39,1.943,S1O
82,PZ,40,-0.010,S1O
82,PZ,41,-1.963,S1O
82,PZ,42,-3.428,S1O
82,PZ,43,-4.405,S1O
82,PZ,44,-5.870,S1O
82,PZ,45,-7.823,S1O
82,PZ,46,-10.264,S1O
82,PZ,47,-12.217,S1O
82,PZ,48,-13.194,S1O
82,PZ,49,-12.217,S1O
82,PZ,50,-10.752,S1O
82,PZ,51,-9.288,S1O
82,PZ,52,-8.311,S1O
82,PZ,53,-7.823,S1O
82,PZ,54,-8.311,S1O
82,PZ,55,-9.288,S1O
82,PZ,56,-10.752,S1O
82,PZ,57,-11.241,S1O
82,PZ,58,-11.729,S1O
82,PZ,59,-11.241,S1O
82,PZ,60,-10.264,S1O
82,PZ,61,-9.288,S1O
82,PZ,62,-7.823,S1O
82,PZ,63,-5.870,S1O
82,PZ,64,-3.916,S1O
82,PZ,65,-2.940,S1O
82,PZ,66,-3.428,S1O
82,PZ,67,-4.893,S1O
82,PZ,68,-6.358,S1O
82,PZ,69,-7.334,S1O
82,PZ,70,-6.846,S1O
82,PZ,71,-5.870,S1O
82,PZ,72,-4.405,S1O
82,PZ,73,-4.405,S1O
82,PZ,74,-4.405,S1O
82,PZ,75,-4.893,S1O
82,PZ,76,-4.405,S1O
82,PZ,77,-4.405,S1O
82,PZ,78,-4.405,S1O
82,PZ,79,-6.358,S1O
82,PZ,80,-8.799,S1O
82,PZ,81,-11.241,S1O
82,PZ,82,-11.729,S1O
82,PZ,83,-10.752,S1O
82,PZ,84,-8.799,S1O
82,PZ,85,-7.334,S1O
82,PZ,86,-7.334,S1O
82,PZ,87,-7.823,S1O
82,PZ,88,-7.823,S1O
82,PZ,89,-6.846,S1O
82,PZ,90,-3.916,S1O
82,PZ,91,-0.010,S1O
82,PZ,92,3.408,S1O
82,PZ,93,5.849,S1O
82,PZ,94,7.314,S1O
82,PZ,95,7.802,S1O
82,PZ,96,7.802,S1O
82,PZ,97,7.314,S1O
82,PZ,98,5.849,S1O
82,PZ,99,4.384,S1O
82,PZ,100,2.920,S1O
82,PZ,101,1.455,S1O
82,PZ,102,-0.987,S1O
82,PZ,103,-3.916,S1O
82,PZ,104,-6.846,S1O
82,PZ,105,-9.288,S1O
82,PZ,106,-10.752,S1O
82,PZ,107,-10.752,S1O
82,PZ,108,-10.264,S1O
82,PZ,109,-9.288,S1O
82,PZ,110,-8.311,S1O
82,PZ,111,-6.846,S1O
82,PZ,112,-4.893,S1O
82,PZ,113,-1.963,S1O
82,PZ,114,0.478,S1O
82,PZ,115,3.408,S1O
82,PZ,116,4.384,S1O
82,PZ,117,4.384,S1O
82,PZ,118,3.408,S1O
82,PZ,119,2.920,S1O
82,PZ,120,1.943,S1O
82,PZ,121,1.455,S1O
82,PZ,122,0.478,S1O
82,PZ,123,-0.498,S1O
82,PZ,124,-1.475,S1O
82,PZ,125,-2.452,S1O
82,PZ,126,-3.428,S1O
82,PZ,127,-3.428,S1O
82,PZ,128,-3.428,S1O
82,PZ,129,-3.428,S1O
82,PZ,130,-2.940,S1O
82,PZ,131,-2.452,S1O
82,PZ,132,-1.475,S1O
82,PZ,133,-0.498,S1O
82,PZ,134,-0.498,S1O
82,PZ,135,-0.498,S1O
82,PZ,136,-0.987,S1O
82,PZ,137,-1.963,S1O
82,PZ,138,-2.940,S1O
82,PZ,139,-4.405,S1O
82,PZ,140,-5.381,S1O
82,PZ,141,-6.358,S1O
82,PZ,142,-7.334,S1O
82,PZ,143,-7.823,S1O
82,PZ,144,-7.823,S1O
82,PZ,145,-7.334,S1O
82,PZ,146,-6.846,S1O
82,PZ,147,-6.358,S1O
82,PZ,148,-6.358,S1O
82,PZ,149,-6.358,S1O
82,PZ,150,-5.870,S1O
82,PZ,151,-5.381,S1O
82,PZ,152,-4.405,S1O
82,PZ,153,-3.916,S1O
82,PZ,154,-3.428,S1O
82,PZ,155,-3.916,S1O
82,PZ,156,-4.405,S1O
82,PZ,157,-4.893,S1O
82,PZ,158,-6.358,S1O
82,PZ,159,-7.334,S1O
82,PZ,160,-7.823,S1O
82,PZ,161,-7.823,S1O
82,PZ,162,-7.334,S1O
82,PZ,163,-6.358,S1O
82,PZ,164,-5.870,S1O
82,PZ,165,-6.358,S1O
82,PZ,166,-7.823,S1O
82,PZ,167,-9.288,S1O
82,PZ,168,-10.752,S1O
82,PZ,169,-10.752,S1O
82,PZ,170,-11.241,S1O
82,PZ,171,-11.241,S1O
82,PZ,172,-11.729,S1O
82,PZ,173,-11.729,S1O
82,PZ,174,-12.217,S1O
82,PZ,175,-11.729,S1O
82,PZ,176,-11.241,S1O
82,PZ,177,-10.264,S1O
82,PZ,178,-9.776,S1O
82,PZ,179,-8.799,S1O
82,PZ,180,-8.311,S1O
82,PZ,181,-7.823,S1O
82,PZ,182,-7.823,S1O
82,PZ,183,-8.311,S1O
82,PZ,184,-9.288,S1O
82,PZ,185,-10.752,S1O
82,PZ,186,-11.729,S1O
82,PZ,187,-12.705,S1O
82,PZ,188,-12.705,S1O
82,PZ,189,-12.705,S1O
82,PZ,190,-12.217,S1O
82,PZ,191,-11.729,S1O
82,PZ,192,-10.752,S1O
82,PZ,193,-10.264,S1O
82,PZ,194,-9.776,S1O
82,PZ,195,-9.776,S1O
82,PZ,196,-9.288,S1O
82,PZ,197,-9.776,S1O
82,PZ,198,-9.776,S1O
82,PZ,199,-9.776,S1O
82,PZ,200,-9.288,S1O
82,PZ,201,-8.799,S1O
82,PZ,202,-8.311,S1O
82,PZ,203,-7.334,S1O
82,PZ,204,-6.358,S1O
82,PZ,205,-6.358,S1O
82,PZ,206,-7.334,S1O
82,PZ,207,-9.288,S1O
82,PZ,208,-11.729,S1O
82,PZ,209,-12.705,S1O
82,PZ,210,-13.194,S1O
82,PZ,211,-12.705,S1O
82,PZ,212,-11.241,S1O
82,PZ,213,-9.776,S1O
82,PZ,214,-8.799,S1O
82,PZ,215,-7.823,S1O
82,PZ,216,-6.846,S1O
82,PZ,217,-5.870,S1O
82,PZ,218,-4.405,S1O
82,PZ,219,-3.916,S1O
82,PZ,220,-4.405,S1O
82,PZ,221,-6.358,S1O
82,PZ,222,-8.311,S1O
82,PZ,223,-10.264,S1O
82,PZ,224,-11.729,S1O
82,PZ,225,-12.705,S1O
82,PZ,226,-14.170,S1O
82,PZ,227,-15.147,S1O
82,PZ,228,-15.635,S1O
82,PZ,229,-15.635,S1O
82,PZ,230,-14.170,S1O
82,PZ,231,-13.194,S1O
82,PZ,232,-12.705,S1O
82,PZ,233,-13.194,S1O
82,PZ,234,-13.194,S1O
82,PZ,235,-12.705,S1O
82,PZ,236,-12.217,S1O
82,PZ,237,-11.241,S1O
82,PZ,238,-10.752,S1O
82,PZ,239,-12.217,S1O
82,PZ,240,-14.170,S1O
82,PZ,241,-17.588,S1O
82,PZ,242,-20.518,S1O
82,PZ,243,-22.959,S1O
82,PZ,244,-24.424,S1O
82,PZ,245,-23.936,S1O
82,PZ,246,-21.983,S1O
82,PZ,247,-19.053,S1O
82,PZ,248,-16.123,S1O
82,PZ,249,-13.682,S1O
82,PZ,250,-12.705,S1O
82,PZ,251,-12.705,S1O
82,PZ,252,-13.682,S1O
82,PZ,253,-14.170,S1O
82,PZ,254,-14.659,S1O
82,PZ,255,-15.635,S1O
82,P8,0,1.434,S1O
82,P8,1,0.946,S1O
82,P8,2,-0.519,S1O
82,P8,3,-1.984,S1O
82,P8,4,-3.448,S1O
82,P8,5,-5.402,S1O
82,P8,6,-6.378,S1O
82,P8,7,-6.378,S1O
82,P8,8,-4.425,S1O
82,P8,9,-1.984,S1O
82,P8,10,-0.031,S1O
82,P8,11,1.434,S1O
82,P8,12,2.411,S1O
82,P8,13,3.876,S1O
82,P8,14,5.341,S1O
82,P8,15,6.317,S1O
82,P8,16,6.805,S1O
82,P8,17,6.317,S1O
82,P8,18,6.317,S1O
82,P8,19,6.317,S1O
82,P8,20,6.805,S1O
82,P8,21,7.294,S1O
82,P8,22,7.294,S1O
82,P8,23,6.805,S1O
82,P8,24,5.829,S1O
82,P8,25,4.364,S1O
82,P8,26,3.387,S1O
82,P8,27,3.387,S1O
82,P8,28,5.341,S1O
82,P8,29,8.270,S1O
82,P8,30,9.735,S1O
82,P8,31,9.247,S1O
82,P8,32,6.805,S1O
82,P8,33,2.899,S1O
82,P8,34,-0.031,S1O
82,P8,35,-1.495,S1O
82,P8,36,-1.495,S1O
82,P8,37,-1.007,S1O
82,P8,38,-1.007,S1O
82,P8,39,-1.984,S1O
82,P8,40,-2.960,S1O
82,P8,41,-3.937,S1O
82,P8,42,-5.402,S1O
82,P8,43,-6.866,S1O
82,P8,44,-7.843,S1O
82,P8,45,-9.308,S1O
82,P8,46,-11.261,S1O
82,P8,47,-13.214,S1O
82,P8,48,-15.656,S1O
82,P8,49,-16.144,S1O
82,P8,50,-12.726,S1O
82,P8,51,-6.866,S1O
82,P8,52,-0.519,S1O
82,P8,53,1.434,S1O
82,P8,54,-1.007,S1O
82,P8,55,-5.402,S1O
82,P8,56,-8.820,S1O
82,P8,57,-8.820,S1O
82,P8,58,-5.890,S1O
82,P8,59,-2.472,S1O
82,P8,60,-1.495,S1O
82,P8,61,-1.495,S1O
82,P8,62,-0.519,S1O
82,P8,63,2.411,S1O
82,P8,64,5.341,S1O
82,P8,65,5.829,S1O
82,P8,66,2.411,S1O
82,P8,67,-2.960,S1O
82,P8,68,-6.378,S1O
82,P8,69,-4.913,S1O
82,P8,70,-0.031,S1O
82,P8,71,4.852,S1O
82,P8,72,5.829,S1O
82,P8,73,3.876,S1O
82,P8,74,1.923,S1O
82,P8,75,2.411,S1O
82,P8,76,5.829,S1O
82,P8,77,10.223,S1O
82,P8,78,11.200,S1O
82,P8,79,9.735,S1O
82,P8,80,7.294,S1O
82,P8,81,7.294,S1O
82,P8,82,9.735,S1O
82,P8,83,13.153,S1O
82,P8,84,14.130,S1O
82,P8,85,11.688,S1O
82,P8,86,8.759,S1O
82,P8,87,6.317,S1O
82,P8,88,6.805,S1O
82,P8,89,7.782,S1O
82,P8,90,7.782,S1O
82,P8,91,6.805,S1O
82,P8,92,5.341,S1O
82,P8,93,5.829,S1O
82,P8,94,8.759,S1O
82,P8,95,11.688,S1O
82,P8,96,13.153,S1O
82,P8,97,12.177,S1O
82,P8,98,9.247,S1O
82,P8,99,7.294,S1O
82,P8,100,7.294,S1O
82,P8,101,8.759,S1O
82,P8,102,10.223,S1O
82,P8,103,8.270,S1O
82,P8,104,3.876,S1O
82,P8,105,-1.007,S1O
82,P8,106,-4.425,S1O
82,P8,107,-3.937,S1O
82,P8,108,-1.007,S1O
82,P8,109,1.434,S1O
82,P8,110,2.411,S1O
82,P8,111,0.946,S1O
82,P8,112,0.458,S1O
82,P8,113,2.411,S1O
82,P8,114,6.805,S1O
82,P8,115,11.200,S1O
82,P8,116,13.641,S1O
82,P8,117,12.177,S1O
82,P8,118,8.270,S1O
82,P8,119,4.852,S1O
82,P8,120,2.899,S1O
82,P8,121,2.411,S1O
82,P8,122,2.899,S1O
82,P8,123,3.387,S1O
82,P8,124,4.364,S1O
82,P8,125,6.317,S1O
82,P8,126,9.247,S1O
82,P8,127,12.177,S1O
82,P8,128,14.130,S1O
82,P8,129,14.130,S1O
82,P8,130,12.177,S1O
82,P8,131,9.735,S1O
82,P8,132,7.294,S1O
82,P8,133,6.317,S1O
82,P8,134,5.341,S1O
82,P8,135,4.852,S1O
82,P8,136,3.876,S1O
82,P8,137,2.899,S1O
82,P8,138,2.899,S1O
82,P8,139,1.923,S1O
82,P8,140,0.946,S1O
82,P8,141,-1.007,S1O
82,P8,142,-3.448,S1O
82,P8,143,-5.890,S1O
82,P8,144,-7.355,S1O
82,P8,145,-7.843,S1O
82,P8,146,-7.355,S1O
82,P8,147,-7.355,S1O
82,P8,148,-6.866,S1O
82,P8,149,-5.402,S1O
82,P8,150,-2.960,S1O
82,P8,151,1.434,S1O
82,P8,152,4.852,S1O
82,P8,153,7.294,S1O
82,P8,154,7.294,S1O
82,P8,155,5.829,S1O
82,P8,156,2.411,S1O
82,P8,157,-1.007,S1O
82,P8,158,-5.402,S1O
82,P8,159,-9.308,S1O
82,P8,160,-11.749,S1O
82,P8,161,-11.749,S1O
82,P8,162,-9.308,S1O
82,P8,163,-6.378,S1O
82,P8,164,-4.425,S1O
82,P8,165,-5.402,S1O
82,P8,166,-9.308,S1O
82,P8,167,-12.726,S1O
82,P8,168,-14.679,S1O
82,P8,169,-14.191,S1O
82,P8,170,-13.214,S1O
82,P8,171,-14.191,S1O
82,P8,172,-16.632,S1O
82,P8,173,-18.585,S1O
82,P8,174,-19.073,S1O
82,P8,175,-17.120,S1O
82,P8,176,-13.702,S1O
82,P8,177,-11.749,S1O
82,P8,178,-10.773,S1O
82,P8,179,-10.284,S1O
82,P8,180,-7.843,S1O
82,P8,181,-3.448,S1O
82,P8,182,0.458,S1O
82,P8,183,0.946,S1O
82,P8,184,-2.472,S1O
82,P8,185,-7.843,S1O
82,P8,186,-11.261,S1O
82,P8,187,-11.261,S1O
82,P8,188,-9.308,S1O
82,P8,189,-6.866,S1O
82,P8,190,-5.890,S1O
82,P8,191,-5.402,S1O
82,P8,192,-4.913,S1O
82,P8,193,-2.960,S1O
82,P8,194,-1.495,S1O
82,P8,195,-1.495,S1O
82,P8,196,-3.448,S1O
82,P8,197,-6.378,S1O
82,P8,198,-7.843,S1O
82,P8,199,-7.843,S1O
82,P8,200,-6.378,S1O
82,P8,201,-4.425,S1O
82,P8,202,-2.960,S1O
82,P8,203,-1.495,S1O
82,P8,204,0.458,S1O
82,P8,205,2.411,S1O
82,P8,206,2.899,S1O
82,P8,207,-0.031,S1O
82,P8,208,-6.378,S1O
82,P8,209,-12.238,S1O
82,P8,210,-15.656,S1O
82,P8,211,-15.167,S1O
82,P8,212,-11.749,S1O
82,P8,213,-8.331,S1O
82,P8,214,-5.890,S1O
82,P8,215,-5.402,S1O
82,P8,216,-3.937,S1O
82,P8,217,-0.519,S1O
82,P8,218,4.364,S1O
82,P8,219,8.270,S1O
82,P8,220,7.782,S1O
82,P8,221,3.387,S1O
82,P8,222,-1.984,S1O
82,P8,223,-5.890,S1O
82,P8,224,-5.402,S1O
82,P8,225,-3.448,S1O
82,P8,226,-2.960,S1O
82,P8,227,-4.913,S1O
82,P8,228,-9.308,S1O
82,P8,229,-12.238,S1O
82,P8,230,-12.238,S1O
82,P8,231,-8.820,S1O
82,P8,232,-4.913,S1O
82,P8,233,-3.448,S1O
82,P8,234,-5.890,S1O
82,P8,235,-8.331,S1O
82,P8,236,-8.820,S1O
82,P8,237,-6.866,S1O
82,P8,238,-2.960,S1O
82,P8,239,-1.984,S1O
82,P8,240,-4.425,S1O
82,P8,241,-9.308,S1O
82,P8,242,-15.167,S1O
82,P8,243,-18.585,S1O
82,P8,244,-19.073,S1O
82,P8,245,-16.144,S1O
82,P8,246,-12.238,S1O
82,P8,247,-8.331,S1O
82,P8,248,-5.402,S1O
82,P8,249,-4.425,S1O
82,P8,250,-5.890,S1O
82,P8,251,-7.355,S1O
82,P8,252,-8.331,S1O
82,P8,253,-7.355,S1O
82,P8,254,-4.913,S1O
82,P8,255,-3.937,S1O
82,P7,0,-0.142,S1O
82,P7,1,-1.607,S1O
82,P7,2,-2.584,S1O
82,P7,3,-2.096,S1O
82,P7,4,-0.631,S1O
82,P7,5,0.834,S1O
82,P7,6,1.322,S1O
82,P7,7,0.834,S1O
82,P7,8,0.834,S1O
82,P7,9,1.811,S1O
82,P7,10,3.764,S1O
82,P7,11,5.717,S1O
82,P7,12,5.229,S1O
82,P7,13,1.811,S1O
82,P7,14,-2.584,S1O
82,P7,15,-6.002,S1O
82,P7,16,-6.978,S1O
82,P7,17,-5.514,S1O
82,P7,18,-3.072,S1O
82,P7,19,-1.119,S1O
82,P7,20,-0.631,S1O
82,P7,21,-0.631,S1O
82,P7,22,0.346,S1O
82,P7,23,1.811,S1O
82,P7,24,3.276,S1O
82,P7,25,4.740,S1O
82,P7,26,5.229,S1O
82,P7,27,5.717,S1O
82,P7,28,6.694,S1O
82,P7,29,6.205,S1O
82,P7,30,5.717,S1O
82,P7,31,3.764,S1O
82,P7,32,2.787,S1O
82,P7,33,2.787,S1O
82,P7,34,5.229,S1O
82,P7,35,9.135,S1O
82,P7,36,12.553,S1O
82,P7,37,13.041,S1O
82,P7,38,10.111,S1O
82,P7,39,4.740,S1O
82,P7,40,-0.631,S1O
82,P7,41,-4.049,S1O
82,P7,42,-6.002,S1O
82,P7,43,-6.978,S1O
82,P7,44,-8.931,S1O
82,P7,45,-12.349,S1O
82,P7,46,-16.744,S1O
82,P7,47,-19.674,S1O
82,P7,48,-20.650,S1O
82,P7,49,-18.697,S1O
82,P7,50,-16.256,S1O
82,P7,51,-12.838,S1O
82,P7,52,-10.885,S1O
82,P7,53,-8.931,S1O
82,P7,54,-7.467,S1O
82,P7,55,-6.490,S1O
82,P7,56,-5.025,S1O
82,P7,57,-4.049,S1O
82,P7,58,-2.584,S1O
82,P7,59,-1.119,S1O
82,P7,60,0.346,S1O
82,P7,61,1.811,S1O
82,P7,62,1.811,S1O
82,P7,63,0.346,S1O
82,P7,64,-2.096,S1O
82,P7,65,-4.537,S1O
82,P7,66,-6.490,S1O
82,P7,67,-7.955,S1O
82,P7,68,-8.443,S1O
82,P7,69,-7.955,S1O
82,P7,70,-6.978,S1O
82,P7,71,-5.025,S1O
82,P7,72,-1.607,S1O
82,P7,73,1.322,S1O
82,P7,74,4.252,S1O
82,P7,75,5.717,S1O
82,P7,76,5.717,S1O
82,P7,77,4.740,S1O
82,P7,78,2.299,S1O
82,P7,79,-1.607,S1O
82,P7,80,-6.002,S1O
82,P7,81,-9.908,S1O
82,P7,82,-11.861,S1O
82,P7,83,-11.861,S1O
82,P7,84,-11.373,S1O
82,P7,85,-10.885,S1O
82,P7,86,-12.349,S1O
82,P7,87,-14.303,S1O
82,P7,88,-15.767,S1O
82,P7,89,-14.791,S1O
82,P7,90,-11.861,S1O
82,P7,91,-7.955,S1O
82,P7,92,-4.537,S1O
82,P7,93,-3.072,S1O
82,P7,94,-2.584,S1O
82,P7,95,-2.096,S1O
82,P7,96,-0.631,S1O
82,P7,97,1.322,S1O
82,P7,98,2.787,S1O
82,P7,99,3.764,S1O
82,P7,100,3.276,S1O
82,P7,101,1.811,S1O
82,P7,102,-0.142,S1O
82,P7,103,-1.607,S1O
82,P7,104,-2.096,S1O
82,P7,105,-1.607,S1O
82,P7,106,-1.119,S1O
82,P7,107,-0.142,S1O
82,P7,108,-0.142,S1O
82,P7,109,-0.631,S1O
82,P7,110,-1.119,S1O
82,P7,111,-1.119,S1O
82,P7,112,-1.119,S1O
82,P7,113,-0.631,S1O
82,P7,114,-1.119,S1O
82,P7,115,-1.607,S1O
82,P7,116,-3.072,S1O
82,P7,117,-4.049,S1O
82,P7,118,-4.537,S1O
82,P7,119,-4.049,S1O
82,P7,120,-4.049,S1O
82,P7,121,-4.049,S1O
82,P7,122,-5.514,S1O
82,P7,123,-7.467,S1O
82,P7,124,-7.955,S1O
82,P7,125,-7.467,S1O
82,P7,126,-6.002,S1O
82,P7,127,-5.025,S1O
82,P7,128,-5.025,S1O
82,P7,129,-5.514,S1O
82,P7,130,-5.025,S1O
82,P7,131,-3.072,S1O
82,P7,132,-0.631,S1O
82,P7,133,1.322,S1O
82,P7,134,1.811,S1O
82,P7,135,-0.142,S1O
82,P7,136,-3.072,S1O
82,P7,137,-5.514,S1O
82,P7,138,-7.467,S1O
82,P7,139,-7.955,S1O
82,P7,140,-8.443,S1O
82,P7,141,-9.420,S1O
82,P7,142,-10.885,S1O
82,P7,143,-11.373,S1O
82,P7,144,-10.885,S1O
82,P7,145,-9.908,S1O
82,P7,146,-8.443,S1O
82,P7,147,-7.955,S1O
82,P7,148,-7.467,S1O
82,P7,149,-6.490,S1O
82,P7,150,-4.537,S1O
82,P7,151,-2.096,S1O
82,P7,152,-0.142,S1O
82,P7,153,0.834,S1O
82,P7,154,0.346,S1O
82,P7,155,-0.631,S1O
82,P7,156,-1.119,S1O
82,P7,157,-2.584,S1O
82,P7,158,-3.560,S1O
82,P7,159,-5.514,S1O
82,P7,160,-6.978,S1O
82,P7,161,-7.955,S1O
82,P7,162,-7.467,S1O
82,P7,163,-6.490,S1O
82,P7,164,-6.490,S1O
82,P7,165,-7.467,S1O
82,P7,166,-9.420,S1O
82,P7,167,-11.861,S1O
82,P7,168,-13.814,S1O
82,P7,169,-14.303,S1O
82,P7,170,-15.279,S1O
82,P7,171,-16.256,S1O
82,P7,172,-17.232,S1O
82,P7,173,-17.232,S1O
82,P7,174,-16.256,S1O
82,P7,175,-13.814,S1O
82,P7,176,-11.373,S1O
82,P7,177,-10.396,S1O
82,P7,178,-9.908,S1O
82,P7,179,-10.885,S1O
82,P7,180,-11.373,S1O
82,P7,181,-10.396,S1O
82,P7,182,-8.443,S1O
82,P7,183,-6.978,S1O
82,P7,184,-6.978,S1O
82,P7,185,-8.443,S1O
82,P7,186,-11.861,S1O
82,P7,187,-15.279,S1O
82,P7,188,-17.721,S1O
82,P7,189,-18.209,S1O
82,P7,190,-16.744,S1O
82,P7,191,-14.303,S1O
82,P7,192,-11.373,S1O
82,P7,193,-8.931,S1O
82,P7,194,-7.467,S1O
82,P7,195,-6.978,S1O
82,P7,196,-6.978,S1O
82,P7,197,-6.978,S1O
82,P7,198,-6.978,S1O
82,P7,199,-6.490,S1O
82,P7,200,-6.978,S1O
82,P7,201,-6.978,S1O
82,P7,202,-6.978,S1O
82,P7,203,-6.490,S1O
82,P7,204,-6.002,S1O
82,P7,205,-5.514,S1O
82,P7,206,-6.002,S1O
82,P7,207,-6.490,S1O
82,P7,208,-7.467,S1O
82,P7,209,-7.955,S1O
82,P7,210,-7.955,S1O
82,P7,211,-7.467,S1O
82,P7,212,-6.490,S1O
82,P7,213,-6.002,S1O
82,P7,214,-5.514,S1O
82,P7,215,-4.537,S1O
82,P7,216,-3.072,S1O
82,P7,217,-1.607,S1O
82,P7,218,-0.142,S1O
82,P7,219,-0.142,S1O
82,P7,220,-1.119,S1O
82,P7,221,-2.096,S1O
82,P7,222,-3.560,S1O
82,P7,223,-4.049,S1O
82,P7,224,-4.537,S1O
82,P7,225,-5.514,S1O
82,P7,226,-6.002,S1O
82,P7,227,-7.467,S1O
82,P7,228,-8.443,S1O
82,P7,229,-9.420,S1O
82,P7,230,-9.908,S1O
82,P7,231,-10.885,S1O
82,P7,232,-13.326,S1O
82,P7,233,-15.767,S1O
82,P7,234,-16.744,S1O
82,P7,235,-16.744,S1O
82,P7,236,-15.279,S1O
82,P7,237,-13.814,S1O
82,P7,238,-13.326,S1O
82,P7,239,-13.326,S1O
82,P7,240,-14.791,S1O
82,P7,241,-15.279,S1O
82,P7,242,-15.767,S1O
82,P7,243,-15.767,S1O
82,P7,244,-15.279,S1O
82,P7,245,-14.791,S1O
82,P7,246,-14.791,S1O
82,P7,247,-13.814,S1O
82,P7,248,-12.349,S1O
82,P7,249,-11.373,S1O
82,P7,250,-10.396,S1O
82,P7,251,-10.396,S1O
82,P7,252,-11.861,S1O
82,P7,253,-13.326,S1O
82,P7,254,-15.279,S1O
82,P7,255,-17.232,S1O
82,PO2,0,-4.761,S1O
82,PO2,1,-6.226,S1O
82,PO2,2,-8.179,S1O
82,PO2,3,-9.155,S1O
82,PO2,4,-9.155,S1O
82,PO2,5,-8.667,S1O
82,PO2,6,-8.179,S1O
82,PO2,7,-7.202,S1O
82,PO2,8,-6.226,S1O
82,PO2,9,-5.249,S1O
82,PO2,10,-3.784,S1O
82,PO2,11,-2.319,S1O
82,PO2,12,-1.831,S1O
82,PO2,13,-1.343,S1O
82,PO2,14,-0.854,S1O
82,PO2,15,0.610,S1O
82,PO2,16,2.563,S1O
82,PO2,17,5.005,S1O
82,PO2,18,5.981,S1O
82,PO2,19,5.493,S1O
82,PO2,20,3.540,S1O
82,PO2,21,1.099,S1O
82,PO2,22,0.122,S1O
82,PO2,23,0.122,S1O
82,PO2,24,1.587,S1O
82,PO2,25,3.052,S1O
82,PO2,26,3.540,S1O
82,PO2,27,4.517,S1O
82,PO2,28,4.517,S1O
82,PO2,29,4.517,S1O
82,PO2,30,4.517,S1O
82,PO2,31,3.540,S1O
82,PO2,32,2.075,S1O
82,PO2,33,0.122,S1O
82,PO2,34,-0.854,S1O
82,PO2,35,-0.366,S1O
82,PO2,36,1.099,S1O
82,PO2,37,2.075,S1O
82,PO2,38,1.587,S1O
82,PO2,39,-0.366,S1O
82,PO2,40,-2.808,S1O
82,PO2,41,-5.249,S1O
82,PO2,42,-6.226,S1O
82,PO2,43,-7.202,S1O
82,PO2,44,-8.179,S1O
82,PO2,45,-10.620,S1O
82,PO2,46,-13.062,S1O
82,PO2,47,-15.015,S1O
82,PO2,48,-15.503,S1O
82,PO2,49,-14.038,S1O
82,PO2,50,-11.597,S1O
82,PO2,51,-8.667,S1O
82,PO2,52,-7.202,S1O
82,PO2,53,-6.714,S1O
82,PO2,54,-7.690,S1O
82,PO2,55,-9.155,S1O
82,PO2,56,-10.132,S1O
82,PO2,57,-9.644,S1O
82,PO2,58,-9.155,S1O
82,PO2,59,-7.690,S1O
82,PO2,60,-6.226,S1O
82,PO2,61,-4.272,S1O
82,PO2,62,-2.319,S1O
82,PO2,63,0.122,S1O
82,PO2,64,1.587,S1O
82,PO2,65,1.587,S1O
82,PO2,66,-0.366,S1O
82,PO2,67,-3.784,S1O
82,PO2,68,-6.226,S1O
82,PO2,69,-7.202,S1O
82,PO2,70,-6.226,S1O
82,PO2,71,-4.272,S1O
82,PO2,72,-2.319,S1O
82,PO2,73,-1.831,S1O
82,PO2,74,-1.343,S1O
82,PO2,75,-0.854,S1O
82,PO2,76,0.122,S1O
82,PO2,77,2.075,S1O
82,PO2,78,2.075,S1O
82,PO2,79,0.610,S1O
82,PO2,80,-1.831,S1O
82,PO2,81,-4.761,S1O
82,PO2,82,-5.737,S1O
82,PO2,83,-4.761,S1O
82,PO2,84,-2.808,S1O
82,PO2,85,-2.319,S1O
82,PO2,86,-2.808,S1O
82,PO2,87,-3.784,S1O
82,PO2,88,-4.272,S1O
82,PO2,89,-2.808,S1O
82,PO2,90,0.122,S1O
82,PO2,91,4.028,S1O
82,PO2,92,7.446,S1O
82,PO2,93,10.376,S1O
82,PO2,94,12.329,S1O
82,PO2,95,12.817,S1O
82,PO2,96,12.817,S1O
82,PO2,97,11.841,S1O
82,PO2,98,9.888,S1O
82,PO2,99,7.935,S1O
82,PO2,100,6.470,S1O
82,PO2,101,4.517,S1O
82,PO2,102,1.587,S1O
82,PO2,103,-2.319,S1O
82,PO2,104,-6.714,S1O
82,PO2,105,-10.132,S1O
82,PO2,106,-12.573,S1O
82,PO2,107,-12.085,S1O
82,PO2,108,-10.132,S1O
82,PO2,109,-8.179,S1O
82,PO2,110,-6.226,S1O
82,PO2,111,-5.249,S1O
82,PO2,112,-3.784,S1O
82,PO2,113,-1.343,S1O
82,PO2,114,2.075,S1O
82,PO2,115,5.493,S1O
82,PO2,116,7.446,S1O
82,PO2,117,7.446,S1O
82,PO2,118,5.493,S1O
82,PO2,119,3.540,S1O
82,PO2,120,1.587,S1O
82,PO2,121,0.610,S1O
82,PO2,122,-0.366,S1O
82,PO2,123,-0.366,S1O
82,PO2,124,-0.366,S1O
82,PO2,125,0.122,S1O
82,PO2,126,0.122,S1O
82,PO2,127,1.099,S1O
82,PO2,128,1.099,S1O
82,PO2,129,1.099,S1O
82,PO2,130,1.587,S1O
82,PO2,131,2.075,S1O
82,PO2,132,2.563,S1O
82,PO2,133,3.540,S1O
82,PO2,134,3.540,S1O
82,PO2,135,3.540,S1O
82,PO2,136,2.563,S1O
82,PO2,137,1.099,S1O
82,PO2,138,-0.366,S1O
82,PO2,139,-1.831,S1O
82,PO2,140,-3.296,S1O
82,PO2,141,-4.761,S1O
82,PO2,142,-6.226,S1O
82,PO2,143,-7.202,S1O
82,PO2,144,-7.690,S1O
82,PO2,145,-7.690,S1O
82,PO2,146,-7.202,S1O
82,PO2,147,-6.714,S1O
82,PO2,148,-6.714,S1O
82,PO2,149,-6.226,S1O
82,PO2,150,-5.249,S1O
82,PO2,151,-3.296,S1O
82,PO2,152,-1.343,S1O
82,PO2,153,0.122,S1O
82,PO2,154,0.610,S1O
82,PO2,155,0.122,S1O
82,PO2,156,-1.343,S1O
82,PO2,157,-2.808,S1O
82,PO2,158,-5.249,S1O
82,PO2,159,-6.714,S1O
82,PO2,160,-7.690,S1O
82,PO2,161,-7.690,S1O
82,PO2,162,-6.714,S1O
82,PO2,163,-5.737,S1O
82,PO2,164,-5.737,S1O
82,PO2,165,-6.714,S1O
82,PO2,166,-8.179,S1O
82,PO2,167,-10.620,S1O
82,PO2,168,-12.085,S1O
82,PO2,169,-12.573,S1O
82,PO2,170,-12.573,S1O
82,PO2,171,-13.062,S1O
82,PO2,172,-13.550,S1O
82,PO2,173,-15.015,S1O
82,PO2,174,-15.503,S1O
82,PO2,175,-15.503,S1O
82,PO2,176,-14.526,S1O
82,PO2,177,-13.062,S1O
82,PO2,178,-12.085,S1O
82,PO2,179,-10.132,S1O
82,PO2,180,-8.179,S1O
82,PO2,181,-6.226,S1O
82,PO2,182,-5.249,S1O
82,PO2,183,-5.249,S1O
82,PO2,184,-7.202,S1O
82,PO2,185,-9.644,S1O
82,PO2,186,-12.573,S1O
82,PO2,187,-13.550,S1O
82,PO2,188,-13.550,S1O
82,PO2,189,-12.573,S1O
82,PO2,190,-12.085,S1O
82,PO2,191,-12.085,S1O
82,PO2,192,-11.108,S1O
82,PO2,193,-10.132,S1O
82,PO2,194,-9.155,S1O
82,PO2,195,-8.179,S1O
82,PO2,196,-8.179,S1O
82,PO2,197,-9.155,S1O
82,PO2,198,-10.132,S1O
82,PO2,199,-10.132,S1O
82,PO2,200,-10.132,S1O
82,PO2,201,-9.644,S1O
82,PO2,202,-8.179,S1O
82,PO2,203,-6.714,S1O
82,PO2,204,-5.737,S1O
82,PO2,205,-5.249,S1O
82,PO2,206,-6.714,S1O
82,PO2,207,-9.155,S1O
82,PO2,208,-12.573,S1O
82,PO2,209,-15.503,S1O
82,PO2,210,-16.479,S1O
82,PO2,211,-15.503,S1O
82,PO2,212,-14.038,S1O
82,PO2,213,-12.085,S1O
82,PO2,214,-10.620,S1O
82,PO2,215,-9.155,S1O
82,PO2,216,-7.202,S1O
82,PO2,217,-4.761,S1O
82,PO2,218,-2.319,S1O
82,PO2,219,-0.854,S1O
82,PO2,220,-0.854,S1O
82,PO2,221,-2.319,S1O
82,PO2,222,-4.761,S1O
82,PO2,223,-7.202,S1O
82,PO2,224,-9.155,S1O
82,PO2,225,-10.620,S1O
82,PO2,226,-12.085,S1O
82,PO2,227,-14.038,S1O
82,PO2,228,-15.503,S1O
82,PO2,229,-15.991,S1O
82,PO2,230,-15.503,S1O
82,PO2,231,-14.038,S1O
82,PO2,232,-13.550,S1O
82,PO2,233,-12.573,S1O
82,PO2,234,-12.085,S1O
82,PO2,235,-10.620,S1O
82,PO2,236,-9.155,S1O
82,PO2,237,-7.690,S1O
82,PO2,238,-7.202,S1O
82,PO2,239,-9.155,S1O
82,PO2,240,-13.550,S1O
82,PO2,241,-18.433,S1O
82,PO2,242,-23.315,S1O
82,PO2,243,-26.245,S1O
82,PO2,244,-27.222,S1O
82,PO2,245,-26.245,S1O
82,PO2,246,-22.827,S1O
82,PO2,247,-17.944,S1O
82,PO2,248,-13.062,S1O
82,PO2,249,-10.132,S1O
82,PO2,250,-8.667,S1O
82,PO2,251,-9.644,S1O
82,PO2,252,-10.620,S1O
82,PO2,253,-12.085,S1O
82,PO2,254,-12.573,S1O
82,PO2,255,-13.550,S1O
82,PO1,0,-5.096,S1O
82,PO1,1,-7.050,S1O
82,PO1,2,-8.026,S1O
82,PO1,3,-8.026,S1O
82,PO1,4,-6.561,S1O
82,PO1,5,-5.096,S1O
82,PO1,6,-4.120,S1O
82,PO1,7,-3.632,S1O
82,PO1,8,-2.655,S1O
82,PO1,9,-1.190,S1O
82,PO1,10,0.763,S1O
82,PO1,11,1.740,S1O
82,PO1,12,1.251,S1O
82,PO1,13,-0.214,S1O
82,PO1,14,-2.655,S1O
82,PO1,15,-3.143,S1O
82,PO1,16,-2.655,S1O
82,PO1,17,-0.702,S1O
82,PO1,18,1.251,S1O
82,PO1,19,1.251,S1O
82,PO1,20,0.763,S1O
82,PO1,21,-0.214,S1O
82,PO1,22,-0.214,S1O
82,PO1,23,0.275,S1O
82,PO1,24,1.251,S1O
82,PO1,25,1.740,S1O
82,PO1,26,2.228,S1O
82,PO1,27,2.716,S1O
82,PO1,28,3.204,S1O
82,PO1,29,3.693,S1O
82,PO1,30,3.693,S1O
82,PO1,31,2.716,S1O
82,PO1,32,1.740,S1O
82,PO1,33,1.251,S1O
82,PO1,34,2.716,S1O
82,PO1,35,5.646,S1O
82,PO1,36,8.087,S1O
82,PO1,37,8.575,S1O
82,PO1,38,7.111,S1O
82,PO1,39,3.693,S1O
82,PO1,40,0.275,S1O
82,PO1,41,-2.167,S1O
82,PO1,42,-3.632,S1O
82,PO1,43,-5.096,S1O
82,PO1,44,-7.050,S1O
82,PO1,45,-9.979,S1O
82,PO1,46,-13.885,S1O
82,PO1,47,-16.327,S1O
82,PO1,48,-17.303,S1O
82,PO1,49,-15.839,S1O
82,PO1,50,-13.885,S1O
82,PO1,51,-11.444,S1O
82,PO1,52,-9.491,S1O
82,PO1,53,-9.003,S1O
82,PO1,54,-9.003,S1O
82,PO1,55,-9.979,S1O
82,PO1,56,-10.956,S1O
82,PO1,57,-10.956,S1O
82,PO1,58,-10.468,S1O
82,PO1,59,-9.003,S1O
82,PO1,60,-7.538,S1O
82,PO1,61,-5.096,S1O
82,PO1,62,-3.143,S1O
82,PO1,63,-0.702,S1O
82,PO1,64,0.275,S1O
82,PO1,65,0.763,S1O
82,PO1,66,-0.702,S1O
82,PO1,67,-3.143,S1O
82,PO1,68,-5.585,S1O
82,PO1,69,-6.561,S1O
82,PO1,70,-6.073,S1O
82,PO1,71,-4.608,S1O
82,PO1,72,-3.632,S1O
82,PO1,73,-2.655,S1O
82,PO1,74,-3.143,S1O
82,PO1,75,-3.632,S1O
82,PO1,76,-4.120,S1O
82,PO1,77,-4.608,S1O
82,PO1,78,-6.073,S1O
82,PO1,79,-8.514,S1O
82,PO1,80,-11.932,S1O
82,PO1,81,-14.374,S1O
82,PO1,82,-14.862,S1O
82,PO1,83,-12.909,S1O
82,PO1,84,-10.468,S1O
82,PO1,85,-8.514,S1O
82,PO1,86,-7.538,S1O
82,PO1,87,-8.026,S1O
82,PO1,88,-8.026,S1O
82,PO1,89,-6.073,S1O
82,PO1,90,-2.655,S1O
82,PO1,91,1.740,S1O
82,PO1,92,5.157,S1O
82,PO1,93,7.111,S1O
82,PO1,94,8.575,S1O
82,PO1,95,9.064,S1O
82,PO1,96,9.064,S1O
82,PO1,97,8.575,S1O
82,PO1,98,7.111,S1O
82,PO1,99,5.646,S1O
82,PO1,100,3.204,S1O
82,PO1,101,1.251,S1O
82,PO1,102,-1.678,S1O
82,PO1,103,-4.120,S1O
82,PO1,104,-6.561,S1O
82,PO1,105,-7.538,S1O
82,PO1,106,-8.026,S1O
82,PO1,107,-7.050,S1O
82,PO1,108,-6.073,S1O
82,PO1,109,-5.585,S1O
82,PO1,110,-5.096,S1O
82,PO1,111,-4.608,S1O
82,PO1,112,-3.143,S1O
82,PO1,113,-0.702,S1O
82,PO1,114,1.251,S1O
82,PO1,115,2.716,S1O
82,PO1,116,3.693,S1O
82,PO1,117,3.204,S1O
82,PO1,118,2.716,S1O
82,PO1,119,2.228,S1O
82,PO1,120,1.740,S1O
82,PO1,121,0.275,S1O
82,PO1,122,-1.190,S1O
82,PO1,123,-2.655,S1O
82,PO1,124,-3.143,S1O
82,PO1,125,-3.143,S1O
82,PO1,126,-2.655,S1O
82,PO1,127,-1.678,S1O
82,PO1,128,-1.678,S1O
82,PO1,129,-1.190,S1O
82,PO1,130,-0.702,S1O
82,PO1,131,0.763,S1O
82,PO1,132,2.228,S1O
82,PO1,133,3.693,S1O
82,PO1,134,4.181,S1O
82,PO1,135,3.693,S1O
82,PO1,136,2.228,S1O
82,PO1,137,0.275,S1O
82,PO1,138,-1.190,S1O
82,PO1,139,-3.143,S1O
82,PO1,140,-4.120,S1O
82,PO1,141,-5.585,S1O
82,PO1,142,-7.050,S1O
82,PO1,143,-7.538,S1O
82,PO1,144,-7.538,S1O
82,PO1,145,-7.050,S1O
82,PO1,146,-6.073,S1O
82,PO1,147,-5.585,S1O
82,PO1,148,-5.585,S1O
82,PO1,149,-5.096,S1O
82,PO1,150,-4.120,S1O
82,PO1,151,-2.655,S1O
82,PO1,152,-1.678,S1O
82,PO1,153,-1.190,S1O
82,PO1,154,-1.190,S1O
82,PO1,155,-1.678,S1O
82,PO1,156,-2.167,S1O
82,PO1,157,-3.143,S1O
82,PO1,158,-4.120,S1O
82,PO1,159,-5.096,S1O
82,PO1,160,-6.073,S1O
82,PO1,161,-6.073,S1O
82,PO1,162,-5.096,S1O
82,PO1,163,-4.608,S1O
82,PO1,164,-4.120,S1O
82,PO1,165,-5.096,S1O
82,PO1,166,-7.050,S1O
82,PO1,167,-9.491,S1O
82,PO1,168,-11.932,S1O
82,PO1,169,-12.909,S1O
82,PO1,170,-14.374,S1O
82,PO1,171,-14.862,S1O
82,PO1,172,-15.839,S1O
82,PO1,173,-16.327,S1O
82,PO1,174,-15.839,S1O
82,PO1,175,-14.374,S1O
82,PO1,176,-12.421,S1O
82,PO1,177,-10.956,S1O
82,PO1,178,-9.491,S1O
82,PO1,179,-9.491,S1O
82,PO1,180,-9.003,S1O
82,PO1,181,-8.026,S1O
82,PO1,182,-7.538,S1O
82,PO1,183,-7.538,S1O
82,PO1,184,-9.003,S1O
82,PO1,185,-11.444,S1O
82,PO1,186,-13.397,S1O
82,PO1,187,-15.839,S1O
82,PO1,188,-16.815,S1O
82,PO1,189,-17.303,S1O
82,PO1,190,-16.327,S1O
82,PO1,191,-15.350,S1O
82,PO1,192,-13.397,S1O
82,PO1,193,-12.421,S1O
82,PO1,194,-10.956,S1O
82,PO1,195,-9.979,S1O
82,PO1,196,-9.979,S1O
82,PO1,197,-9.979,S1O
82,PO1,198,-10.956,S1O
82,PO1,199,-10.468,S1O
82,PO1,200,-10.468,S1O
82,PO1,201,-9.979,S1O
82,PO1,202,-9.003,S1O
82,PO1,203,-8.026,S1O
82,PO1,204,-7.538,S1O
82,PO1,205,-7.538,S1O
82,PO1,206,-9.003,S1O
82,PO1,207,-11.444,S1O
82,PO1,208,-13.885,S1O
82,PO1,209,-15.350,S1O
82,PO1,210,-15.350,S1O
82,PO1,211,-13.885,S1O
82,PO1,212,-11.932,S1O
82,PO1,213,-10.468,S1O
82,PO1,214,-9.003,S1O
82,PO1,215,-7.538,S1O
82,PO1,216,-6.561,S1O
82,PO1,217,-5.096,S1O
82,PO1,218,-4.120,S1O
82,PO1,219,-4.120,S1O
82,PO1,220,-4.608,S1O
82,PO1,221,-5.585,S1O
82,PO1,222,-7.050,S1O
82,PO1,223,-8.514,S1O
82,PO1,224,-9.979,S1O
82,PO1,225,-11.444,S1O
82,PO1,226,-12.421,S1O
82,PO1,227,-13.397,S1O
82,PO1,228,-14.374,S1O
82,PO1,229,-13.885,S1O
82,PO1,230,-13.885,S1O
82,PO1,231,-13.885,S1O
82,PO1,232,-14.862,S1O
82,PO1,233,-15.350,S1O
82,PO1,234,-15.839,S1O
82,PO1,235,-15.350,S1O
82,PO1,236,-13.885,S1O
82,PO1,237,-12.421,S1O
82,PO1,238,-12.421,S1O
82,PO1,239,-13.885,S1O
82,PO1,240,-16.327,S1O
82,PO1,241,-19.257,S1O
82,PO1,242,-22.186,S1O
82,PO1,243,-24.139,S1O
82,PO1,244,-25.116,S1O
82,PO1,245,-24.139,S1O
82,PO1,246,-22.186,S1O
82,PO1,247,-18.768,S1O
82,PO1,248,-15.350,S1O
82,PO1,249,-12.909,S1O
82,PO1,250,-11.932,S1O
82,PO1,251,-12.421,S1O
82,PO1,252,-13.397,S1O
82,PO1,253,-14.862,S1O
82,PO1,254,-15.839,S1O
82,PO1,255,-16.815,S1O
82,O2,0,-3.927,S1O
82,O2,1,-5.391,S1O
82,O2,2,-7.345,S1O
82,O2,3,-8.321,S1O
82,O2,4,-8.809,S1O
82,O2,5,-9.298,S1O
82,O2,6,-10.274,S1O
82,O2,7,-10.274,S1O
82,O2,8,-9.786,S1O
82,O2,9,-7.833,S1O
82,O2,10,-5.880,S1O
82,O2,11,-3.438,S1O
82,O2,12,-2.462,S1O
82,O2,13,-1.973,S1O
82,O2,14,-1.973,S1O
82,O2,15,-0.509,S1O
82,O2,16,1.444,S1O
82,O2,17,4.374,S1O
82,O2,18,5.839,S1O
82,O2,19,6.327,S1O
82,O2,20,5.351,S1O
82,O2,21,3.886,S1O
82,O2,22,2.421,S1O
82,O2,23,1.933,S1O
82,O2,24,2.421,S1O
82,O2,25,2.909,S1O
82,O2,26,3.398,S1O
82,O2,27,3.886,S1O
82,O2,28,4.374,S1O
82,O2,29,4.374,S1O
82,O2,30,2.909,S1O
82,O2,31,0.468,S1O
82,O2,32,-3.438,S1O
82,O2,33,-6.856,S1O
82,O2,34,-8.321,S1O
82,O2,35,-8.321,S1O
82,O2,36,-6.856,S1O
82,O2,37,-6.368,S1O
82,O2,38,-6.856,S1O
82,O2,39,-9.786,S1O
82,O2,40,-12.716,S1O
82,O2,41,-15.157,S1O
82,O2,42,-16.134,S1O
82,O2,43,-16.622,S1O
82,O2,44,-17.110,S1O
82,O2,45,-18.575,S1O
82,O2,46,-21.016,S1O
82,O2,47,-22.970,S1O
82,O2,48,-22.481,S1O
82,O2,49,-20.040,S1O
82,O2,50,-16.134,S1O
82,O2,51,-12.716,S1O
82,O2,52,-10.274,S1O
82,O2,53,-9.298,S1O
82,O2,54,-9.786,S1O
82,O2,55,-10.274,S1O
82,O2,56,-9.786,S1O
82,O2,57,-8.809,S1O
82,O2,58,-7.345,S1O
82,O2,59,-5.880,S1O
82,O2,60,-3.927,S1O
82,O2,61,-1.973,S1O
82,O2,62,-0.509,S1O
82,O2,63,1.444,S1O
82,O2,64,2.421,S1O
82,O2,65,0.956,S1O
82,O2,66,-1.973,S1O
82,O2,67,-6.368,S1O
82,O2,68,-9.786,S1O
82,O2,69,-11.251,S1O
82,O2,70,-10.274,S1O
82,O2,71,-7.345,S1O
82,O2,72,-4.903,S1O
82,O2,73,-2.950,S1O
82,O2,74,-1.973,S1O
82,O2,75,-0.509,S1O
82,O2,76,0.468,S1O
82,O2,77,1.933,S1O
82,O2,78,1.933,S1O
82,O2,79,0.468,S1O
82,O2,80,-1.973,S1O
82,O2,81,-4.415,S1O
82,O2,82,-5.391,S1O
82,O2,83,-4.415,S1O
82,O2,84,-2.950,S1O
82,O2,85,-2.462,S1O
82,O2,86,-3.927,S1O
82,O2,87,-4.903,S1O
82,O2,88,-5.880,S1O
82,O2,89,-4.903,S1O
82,O2,90,-3.438,S1O
82,O2,91,-0.997,S1O
82,O2,92,1.444,S1O
82,O2,93,2.909,S1O
82,O2,94,3.886,S1O
82,O2,95,4.862,S1O
82,O2,96,5.351,S1O
82,O2,97,4.374,S1O
82,O2,98,3.886,S1O
82,O2,99,2.421,S1O
82,O2,100,1.444,S1O
82,O2,101,0.468,S1O
82,O2,102,-1.485,S1O
82,O2,103,-4.415,S1O
82,O2,104,-7.833,S1O
82,O2,105,-10.763,S1O
82,O2,106,-12.227,S1O
82,O2,107,-12.227,S1O
82,O2,108,-10.763,S1O
82,O2,109,-10.274,S1O
82,O2,110,-9.786,S1O
82,O2,111,-10.274,S1O
82,O2,112,-10.274,S1O
82,O2,113,-8.809,S1O
82,O2,114,-6.368,S1O
82,O2,115,-3.927,S1O
82,O2,116,-2.462,S1O
82,O2,117,-2.462,S1O
82,O2,118,-3.927,S1O
82,O2,119,-5.880,S1O
82,O2,120,-7.833,S1O
82,O2,121,-8.809,S1O
82,O2,122,-8.809,S1O
82,O2,123,-7.833,S1O
82,O2,124,-6.856,S1O
82,O2,125,-5.391,S1O
82,O2,126,-3.438,S1O
82,O2,127,-2.462,S1O
82,O2,128,-1.973,S1O
82,O2,129,-1.485,S1O
82,O2,130,-0.997,S1O
82,O2,131,-0.020,S1O
82,O2,132,0.956,S1O
82,O2,133,1.933,S1O
82,O2,134,1.933,S1O
82,O2,135,0.956,S1O
82,O2,136,-0.509,S1O
82,O2,137,-2.462,S1O
82,O2,138,-4.903,S1O
82,O2,139,-6.856,S1O
82,O2,140,-8.321,S1O
82,O2,141,-9.786,S1O
82,O2,142,-11.251,S1O
82,O2,143,-12.716,S1O
82,O2,144,-13.204,S1O
82,O2,145,-13.204,S1O
82,O2,146,-12.716,S1O
82,O2,147,-12.227,S1O
82,O2,148,-11.251,S1O
82,O2,149,-10.274,S1O
82,O2,150,-8.809,S1O
82,O2,151,-6.368,S1O
82,O2,152,-3.927,S1O
82,O2,153,-1.973,S1O
82,O2,154,-1.485,S1O
82,O2,155,-2.462,S1O
82,O2,156,-3.927,S1O
82,O2,157,-5.880,S1O
82,O2,158,-7.833,S1O
82,O2,159,-9.298,S1O
82,O2,160,-10.274,S1O
82,O2,161,-10.274,S1O
82,O2,162,-9.786,S1O
82,O2,163,-9.298,S1O
82,O2,164,-8.809,S1O
82,O2,165,-9.786,S1O
82,O2,166,-11.739,S1O
82,O2,167,-14.181,S1O
82,O2,168,-16.134,S1O
82,O2,169,-17.110,S1O
82,O2,170,-18.087,S1O
82,O2,171,-18.575,S1O
82,O2,172,-20.040,S1O
82,O2,173,-21.016,S1O
82,O2,174,-21.505,S1O
82,O2,175,-21.016,S1O
82,O2,176,-20.040,S1O
82,O2,177,-18.087,S1O
82,O2,178,-17.110,S1O
82,O2,179,-15.645,S1O
82,O2,180,-13.692,S1O
82,O2,181,-11.251,S1O
82,O2,182,-9.786,S1O
82,O2,183,-9.298,S1O
82,O2,184,-10.763,S1O
82,O2,185,-14.181,S1O
82,O2,186,-17.110,S1O
82,O2,187,-18.575,S1O
82,O2,188,-19.063,S1O
82,O2,189,-18.575,S1O
82,O2,190,-17.598,S1O
82,O2,191,-17.110,S1O
82,O2,192,-16.134,S1O
82,O2,193,-15.157,S1O
82,O2,194,-13.692,S1O
82,O2,195,-12.716,S1O
82,O2,196,-12.227,S1O
82,O2,197,-12.716,S1O
82,O2,198,-13.692,S1O
82,O2,199,-14.669,S1O
82,O2,200,-15.645,S1O
82,O2,201,-15.645,S1O
82,O2,202,-14.181,S1O
82,O2,203,-13.204,S1O
82,O2,204,-11.739,S1O
82,O2,205,-12.227,S1O
82,O2,206,-13.204,S1O
82,O2,207,-16.134,S1O
82,O2,208,-19.063,S1O
82,O2,209,-21.016,S1O
82,O2,210,-21.016,S1O
82,O2,211,-20.040,S1O
82,O2,212,-18.087,S1O
82,O2,213,-16.134,S1O
82,O2,214,-14.181,S1O
82,O2,215,-12.716,S1O
82,O2,216,-10.274,S1O
82,O2,217,-7.833,S1O
82,O2,218,-5.391,S1O
82,O2,219,-4.415,S1O
82,O2,220,-3.927,S1O
82,O2,221,-5.391,S1O
82,O2,222,-6.856,S1O
82,O2,223,-8.809,S1O
82,O2,224,-10.763,S1O
82,O2,225,-12.227,S1O
82,O2,226,-13.692,S1O
82,O2,227,-15.645,S1O
82,O2,228,-17.110,S1O
82,O2,229,-18.575,S1O
82,O2,230,-18.575,S1O
82,O2,231,-18.575,S1O
82,O2,232,-18.087,S1O
82,O2,233,-17.598,S1O
82,O2,234,-16.134,S1O
82,O2,235,-14.181,S1O
82,O2,236,-12.227,S1O
82,O2,237,-10.274,S1O
82,O2,238,-10.274,S1O
82,O2,239,-12.716,S1O
82,O2,240,-17.110,S1O
82,O2,241,-21.993,S1O
82,O2,242,-26.876,S1O
82,O2,243,-29.806,S1O
82,O2,244,-30.782,S1O
82,O2,245,-29.317,S1O
82,O2,246,-25.411,S1O
82,O2,247,-20.528,S1O
82,O2,248,-15.157,S1O
82,O2,249,-11.739,S1O
82,O2,250,-10.274,S1O
82,O2,251,-11.251,S1O
82,O2,252,-13.204,S1O
82,O2,253,-15.157,S1O
82,O2,254,-16.622,S1O
82,O2,255,-17.598,S1O
82,O1,0,-3.845,S1O
82,O1,1,-5.310,S1O
82,O1,2,-6.287,S1O
82,O1,3,-5.798,S1O
82,O1,4,-4.333,S1O
82,O1,5,-3.357,S1O
82,O1,6,-3.357,S1O
82,O1,7,-3.357,S1O
82,O1,8,-2.380,S1O
82,O1,9,-0.916,S1O
82,O1,10,1.038,S1O
82,O1,11,2.502,S1O
82,O1,12,1.526,S1O
82,O1,13,-0.427,S1O
82,O1,14,-2.380,S1O
82,O1,15,-3.845,S1O
82,O1,16,-3.357,S1O
82,O1,17,-1.404,S1O
82,O1,18,0.549,S1O
82,O1,19,2.014,S1O
82,O1,20,2.502,S1O
82,O1,21,2.014,S1O
82,O1,22,1.526,S1O
82,O1,23,1.526,S1O
82,O1,24,1.526,S1O
82,O1,25,2.014,S1O
82,O1,26,2.502,S1O
82,O1,27,3.479,S1O
82,O1,28,3.967,S1O
82,O1,29,4.456,S1O
82,O1,30,3.479,S1O
82,O1,31,1.038,S1O
82,O1,32,-0.916,S1O
82,O1,33,-2.380,S1O
82,O1,34,-1.404,S1O
82,O1,35,1.038,S1O
82,O1,36,3.479,S1O
82,O1,37,4.456,S1O
82,O1,38,2.502,S1O
82,O1,39,-1.404,S1O
82,O1,40,-5.798,S1O
82,O1,41,-9.216,S1O
82,O1,42,-11.169,S1O
82,O1,43,-12.634,S1O
82,O1,44,-14.587,S1O
82,O1,45,-17.517,S1O
82,O1,46,-20.447,S1O
82,O1,47,-22.400,S1O
82,O1,48,-22.888,S1O
82,O1,49,-21.423,S1O
82,O1,50,-18.494,S1O
82,O1,51,-15.564,S1O
82,O1,52,-13.123,S1O
82,O1,53,-11.658,S1O
82,O1,54,-11.169,S1O
82,O1,55,-11.169,S1O
82,O1,56,-11.169,S1O
82,O1,57,-10.681,S1O
82,O1,58,-9.705,S1O
82,O1,59,-7.751,S1O
82,O1,60,-5.798,S1O
82,O1,61,-3.845,S1O
82,O1,62,-1.892,S1O
82,O1,63,-0.427,S1O
82,O1,64,0.061,S1O
82,O1,65,-0.427,S1O
82,O1,66,-2.380,S1O
82,O1,67,-5.310,S1O
82,O1,68,-8.240,S1O
82,O1,69,-10.193,S1O
82,O1,70,-10.193,S1O
82,O1,71,-9.216,S1O
82,O1,72,-6.775,S1O
82,O1,73,-4.333,S1O
82,O1,74,-2.869,S1O
82,O1,75,-2.380,S1O
82,O1,76,-2.380,S1O
82,O1,77,-3.357,S1O
82,O1,78,-4.822,S1O
82,O1,79,-7.751,S1O
82,O1,80,-10.193,S1O
82,O1,81,-13.123,S1O
82,O1,82,-13.611,S1O
82,O1,83,-12.634,S1O
82,O1,84,-10.193,S1O
82,O1,85,-8.240,S1O
82,O1,86,-7.751,S1O
82,O1,87,-8.728,S1O
82,O1,88,-8.728,S1O
82,O1,89,-7.751,S1O
82,O1,90,-4.822,S1O
82,O1,91,-1.404,S1O
82,O1,92,1.526,S1O
82,O1,93,2.502,S1O
82,O1,94,2.991,S1O
82,O1,95,2.991,S1O
82,O1,96,3.479,S1O
82,O1,97,3.479,S1O
82,O1,98,2.991,S1O
82,O1,99,1.526,S1O
82,O1,100,-0.427,S1O
82,O1,101,-2.869,S1O
82,O1,102,-5.310,S1O
82,O1,103,-7.751,S1O
82,O1,104,-9.216,S1O
82,O1,105,-9.705,S1O
82,O1,106,-9.216,S1O
82,O1,107,-7.751,S1O
82,O1,108,-6.775,S1O
82,O1,109,-6.287,S1O
82,O1,110,-6.775,S1O
82,O1,111,-7.263,S1O
82,O1,112,-6.287,S1O
82,O1,113,-5.310,S1O
82,O1,114,-4.333,S1O
82,O1,115,-3.357,S1O
82,O1,116,-2.869,S1O
82,O1,117,-2.869,S1O
82,O1,118,-2.869,S1O
82,O1,119,-3.357,S1O
82,O1,120,-4.333,S1O
82,O1,121,-5.310,S1O
82,O1,122,-6.775,S1O
82,O1,123,-6.775,S1O
82,O1,124,-6.287,S1O
82,O1,125,-4.822,S1O
82,O1,126,-3.357,S1O
82,O1,127,-2.869,S1O
82,O1,128,-2.380,S1O
82,O1,129,-1.892,S1O
82,O1,130,-0.916,S1O
82,O1,131,0.549,S1O
82,O1,132,1.526,S1O
82,O1,133,2.502,S1O
82,O1,134,2.502,S1O
82,O1,135,1.526,S1O
82,O1,136,-0.427,S1O
82,O1,137,-2.380,S1O
82,O1,138,-4.333,S1O
82,O1,139,-6.287,S1O
82,O1,140,-7.751,S1O
82,O1,141,-9.705,S1O
82,O1,142,-11.169,S1O
82,O1,143,-12.146,S1O
82,O1,144,-12.146,S1O
82,O1,145,-11.169,S1O
82,O1,146,-10.193,S1O
82,O1,147,-9.705,S1O
82,O1,148,-8.728,S1O
82,O1,149,-8.240,S1O
82,O1,150,-6.287,S1O
82,O1,151,-4.333,S1O
82,O1,152,-2.380,S1O
82,O1,153,-1.404,S1O
82,O1,154,-1.404,S1O
82,O1,155,-1.892,S1O
82,O1,156,-2.869,S1O
82,O1,157,-4.333,S1O
82,O1,158,-6.287,S1O
82,O1,159,-7.751,S1O
82,O1,160,-8.728,S1O
82,O1,161,-8.728,S1O
82,O1,162,-8.240,S1O
82,O1,163,-7.263,S1O
82,O1,164,-7.263,S1O
82,O1,165,-8.240,S1O
82,O1,166,-10.193,S1O
82,O1,167,-13.123,S1O
82,O1,168,-15.076,S1O
82,O1,169,-17.517,S1O
82,O1,170,-19.470,S1O
82,O1,171,-21.423,S1O
82,O1,172,-22.888,S1O
82,O1,173,-22.888,S1O
82,O1,174,-21.912,S1O
82,O1,175,-19.958,S1O
82,O1,176,-17.517,S1O
82,O1,177,-15.076,S1O
82,O1,178,-14.099,S1O
82,O1,179,-13.611,S1O
82,O1,180,-13.123,S1O
82,O1,181,-11.658,S1O
82,O1,182,-11.169,S1O
82,O1,183,-10.193,S1O
82,O1,184,-11.658,S1O
82,O1,185,-14.099,S1O
82,O1,186,-17.517,S1O
82,O1,187,-20.935,S1O
82,O1,188,-21.912,S1O
82,O1,189,-21.912,S1O
82,O1,190,-20.447,S1O
82,O1,191,-18.982,S1O
82,O1,192,-17.029,S1O
82,O1,193,-15.564,S1O
82,O1,194,-14.587,S1O
82,O1,195,-14.099,S1O
82,O1,196,-14.099,S1O
82,O1,197,-14.099,S1O
82,O1,198,-14.099,S1O
82,O1,199,-13.611,S1O
82,O1,200,-13.611,S1O
82,O1,201,-12.634,S1O
82,O1,202,-11.658,S1O
82,O1,203,-10.681,S1O
82,O1,204,-10.193,S1O
82,O1,205,-10.681,S1O
82,O1,206,-12.634,S1O
82,O1,207,-15.076,S1O
82,O1,208,-17.517,S1O
82,O1,209,-18.982,S1O
82,O1,210,-19.958,S1O
82,O1,211,-18.982,S1O
82,O1,212,-17.517,S1O
82,O1,213,-16.052,S1O
82,O1,214,-13.611,S1O
82,O1,215,-11.169,S1O
82,O1,216,-9.216,S1O
82,O1,217,-7.263,S1O
82,O1,218,-5.798,S1O
82,O1,219,-5.310,S1O
82,O1,220,-5.798,S1O
82,O1,221,-6.775,S1O
82,O1,222,-7.751,S1O
82,O1,223,-8.728,S1O
82,O1,224,-9.705,S1O
82,O1,225,-10.681,S1O
82,O1,226,-12.634,S1O
82,O1,227,-14.099,S1O
82,O1,228,-15.076,S1O
82,O1,229,-16.052,S1O
82,O1,230,-16.052,S1O
82,O1,231,-16.541,S1O
82,O1,232,-17.517,S1O
82,O1,233,-18.494,S1O
82,O1,234,-18.982,S1O
82,O1,235,-18.494,S1O
82,O1,236,-16.541,S1O
82,O1,237,-15.076,S1O
82,O1,238,-15.564,S1O
82,O1,239,-17.029,S1O
82,O1,240,-18.982,S1O
82,O1,241,-21.423,S1O
82,O1,242,-22.888,S1O
82,O1,243,-24.353,S1O
82,O1,244,-25.330,S1O
82,O1,245,-24.841,S1O
82,O1,246,-22.888,S1O
82,O1,247,-19.470,S1O
82,O1,248,-15.076,S1O
82,O1,249,-12.146,S1O
82,O1,250,-11.169,S1O
82,O1,251,-12.146,S1O
82,O1,252,-14.099,S1O
82,O1,253,-15.564,S1O
82,O1,254,-16.541,S1O
82,O1,255,-17.517,S1O
82,X,0,0.000,S1O
82,X,1,0.000,S1O
82,X,2,0.000,S1O
82,X,3,0.000,S1O
82,X,4,0.000,S1O
82,X,5,0.000,S1O
82,X,6,0.000,S1O
82,X,7,0.000,S1O
82,X,8,0.000,S1O
82,X,9,0.000,S1O
82,X,10,0.000,S1O
82,X,11,0.000,S1O
82,X,12,0.000,S1O
82,X,13,0.000,S1O
82,X,14,0.000,S1O
82,X,15,0.000,S1O
82,X,16,0.000,S1O
82,X,17,0.000,S1O
82,X,18,0.000,S1O
82,X,19,0.000,S1O
82,X,20,0.000,S1O
82,X,21,0.000,S1O
82,X,22,0.000,S1O
82,X,23,0.000,S1O
82,X,24,0.000,S1O
82,X,25,0.000,S1O
82,X,26,0.000,S1O
82,X,27,0.000,S1O
82,X,28,0.000,S1O
82,X,29,0.000,S1O
82,X,30,0.000,S1O
82,X,31,0.000,S1O
82,X,32,0.000,S1O
82,X,33,0.000,S1O
82,X,34,0.000,S1O
82,X,35,0.000,S1O
82,X,36,0.000,S1O
82,X,37,0.000,S1O
82,X,38,0.000,S1O
82,X,39,0.000,S1O
82,X,40,0.000,S1O
82,X,41,0.000,S1O
82,X,42,0.000,S1O
82,X,43,0.000,S1O
82,X,44,0.000,S1O
82,X,45,0.000,S1O
82,X,46,0.000,S1O
82,X,47,0.000,S1O
82,X,48,0.000,S1O
82,X,49,0.000,S1O
82,X,50,0.000,S1O
82,X,51,0.000,S1O
82,X,52,0.000,S1O
82,X,53,0.000,S1O
82,X,54,0.000,S1O
82,X,55,0.000,S1O
82,X,56,0.000,S1O
82,X,57,0.000,S1O
82,X,58,0.000,S1O
82,X,59,0.000,S1O
82,X,60,0.000,S1O
82,X,61,0.000,S1O
82,X,62,0.000,S1O
82,X,63,0.000,S1O
82,X,64,0.000,S1O
82,X,65,0.000,S1O
82,X,66,0.000,S1O
82,X,67,0.000,S1O
82,X,68,0.000,S1O
82,X,69,0.000,S1O
82,X,70,0.000,S1O
82,X,71,0.000,S1O
82,X,72,0.000,S1O
82,X,73,0.000,S1O
82,X,74,0.000,S1O
82,X,75,0.000,S1O
82,X,76,0.000,S1O
82,X,77,0.000,S1O
82,X,78,0.000,S1O
82,X,79,0.000,S1O
82,X,80,0.000,S1O
82,X,81,0.000,S1O
82,X,82,0.000,S1O
82,X,83,0.000,S1O
82,X,84,0.000,S1O
82,X,85,0.000,S1O
82,X,86,0.000,S1O
82,X,87,0.000,S1O
82,X,88,0.000,S1O
82,X,89,0.000,S1O
82,X,90,0.000,S1O
82,X,91,0.000,S1O
82,X,92,0.000,S1O
82,X,93,0.000,S1O
82,X,94,0.000,S1O
82,X,95,0.000,S1O
82,X,96,0.000,S1O
82,X,97,0.000,S1O
82,X,98,0.000,S1O
82,X,99,0.000,S1O
82,X,100,0.000,S1O
82,X,101,0.000,S1O
82,X,102,0.000,S1O
82,X,103,0.000,S1O
82,X,104,0.000,S1O
82,X,105,0.000,S1O
82,X,106,0.000,S1O
82,X,107,0.000,S1O
82,X,108,0.000,S1O
82,X,109,0.000,S1O
82,X,110,0.000,S1O
82,X,111,0.000,S1O
82,X,112,0.000,S1O
82,X,113,0.000,S1O
82,X,114,0.000,S1O
82,X,115,0.000,S1O
82,X,116,0.000,S1O
82,X,117,0.000,S1O
82,X,118,0.000,S1O
82,X,119,0.000,S1O
82,X,120,0.000,S1O
82,X,121,0.000,S1O
82,X,122,0.000,S1O
82,X,123,0.000,S1O
82,X,124,0.000,S1O
82,X,125,0.000,S1O
82,X,126,0.000,S1O
82,X,127,0.000,S1O
82,X,128,0.000,S1O
82,X,129,0.000,S1O
82,X,130,0.000,S1O
82,X,131,0.000,S1O
82,X,132,0.000,S1O
82,X,133,0.000,S1O
82,X,134,0.000,S1O
82,X,135,0.000,S1O
82,X,136,0.000,S1O
82,X,137,0.000,S1O
82,X,138,0.000,S1O
82,X,139,0.000,S1O
82,X,140,0.000,S1O
82,X,141,0.000,S1O
82,X,142,0.000,S1O
82,X,143,0.000,S1O
82,X,144,0.000,S1O
82,X,145,0.000,S1O
82,X,146,0.000,S1O
82,X,147,0.000,S1O
82,X,148,0.000,S1O
82,X,149,0.000,S1O
82,X,150,0.000,S1O
82,X,151,0.000,S1O
82,X,152,0.000,S1O
82,X,153,0.000,S1O
82,X,154,0.000,S1O
82,X,155,0.000,S1O
82,X,156,0.000,S1O
82,X,157,0.000,S1O
82,X,158,0.000,S1O
82,X,159,0.000,S1O
82,X,160,0.000,S1O
82,X,161,0.000,S1O
82,X,162,0.000,S1O
82,X,163,0.000,S1O
82,X,164,0.000,S1O
82,X,165,0.000,S1O
82,X,166,0.000,S1O
82,X,167,0.000,S1O
82,X,168,0.000,S1O
82,X,169,0.000,S1O
82,X,170,0.000,S1O
82,X,171,0.000,S1O
82,X,172,0.000,S1O
82,X,173,0.000,S1O
82,X,174,0.000,S1O
82,X,175,0.000,S1O
82,X,176,0.000,S1O
82,X,177,0.000,S1O
82,X,178,0.000,S1O
82,X,179,0.000,S1O
82,X,180,0.000,S1O
82,X,181,0.000,S1O
82,X,182,0.000,S1O
82,X,183,0.000,S1O
82,X,184,0.000,S1O
82,X,185,0.000,S1O
82,X,186,0.000,S1O
82,X,187,0.000,S1O
82,X,188,0.000,S1O
82,X,189,0.000,S1O
82,X,190,0.000,S1O
82,X,191,0.000,S1O
82,X,192,0.000,S1O
82,X,193,0.000,S1O
82,X,194,0.000,S1O
82,X,195,0.000,S1O
82,X,196,0.000,S1O
82,X,197,0.000,S1O
82,X,198,0.000,S1O
82,X,199,0.000,S1O
82,X,200,0.000,S1O
82,X,201,0.000,S1O
82,X,202,0.000,S1O
82,X,203,0.000,S1O
82,X,204,0.000,S1O
82,X,205,0.000,S1O
82,X,206,0.000,S1O
82,X,207,0.000,S1O
82,X,208,0.000,S1O
82,X,209,0.000,S1O
82,X,210,0.000,S1O
82,X,211,0.000,S1O
82,X,212,0.000,S1O
82,X,213,0.000,S1O
82,X,214,0.000,S1O
82,X,215,0.000,S1O
82,X,216,0.000,S1O
82,X,217,0.000,S1O
82,X,218,0.000,S1O
82,X,219,0.000,S1O
82,X,220,0.000,S1O
82,X,221,0.000,S1O
82,X,222,0.000,S1O
82,X,223,0.000,S1O
82,X,224,0.000,S1O
82,X,225,0.000,S1O
82,X,226,0.000,S1O
82,X,227,0.000,S1O
82,X,228,0.000,S1O
82,X,229,0.000,S1O
82,X,230,0.000,S1O
82,X,231,0.000,S1O
82,X,232,0.000,S1O
82,X,233,0.000,S1O
82,X,234,0.000,S1O
82,X,235,0.000,S1O
82,X,236,0.000,S1O
82,X,237,0.000,S1O
82,X,238,0.000,S1O
82,X,239,0.000,S1O
82,X,240,0.000,S1O
82,X,241,0.000,S1O
82,X,242,0.000,S1O
82,X,243,0.000,S1O
82,X,244,0.000,S1O
82,X,245,0.000,S1O
82,X,246,0.000,S1O
82,X,247,0.000,S1O
82,X,248,0.000,S1O
82,X,249,0.000,S1O
82,X,250,0.000,S1O
82,X,251,0.000,S1O
82,X,252,0.000,S1O
82,X,253,0.000,S1O
82,X,254,0.000,S1O
82,X,255,0.000,S1O
82,AF7,0,11.576,S1O
82,AF7,1,13.529,S1O
82,AF7,2,16.459,S1O
82,AF7,3,17.436,S1O
82,AF7,4,16.459,S1O
82,AF7,5,12.553,S1O
82,AF7,6,7.670,S1O
82,AF7,7,4.252,S1O
82,AF7,8,3.764,S1O
82,AF7,9,6.205,S1O
82,AF7,10,10.111,S1O
82,AF7,11,13.041,S1O
82,AF7,12,13.529,S1O
82,AF7,13,12.065,S1O
82,AF7,14,8.158,S1O
82,AF7,15,3.276,S1O
82,AF7,16,-1.607,S1O
82,AF7,17,-5.514,S1O
82,AF7,18,-6.490,S1O
82,AF7,19,-4.537,S1O
82,AF7,20,-0.142,S1O
82,AF7,21,4.252,S1O
82,AF7,22,6.694,S1O
82,AF7,23,6.694,S1O
82,AF7,24,5.229,S1O
82,AF7,25,3.764,S1O
82,AF7,26,4.252,S1O
82,AF7,27,5.717,S1O
82,AF7,28,7.182,S1O
82,AF7,29,5.717,S1O
82,AF7,30,2.787,S1O
82,AF7,31,-0.631,S1O
82,AF7,32,-1.607,S1O
82,AF7,33,-0.142,S1O
82,AF7,34,3.276,S1O
82,AF7,35,7.670,S1O
82,AF7,36,10.600,S1O
82,AF7,37,11.576,S1O
82,AF7,38,10.111,S1O
82,AF7,39,8.158,S1O
82,AF7,40,5.717,S1O
82,AF7,41,3.764,S1O
82,AF7,42,1.811,S1O
82,AF7,43,0.346,S1O
82,AF7,44,-1.607,S1O
82,AF7,45,-3.072,S1O
82,AF7,46,-4.049,S1O
82,AF7,47,-3.560,S1O
82,AF7,48,-1.119,S1O
82,AF7,49,1.811,S1O
82,AF7,50,4.740,S1O
82,AF7,51,6.205,S1O
82,AF7,52,5.717,S1O
82,AF7,53,3.764,S1O
82,AF7,54,3.276,S1O
82,AF7,55,3.764,S1O
82,AF7,56,5.717,S1O
82,AF7,57,7.670,S1O
82,AF7,58,6.694,S1O
82,AF7,59,4.252,S1O
82,AF7,60,1.811,S1O
82,AF7,61,0.346,S1O
82,AF7,62,1.322,S1O
82,AF7,63,3.276,S1O
82,AF7,64,4.252,S1O
82,AF7,65,2.787,S1O
82,AF7,66,-1.119,S1O
82,AF7,67,-6.002,S1O
82,AF7,68,-9.908,S1O
82,AF7,69,-11.861,S1O
82,AF7,70,-12.349,S1O
82,AF7,71,-10.885,S1O
82,AF7,72,-9.908,S1O
82,AF7,73,-9.420,S1O
82,AF7,74,-10.396,S1O
82,AF7,75,-12.349,S1O
82,AF7,76,-14.303,S1O
82,AF7,77,-15.279,S1O
82,AF7,78,-14.791,S1O
82,AF7,79,-13.326,S1O
82,AF7,80,-11.861,S1O
82,AF7,81,-11.373,S1O
82,AF7,82,-12.349,S1O
82,AF7,83,-14.303,S1O
82,AF7,84,-17.232,S1O
82,AF7,85,-20.162,S1O
82,AF7,86,-23.092,S1O
82,AF7,87,-25.533,S1O
82,AF7,88,-27.974,S1O
82,AF7,89,-29.439,S1O
82,AF7,90,-31.881,S1O
82,AF7,91,-34.322,S1O
82,AF7,92,-37.252,S1O
82,AF7,93,-39.693,S1O
82,AF7,94,-41.158,S1O
82,AF7,95,-41.158,S1O
82,AF7,96,-38.717,S1O
82,AF7,97,-34.810,S1O
82,AF7,98,-30.416,S1O
82,AF7,99,-26.998,S1O
82,AF7,100,-24.556,S1O
82,AF7,101,-24.068,S1O
82,AF7,102,-24.068,S1O
82,AF7,103,-23.580,S1O
82,AF7,104,-22.603,S1O
82,AF7,105,-20.650,S1O
82,AF7,106,-19.185,S1O
82,AF7,107,-18.209,S1O
82,AF7,108,-17.721,S1O
82,AF7,109,-18.209,S1O
82,AF7,110,-18.209,S1O
82,AF7,111,-18.209,S1O
82,AF7,112,-18.697,S1O
82,AF7,113,-20.162,S1O
82,AF7,114,-22.115,S1O
82,AF7,115,-24.068,S1O
82,AF7,116,-25.045,S1O
82,AF7,117,-25.045,S1O
82,AF7,118,-24.556,S1O
82,AF7,119,-24.068,S1O
82,AF7,120,-24.556,S1O
82,AF7,121,-25.533,S1O
82,AF7,122,-26.510,S1O
82,AF7,123,-26.510,S1O
82,AF7,124,-24.556,S1O
82,AF7,125,-20.650,S1O
82,AF7,126,-16.744,S1O
82,AF7,127,-13.814,S1O
82,AF7,128,-13.326,S1O
82,AF7,129,-14.303,S1O
82,AF7,130,-15.279,S1O
82,AF7,131,-15.279,S1O
82,AF7,132,-14.303,S1O
82,AF7,133,-12.838,S1O
82,AF7,134,-11.373,S1O
82,AF7,135,-10.396,S1O
82,AF7,136,-9.908,S1O
82,AF7,137,-9.908,S1O
82,AF7,138,-10.396,S1O
82,AF7,139,-11.373,S1O
82,AF7,140,-12.349,S1O
82,AF7,141,-13.326,S1O
82,AF7,142,-14.303,S1O
82,AF7,143,-14.303,S1O
82,AF7,144,-13.814,S1O
82,AF7,145,-12.838,S1O
82,AF7,146,-11.861,S1O
82,AF7,147,-11.861,S1O
82,AF7,148,-12.838,S1O
82,AF7,149,-14.303,S1O
82,AF7,150,-15.767,S1O
82,AF7,151,-15.767,S1O
82,AF7,152,-13.814,S1O
82,AF7,153,-11.861,S1O
82,AF7,154,-11.373,S1O
82,AF7,155,-12.349,S1O
82,AF7,156,-14.791,S1O
82,AF7,157,-17.721,S1O
82,AF7,158,-18.209,S1O
82,AF7,159,-16.744,S1O
82,AF7,160,-13.814,S1O
82,AF7,161,-11.373,S1O
82,AF7,162,-9.420,S1O
82,AF7,163,-8.931,S1O
82,AF7,164,-9.420,S1O
82,AF7,165,-9.420,S1O
82,AF7,166,-9.420,S1O
82,AF7,167,-8.931,S1O
82,AF7,168,-8.443,S1O
82,AF7,169,-8.443,S1O
82,AF7,170,-8.443,S1O
82,AF7,171,-9.420,S1O
82,AF7,172,-10.396,S1O
82,AF7,173,-11.861,S1O
82,AF7,174,-12.838,S1O
82,AF7,175,-12.838,S1O
82,AF7,176,-11.861,S1O
82,AF7,177,-9.420,S1O
82,AF7,178,-6.978,S1O
82,AF7,179,-6.002,S1O
82,AF7,180,-6.002,S1O
82,AF7,181,-6.002,S1O
82,AF7,182,-6.002,S1O
82,AF7,183,-5.025,S1O
82,AF7,184,-3.072,S1O
82,AF7,185,-2.584,S1O
82,AF7,186,-4.049,S1O
82,AF7,187,-7.955,S1O
82,AF7,188,-11.861,S1O
82,AF7,189,-15.767,S1O
82,AF7,190,-17.232,S1O
82,AF7,191,-15.767,S1O
82,AF7,192,-12.349,S1O
82,AF7,193,-7.467,S1O
82,AF7,194,-3.072,S1O
82,AF7,195,-0.142,S1O
82,AF7,196,0.834,S1O
82,AF7,197,-0.142,S1O
82,AF7,198,-2.096,S1O
82,AF7,199,-4.537,S1O
82,AF7,200,-6.978,S1O
82,AF7,201,-7.955,S1O
82,AF7,202,-8.443,S1O
82,AF7,203,-7.467,S1O
82,AF7,204,-6.490,S1O
82,AF7,205,-5.025,S1O
82,AF7,206,-5.025,S1O
82,AF7,207,-5.514,S1O
82,AF7,208,-5.514,S1O
82,AF7,209,-5.025,S1O
82,AF7,210,-3.072,S1O
82,AF7,211,-0.142,S1O
82,AF7,212,2.787,S1O
82,AF7,213,4.740,S1O
82,AF7,214,5.717,S1O
82,AF7,215,4.740,S1O
82,AF7,216,3.276,S1O
82,AF7,217,1.811,S1O
82,AF7,218,1.811,S1O
82,AF7,219,2.787,S1O
82,AF7,220,5.229,S1O
82,AF7,221,8.158,S1O
82,AF7,222,11.088,S1O
82,AF7,223,12.553,S1O
82,AF7,224,13.529,S1O
82,AF7,225,12.553,S1O
82,AF7,226,11.576,S1O
82,AF7,227,9.623,S1O
82,AF7,228,7.670,S1O
82,AF7,229,5.717,S1O
82,AF7,230,3.764,S1O
82,AF7,231,1.811,S1O
82,AF7,232,-1.119,S1O
82,AF7,233,-3.560,S1O
82,AF7,234,-5.514,S1O
82,AF7,235,-5.025,S1O
82,AF7,236,-3.560,S1O
82,AF7,237,-2.096,S1O
82,AF7,238,-2.096,S1O
82,AF7,239,-3.072,S1O
82,AF7,240,-4.537,S1O
82,AF7,241,-5.025,S1O
82,AF7,242,-3.560,S1O
82,AF7,243,-2.096,S1O
82,AF7,244,-1.119,S1O
82,AF7,245,-2.584,S1O
82,AF7,246,-4.537,S1O
82,AF7,247,-6.490,S1O
82,AF7,248,-7.467,S1O
82,AF7,249,-6.490,S1O
82,AF7,250,-5.025,S1O
82,AF7,251,-4.049,S1O
82,AF7,252,-4.049,S1O
82,AF7,253,-4.537,S1O
82,AF7,254,-5.514,S1O
82,AF7,255,-5.514,S1O
82,AF8,0,8.748,S1O
82,AF8,1,10.213,S1O
82,AF8,2,11.190,S1O
82,AF8,3,11.190,S1O
82,AF8,4,10.213,S1O
82,AF8,5,8.260,S1O
82,AF8,6,7.284,S1O
82,AF8,7,6.307,S1O
82,AF8,8,6.795,S1O
82,AF8,9,6.307,S1O
82,AF8,10,6.307,S1O
82,AF8,11,4.842,S1O
82,AF8,12,2.401,S1O
82,AF8,13,-0.041,S1O
82,AF8,14,-1.994,S1O
82,AF8,15,-2.970,S1O
82,AF8,16,-2.970,S1O
82,AF8,17,-2.482,S1O
82,AF8,18,-1.994,S1O
82,AF8,19,-1.506,S1O
82,AF8,20,-1.506,S1O
82,AF8,21,-1.506,S1O
82,AF8,22,-1.506,S1O
82,AF8,23,-1.017,S1O
82,AF8,24,0.936,S1O
82,AF8,25,2.889,S1O
82,AF8,26,5.819,S1O
82,AF8,27,7.772,S1O
82,AF8,28,7.772,S1O
82,AF8,29,6.307,S1O
82,AF8,30,3.866,S1O
82,AF8,31,1.424,S1O
82,AF8,32,-0.529,S1O
82,AF8,33,-1.506,S1O
82,AF8,34,-0.041,S1O
82,AF8,35,2.889,S1O
82,AF8,36,6.307,S1O
82,AF8,37,8.748,S1O
82,AF8,38,8.748,S1O
82,AF8,39,6.307,S1O
82,AF8,40,2.889,S1O
82,AF8,41,0.448,S1O
82,AF8,42,-0.041,S1O
82,AF8,43,0.448,S1O
82,AF8,44,1.424,S1O
82,AF8,45,1.424,S1O
82,AF8,46,0.448,S1O
82,AF8,47,0.448,S1O
82,AF8,48,1.912,S1O
82,AF8,49,4.842,S1O
82,AF8,50,7.284,S1O
82,AF8,51,8.260,S1O
82,AF8,52,6.795,S1O
82,AF8,53,3.866,S1O
82,AF8,54,1.424,S1O
82,AF8,55,0.936,S1O
82,AF8,56,1.424,S1O
82,AF8,57,3.866,S1O
82,AF8,58,5.819,S1O
82,AF8,59,8.260,S1O
82,AF8,60,10.213,S1O
82,AF8,61,11.190,S1O
82,AF8,62,11.190,S1O
82,AF8,63,8.748,S1O
82,AF8,64,4.354,S1O
82,AF8,65,-0.041,S1O
82,AF8,66,-3.459,S1O
82,AF8,67,-4.435,S1O
82,AF8,68,-2.970,S1O
82,AF8,69,-1.506,S1O
82,AF8,70,-1.017,S1O
82,AF8,71,-1.506,S1O
82,AF8,72,-2.482,S1O
82,AF8,73,-3.459,S1O
82,AF8,74,-3.459,S1O
82,AF8,75,-2.482,S1O
82,AF8,76,-1.017,S1O
82,AF8,77,0.936,S1O
82,AF8,78,2.401,S1O
82,AF8,79,4.842,S1O
82,AF8,80,6.307,S1O
82,AF8,81,7.284,S1O
82,AF8,82,7.772,S1O
82,AF8,83,7.772,S1O
82,AF8,84,7.284,S1O
82,AF8,85,6.307,S1O
82,AF8,86,5.330,S1O
82,AF8,87,3.866,S1O
82,AF8,88,0.936,S1O
82,AF8,89,-2.970,S1O
82,AF8,90,-7.365,S1O
82,AF8,91,-11.271,S1O
82,AF8,92,-14.201,S1O
82,AF8,93,-17.131,S1O
82,AF8,94,-19.572,S1O
82,AF8,95,-22.013,S1O
82,AF8,96,-23.478,S1O
82,AF8,97,-23.966,S1O
82,AF8,98,-22.990,S1O
82,AF8,99,-21.037,S1O
82,AF8,100,-19.084,S1O
82,AF8,101,-17.619,S1O
82,AF8,102,-17.619,S1O
82,AF8,103,-17.619,S1O
82,AF8,104,-17.619,S1O
82,AF8,105,-17.131,S1O
82,AF8,106,-16.642,S1O
82,AF8,107,-17.131,S1O
82,AF8,108,-18.595,S1O
82,AF8,109,-19.572,S1O
82,AF8,110,-20.060,S1O
82,AF8,111,-19.572,S1O
82,AF8,112,-18.595,S1O
82,AF8,113,-17.619,S1O
82,AF8,114,-17.619,S1O
82,AF8,115,-18.595,S1O
82,AF8,116,-20.060,S1O
82,AF8,117,-22.013,S1O
82,AF8,118,-23.966,S1O
82,AF8,119,-24.455,S1O
82,AF8,120,-24.943,S1O
82,AF8,121,-24.455,S1O
82,AF8,122,-23.478,S1O
82,AF8,123,-22.013,S1O
82,AF8,124,-20.060,S1O
82,AF8,125,-18.107,S1O
82,AF8,126,-16.642,S1O
82,AF8,127,-15.666,S1O
82,AF8,128,-15.177,S1O
82,AF8,129,-14.689,S1O
82,AF8,130,-14.201,S1O
82,AF8,131,-12.736,S1O
82,AF8,132,-10.295,S1O
82,AF8,133,-8.341,S1O
82,AF8,134,-7.365,S1O
82,AF8,135,-8.341,S1O
82,AF8,136,-10.295,S1O
82,AF8,137,-11.759,S1O
82,AF8,138,-12.248,S1O
82,AF8,139,-12.248,S1O
82,AF8,140,-11.759,S1O
82,AF8,141,-11.759,S1O
82,AF8,142,-12.248,S1O
82,AF8,143,-13.224,S1O
82,AF8,144,-13.713,S1O
82,AF8,145,-13.224,S1O
82,AF8,146,-13.224,S1O
82,AF8,147,-13.713,S1O
82,AF8,148,-15.177,S1O
82,AF8,149,-16.642,S1O
82,AF8,150,-16.642,S1O
82,AF8,151,-14.689,S1O
82,AF8,152,-11.271,S1O
82,AF8,153,-7.853,S1O
82,AF8,154,-6.388,S1O
82,AF8,155,-8.341,S1O
82,AF8,156,-12.248,S1O
82,AF8,157,-17.619,S1O
82,AF8,158,-20.549,S1O
82,AF8,159,-20.549,S1O
82,AF8,160,-19.084,S1O
82,AF8,161,-17.131,S1O
82,AF8,162,-16.642,S1O
82,AF8,163,-17.131,S1O
82,AF8,164,-18.107,S1O
82,AF8,165,-19.084,S1O
82,AF8,166,-19.572,S1O
82,AF8,167,-19.572,S1O
82,AF8,168,-19.572,S1O
82,AF8,169,-20.060,S1O
82,AF8,170,-20.060,S1O
82,AF8,171,-20.549,S1O
82,AF8,172,-21.525,S1O
82,AF8,173,-22.990,S1O
82,AF8,174,-24.455,S1O
82,AF8,175,-24.455,S1O
82,AF8,176,-22.502,S1O
82,AF8,177,-19.084,S1O
82,AF8,178,-16.154,S1O
82,AF8,179,-14.689,S1O
82,AF8,180,-14.689,S1O
82,AF8,181,-14.689,S1O
82,AF8,182,-13.224,S1O
82,AF8,183,-10.295,S1O
82,AF8,184,-8.341,S1O
82,AF8,185,-8.830,S1O
82,AF8,186,-11.759,S1O
82,AF8,187,-15.177,S1O
82,AF8,188,-17.131,S1O
82,AF8,189,-17.131,S1O
82,AF8,190,-16.154,S1O
82,AF8,191,-14.201,S1O
82,AF8,192,-12.736,S1O
82,AF8,193,-10.295,S1O
82,AF8,194,-6.388,S1O
82,AF8,195,-1.994,S1O
82,AF8,196,0.448,S1O
82,AF8,197,0.448,S1O
82,AF8,198,-1.994,S1O
82,AF8,199,-3.947,S1O
82,AF8,200,-3.947,S1O
82,AF8,201,-2.970,S1O
82,AF8,202,-1.506,S1O
82,AF8,203,-1.994,S1O
82,AF8,204,-3.459,S1O
82,AF8,205,-5.412,S1O
82,AF8,206,-5.900,S1O
82,AF8,207,-4.435,S1O
82,AF8,208,-2.482,S1O
82,AF8,209,-1.506,S1O
82,AF8,210,-1.017,S1O
82,AF8,211,-1.506,S1O
82,AF8,212,-1.506,S1O
82,AF8,213,-1.994,S1O
82,AF8,214,-1.506,S1O
82,AF8,215,-1.017,S1O
82,AF8,216,-0.529,S1O
82,AF8,217,0.448,S1O
82,AF8,218,1.424,S1O
82,AF8,219,3.377,S1O
82,AF8,220,5.819,S1O
82,AF8,221,9.237,S1O
82,AF8,222,12.655,S1O
82,AF8,223,14.608,S1O
82,AF8,224,14.608,S1O
82,AF8,225,13.143,S1O
82,AF8,226,11.190,S1O
82,AF8,227,10.213,S1O
82,AF8,228,10.213,S1O
82,AF8,229,10.701,S1O
82,AF8,230,9.725,S1O
82,AF8,231,7.284,S1O
82,AF8,232,3.866,S1O
82,AF8,233,0.448,S1O
82,AF8,234,-1.017,S1O
82,AF8,235,-1.017,S1O
82,AF8,236,-0.529,S1O
82,AF8,237,-1.506,S1O
82,AF8,238,-2.482,S1O
82,AF8,239,-3.947,S1O
82,AF8,240,-3.459,S1O
82,AF8,241,-1.506,S1O
82,AF8,242,0.936,S1O
82,AF8,243,2.401,S1O
82,AF8,244,1.424,S1O
82,AF8,245,-1.506,S1O
82,AF8,246,-3.947,S1O
82,AF8,247,-4.435,S1O
82,AF8,248,-3.947,S1O
82,AF8,249,-2.970,S1O
82,AF8,250,-2.482,S1O
82,AF8,251,-4.435,S1O
82,AF8,252,-6.388,S1O
82,AF8,253,-7.853,S1O
82,AF8,254,-7.365,S1O
82,AF8,255,-5.412,S1O
82,F5,0,10.569,S1O
82,F5,1,13.011,S1O
82,F5,2,14.964,S1O
82,F5,3,15.452,S1O
82,F5,4,13.499,S1O
82,F5,5,9.593,S1O
82,F5,6,6.175,S1O
82,F5,7,3.733,S1O
82,F5,8,3.245,S1O
82,F5,9,4.710,S1O
82,F5,10,7.151,S1O
82,F5,11,10.081,S1O
82,F5,12,12.034,S1O
82,F5,13,12.034,S1O
82,F5,14,9.593,S1O
82,F5,15,4.710,S1O
82,F5,16,-1.149,S1O
82,F5,17,-5.544,S1O
82,F5,18,-6.521,S1O
82,F5,19,-3.591,S1O
82,F5,20,0.804,S1O
82,F5,21,5.198,S1O
82,F5,22,6.175,S1O
82,F5,23,4.710,S1O
82,F5,24,2.757,S1O
82,F5,25,2.268,S1O
82,F5,26,4.710,S1O
82,F5,27,7.151,S1O
82,F5,28,8.128,S1O
82,F5,29,5.198,S1O
82,F5,30,0.804,S1O
82,F5,31,-3.103,S1O
82,F5,32,-3.103,S1O
82,F5,33,0.315,S1O
82,F5,34,5.198,S1O
82,F5,35,9.104,S1O
82,F5,36,10.081,S1O
82,F5,37,9.104,S1O
82,F5,38,7.640,S1O
82,F5,39,6.175,S1O
82,F5,40,5.198,S1O
82,F5,41,3.733,S1O
82,F5,42,0.804,S1O
82,F5,43,-2.614,S1O
82,F5,44,-5.056,S1O
82,F5,45,-5.544,S1O
82,F5,46,-6.032,S1O
82,F5,47,-5.056,S1O
82,F5,48,-3.591,S1O
82,F5,49,-1.149,S1O
82,F5,50,1.292,S1O
82,F5,51,4.222,S1O
82,F5,52,5.198,S1O
82,F5,53,4.710,S1O
82,F5,54,3.245,S1O
82,F5,55,1.780,S1O
82,F5,56,1.292,S1O
82,F5,57,1.292,S1O
82,F5,58,1.292,S1O
82,F5,59,0.804,S1O
82,F5,60,-0.173,S1O
82,F5,61,-0.661,S1O
82,F5,62,0.315,S1O
82,F5,63,1.292,S1O
82,F5,64,1.292,S1O
82,F5,65,0.315,S1O
82,F5,66,-2.126,S1O
82,F5,67,-3.591,S1O
82,F5,68,-5.056,S1O
82,F5,69,-4.567,S1O
82,F5,70,-4.567,S1O
82,F5,71,-4.079,S1O
82,F5,72,-4.567,S1O
82,F5,73,-4.079,S1O
82,F5,74,-4.079,S1O
82,F5,75,-3.591,S1O
82,F5,76,-4.567,S1O
82,F5,77,-6.032,S1O
82,F5,78,-7.985,S1O
82,F5,79,-8.474,S1O
82,F5,80,-7.497,S1O
82,F5,81,-6.521,S1O
82,F5,82,-6.032,S1O
82,F5,83,-7.009,S1O
82,F5,84,-9.939,S1O
82,F5,85,-12.868,S1O
82,F5,86,-15.310,S1O
82,F5,87,-16.286,S1O
82,F5,88,-17.751,S1O
82,F5,89,-19.704,S1O
82,F5,90,-22.146,S1O
82,F5,91,-25.075,S1O
82,F5,92,-27.517,S1O
82,F5,93,-28.493,S1O
82,F5,94,-27.517,S1O
82,F5,95,-26.052,S1O
82,F5,96,-23.610,S1O
82,F5,97,-20.681,S1O
82,F5,98,-17.751,S1O
82,F5,99,-14.333,S1O
82,F5,100,-11.403,S1O
82,F5,101,-9.939,S1O
82,F5,102,-8.962,S1O
82,F5,103,-8.474,S1O
82,F5,104,-7.985,S1O
82,F5,105,-7.009,S1O
82,F5,106,-6.032,S1O
82,F5,107,-5.056,S1O
82,F5,108,-5.056,S1O
82,F5,109,-5.544,S1O
82,F5,110,-6.521,S1O
82,F5,111,-7.497,S1O
82,F5,112,-7.497,S1O
82,F5,113,-7.985,S1O
82,F5,114,-8.962,S1O
82,F5,115,-10.915,S1O
82,F5,116,-13.845,S1O
82,F5,117,-15.798,S1O
82,F5,118,-16.774,S1O
82,F5,119,-15.798,S1O
82,F5,120,-15.310,S1O
82,F5,121,-15.798,S1O
82,F5,122,-17.751,S1O
82,F5,123,-18.728,S1O
82,F5,124,-18.239,S1O
82,F5,125,-15.310,S1O
82,F5,126,-10.915,S1O
82,F5,127,-8.474,S1O
82,F5,128,-8.474,S1O
82,F5,129,-11.403,S1O
82,F5,130,-14.333,S1O
82,F5,131,-14.333,S1O
82,F5,132,-11.892,S1O
82,F5,133,-7.497,S1O
82,F5,134,-4.567,S1O
82,F5,135,-4.567,S1O
82,F5,136,-6.521,S1O
82,F5,137,-9.450,S1O
82,F5,138,-10.915,S1O
82,F5,139,-10.915,S1O
82,F5,140,-9.939,S1O
82,F5,141,-8.962,S1O
82,F5,142,-8.962,S1O
82,F5,143,-9.939,S1O
82,F5,144,-10.427,S1O
82,F5,145,-10.427,S1O
82,F5,146,-9.450,S1O
82,F5,147,-8.474,S1O
82,F5,148,-7.985,S1O
82,F5,149,-8.962,S1O
82,F5,150,-9.939,S1O
82,F5,151,-10.915,S1O
82,F5,152,-10.915,S1O
82,F5,153,-10.915,S1O
82,F5,154,-11.892,S1O
82,F5,155,-13.845,S1O
82,F5,156,-15.310,S1O
82,F5,157,-15.798,S1O
82,F5,158,-14.333,S1O
82,F5,159,-11.892,S1O
82,F5,160,-9.450,S1O
82,F5,161,-7.009,S1O
82,F5,162,-6.032,S1O
82,F5,163,-6.032,S1O
82,F5,164,-6.521,S1O
82,F5,165,-7.009,S1O
82,F5,166,-7.497,S1O
82,F5,167,-7.985,S1O
82,F5,168,-7.985,S1O
82,F5,169,-7.497,S1O
82,F5,170,-7.009,S1O
82,F5,171,-7.497,S1O
82,F5,172,-7.985,S1O
82,F5,173,-8.962,S1O
82,F5,174,-9.939,S1O
82,F5,175,-10.427,S1O
82,F5,176,-10.427,S1O
82,F5,177,-8.962,S1O
82,F5,178,-6.521,S1O
82,F5,179,-4.567,S1O
82,F5,180,-3.103,S1O
82,F5,181,-3.103,S1O
82,F5,182,-3.591,S1O
82,F5,183,-3.103,S1O
82,F5,184,-1.638,S1O
82,F5,185,-0.661,S1O
82,F5,186,-1.149,S1O
82,F5,187,-3.591,S1O
82,F5,188,-7.497,S1O
82,F5,189,-10.915,S1O
82,F5,190,-12.380,S1O
82,F5,191,-10.915,S1O
82,F5,192,-7.009,S1O
82,F5,193,-3.103,S1O
82,F5,194,0.315,S1O
82,F5,195,1.780,S1O
82,F5,196,1.780,S1O
82,F5,197,0.804,S1O
82,F5,198,0.315,S1O
82,F5,199,-1.149,S1O
82,F5,200,-1.638,S1O
82,F5,201,-2.614,S1O
82,F5,202,-4.079,S1O
82,F5,203,-5.056,S1O
82,F5,204,-5.544,S1O
82,F5,205,-5.056,S1O
82,F5,206,-3.591,S1O
82,F5,207,-1.638,S1O
82,F5,208,-0.661,S1O
82,F5,209,-0.173,S1O
82,F5,210,-0.173,S1O
82,F5,211,0.315,S1O
82,F5,212,2.757,S1O
82,F5,213,5.198,S1O
82,F5,214,6.663,S1O
82,F5,215,6.175,S1O
82,F5,216,4.222,S1O
82,F5,217,1.780,S1O
82,F5,218,0.804,S1O
82,F5,219,1.780,S1O
82,F5,220,4.222,S1O
82,F5,221,7.151,S1O
82,F5,222,8.616,S1O
82,F5,223,9.593,S1O
82,F5,224,9.593,S1O
82,F5,225,9.104,S1O
82,F5,226,8.616,S1O
82,F5,227,8.616,S1O
82,F5,228,8.128,S1O
82,F5,229,7.151,S1O
82,F5,230,5.686,S1O
82,F5,231,2.757,S1O
82,F5,232,-1.149,S1O
82,F5,233,-3.103,S1O
82,F5,234,-3.591,S1O
82,F5,235,-1.638,S1O
82,F5,236,1.292,S1O
82,F5,237,2.757,S1O
82,F5,238,0.804,S1O
82,F5,239,-1.638,S1O
82,F5,240,-4.079,S1O
82,F5,241,-3.591,S1O
82,F5,242,-1.149,S1O
82,F5,243,1.780,S1O
82,F5,244,2.268,S1O
82,F5,245,0.804,S1O
82,F5,246,-2.126,S1O
82,F5,247,-5.056,S1O
82,F5,248,-5.544,S1O
82,F5,249,-5.056,S1O
82,F5,250,-4.079,S1O
82,F5,251,-3.591,S1O
82,F5,252,-4.079,S1O
82,F5,253,-4.567,S1O
82,F5,254,-4.079,S1O
82,F5,255,-2.126,S1O
82,F6,0,6.093,S1O
82,F6,1,7.070,S1O
82,F6,2,8.046,S1O
82,F6,3,8.046,S1O
82,F6,4,8.046,S1O
82,F6,5,7.070,S1O
82,F6,6,6.582,S1O
82,F6,7,6.582,S1O
82,F6,8,6.582,S1O
82,F6,9,6.093,S1O
82,F6,10,5.117,S1O
82,F6,11,3.652,S1O
82,F6,12,2.187,S1O
82,F6,13,0.722,S1O
82,F6,14,0.234,S1O
82,F6,15,0.234,S1O
82,F6,16,0.722,S1O
82,F6,17,0.722,S1O
82,F6,18,0.722,S1O
82,F6,19,0.234,S1O
82,F6,20,-0.743,S1O
82,F6,21,-2.207,S1O
82,F6,22,-2.696,S1O
82,F6,23,-2.207,S1O
82,F6,24,0.234,S1O
82,F6,25,4.140,S1O
82,F6,26,7.558,S1O
82,F6,27,9.023,S1O
82,F6,28,8.046,S1O
82,F6,29,5.117,S1O
82,F6,30,2.187,S1O
82,F6,31,-0.743,S1O
82,F6,32,-2.207,S1O
82,F6,33,-3.184,S1O
82,F6,34,-2.207,S1O
82,F6,35,0.234,S1O
82,F6,36,3.164,S1O
82,F6,37,5.605,S1O
82,F6,38,6.093,S1O
82,F6,39,4.140,S1O
82,F6,40,1.211,S1O
82,F6,41,-1.231,S1O
82,F6,42,-2.696,S1O
82,F6,43,-3.184,S1O
82,F6,44,-3.184,S1O
82,F6,45,-3.184,S1O
82,F6,46,-2.696,S1O
82,F6,47,-0.743,S1O
82,F6,48,1.699,S1O
82,F6,49,5.117,S1O
82,F6,50,6.582,S1O
82,F6,51,6.093,S1O
82,F6,52,2.675,S1O
82,F6,53,-0.254,S1O
82,F6,54,-2.207,S1O
82,F6,55,-3.184,S1O
82,F6,56,-2.696,S1O
82,F6,57,-1.719,S1O
82,F6,58,-1.231,S1O
82,F6,59,0.234,S1O
82,F6,60,2.675,S1O
82,F6,61,5.605,S1O
82,F6,62,7.558,S1O
82,F6,63,6.582,S1O
82,F6,64,3.164,S1O
82,F6,65,-1.719,S1O
82,F6,66,-4.649,S1O
82,F6,67,-5.625,S1O
82,F6,68,-3.672,S1O
82,F6,69,-1.719,S1O
82,F6,70,-0.743,S1O
82,F6,71,-1.719,S1O
82,F6,72,-2.696,S1O
82,F6,73,-3.672,S1O
82,F6,74,-3.672,S1O
82,F6,75,-3.672,S1O
82,F6,76,-3.184,S1O
82,F6,77,-2.696,S1O
82,F6,78,-1.719,S1O
82,F6,79,0.234,S1O
82,F6,80,2.187,S1O
82,F6,81,3.652,S1O
82,F6,82,3.652,S1O
82,F6,83,3.164,S1O
82,F6,84,2.187,S1O
82,F6,85,1.699,S1O
82,F6,86,1.699,S1O
82,F6,87,1.211,S1O
82,F6,88,-0.743,S1O
82,F6,89,-4.161,S1O
82,F6,90,-7.579,S1O
82,F6,91,-10.997,S1O
82,F6,92,-13.926,S1O
82,F6,93,-15.879,S1O
82,F6,94,-17.832,S1O
82,F6,95,-19.297,S1O
82,F6,96,-20.274,S1O
82,F6,97,-19.786,S1O
82,F6,98,-18.809,S1O
82,F6,99,-17.344,S1O
82,F6,100,-16.368,S1O
82,F6,101,-16.368,S1O
82,F6,102,-16.368,S1O
82,F6,103,-15.879,S1O
82,F6,104,-14.903,S1O
82,F6,105,-14.414,S1O
82,F6,106,-13.926,S1O
82,F6,107,-13.926,S1O
82,F6,108,-14.414,S1O
82,F6,109,-14.414,S1O
82,F6,110,-14.414,S1O
82,F6,111,-14.903,S1O
82,F6,112,-15.391,S1O
82,F6,113,-15.391,S1O
82,F6,114,-14.414,S1O
82,F6,115,-13.438,S1O
82,F6,116,-12.461,S1O
82,F6,117,-13.438,S1O
82,F6,118,-14.903,S1O
82,F6,119,-16.856,S1O
82,F6,120,-18.321,S1O
82,F6,121,-18.809,S1O
82,F6,122,-18.809,S1O
82,F6,123,-18.809,S1O
82,F6,124,-18.809,S1O
82,F6,125,-17.832,S1O
82,F6,126,-15.391,S1O
82,F6,127,-11.973,S1O
82,F6,128,-9.532,S1O
82,F6,129,-9.043,S1O
82,F6,130,-9.532,S1O
82,F6,131,-10.020,S1O
82,F6,132,-10.020,S1O
82,F6,133,-9.532,S1O
82,F6,134,-9.043,S1O
82,F6,135,-9.532,S1O
82,F6,136,-10.997,S1O
82,F6,137,-12.461,S1O
82,F6,138,-12.461,S1O
82,F6,139,-11.485,S1O
82,F6,140,-10.997,S1O
82,F6,141,-11.485,S1O
82,F6,142,-13.438,S1O
82,F6,143,-15.391,S1O
82,F6,144,-15.879,S1O
82,F6,145,-15.391,S1O
82,F6,146,-14.903,S1O
82,F6,147,-14.414,S1O
82,F6,148,-14.903,S1O
82,F6,149,-16.368,S1O
82,F6,150,-16.368,S1O
82,F6,151,-14.414,S1O
82,F6,152,-11.485,S1O
82,F6,153,-9.043,S1O
82,F6,154,-8.555,S1O
82,F6,155,-11.485,S1O
82,F6,156,-15.879,S1O
82,F6,157,-19.297,S1O
82,F6,158,-20.762,S1O
82,F6,159,-19.786,S1O
82,F6,160,-18.321,S1O
82,F6,161,-17.344,S1O
82,F6,162,-17.832,S1O
82,F6,163,-18.809,S1O
82,F6,164,-18.809,S1O
82,F6,165,-18.809,S1O
82,F6,166,-18.809,S1O
82,F6,167,-18.809,S1O
82,F6,168,-19.786,S1O
82,F6,169,-20.274,S1O
82,F6,170,-19.786,S1O
82,F6,171,-18.809,S1O
82,F6,172,-18.321,S1O
82,F6,173,-19.297,S1O
82,F6,174,-20.762,S1O
82,F6,175,-22.227,S1O
82,F6,176,-21.250,S1O
82,F6,177,-18.809,S1O
82,F6,178,-15.879,S1O
82,F6,179,-13.926,S1O
82,F6,180,-13.438,S1O
82,F6,181,-13.438,S1O
82,F6,182,-11.973,S1O
82,F6,183,-9.532,S1O
82,F6,184,-7.579,S1O
82,F6,185,-7.579,S1O
82,F6,186,-10.020,S1O
82,F6,187,-12.461,S1O
82,F6,188,-13.926,S1O
82,F6,189,-13.926,S1O
82,F6,190,-12.950,S1O
82,F6,191,-11.485,S1O
82,F6,192,-10.508,S1O
82,F6,193,-8.555,S1O
82,F6,194,-5.625,S1O
82,F6,195,-2.696,S1O
82,F6,196,0.234,S1O
82,F6,197,-0.743,S1O
82,F6,198,-2.207,S1O
82,F6,199,-4.161,S1O
82,F6,200,-5.137,S1O
82,F6,201,-4.649,S1O
82,F6,202,-4.161,S1O
82,F6,203,-4.161,S1O
82,F6,204,-5.625,S1O
82,F6,205,-6.602,S1O
82,F6,206,-6.602,S1O
82,F6,207,-5.137,S1O
82,F6,208,-3.184,S1O
82,F6,209,-2.207,S1O
82,F6,210,-2.696,S1O
82,F6,211,-3.672,S1O
82,F6,212,-4.649,S1O
82,F6,213,-5.625,S1O
82,F6,214,-6.114,S1O
82,F6,215,-6.114,S1O
82,F6,216,-5.625,S1O
82,F6,217,-4.161,S1O
82,F6,218,-2.207,S1O
82,F6,219,0.234,S1O
82,F6,220,2.675,S1O
82,F6,221,5.117,S1O
82,F6,222,7.558,S1O
82,F6,223,10.000,S1O
82,F6,224,10.488,S1O
82,F6,225,9.511,S1O
82,F6,226,7.070,S1O
82,F6,227,4.628,S1O
82,F6,228,3.652,S1O
82,F6,229,4.140,S1O
82,F6,230,5.605,S1O
82,F6,231,5.605,S1O
82,F6,232,3.652,S1O
82,F6,233,0.722,S1O
82,F6,234,-2.207,S1O
82,F6,235,-3.184,S1O
82,F6,236,-3.184,S1O
82,F6,237,-2.207,S1O
82,F6,238,-2.696,S1O
82,F6,239,-3.672,S1O
82,F6,240,-5.137,S1O
82,F6,241,-4.649,S1O
82,F6,242,-2.696,S1O
82,F6,243,0.234,S1O
82,F6,244,1.211,S1O
82,F6,245,0.234,S1O
82,F6,246,-3.184,S1O
82,F6,247,-6.114,S1O
82,F6,248,-7.579,S1O
82,F6,249,-6.602,S1O
82,F6,250,-5.137,S1O
82,F6,251,-5.137,S1O
82,F6,252,-7.579,S1O
82,F6,253,-10.508,S1O
82,F6,254,-11.973,S1O
82,F6,255,-10.997,S1O
82,FT7,0,14.313,S1O
82,FT7,1,13.824,S1O
82,FT7,2,12.360,S1O
82,FT7,3,11.871,S1O
82,FT7,4,12.360,S1O
82,FT7,5,11.871,S1O
82,FT7,6,9.430,S1O
82,FT7,7,6.012,S1O
82,FT7,8,2.594,S1O
82,FT7,9,1.129,S1O
82,FT7,10,3.082,S1O
82,FT7,11,6.012,S1O
82,FT7,12,7.965,S1O
82,FT7,13,6.012,S1O
82,FT7,14,0.641,S1O
82,FT7,15,-6.683,S1O
82,FT7,16,-11.566,S1O
82,FT7,17,-12.054,S1O
82,FT7,18,-7.660,S1O
82,FT7,19,-0.824,S1O
82,FT7,20,3.571,S1O
82,FT7,21,4.547,S1O
82,FT7,22,1.617,S1O
82,FT7,23,-2.289,S1O
82,FT7,24,-3.265,S1O
82,FT7,25,-1.312,S1O
82,FT7,26,2.594,S1O
82,FT7,27,5.524,S1O
82,FT7,28,5.524,S1O
82,FT7,29,3.082,S1O
82,FT7,30,0.641,S1O
82,FT7,31,-0.336,S1O
82,FT7,32,0.153,S1O
82,FT7,33,1.129,S1O
82,FT7,34,2.594,S1O
82,FT7,35,4.547,S1O
82,FT7,36,7.477,S1O
82,FT7,37,9.918,S1O
82,FT7,38,9.918,S1O
82,FT7,39,7.477,S1O
82,FT7,40,1.617,S1O
82,FT7,41,-3.754,S1O
82,FT7,42,-7.172,S1O
82,FT7,43,-8.148,S1O
82,FT7,44,-8.636,S1O
82,FT7,45,-11.566,S1O
82,FT7,46,-16.937,S1O
82,FT7,47,-22.308,S1O
82,FT7,48,-24.261,S1O
82,FT7,49,-20.844,S1O
82,FT7,50,-14.008,S1O
82,FT7,51,-7.660,S1O
82,FT7,52,-5.219,S1O
82,FT7,53,-5.219,S1O
82,FT7,54,-4.730,S1O
82,FT7,55,-1.312,S1O
82,FT7,56,3.571,S1O
82,FT7,57,6.989,S1O
82,FT7,58,4.547,S1O
82,FT7,59,-2.289,S1O
82,FT7,60,-8.148,S1O
82,FT7,61,-9.125,S1O
82,FT7,62,-4.242,S1O
82,FT7,63,1.129,S1O
82,FT7,64,2.106,S1O
82,FT7,65,-2.289,S1O
82,FT7,66,-9.613,S1O
82,FT7,67,-14.496,S1O
82,FT7,68,-13.031,S1O
82,FT7,69,-8.636,S1O
82,FT7,70,-3.754,S1O
82,FT7,71,-1.312,S1O
82,FT7,72,-2.289,S1O
82,FT7,73,-2.289,S1O
82,FT7,74,-0.336,S1O
82,FT7,75,4.059,S1O
82,FT7,76,6.989,S1O
82,FT7,77,7.477,S1O
82,FT7,78,4.547,S1O
82,FT7,79,1.129,S1O
82,FT7,80,0.153,S1O
82,FT7,81,2.106,S1O
82,FT7,82,6.012,S1O
82,FT7,83,7.965,S1O
82,FT7,84,5.035,S1O
82,FT7,85,-1.801,S1O
82,FT7,86,-9.613,S1O
82,FT7,87,-15.472,S1O
82,FT7,88,-16.937,S1O
82,FT7,89,-15.961,S1O
82,FT7,90,-15.961,S1O
82,FT7,91,-18.402,S1O
82,FT7,92,-23.773,S1O
82,FT7,93,-28.656,S1O
82,FT7,94,-30.609,S1O
82,FT7,95,-28.168,S1O
82,FT7,96,-22.797,S1O
82,FT7,97,-15.961,S1O
82,FT7,98,-11.078,S1O
82,FT7,99,-7.660,S1O
82,FT7,100,-6.683,S1O
82,FT7,101,-6.683,S1O
82,FT7,102,-7.172,S1O
82,FT7,103,-7.172,S1O
82,FT7,104,-6.195,S1O
82,FT7,105,-4.242,S1O
82,FT7,106,-2.289,S1O
82,FT7,107,-2.777,S1O
82,FT7,108,-5.219,S1O
82,FT7,109,-8.148,S1O
82,FT7,110,-10.101,S1O
82,FT7,111,-9.125,S1O
82,FT7,112,-5.707,S1O
82,FT7,113,-1.801,S1O
82,FT7,114,0.153,S1O
82,FT7,115,-0.824,S1O
82,FT7,116,-3.265,S1O
82,FT7,117,-6.195,S1O
82,FT7,118,-8.148,S1O
82,FT7,119,-8.636,S1O
82,FT7,120,-8.148,S1O
82,FT7,121,-6.683,S1O
82,FT7,122,-5.219,S1O
82,FT7,123,-4.242,S1O
82,FT7,124,-3.754,S1O
82,FT7,125,-4.242,S1O
82,FT7,126,-5.219,S1O
82,FT7,127,-6.195,S1O
82,FT7,128,-6.683,S1O
82,FT7,129,-7.172,S1O
82,FT7,130,-7.172,S1O
82,FT7,131,-6.683,S1O
82,FT7,132,-5.707,S1O
82,FT7,133,-3.265,S1O
82,FT7,134,-0.336,S1O
82,FT7,135,2.106,S1O
82,FT7,136,3.082,S1O
82,FT7,137,0.641,S1O
82,FT7,138,-3.754,S1O
82,FT7,139,-8.636,S1O
82,FT7,140,-11.078,S1O
82,FT7,141,-11.078,S1O
82,FT7,142,-8.636,S1O
82,FT7,143,-5.219,S1O
82,FT7,144,-2.289,S1O
82,FT7,145,-0.336,S1O
82,FT7,146,-0.336,S1O
82,FT7,147,-1.801,S1O
82,FT7,148,-5.219,S1O
82,FT7,149,-6.683,S1O
82,FT7,150,-6.195,S1O
82,FT7,151,-2.289,S1O
82,FT7,152,3.082,S1O
82,FT7,153,6.012,S1O
82,FT7,154,3.571,S1O
82,FT7,155,-2.777,S1O
82,FT7,156,-9.613,S1O
82,FT7,157,-13.519,S1O
82,FT7,158,-11.078,S1O
82,FT7,159,-5.219,S1O
82,FT7,160,0.641,S1O
82,FT7,161,3.082,S1O
82,FT7,162,1.129,S1O
82,FT7,163,-1.801,S1O
82,FT7,164,-3.754,S1O
82,FT7,165,-2.289,S1O
82,FT7,166,0.153,S1O
82,FT7,167,1.129,S1O
82,FT7,168,0.153,S1O
82,FT7,169,-3.754,S1O
82,FT7,170,-8.148,S1O
82,FT7,171,-11.566,S1O
82,FT7,172,-13.519,S1O
82,FT7,173,-14.496,S1O
82,FT7,174,-14.008,S1O
82,FT7,175,-13.031,S1O
82,FT7,176,-10.590,S1O
82,FT7,177,-6.683,S1O
82,FT7,178,-2.777,S1O
82,FT7,179,-1.312,S1O
82,FT7,180,-1.801,S1O
82,FT7,181,-2.777,S1O
82,FT7,182,-2.777,S1O
82,FT7,183,-0.336,S1O
82,FT7,184,3.082,S1O
82,FT7,185,5.524,S1O
82,FT7,186,2.594,S1O
82,FT7,187,-4.242,S1O
82,FT7,188,-12.054,S1O
82,FT7,189,-16.937,S1O
82,FT7,190,-16.937,S1O
82,FT7,191,-12.543,S1O
82,FT7,192,-7.172,S1O
82,FT7,193,-2.289,S1O
82,FT7,194,1.129,S1O
82,FT7,195,3.571,S1O
82,FT7,196,5.524,S1O
82,FT7,197,6.012,S1O
82,FT7,198,4.547,S1O
82,FT7,199,2.106,S1O
82,FT7,200,-0.824,S1O
82,FT7,201,-2.289,S1O
82,FT7,202,-2.777,S1O
82,FT7,203,-3.265,S1O
82,FT7,204,-4.730,S1O
82,FT7,205,-5.707,S1O
82,FT7,206,-5.219,S1O
82,FT7,207,-2.777,S1O
82,FT7,208,0.641,S1O
82,FT7,209,2.594,S1O
82,FT7,210,2.594,S1O
82,FT7,211,2.106,S1O
82,FT7,212,3.082,S1O
82,FT7,213,6.500,S1O
82,FT7,214,10.895,S1O
82,FT7,215,12.360,S1O
82,FT7,216,8.942,S1O
82,FT7,217,4.059,S1O
82,FT7,218,0.153,S1O
82,FT7,219,1.129,S1O
82,FT7,220,6.012,S1O
82,FT7,221,11.383,S1O
82,FT7,222,13.824,S1O
82,FT7,223,11.871,S1O
82,FT7,224,8.453,S1O
82,FT7,225,5.035,S1O
82,FT7,226,3.571,S1O
82,FT7,227,3.082,S1O
82,FT7,228,2.594,S1O
82,FT7,229,1.129,S1O
82,FT7,230,0.153,S1O
82,FT7,231,-1.312,S1O
82,FT7,232,-3.754,S1O
82,FT7,233,-6.195,S1O
82,FT7,234,-8.148,S1O
82,FT7,235,-8.148,S1O
82,FT7,236,-5.707,S1O
82,FT7,237,-1.801,S1O
82,FT7,238,-0.336,S1O
82,FT7,239,-0.824,S1O
82,FT7,240,-3.265,S1O
82,FT7,241,-5.707,S1O
82,FT7,242,-6.683,S1O
82,FT7,243,-6.195,S1O
82,FT7,244,-5.707,S1O
82,FT7,245,-6.683,S1O
82,FT7,246,-7.172,S1O
82,FT7,247,-6.683,S1O
82,FT7,248,-5.219,S1O
82,FT7,249,-3.754,S1O
82,FT7,250,-4.730,S1O
82,FT7,251,-7.172,S1O
82,FT7,252,-9.125,S1O
82,FT7,253,-9.125,S1O
82,FT7,254,-7.172,S1O
82,FT7,255,-6.195,S1O
82,FT8,0,3.998,S1O
82,FT8,1,3.998,S1O
82,FT8,2,5.951,S1O
82,FT8,3,8.881,S1O
82,FT8,4,10.345,S1O
82,FT8,5,8.881,S1O
82,FT8,6,5.463,S1O
82,FT8,7,3.021,S1O
82,FT8,8,3.510,S1O
82,FT8,9,4.974,S1O
82,FT8,10,5.463,S1O
82,FT8,11,3.510,S1O
82,FT8,12,-0.397,S1O
82,FT8,13,-3.326,S1O
82,FT8,14,-3.815,S1O
82,FT8,15,-0.885,S1O
82,FT8,16,2.533,S1O
82,FT8,17,4.486,S1O
82,FT8,18,3.998,S1O
82,FT8,19,1.068,S1O
82,FT8,20,-1.862,S1O
82,FT8,21,-3.815,S1O
82,FT8,22,-4.791,S1O
82,FT8,23,-4.303,S1O
82,FT8,24,-2.838,S1O
82,FT8,25,0.092,S1O
82,FT8,26,3.998,S1O
82,FT8,27,8.881,S1O
82,FT8,28,12.299,S1O
82,FT8,29,11.810,S1O
82,FT8,30,6.927,S1O
82,FT8,31,-0.885,S1O
82,FT8,32,-7.233,S1O
82,FT8,33,-9.186,S1O
82,FT8,34,-5.768,S1O
82,FT8,35,-0.885,S1O
82,FT8,36,2.533,S1O
82,FT8,37,2.533,S1O
82,FT8,38,-0.397,S1O
82,FT8,39,-3.815,S1O
82,FT8,40,-5.768,S1O
82,FT8,41,-6.256,S1O
82,FT8,42,-6.256,S1O
82,FT8,43,-6.744,S1O
82,FT8,44,-7.233,S1O
82,FT8,45,-7.721,S1O
82,FT8,46,-7.233,S1O
82,FT8,47,-6.256,S1O
82,FT8,48,-4.791,S1O
82,FT8,49,-3.326,S1O
82,FT8,50,-2.350,S1O
82,FT8,51,-2.838,S1O
82,FT8,52,-4.791,S1O
82,FT8,53,-6.744,S1O
82,FT8,54,-7.721,S1O
82,FT8,55,-6.256,S1O
82,FT8,56,-3.815,S1O
82,FT8,57,-1.862,S1O
82,FT8,58,-2.838,S1O
82,FT8,59,-5.280,S1O
82,FT8,60,-6.744,S1O
82,FT8,61,-4.791,S1O
82,FT8,62,-1.373,S1O
82,FT8,63,1.068,S1O
82,FT8,64,-0.397,S1O
82,FT8,65,-4.791,S1O
82,FT8,66,-8.209,S1O
82,FT8,67,-7.233,S1O
82,FT8,68,-2.838,S1O
82,FT8,69,1.556,S1O
82,FT8,70,2.533,S1O
82,FT8,71,-0.885,S1O
82,FT8,72,-5.280,S1O
82,FT8,73,-6.744,S1O
82,FT8,74,-3.326,S1O
82,FT8,75,1.556,S1O
82,FT8,76,4.974,S1O
82,FT8,77,4.974,S1O
82,FT8,78,3.510,S1O
82,FT8,79,3.510,S1O
82,FT8,80,5.463,S1O
82,FT8,81,9.369,S1O
82,FT8,82,12.299,S1O
82,FT8,83,12.787,S1O
82,FT8,84,11.322,S1O
82,FT8,85,8.392,S1O
82,FT8,86,6.439,S1O
82,FT8,87,6.439,S1O
82,FT8,88,7.416,S1O
82,FT8,89,8.392,S1O
82,FT8,90,6.927,S1O
82,FT8,91,3.021,S1O
82,FT8,92,-2.838,S1O
82,FT8,93,-8.698,S1O
82,FT8,94,-14.069,S1O
82,FT8,95,-16.510,S1O
82,FT8,96,-16.510,S1O
82,FT8,97,-15.045,S1O
82,FT8,98,-13.580,S1O
82,FT8,99,-12.604,S1O
82,FT8,100,-11.627,S1O
82,FT8,101,-10.651,S1O
82,FT8,102,-8.209,S1O
82,FT8,103,-7.233,S1O
82,FT8,104,-7.721,S1O
82,FT8,105,-10.162,S1O
82,FT8,106,-13.092,S1O
82,FT8,107,-14.069,S1O
82,FT8,108,-12.604,S1O
82,FT8,109,-9.674,S1O
82,FT8,110,-7.721,S1O
82,FT8,111,-7.721,S1O
82,FT8,112,-9.186,S1O
82,FT8,113,-9.186,S1O
82,FT8,114,-5.768,S1O
82,FT8,115,-0.885,S1O
82,FT8,116,2.045,S1O
82,FT8,117,0.580,S1O
82,FT8,118,-4.791,S1O
82,FT8,119,-11.139,S1O
82,FT8,120,-14.557,S1O
82,FT8,121,-13.092,S1O
82,FT8,122,-9.186,S1O
82,FT8,123,-6.744,S1O
82,FT8,124,-6.256,S1O
82,FT8,125,-5.768,S1O
82,FT8,126,-4.303,S1O
82,FT8,127,-0.397,S1O
82,FT8,128,3.021,S1O
82,FT8,129,3.510,S1O
82,FT8,130,0.092,S1O
82,FT8,131,-5.280,S1O
82,FT8,132,-9.674,S1O
82,FT8,133,-10.162,S1O
82,FT8,134,-8.209,S1O
82,FT8,135,-6.256,S1O
82,FT8,136,-5.280,S1O
82,FT8,137,-5.280,S1O
82,FT8,138,-5.768,S1O
82,FT8,139,-5.768,S1O
82,FT8,140,-6.256,S1O
82,FT8,141,-8.209,S1O
82,FT8,142,-11.627,S1O
82,FT8,143,-14.069,S1O
82,FT8,144,-14.557,S1O
82,FT8,145,-12.115,S1O
82,FT8,146,-9.186,S1O
82,FT8,147,-7.721,S1O
82,FT8,148,-9.186,S1O
82,FT8,149,-11.139,S1O
82,FT8,150,-11.627,S1O
82,FT8,151,-9.674,S1O
82,FT8,152,-5.768,S1O
82,FT8,153,-3.326,S1O
82,FT8,154,-3.326,S1O
82,FT8,155,-6.744,S1O
82,FT8,156,-11.139,S1O
82,FT8,157,-14.557,S1O
82,FT8,158,-16.022,S1O
82,FT8,159,-15.045,S1O
82,FT8,160,-13.092,S1O
82,FT8,161,-12.604,S1O
82,FT8,162,-14.069,S1O
82,FT8,163,-16.998,S1O
82,FT8,164,-19.928,S1O
82,FT8,165,-21.393,S1O
82,FT8,166,-21.881,S1O
82,FT8,167,-22.369,S1O
82,FT8,168,-23.346,S1O
82,FT8,169,-24.811,S1O
82,FT8,170,-26.764,S1O
82,FT8,171,-26.764,S1O
82,FT8,172,-26.276,S1O
82,FT8,173,-25.787,S1O
82,FT8,174,-26.276,S1O
82,FT8,175,-26.764,S1O
82,FT8,176,-26.764,S1O
82,FT8,177,-25.299,S1O
82,FT8,178,-21.881,S1O
82,FT8,179,-18.463,S1O
82,FT8,180,-15.533,S1O
82,FT8,181,-14.557,S1O
82,FT8,182,-14.069,S1O
82,FT8,183,-13.092,S1O
82,FT8,184,-12.115,S1O
82,FT8,185,-10.651,S1O
82,FT8,186,-10.651,S1O
82,FT8,187,-12.115,S1O
82,FT8,188,-15.045,S1O
82,FT8,189,-18.463,S1O
82,FT8,190,-20.905,S1O
82,FT8,191,-20.905,S1O
82,FT8,192,-17.975,S1O
82,FT8,193,-11.627,S1O
82,FT8,194,-4.303,S1O
82,FT8,195,1.556,S1O
82,FT8,196,4.486,S1O
82,FT8,197,3.510,S1O
82,FT8,198,-0.397,S1O
82,FT8,199,-4.791,S1O
82,FT8,200,-8.209,S1O
82,FT8,201,-9.186,S1O
82,FT8,202,-8.209,S1O
82,FT8,203,-6.744,S1O
82,FT8,204,-6.256,S1O
82,FT8,205,-6.256,S1O
82,FT8,206,-6.744,S1O
82,FT8,207,-6.744,S1O
82,FT8,208,-6.256,S1O
82,FT8,209,-5.768,S1O
82,FT8,210,-5.280,S1O
82,FT8,211,-5.280,S1O
82,FT8,212,-6.256,S1O
82,FT8,213,-7.721,S1O
82,FT8,214,-9.674,S1O
82,FT8,215,-10.651,S1O
82,FT8,216,-9.674,S1O
82,FT8,217,-7.233,S1O
82,FT8,218,-4.303,S1O
82,FT8,219,-0.885,S1O
82,FT8,220,1.556,S1O
82,FT8,221,4.486,S1O
82,FT8,222,6.439,S1O
82,FT8,223,6.927,S1O
82,FT8,224,4.974,S1O
82,FT8,225,1.068,S1O
82,FT8,226,-2.838,S1O
82,FT8,227,-5.768,S1O
82,FT8,228,-6.256,S1O
82,FT8,229,-5.280,S1O
82,FT8,230,-4.303,S1O
82,FT8,231,-4.303,S1O
82,FT8,232,-4.791,S1O
82,FT8,233,-4.791,S1O
82,FT8,234,-3.815,S1O
82,FT8,235,-2.838,S1O
82,FT8,236,-3.326,S1O
82,FT8,237,-6.744,S1O
82,FT8,238,-10.162,S1O
82,FT8,239,-12.115,S1O
82,FT8,240,-11.139,S1O
82,FT8,241,-7.721,S1O
82,FT8,242,-4.303,S1O
82,FT8,243,-3.815,S1O
82,FT8,244,-6.256,S1O
82,FT8,245,-10.162,S1O
82,FT8,246,-13.580,S1O
82,FT8,247,-14.069,S1O
82,FT8,248,-11.139,S1O
82,FT8,249,-7.233,S1O
82,FT8,250,-5.280,S1O
82,FT8,251,-6.744,S1O
82,FT8,252,-10.651,S1O
82,FT8,253,-16.022,S1O
82,FT8,254,-18.463,S1O
82,FT8,255,-16.998,S1O
82,FPZ,0,12.756,S1O
82,FPZ,1,14.221,S1O
82,FPZ,2,14.709,S1O
82,FPZ,3,12.756,S1O
82,FPZ,4,10.315,S1O
82,FPZ,5,6.409,S1O
82,FPZ,6,3.967,S1O
82,FPZ,7,2.502,S1O
82,FPZ,8,3.479,S1O
82,FPZ,9,4.944,S1O
82,FPZ,10,5.920,S1O
82,FPZ,11,5.432,S1O
82,FPZ,12,3.479,S1O
82,FPZ,13,0.061,S1O
82,FPZ,14,-2.869,S1O
82,FPZ,15,-5.310,S1O
82,FPZ,16,-6.287,S1O
82,FPZ,17,-6.775,S1O
82,FPZ,18,-5.310,S1O
82,FPZ,19,-2.869,S1O
82,FPZ,20,-0.427,S1O
82,FPZ,21,1.038,S1O
82,FPZ,22,2.502,S1O
82,FPZ,23,3.479,S1O
82,FPZ,24,4.944,S1O
82,FPZ,25,7.385,S1O
82,FPZ,26,10.803,S1O
82,FPZ,27,12.756,S1O
82,FPZ,28,12.756,S1O
82,FPZ,29,10.803,S1O
82,FPZ,30,7.874,S1O
82,FPZ,31,5.920,S1O
82,FPZ,32,6.409,S1O
82,FPZ,33,8.362,S1O
82,FPZ,34,11.780,S1O
82,FPZ,35,15.198,S1O
82,FPZ,36,17.639,S1O
82,FPZ,37,18.616,S1O
82,FPZ,38,18.616,S1O
82,FPZ,39,17.151,S1O
82,FPZ,40,16.663,S1O
82,FPZ,41,16.174,S1O
82,FPZ,42,17.151,S1O
82,FPZ,43,17.639,S1O
82,FPZ,44,17.151,S1O
82,FPZ,45,14.709,S1O
82,FPZ,46,11.780,S1O
82,FPZ,47,9.338,S1O
82,FPZ,48,9.338,S1O
82,FPZ,49,10.803,S1O
82,FPZ,50,12.756,S1O
82,FPZ,51,13.733,S1O
82,FPZ,52,13.245,S1O
82,FPZ,53,12.268,S1O
82,FPZ,54,11.780,S1O
82,FPZ,55,13.245,S1O
82,FPZ,56,16.174,S1O
82,FPZ,57,19.104,S1O
82,FPZ,58,20.569,S1O
82,FPZ,59,20.569,S1O
82,FPZ,60,19.592,S1O
82,FPZ,61,18.616,S1O
82,FPZ,62,18.127,S1O
82,FPZ,63,16.663,S1O
82,FPZ,64,15.198,S1O
82,FPZ,65,12.268,S1O
82,FPZ,66,9.338,S1O
82,FPZ,67,6.897,S1O
82,FPZ,68,4.944,S1O
82,FPZ,69,3.479,S1O
82,FPZ,70,2.502,S1O
82,FPZ,71,2.014,S1O
82,FPZ,72,2.014,S1O
82,FPZ,73,1.526,S1O
82,FPZ,74,1.038,S1O
82,FPZ,75,0.549,S1O
82,FPZ,76,1.038,S1O
82,FPZ,77,2.502,S1O
82,FPZ,78,4.944,S1O
82,FPZ,79,7.874,S1O
82,FPZ,80,10.315,S1O
82,FPZ,81,10.803,S1O
82,FPZ,82,9.338,S1O
82,FPZ,83,7.874,S1O
82,FPZ,84,5.920,S1O
82,FPZ,85,4.944,S1O
82,FPZ,86,3.967,S1O
82,FPZ,87,2.991,S1O
82,FPZ,88,0.549,S1O
82,FPZ,89,-3.357,S1O
82,FPZ,90,-7.263,S1O
82,FPZ,91,-11.169,S1O
82,FPZ,92,-14.587,S1O
82,FPZ,93,-16.541,S1O
82,FPZ,94,-17.517,S1O
82,FPZ,95,-18.005,S1O
82,FPZ,96,-17.517,S1O
82,FPZ,97,-17.029,S1O
82,FPZ,98,-16.052,S1O
82,FPZ,99,-14.587,S1O
82,FPZ,100,-13.611,S1O
82,FPZ,101,-11.658,S1O
82,FPZ,102,-9.705,S1O
82,FPZ,103,-7.751,S1O
82,FPZ,104,-5.798,S1O
82,FPZ,105,-4.333,S1O
82,FPZ,106,-4.333,S1O
82,FPZ,107,-4.822,S1O
82,FPZ,108,-6.287,S1O
82,FPZ,109,-6.775,S1O
82,FPZ,110,-6.775,S1O
82,FPZ,111,-5.798,S1O
82,FPZ,112,-4.822,S1O
82,FPZ,113,-4.822,S1O
82,FPZ,114,-4.822,S1O
82,FPZ,115,-6.775,S1O
82,FPZ,116,-9.705,S1O
82,FPZ,117,-12.146,S1O
82,FPZ,118,-14.587,S1O
82,FPZ,119,-15.564,S1O
82,FPZ,120,-15.564,S1O
82,FPZ,121,-14.587,S1O
82,FPZ,122,-13.123,S1O
82,FPZ,123,-11.658,S1O
82,FPZ,124,-10.193,S1O
82,FPZ,125,-8.240,S1O
82,FPZ,126,-6.287,S1O
82,FPZ,127,-4.822,S1O
82,FPZ,128,-2.869,S1O
82,FPZ,129,-1.892,S1O
82,FPZ,130,0.061,S1O
82,FPZ,131,1.526,S1O
82,FPZ,132,2.991,S1O
82,FPZ,133,4.456,S1O
82,FPZ,134,5.432,S1O
82,FPZ,135,5.432,S1O
82,FPZ,136,4.456,S1O
82,FPZ,137,2.991,S1O
82,FPZ,138,1.526,S1O
82,FPZ,139,1.038,S1O
82,FPZ,140,1.038,S1O
82,FPZ,141,2.014,S1O
82,FPZ,142,2.502,S1O
82,FPZ,143,2.502,S1O
82,FPZ,144,2.014,S1O
82,FPZ,145,1.526,S1O
82,FPZ,146,0.549,S1O
82,FPZ,147,1.038,S1O
82,FPZ,148,1.038,S1O
82,FPZ,149,1.526,S1O
82,FPZ,150,2.502,S1O
82,FPZ,151,3.479,S1O
82,FPZ,152,4.456,S1O
82,FPZ,153,4.944,S1O
82,FPZ,154,4.944,S1O
82,FPZ,155,3.479,S1O
82,FPZ,156,2.014,S1O
82,FPZ,157,1.038,S1O
82,FPZ,158,0.549,S1O
82,FPZ,159,1.526,S1O
82,FPZ,160,2.014,S1O
82,FPZ,161,1.526,S1O
82,FPZ,162,1.038,S1O
82,FPZ,163,0.061,S1O
82,FPZ,164,0.061,S1O
82,FPZ,165,1.526,S1O
82,FPZ,166,2.991,S1O
82,FPZ,167,3.479,S1O
82,FPZ,168,3.479,S1O
82,FPZ,169,3.479,S1O
82,FPZ,170,2.991,S1O
82,FPZ,171,2.014,S1O
82,FPZ,172,0.061,S1O
82,FPZ,173,-2.380,S1O
82,FPZ,174,-4.333,S1O
82,FPZ,175,-4.333,S1O
82,FPZ,176,-2.380,S1O
82,FPZ,177,1.526,S1O
82,FPZ,178,4.944,S1O
82,FPZ,179,6.409,S1O
82,FPZ,180,5.920,S1O
82,FPZ,181,4.944,S1O
82,FPZ,182,4.944,S1O
82,FPZ,183,5.432,S1O
82,FPZ,184,6.409,S1O
82,FPZ,185,6.409,S1O
82,FPZ,186,5.432,S1O
82,FPZ,187,3.479,S1O
82,FPZ,188,2.014,S1O
82,FPZ,189,1.038,S1O
82,FPZ,190,1.526,S1O
82,FPZ,191,2.502,S1O
82,FPZ,192,4.456,S1O
82,FPZ,193,7.874,S1O
82,FPZ,194,12.268,S1O
82,FPZ,195,16.663,S1O
82,FPZ,196,19.592,S1O
82,FPZ,197,20.569,S1O
82,FPZ,198,20.081,S1O
82,FPZ,199,18.127,S1O
82,FPZ,200,16.174,S1O
82,FPZ,201,15.686,S1O
82,FPZ,202,15.198,S1O
82,FPZ,203,15.198,S1O
82,FPZ,204,14.709,S1O
82,FPZ,205,14.709,S1O
82,FPZ,206,15.198,S1O
82,FPZ,207,16.174,S1O
82,FPZ,208,17.639,S1O
82,FPZ,209,18.616,S1O
82,FPZ,210,19.104,S1O
82,FPZ,211,19.592,S1O
82,FPZ,212,20.081,S1O
82,FPZ,213,21.057,S1O
82,FPZ,214,22.034,S1O
82,FPZ,215,22.522,S1O
82,FPZ,216,23.010,S1O
82,FPZ,217,22.522,S1O
82,FPZ,218,23.010,S1O
82,FPZ,219,24.963,S1O
82,FPZ,220,27.893,S1O
82,FPZ,221,32.288,S1O
82,FPZ,222,35.706,S1O
82,FPZ,223,39.124,S1O
82,FPZ,224,40.100,S1O
82,FPZ,225,40.100,S1O
82,FPZ,226,38.635,S1O
82,FPZ,227,37.170,S1O
82,FPZ,228,35.706,S1O
82,FPZ,229,34.241,S1O
82,FPZ,230,32.288,S1O
82,FPZ,231,29.358,S1O
82,FPZ,232,25.940,S1O
82,FPZ,233,23.010,S1O
82,FPZ,234,22.034,S1O
82,FPZ,235,22.522,S1O
82,FPZ,236,23.499,S1O
82,FPZ,237,23.499,S1O
82,FPZ,238,22.522,S1O
82,FPZ,239,21.057,S1O
82,FPZ,240,20.081,S1O
82,FPZ,241,21.057,S1O
82,FPZ,242,22.522,S1O
82,FPZ,243,23.010,S1O
82,FPZ,244,21.545,S1O
82,FPZ,245,18.616,S1O
82,FPZ,246,16.663,S1O
82,FPZ,247,16.663,S1O
82,FPZ,248,17.151,S1O
82,FPZ,249,17.639,S1O
82,FPZ,250,16.174,S1O
82,FPZ,251,13.245,S1O
82,FPZ,252,10.315,S1O
82,FPZ,253,9.338,S1O
82,FPZ,254,11.292,S1O
82,FPZ,255,14.221,S1O
82,FC4,0,0.763,S1O
82,FC4,1,2.228,S1O
82,FC4,2,3.204,S1O
82,FC4,3,4.181,S1O
82,FC4,4,4.669,S1O
82,FC4,5,4.181,S1O
82,FC4,6,4.181,S1O
82,FC4,7,4.669,S1O
82,FC4,8,5.157,S1O
82,FC4,9,5.157,S1O
82,FC4,10,3.693,S1O
82,FC4,11,2.228,S1O
82,FC4,12,1.251,S1O
82,FC4,13,1.740,S1O
82,FC4,14,2.716,S1O
82,FC4,15,3.693,S1O
82,FC4,16,3.204,S1O
82,FC4,17,1.740,S1O
82,FC4,18,0.763,S1O
82,FC4,19,0.275,S1O
82,FC4,20,-0.214,S1O
82,FC4,21,-1.190,S1O
82,FC4,22,-2.655,S1O
82,FC4,23,-3.143,S1O
82,FC4,24,-1.678,S1O
82,FC4,25,1.251,S1O
82,FC4,26,4.669,S1O
82,FC4,27,5.646,S1O
82,FC4,28,4.669,S1O
82,FC4,29,2.228,S1O
82,FC4,30,-0.214,S1O
82,FC4,31,-1.678,S1O
82,FC4,32,-2.655,S1O
82,FC4,33,-4.120,S1O
82,FC4,34,-5.096,S1O
82,FC4,35,-4.608,S1O
82,FC4,36,-3.143,S1O
82,FC4,37,-0.702,S1O
82,FC4,38,0.763,S1O
82,FC4,39,0.763,S1O
82,FC4,40,-1.190,S1O
82,FC4,41,-3.632,S1O
82,FC4,42,-5.096,S1O
82,FC4,43,-5.585,S1O
82,FC4,44,-5.585,S1O
82,FC4,45,-5.585,S1O
82,FC4,46,-5.096,S1O
82,FC4,47,-3.632,S1O
82,FC4,48,-0.702,S1O
82,FC4,49,2.228,S1O
82,FC4,50,3.693,S1O
82,FC4,51,3.204,S1O
82,FC4,52,1.251,S1O
82,FC4,53,-1.190,S1O
82,FC4,54,-2.655,S1O
82,FC4,55,-3.632,S1O
82,FC4,56,-4.608,S1O
82,FC4,57,-6.073,S1O
82,FC4,58,-7.538,S1O
82,FC4,59,-7.538,S1O
82,FC4,60,-5.585,S1O
82,FC4,61,-1.678,S1O
82,FC4,62,1.251,S1O
82,FC4,63,1.740,S1O
82,FC4,64,0.275,S1O
82,FC4,65,-1.678,S1O
82,FC4,66,-3.143,S1O
82,FC4,67,-3.632,S1O
82,FC4,68,-2.655,S1O
82,FC4,69,-1.678,S1O
82,FC4,70,-1.678,S1O
82,FC4,71,-2.167,S1O
82,FC4,72,-3.143,S1O
82,FC4,73,-4.608,S1O
82,FC4,74,-5.096,S1O
82,FC4,75,-6.073,S1O
82,FC4,76,-6.073,S1O
82,FC4,77,-5.096,S1O
82,FC4,78,-3.632,S1O
82,FC4,79,-2.167,S1O
82,FC4,80,-0.702,S1O
82,FC4,81,-0.214,S1O
82,FC4,82,-0.214,S1O
82,FC4,83,-0.214,S1O
82,FC4,84,0.275,S1O
82,FC4,85,0.763,S1O
82,FC4,86,0.763,S1O
82,FC4,87,0.275,S1O
82,FC4,88,-0.702,S1O
82,FC4,89,-1.678,S1O
82,FC4,90,-3.632,S1O
82,FC4,91,-5.585,S1O
82,FC4,92,-7.050,S1O
82,FC4,93,-8.514,S1O
82,FC4,94,-9.491,S1O
82,FC4,95,-9.491,S1O
82,FC4,96,-9.003,S1O
82,FC4,97,-8.514,S1O
82,FC4,98,-8.026,S1O
82,FC4,99,-7.538,S1O
82,FC4,100,-7.538,S1O
82,FC4,101,-7.050,S1O
82,FC4,102,-7.050,S1O
82,FC4,103,-7.050,S1O
82,FC4,104,-7.050,S1O
82,FC4,105,-7.050,S1O
82,FC4,106,-7.050,S1O
82,FC4,107,-6.561,S1O
82,FC4,108,-6.073,S1O
82,FC4,109,-5.585,S1O
82,FC4,110,-5.585,S1O
82,FC4,111,-5.585,S1O
82,FC4,112,-6.073,S1O
82,FC4,113,-6.073,S1O
82,FC4,114,-5.585,S1O
82,FC4,115,-4.608,S1O
82,FC4,116,-4.608,S1O
82,FC4,117,-4.608,S1O
82,FC4,118,-5.096,S1O
82,FC4,119,-5.585,S1O
82,FC4,120,-6.073,S1O
82,FC4,121,-6.073,S1O
82,FC4,122,-7.538,S1O
82,FC4,123,-9.003,S1O
82,FC4,124,-9.979,S1O
82,FC4,125,-9.979,S1O
82,FC4,126,-8.026,S1O
82,FC4,127,-6.073,S1O
82,FC4,128,-3.632,S1O
82,FC4,129,-3.143,S1O
82,FC4,130,-3.143,S1O
82,FC4,131,-3.632,S1O
82,FC4,132,-4.608,S1O
82,FC4,133,-5.096,S1O
82,FC4,134,-6.073,S1O
82,FC4,135,-6.073,S1O
82,FC4,136,-6.561,S1O
82,FC4,137,-6.561,S1O
82,FC4,138,-6.561,S1O
82,FC4,139,-6.561,S1O
82,FC4,140,-7.050,S1O
82,FC4,141,-7.538,S1O
82,FC4,142,-8.026,S1O
82,FC4,143,-9.003,S1O
82,FC4,144,-9.491,S1O
82,FC4,145,-9.491,S1O
82,FC4,146,-9.491,S1O
82,FC4,147,-9.491,S1O
82,FC4,148,-9.979,S1O
82,FC4,149,-10.468,S1O
82,FC4,150,-10.468,S1O
82,FC4,151,-9.003,S1O
82,FC4,152,-7.538,S1O
82,FC4,153,-6.561,S1O
82,FC4,154,-7.050,S1O
82,FC4,155,-9.003,S1O
82,FC4,156,-11.444,S1O
82,FC4,157,-12.909,S1O
82,FC4,158,-13.885,S1O
82,FC4,159,-14.374,S1O
82,FC4,160,-14.862,S1O
82,FC4,161,-15.350,S1O
82,FC4,162,-15.350,S1O
82,FC4,163,-14.862,S1O
82,FC4,164,-13.885,S1O
82,FC4,165,-12.909,S1O
82,FC4,166,-13.397,S1O
82,FC4,167,-14.374,S1O
82,FC4,168,-14.862,S1O
82,FC4,169,-14.862,S1O
82,FC4,170,-13.397,S1O
82,FC4,171,-11.932,S1O
82,FC4,172,-11.444,S1O
82,FC4,173,-12.909,S1O
82,FC4,174,-14.862,S1O
82,FC4,175,-16.327,S1O
82,FC4,176,-15.839,S1O
82,FC4,177,-13.885,S1O
82,FC4,178,-10.956,S1O
82,FC4,179,-9.491,S1O
82,FC4,180,-9.003,S1O
82,FC4,181,-8.514,S1O
82,FC4,182,-7.538,S1O
82,FC4,183,-6.073,S1O
82,FC4,184,-5.096,S1O
82,FC4,185,-5.585,S1O
82,FC4,186,-7.050,S1O
82,FC4,187,-8.026,S1O
82,FC4,188,-8.514,S1O
82,FC4,189,-7.538,S1O
82,FC4,190,-6.073,S1O
82,FC4,191,-4.120,S1O
82,FC4,192,-3.143,S1O
82,FC4,193,-2.655,S1O
82,FC4,194,-1.678,S1O
82,FC4,195,-1.678,S1O
82,FC4,196,-1.190,S1O
82,FC4,197,-2.167,S1O
82,FC4,198,-2.655,S1O
82,FC4,199,-2.655,S1O
82,FC4,200,-3.143,S1O
82,FC4,201,-2.655,S1O
82,FC4,202,-2.655,S1O
82,FC4,203,-3.143,S1O
82,FC4,204,-3.632,S1O
82,FC4,205,-3.143,S1O
82,FC4,206,-2.655,S1O
82,FC4,207,-2.655,S1O
82,FC4,208,-2.655,S1O
82,FC4,209,-3.632,S1O
82,FC4,210,-4.120,S1O
82,FC4,211,-3.143,S1O
82,FC4,212,-2.655,S1O
82,FC4,213,-2.655,S1O
82,FC4,214,-3.632,S1O
82,FC4,215,-5.096,S1O
82,FC4,216,-6.073,S1O
82,FC4,217,-4.608,S1O
82,FC4,218,-1.678,S1O
82,FC4,219,1.740,S1O
82,FC4,220,3.204,S1O
82,FC4,221,3.693,S1O
82,FC4,222,3.204,S1O
82,FC4,223,3.693,S1O
82,FC4,224,4.669,S1O
82,FC4,225,5.646,S1O
82,FC4,226,5.157,S1O
82,FC4,227,3.204,S1O
82,FC4,228,0.763,S1O
82,FC4,229,-0.214,S1O
82,FC4,230,1.251,S1O
82,FC4,231,3.693,S1O
82,FC4,232,4.669,S1O
82,FC4,233,3.204,S1O
82,FC4,234,0.275,S1O
82,FC4,235,-2.655,S1O
82,FC4,236,-2.655,S1O
82,FC4,237,-1.190,S1O
82,FC4,238,1.251,S1O
82,FC4,239,2.228,S1O
82,FC4,240,1.251,S1O
82,FC4,241,-0.702,S1O
82,FC4,242,-1.190,S1O
82,FC4,243,-0.214,S1O
82,FC4,244,1.740,S1O
82,FC4,245,2.716,S1O
82,FC4,246,1.251,S1O
82,FC4,247,-1.678,S1O
82,FC4,248,-4.120,S1O
82,FC4,249,-4.608,S1O
82,FC4,250,-3.143,S1O
82,FC4,251,-1.678,S1O
82,FC4,252,-2.655,S1O
82,FC4,253,-4.120,S1O
82,FC4,254,-6.073,S1O
82,FC4,255,-6.561,S1O
82,FC3,0,4.486,S1O
82,FC3,1,5.463,S1O
82,FC3,2,6.927,S1O
82,FC3,3,8.392,S1O
82,FC3,4,8.881,S1O
82,FC3,5,8.392,S1O
82,FC3,6,6.439,S1O
82,FC3,7,4.486,S1O
82,FC3,8,3.021,S1O
82,FC3,9,3.021,S1O
82,FC3,10,5.463,S1O
82,FC3,11,7.904,S1O
82,FC3,12,9.369,S1O
82,FC3,13,8.881,S1O
82,FC3,14,6.439,S1O
82,FC3,15,3.510,S1O
82,FC3,16,0.580,S1O
82,FC3,17,-0.885,S1O
82,FC3,18,-1.862,S1O
82,FC3,19,-1.373,S1O
82,FC3,20,-0.397,S1O
82,FC3,21,1.068,S1O
82,FC3,22,2.045,S1O
82,FC3,23,1.556,S1O
82,FC3,24,0.580,S1O
82,FC3,25,-0.397,S1O
82,FC3,26,-0.397,S1O
82,FC3,27,1.068,S1O
82,FC3,28,2.045,S1O
82,FC3,29,2.045,S1O
82,FC3,30,0.580,S1O
82,FC3,31,-1.373,S1O
82,FC3,32,-1.373,S1O
82,FC3,33,0.580,S1O
82,FC3,34,3.998,S1O
82,FC3,35,6.439,S1O
82,FC3,36,5.951,S1O
82,FC3,37,3.510,S1O
82,FC3,38,1.556,S1O
82,FC3,39,1.068,S1O
82,FC3,40,2.045,S1O
82,FC3,41,3.021,S1O
82,FC3,42,2.533,S1O
82,FC3,43,0.580,S1O
82,FC3,44,-2.350,S1O
82,FC3,45,-3.815,S1O
82,FC3,46,-3.326,S1O
82,FC3,47,-2.350,S1O
82,FC3,48,-1.862,S1O
82,FC3,49,-1.862,S1O
82,FC3,50,-1.862,S1O
82,FC3,51,-0.397,S1O
82,FC3,52,1.556,S1O
82,FC3,53,4.486,S1O
82,FC3,54,5.463,S1O
82,FC3,55,3.998,S1O
82,FC3,56,1.556,S1O
82,FC3,57,-0.885,S1O
82,FC3,58,-2.350,S1O
82,FC3,59,-1.862,S1O
82,FC3,60,-0.397,S1O
82,FC3,61,0.092,S1O
82,FC3,62,-0.885,S1O
82,FC3,63,-1.862,S1O
82,FC3,64,-2.350,S1O
82,FC3,65,-1.862,S1O
82,FC3,66,-0.885,S1O
82,FC3,67,0.092,S1O
82,FC3,68,-0.397,S1O
82,FC3,69,-1.373,S1O
82,FC3,70,-1.862,S1O
82,FC3,71,-2.350,S1O
82,FC3,72,-1.373,S1O
82,FC3,73,-0.885,S1O
82,FC3,74,-0.397,S1O
82,FC3,75,-1.373,S1O
82,FC3,76,-2.838,S1O
82,FC3,77,-4.303,S1O
82,FC3,78,-4.791,S1O
82,FC3,79,-5.280,S1O
82,FC3,80,-5.280,S1O
82,FC3,81,-5.768,S1O
82,FC3,82,-7.233,S1O
82,FC3,83,-8.209,S1O
82,FC3,84,-8.698,S1O
82,FC3,85,-7.721,S1O
82,FC3,86,-7.233,S1O
82,FC3,87,-6.744,S1O
82,FC3,88,-8.209,S1O
82,FC3,89,-10.651,S1O
82,FC3,90,-12.604,S1O
82,FC3,91,-13.580,S1O
82,FC3,92,-13.580,S1O
82,FC3,93,-12.604,S1O
82,FC3,94,-11.627,S1O
82,FC3,95,-10.651,S1O
82,FC3,96,-10.162,S1O
82,FC3,97,-9.186,S1O
82,FC3,98,-7.721,S1O
82,FC3,99,-6.256,S1O
82,FC3,100,-4.303,S1O
82,FC3,101,-2.350,S1O
82,FC3,102,-0.397,S1O
82,FC3,103,0.580,S1O
82,FC3,104,1.068,S1O
82,FC3,105,1.068,S1O
82,FC3,106,0.580,S1O
82,FC3,107,0.092,S1O
82,FC3,108,0.092,S1O
82,FC3,109,1.068,S1O
82,FC3,110,1.068,S1O
82,FC3,111,0.580,S1O
82,FC3,112,-0.397,S1O
82,FC3,113,-1.862,S1O
82,FC3,114,-3.815,S1O
82,FC3,115,-5.280,S1O
82,FC3,116,-7.233,S1O
82,FC3,117,-7.721,S1O
82,FC3,118,-8.209,S1O
82,FC3,119,-7.721,S1O
82,FC3,120,-8.209,S1O
82,FC3,121,-8.698,S1O
82,FC3,122,-10.651,S1O
82,FC3,123,-11.627,S1O
82,FC3,124,-10.651,S1O
82,FC3,125,-8.209,S1O
82,FC3,126,-5.280,S1O
82,FC3,127,-3.815,S1O
82,FC3,128,-4.791,S1O
82,FC3,129,-7.233,S1O
82,FC3,130,-9.186,S1O
82,FC3,131,-9.186,S1O
82,FC3,132,-6.744,S1O
82,FC3,133,-3.326,S1O
82,FC3,134,-0.885,S1O
82,FC3,135,-1.373,S1O
82,FC3,136,-3.815,S1O
82,FC3,137,-6.256,S1O
82,FC3,138,-6.744,S1O
82,FC3,139,-5.768,S1O
82,FC3,140,-3.815,S1O
82,FC3,141,-2.838,S1O
82,FC3,142,-3.815,S1O
82,FC3,143,-5.280,S1O
82,FC3,144,-6.256,S1O
82,FC3,145,-6.744,S1O
82,FC3,146,-6.256,S1O
82,FC3,147,-5.280,S1O
82,FC3,148,-4.791,S1O
82,FC3,149,-4.791,S1O
82,FC3,150,-5.280,S1O
82,FC3,151,-5.280,S1O
82,FC3,152,-6.256,S1O
82,FC3,153,-7.721,S1O
82,FC3,154,-9.186,S1O
82,FC3,155,-9.674,S1O
82,FC3,156,-8.698,S1O
82,FC3,157,-6.744,S1O
82,FC3,158,-4.791,S1O
82,FC3,159,-3.326,S1O
82,FC3,160,-3.326,S1O
82,FC3,161,-4.303,S1O
82,FC3,162,-4.791,S1O
82,FC3,163,-3.815,S1O
82,FC3,164,-3.326,S1O
82,FC3,165,-2.838,S1O
82,FC3,166,-3.815,S1O
82,FC3,167,-5.280,S1O
82,FC3,168,-6.256,S1O
82,FC3,169,-5.768,S1O
82,FC3,170,-4.791,S1O
82,FC3,171,-3.326,S1O
82,FC3,172,-2.838,S1O
82,FC3,173,-3.326,S1O
82,FC3,174,-4.303,S1O
82,FC3,175,-5.768,S1O
82,FC3,176,-6.256,S1O
82,FC3,177,-5.768,S1O
82,FC3,178,-4.791,S1O
82,FC3,179,-2.838,S1O
82,FC3,180,-1.862,S1O
82,FC3,181,-1.862,S1O
82,FC3,182,-2.350,S1O
82,FC3,183,-2.350,S1O
82,FC3,184,-1.373,S1O
82,FC3,185,0.092,S1O
82,FC3,186,0.580,S1O
82,FC3,187,-0.885,S1O
82,FC3,188,-2.838,S1O
82,FC3,189,-4.791,S1O
82,FC3,190,-5.280,S1O
82,FC3,191,-3.326,S1O
82,FC3,192,0.092,S1O
82,FC3,193,1.556,S1O
82,FC3,194,1.556,S1O
82,FC3,195,-0.397,S1O
82,FC3,196,-2.350,S1O
82,FC3,197,-1.862,S1O
82,FC3,198,-0.397,S1O
82,FC3,199,1.068,S1O
82,FC3,200,1.556,S1O
82,FC3,201,0.580,S1O
82,FC3,202,-1.373,S1O
82,FC3,203,-2.838,S1O
82,FC3,204,-2.838,S1O
82,FC3,205,-0.885,S1O
82,FC3,206,0.580,S1O
82,FC3,207,1.556,S1O
82,FC3,208,1.556,S1O
82,FC3,209,1.068,S1O
82,FC3,210,1.068,S1O
82,FC3,211,1.068,S1O
82,FC3,212,2.045,S1O
82,FC3,213,3.021,S1O
82,FC3,214,3.021,S1O
82,FC3,215,3.021,S1O
82,FC3,216,2.045,S1O
82,FC3,217,1.556,S1O
82,FC3,218,1.556,S1O
82,FC3,219,1.556,S1O
82,FC3,220,2.533,S1O
82,FC3,221,3.510,S1O
82,FC3,222,4.486,S1O
82,FC3,223,4.974,S1O
82,FC3,224,4.486,S1O
82,FC3,225,3.998,S1O
82,FC3,226,3.998,S1O
82,FC3,227,4.974,S1O
82,FC3,228,5.463,S1O
82,FC3,229,5.463,S1O
82,FC3,230,3.998,S1O
82,FC3,231,1.556,S1O
82,FC3,232,-0.397,S1O
82,FC3,233,-0.885,S1O
82,FC3,234,1.068,S1O
82,FC3,235,3.510,S1O
82,FC3,236,4.486,S1O
82,FC3,237,3.021,S1O
82,FC3,238,0.580,S1O
82,FC3,239,-1.373,S1O
82,FC3,240,-1.862,S1O
82,FC3,241,-0.397,S1O
82,FC3,242,2.045,S1O
82,FC3,243,3.510,S1O
82,FC3,244,3.998,S1O
82,FC3,245,3.510,S1O
82,FC3,246,2.533,S1O
82,FC3,247,0.580,S1O
82,FC3,248,-1.373,S1O
82,FC3,249,-2.838,S1O
82,FC3,250,-3.815,S1O
82,FC3,251,-3.326,S1O
82,FC3,252,-2.350,S1O
82,FC3,253,-1.862,S1O
82,FC3,254,-1.373,S1O
82,FC3,255,-1.373,S1O
82,C6,0,-0.814,S1O
82,C6,1,-0.326,S1O
82,C6,2,2.116,S1O
82,C6,3,4.557,S1O
82,C6,4,6.022,S1O
82,C6,5,6.022,S1O
82,C6,6,5.534,S1O
82,C6,7,6.510,S1O
82,C6,8,7.487,S1O
82,C6,9,7.487,S1O
82,C6,10,6.022,S1O
82,C6,11,3.092,S1O
82,C6,12,1.139,S1O
82,C6,13,1.628,S1O
82,C6,14,4.557,S1O
82,C6,15,7.487,S1O
82,C6,16,8.464,S1O
82,C6,17,7.487,S1O
82,C6,18,5.534,S1O
82,C6,19,5.046,S1O
82,C6,20,4.557,S1O
82,C6,21,4.069,S1O
82,C6,22,1.628,S1O
82,C6,23,-0.814,S1O
82,C6,24,-0.814,S1O
82,C6,25,2.116,S1O
82,C6,26,6.999,S1O
82,C6,27,10.417,S1O
82,C6,28,10.417,S1O
82,C6,29,7.487,S1O
82,C6,30,5.046,S1O
82,C6,31,3.581,S1O
82,C6,32,3.581,S1O
82,C6,33,3.092,S1O
82,C6,34,0.651,S1O
82,C6,35,-2.767,S1O
82,C6,36,-4.232,S1O
82,C6,37,-2.767,S1O
82,C6,38,0.651,S1O
82,C6,39,3.092,S1O
82,C6,40,3.581,S1O
82,C6,41,1.628,S1O
82,C6,42,-1.302,S1O
82,C6,43,-3.743,S1O
82,C6,44,-5.208,S1O
82,C6,45,-5.697,S1O
82,C6,46,-5.697,S1O
82,C6,47,-5.697,S1O
82,C6,48,-5.208,S1O
82,C6,49,-4.232,S1O
82,C6,50,-3.255,S1O
82,C6,51,-1.302,S1O
82,C6,52,0.163,S1O
82,C6,53,1.628,S1O
82,C6,54,2.116,S1O
82,C6,55,0.163,S1O
82,C6,56,-3.255,S1O
82,C6,57,-8.138,S1O
82,C6,58,-11.068,S1O
82,C6,59,-10.579,S1O
82,C6,60,-7.161,S1O
82,C6,61,-3.255,S1O
82,C6,62,-0.326,S1O
82,C6,63,-0.326,S1O
82,C6,64,-1.790,S1O
82,C6,65,-2.767,S1O
82,C6,66,-1.790,S1O
82,C6,67,0.651,S1O
82,C6,68,3.092,S1O
82,C6,69,3.581,S1O
82,C6,70,2.604,S1O
82,C6,71,1.628,S1O
82,C6,72,0.651,S1O
82,C6,73,0.651,S1O
82,C6,74,0.651,S1O
82,C6,75,0.163,S1O
82,C6,76,0.163,S1O
82,C6,77,1.139,S1O
82,C6,78,3.581,S1O
82,C6,79,6.022,S1O
82,C6,80,8.464,S1O
82,C6,81,10.905,S1O
82,C6,82,11.393,S1O
82,C6,83,11.882,S1O
82,C6,84,11.882,S1O
82,C6,85,11.882,S1O
82,C6,86,11.882,S1O
82,C6,87,11.882,S1O
82,C6,88,10.417,S1O
82,C6,89,8.952,S1O
82,C6,90,6.510,S1O
82,C6,91,4.557,S1O
82,C6,92,3.092,S1O
82,C6,93,3.092,S1O
82,C6,94,4.069,S1O
82,C6,95,4.069,S1O
82,C6,96,2.604,S1O
82,C6,97,0.163,S1O
82,C6,98,-1.302,S1O
82,C6,99,-1.790,S1O
82,C6,100,-0.326,S1O
82,C6,101,1.628,S1O
82,C6,102,2.116,S1O
82,C6,103,0.651,S1O
82,C6,104,-2.279,S1O
82,C6,105,-4.720,S1O
82,C6,106,-5.208,S1O
82,C6,107,-3.743,S1O
82,C6,108,-0.814,S1O
82,C6,109,0.651,S1O
82,C6,110,0.651,S1O
82,C6,111,-0.814,S1O
82,C6,112,-1.790,S1O
82,C6,113,-0.814,S1O
82,C6,114,1.139,S1O
82,C6,115,3.581,S1O
82,C6,116,4.557,S1O
82,C6,117,4.557,S1O
82,C6,118,3.581,S1O
82,C6,119,3.092,S1O
82,C6,120,3.092,S1O
82,C6,121,3.092,S1O
82,C6,122,1.628,S1O
82,C6,123,-0.326,S1O
82,C6,124,-1.790,S1O
82,C6,125,-1.302,S1O
82,C6,126,0.163,S1O
82,C6,127,2.116,S1O
82,C6,128,3.092,S1O
82,C6,129,3.581,S1O
82,C6,130,3.092,S1O
82,C6,131,3.581,S1O
82,C6,132,3.092,S1O
82,C6,133,1.628,S1O
82,C6,134,-0.814,S1O
82,C6,135,-2.767,S1O
82,C6,136,-3.743,S1O
82,C6,137,-2.767,S1O
82,C6,138,-1.302,S1O
82,C6,139,-1.302,S1O
82,C6,140,-3.255,S1O
82,C6,141,-6.185,S1O
82,C6,142,-7.650,S1O
82,C6,143,-7.161,S1O
82,C6,144,-5.208,S1O
82,C6,145,-3.743,S1O
82,C6,146,-4.232,S1O
82,C6,147,-6.185,S1O
82,C6,148,-8.626,S1O
82,C6,149,-8.626,S1O
82,C6,150,-6.185,S1O
82,C6,151,-1.790,S1O
82,C6,152,1.139,S1O
82,C6,153,1.139,S1O
82,C6,154,-0.814,S1O
82,C6,155,-4.232,S1O
82,C6,156,-7.161,S1O
82,C6,157,-8.138,S1O
82,C6,158,-9.115,S1O
82,C6,159,-10.091,S1O
82,C6,160,-12.044,S1O
82,C6,161,-13.997,S1O
82,C6,162,-14.974,S1O
82,C6,163,-13.509,S1O
82,C6,164,-11.556,S1O
82,C6,165,-11.068,S1O
82,C6,166,-13.021,S1O
82,C6,167,-16.439,S1O
82,C6,168,-18.880,S1O
82,C6,169,-18.880,S1O
82,C6,170,-15.951,S1O
82,C6,171,-12.044,S1O
82,C6,172,-10.091,S1O
82,C6,173,-12.044,S1O
82,C6,174,-16.439,S1O
82,C6,175,-20.345,S1O
82,C6,176,-20.833,S1O
82,C6,177,-18.392,S1O
82,C6,178,-13.997,S1O
82,C6,179,-10.091,S1O
82,C6,180,-8.138,S1O
82,C6,181,-6.673,S1O
82,C6,182,-5.697,S1O
82,C6,183,-4.232,S1O
82,C6,184,-3.743,S1O
82,C6,185,-5.208,S1O
82,C6,186,-7.650,S1O
82,C6,187,-10.091,S1O
82,C6,188,-10.579,S1O
82,C6,189,-8.138,S1O
82,C6,190,-4.232,S1O
82,C6,191,-0.326,S1O
82,C6,192,1.628,S1O
82,C6,193,1.628,S1O
82,C6,194,0.163,S1O
82,C6,195,-1.302,S1O
82,C6,196,-1.302,S1O
82,C6,197,-1.302,S1O
82,C6,198,0.163,S1O
82,C6,199,0.651,S1O
82,C6,200,0.651,S1O
82,C6,201,-0.814,S1O
82,C6,202,-2.279,S1O
82,C6,203,-2.279,S1O
82,C6,204,-1.302,S1O
82,C6,205,0.651,S1O
82,C6,206,1.628,S1O
82,C6,207,1.139,S1O
82,C6,208,-1.302,S1O
82,C6,209,-3.743,S1O
82,C6,210,-4.232,S1O
82,C6,211,-2.279,S1O
82,C6,212,-0.326,S1O
82,C6,213,0.163,S1O
82,C6,214,-2.279,S1O
82,C6,215,-5.697,S1O
82,C6,216,-7.161,S1O
82,C6,217,-5.208,S1O
82,C6,218,-0.326,S1O
82,C6,219,4.069,S1O
82,C6,220,6.022,S1O
82,C6,221,5.046,S1O
82,C6,222,2.604,S1O
82,C6,223,1.628,S1O
82,C6,224,3.581,S1O
82,C6,225,5.534,S1O
82,C6,226,5.046,S1O
82,C6,227,0.651,S1O
82,C6,228,-5.208,S1O
82,C6,229,-9.115,S1O
82,C6,230,-7.650,S1O
82,C6,231,-2.279,S1O
82,C6,232,2.604,S1O
82,C6,233,3.581,S1O
82,C6,234,0.163,S1O
82,C6,235,-5.208,S1O
82,C6,236,-7.650,S1O
82,C6,237,-5.208,S1O
82,C6,238,-0.326,S1O
82,C6,239,3.092,S1O
82,C6,240,1.628,S1O
82,C6,241,-4.232,S1O
82,C6,242,-10.091,S1O
82,C6,243,-12.533,S1O
82,C6,244,-11.068,S1O
82,C6,245,-6.673,S1O
82,C6,246,-3.743,S1O
82,C6,247,-4.232,S1O
82,C6,248,-6.185,S1O
82,C6,249,-7.650,S1O
82,C6,250,-5.697,S1O
82,C6,251,-2.767,S1O
82,C6,252,-0.326,S1O
82,C6,253,-0.326,S1O
82,C6,254,-2.279,S1O
82,C6,255,-4.720,S1O
82,C5,0,-2.767,S1O
82,C5,1,-0.326,S1O
82,C5,2,4.069,S1O
82,C5,3,8.952,S1O
82,C5,4,12.858,S1O
82,C5,5,12.858,S1O
82,C5,6,10.905,S1O
82,C5,7,6.999,S1O
82,C5,8,3.581,S1O
82,C5,9,1.628,S1O
82,C5,10,2.116,S1O
82,C5,11,3.092,S1O
82,C5,12,3.092,S1O
82,C5,13,1.139,S1O
82,C5,14,-0.814,S1O
82,C5,15,-1.302,S1O
82,C5,16,-0.326,S1O
82,C5,17,1.139,S1O
82,C5,18,1.139,S1O
82,C5,19,-0.326,S1O
82,C5,20,-1.790,S1O
82,C5,21,-0.814,S1O
82,C5,22,2.116,S1O
82,C5,23,5.046,S1O
82,C5,24,5.046,S1O
82,C5,25,2.116,S1O
82,C5,26,-0.326,S1O
82,C5,27,0.163,S1O
82,C5,28,3.581,S1O
82,C5,29,6.510,S1O
82,C5,30,6.999,S1O
82,C5,31,5.046,S1O
82,C5,32,4.557,S1O
82,C5,33,8.464,S1O
82,C5,34,15.788,S1O
82,C5,35,21.159,S1O
82,C5,36,19.206,S1O
82,C5,37,9.440,S1O
82,C5,38,-1.302,S1O
82,C5,39,-7.650,S1O
82,C5,40,-6.185,S1O
82,C5,41,-0.326,S1O
82,C5,42,3.092,S1O
82,C5,43,0.163,S1O
82,C5,44,-6.185,S1O
82,C5,45,-11.556,S1O
82,C5,46,-11.556,S1O
82,C5,47,-7.650,S1O
82,C5,48,-4.720,S1O
82,C5,49,-6.673,S1O
82,C5,50,-11.556,S1O
82,C5,51,-14.974,S1O
82,C5,52,-12.044,S1O
82,C5,53,-4.232,S1O
82,C5,54,3.092,S1O
82,C5,55,4.557,S1O
82,C5,56,-0.326,S1O
82,C5,57,-6.185,S1O
82,C5,58,-6.673,S1O
82,C5,59,-0.814,S1O
82,C5,60,7.487,S1O
82,C5,61,11.393,S1O
82,C5,62,7.975,S1O
82,C5,63,-0.326,S1O
82,C5,64,-7.650,S1O
82,C5,65,-10.091,S1O
82,C5,66,-6.673,S1O
82,C5,67,-2.767,S1O
82,C5,68,-1.302,S1O
82,C5,69,-4.232,S1O
82,C5,70,-7.161,S1O
82,C5,71,-6.673,S1O
82,C5,72,-1.302,S1O
82,C5,73,6.510,S1O
82,C5,74,11.393,S1O
82,C5,75,11.882,S1O
82,C5,76,8.464,S1O
82,C5,77,4.069,S1O
82,C5,78,2.604,S1O
82,C5,79,3.581,S1O
82,C5,80,6.022,S1O
82,C5,81,6.510,S1O
82,C5,82,3.092,S1O
82,C5,83,-1.790,S1O
82,C5,84,-5.697,S1O
82,C5,85,-5.697,S1O
82,C5,86,-4.232,S1O
82,C5,87,-3.255,S1O
82,C5,88,-6.673,S1O
82,C5,89,-12.533,S1O
82,C5,90,-18.392,S1O
82,C5,91,-19.857,S1O
82,C5,92,-15.462,S1O
82,C5,93,-8.138,S1O
82,C5,94,-2.767,S1O
82,C5,95,-2.767,S1O
82,C5,96,-6.185,S1O
82,C5,97,-10.579,S1O
82,C5,98,-11.068,S1O
82,C5,99,-6.185,S1O
82,C5,100,1.628,S1O
82,C5,101,7.487,S1O
82,C5,102,8.464,S1O
82,C5,103,4.069,S1O
82,C5,104,-2.767,S1O
82,C5,105,-7.161,S1O
82,C5,106,-6.185,S1O
82,C5,107,-1.302,S1O
82,C5,108,5.046,S1O
82,C5,109,8.952,S1O
82,C5,110,9.440,S1O
82,C5,111,7.487,S1O
82,C5,112,5.534,S1O
82,C5,113,4.069,S1O
82,C5,114,2.604,S1O
82,C5,115,-0.326,S1O
82,C5,116,-4.232,S1O
82,C5,117,-6.185,S1O
82,C5,118,-6.185,S1O
82,C5,119,-3.255,S1O
82,C5,120,-0.814,S1O
82,C5,121,-1.302,S1O
82,C5,122,-4.232,S1O
82,C5,123,-6.673,S1O
82,C5,124,-6.185,S1O
82,C5,125,-2.767,S1O
82,C5,126,1.628,S1O
82,C5,127,1.628,S1O
82,C5,128,-2.279,S1O
82,C5,129,-8.138,S1O
82,C5,130,-10.091,S1O
82,C5,131,-6.673,S1O
82,C5,132,0.651,S1O
82,C5,133,6.999,S1O
82,C5,134,7.487,S1O
82,C5,135,2.116,S1O
82,C5,136,-5.697,S1O
82,C5,137,-9.603,S1O
82,C5,138,-8.138,S1O
82,C5,139,-2.767,S1O
82,C5,140,1.628,S1O
82,C5,141,1.628,S1O
82,C5,142,-1.790,S1O
82,C5,143,-5.697,S1O
82,C5,144,-7.161,S1O
82,C5,145,-5.208,S1O
82,C5,146,-1.790,S1O
82,C5,147,0.651,S1O
82,C5,148,1.628,S1O
82,C5,149,2.604,S1O
82,C5,150,3.092,S1O
82,C5,151,3.581,S1O
82,C5,152,2.116,S1O
82,C5,153,-1.790,S1O
82,C5,154,-5.697,S1O
82,C5,155,-7.161,S1O
82,C5,156,-5.697,S1O
82,C5,157,-1.790,S1O
82,C5,158,1.628,S1O
82,C5,159,2.604,S1O
82,C5,160,0.651,S1O
82,C5,161,-2.279,S1O
82,C5,162,-4.232,S1O
82,C5,163,-2.767,S1O
82,C5,164,-0.326,S1O
82,C5,165,1.628,S1O
82,C5,166,1.628,S1O
82,C5,167,-1.302,S1O
82,C5,168,-4.720,S1O
82,C5,169,-8.138,S1O
82,C5,170,-9.115,S1O
82,C5,171,-8.138,S1O
82,C5,172,-6.185,S1O
82,C5,173,-4.720,S1O
82,C5,174,-4.232,S1O
82,C5,175,-5.208,S1O
82,C5,176,-7.650,S1O
82,C5,177,-10.091,S1O
82,C5,178,-9.115,S1O
82,C5,179,-5.697,S1O
82,C5,180,-1.302,S1O
82,C5,181,2.116,S1O
82,C5,182,2.116,S1O
82,C5,183,-0.326,S1O
82,C5,184,-2.767,S1O
82,C5,185,-2.767,S1O
82,C5,186,-1.790,S1O
82,C5,187,-1.302,S1O
82,C5,188,-2.279,S1O
82,C5,189,-4.720,S1O
82,C5,190,-5.697,S1O
82,C5,191,-4.232,S1O
82,C5,192,-0.814,S1O
82,C5,193,2.116,S1O
82,C5,194,2.604,S1O
82,C5,195,1.139,S1O
82,C5,196,-0.814,S1O
82,C5,197,-0.326,S1O
82,C5,198,1.139,S1O
82,C5,199,2.604,S1O
82,C5,200,1.628,S1O
82,C5,201,-1.302,S1O
82,C5,202,-2.767,S1O
82,C5,203,-1.302,S1O
82,C5,204,2.604,S1O
82,C5,205,7.487,S1O
82,C5,206,8.464,S1O
82,C5,207,6.510,S1O
82,C5,208,2.116,S1O
82,C5,209,-0.814,S1O
82,C5,210,-0.814,S1O
82,C5,211,2.604,S1O
82,C5,212,5.534,S1O
82,C5,213,6.999,S1O
82,C5,214,5.046,S1O
82,C5,215,3.092,S1O
82,C5,216,2.116,S1O
82,C5,217,4.069,S1O
82,C5,218,7.487,S1O
82,C5,219,10.417,S1O
82,C5,220,10.905,S1O
82,C5,221,9.440,S1O
82,C5,222,7.975,S1O
82,C5,223,6.022,S1O
82,C5,224,4.557,S1O
82,C5,225,3.581,S1O
82,C5,226,2.604,S1O
82,C5,227,2.604,S1O
82,C5,228,2.604,S1O
82,C5,229,0.163,S1O
82,C5,230,-3.743,S1O
82,C5,231,-8.626,S1O
82,C5,232,-10.579,S1O
82,C5,233,-9.115,S1O
82,C5,234,-3.743,S1O
82,C5,235,1.139,S1O
82,C5,236,2.116,S1O
82,C5,237,-0.814,S1O
82,C5,238,-4.720,S1O
82,C5,239,-7.161,S1O
82,C5,240,-6.673,S1O
82,C5,241,-4.232,S1O
82,C5,242,-2.767,S1O
82,C5,243,-2.767,S1O
82,C5,244,-3.743,S1O
82,C5,245,-5.208,S1O
82,C5,246,-5.697,S1O
82,C5,247,-6.185,S1O
82,C5,248,-6.673,S1O
82,C5,249,-6.673,S1O
82,C5,250,-5.697,S1O
82,C5,251,-4.232,S1O
82,C5,252,-4.232,S1O
82,C5,253,-6.185,S1O
82,C5,254,-9.115,S1O
82,C5,255,-11.556,S1O
82,F2,0,4.832,S1O
82,F2,1,6.785,S1O
82,F2,2,7.762,S1O
82,F2,3,7.762,S1O
82,F2,4,6.785,S1O
82,F2,5,5.320,S1O
82,F2,6,4.344,S1O
82,F2,7,4.344,S1O
82,F2,8,5.320,S1O
82,F2,9,6.785,S1O
82,F2,10,7.762,S1O
82,F2,11,8.250,S1O
82,F2,12,7.273,S1O
82,F2,13,6.297,S1O
82,F2,14,4.344,S1O
82,F2,15,2.391,S1O
82,F2,16,0.437,S1O
82,F2,17,-0.539,S1O
82,F2,18,-0.539,S1O
82,F2,19,-0.051,S1O
82,F2,20,0.926,S1O
82,F2,21,1.414,S1O
82,F2,22,1.414,S1O
82,F2,23,0.926,S1O
82,F2,24,0.926,S1O
82,F2,25,1.902,S1O
82,F2,26,2.879,S1O
82,F2,27,3.855,S1O
82,F2,28,3.367,S1O
82,F2,29,1.902,S1O
82,F2,30,-0.051,S1O
82,F2,31,-2.004,S1O
82,F2,32,-3.469,S1O
82,F2,33,-3.469,S1O
82,F2,34,-3.469,S1O
82,F2,35,-2.004,S1O
82,F2,36,-1.027,S1O
82,F2,37,-0.051,S1O
82,F2,38,-0.051,S1O
82,F2,39,-0.539,S1O
82,F2,40,-1.516,S1O
82,F2,41,-2.492,S1O
82,F2,42,-2.492,S1O
82,F2,43,-2.004,S1O
82,F2,44,-2.004,S1O
82,F2,45,-2.004,S1O
82,F2,46,-2.004,S1O
82,F2,47,-1.516,S1O
82,F2,48,0.437,S1O
82,F2,49,2.879,S1O
82,F2,50,5.320,S1O
82,F2,51,5.809,S1O
82,F2,52,4.832,S1O
82,F2,53,2.391,S1O
82,F2,54,0.926,S1O
82,F2,55,-0.051,S1O
82,F2,56,-0.539,S1O
82,F2,57,-0.539,S1O
82,F2,58,-1.027,S1O
82,F2,59,-1.027,S1O
82,F2,60,-0.539,S1O
82,F2,61,0.437,S1O
82,F2,62,1.414,S1O
82,F2,63,1.902,S1O
82,F2,64,0.926,S1O
82,F2,65,-1.027,S1O
82,F2,66,-2.492,S1O
82,F2,67,-2.981,S1O
82,F2,68,-3.469,S1O
82,F2,69,-2.981,S1O
82,F2,70,-3.469,S1O
82,F2,71,-4.445,S1O
82,F2,72,-5.422,S1O
82,F2,73,-5.910,S1O
82,F2,74,-6.399,S1O
82,F2,75,-6.887,S1O
82,F2,76,-6.887,S1O
82,F2,77,-6.887,S1O
82,F2,78,-6.399,S1O
82,F2,79,-4.934,S1O
82,F2,80,-3.957,S1O
82,F2,81,-3.469,S1O
82,F2,82,-3.469,S1O
82,F2,83,-3.469,S1O
82,F2,84,-2.981,S1O
82,F2,85,-2.004,S1O
82,F2,86,-1.516,S1O
82,F2,87,-1.516,S1O
82,F2,88,-2.492,S1O
82,F2,89,-4.934,S1O
82,F2,90,-7.863,S1O
82,F2,91,-10.793,S1O
82,F2,92,-13.234,S1O
82,F2,93,-15.676,S1O
82,F2,94,-17.141,S1O
82,F2,95,-18.117,S1O
82,F2,96,-17.629,S1O
82,F2,97,-16.164,S1O
82,F2,98,-15.188,S1O
82,F2,99,-13.723,S1O
82,F2,100,-13.234,S1O
82,F2,101,-12.258,S1O
82,F2,102,-11.281,S1O
82,F2,103,-9.816,S1O
82,F2,104,-8.352,S1O
82,F2,105,-7.375,S1O
82,F2,106,-7.375,S1O
82,F2,107,-7.863,S1O
82,F2,108,-7.863,S1O
82,F2,109,-7.863,S1O
82,F2,110,-7.375,S1O
82,F2,111,-6.887,S1O
82,F2,112,-7.863,S1O
82,F2,113,-8.840,S1O
82,F2,114,-10.305,S1O
82,F2,115,-11.281,S1O
82,F2,116,-12.258,S1O
82,F2,117,-13.234,S1O
82,F2,118,-14.699,S1O
82,F2,119,-16.164,S1O
82,F2,120,-17.141,S1O
82,F2,121,-17.629,S1O
82,F2,122,-17.629,S1O
82,F2,123,-17.141,S1O
82,F2,124,-16.164,S1O
82,F2,125,-14.699,S1O
82,F2,126,-12.746,S1O
82,F2,127,-10.305,S1O
82,F2,128,-8.352,S1O
82,F2,129,-7.863,S1O
82,F2,130,-7.863,S1O
82,F2,131,-7.863,S1O
82,F2,132,-8.352,S1O
82,F2,133,-8.352,S1O
82,F2,134,-8.352,S1O
82,F2,135,-8.840,S1O
82,F2,136,-9.816,S1O
82,F2,137,-10.793,S1O
82,F2,138,-11.281,S1O
82,F2,139,-10.793,S1O
82,F2,140,-10.305,S1O
82,F2,141,-9.816,S1O
82,F2,142,-9.816,S1O
82,F2,143,-10.305,S1O
82,F2,144,-10.305,S1O
82,F2,145,-10.793,S1O
82,F2,146,-10.305,S1O
82,F2,147,-10.305,S1O
82,F2,148,-10.305,S1O
82,F2,149,-10.793,S1O
82,F2,150,-10.793,S1O
82,F2,151,-10.305,S1O
82,F2,152,-9.328,S1O
82,F2,153,-8.840,S1O
82,F2,154,-8.840,S1O
82,F2,155,-10.305,S1O
82,F2,156,-12.258,S1O
82,F2,157,-14.211,S1O
82,F2,158,-14.699,S1O
82,F2,159,-14.211,S1O
82,F2,160,-13.723,S1O
82,F2,161,-12.746,S1O
82,F2,162,-12.258,S1O
82,F2,163,-12.258,S1O
82,F2,164,-11.770,S1O
82,F2,165,-11.281,S1O
82,F2,166,-10.793,S1O
82,F2,167,-10.305,S1O
82,F2,168,-10.305,S1O
82,F2,169,-9.816,S1O
82,F2,170,-9.328,S1O
82,F2,171,-9.816,S1O
82,F2,172,-10.305,S1O
82,F2,173,-11.770,S1O
82,F2,174,-12.746,S1O
82,F2,175,-12.746,S1O
82,F2,176,-11.770,S1O
82,F2,177,-9.816,S1O
82,F2,178,-7.863,S1O
82,F2,179,-7.375,S1O
82,F2,180,-7.375,S1O
82,F2,181,-7.375,S1O
82,F2,182,-6.887,S1O
82,F2,183,-4.934,S1O
82,F2,184,-2.981,S1O
82,F2,185,-2.004,S1O
82,F2,186,-2.981,S1O
82,F2,187,-4.934,S1O
82,F2,188,-6.399,S1O
82,F2,189,-7.375,S1O
82,F2,190,-6.887,S1O
82,F2,191,-5.910,S1O
82,F2,192,-4.445,S1O
82,F2,193,-3.469,S1O
82,F2,194,-2.492,S1O
82,F2,195,-1.027,S1O
82,F2,196,-0.051,S1O
82,F2,197,-0.051,S1O
82,F2,198,-0.539,S1O
82,F2,199,-2.004,S1O
82,F2,200,-2.981,S1O
82,F2,201,-3.957,S1O
82,F2,202,-3.957,S1O
82,F2,203,-3.957,S1O
82,F2,204,-3.957,S1O
82,F2,205,-3.469,S1O
82,F2,206,-2.981,S1O
82,F2,207,-2.492,S1O
82,F2,208,-1.516,S1O
82,F2,209,-1.027,S1O
82,F2,210,-0.539,S1O
82,F2,211,-0.539,S1O
82,F2,212,-0.051,S1O
82,F2,213,-0.051,S1O
82,F2,214,-0.539,S1O
82,F2,215,-1.516,S1O
82,F2,216,-1.516,S1O
82,F2,217,-1.027,S1O
82,F2,218,0.437,S1O
82,F2,219,2.391,S1O
82,F2,220,4.832,S1O
82,F2,221,7.273,S1O
82,F2,222,8.738,S1O
82,F2,223,10.203,S1O
82,F2,224,10.691,S1O
82,F2,225,10.691,S1O
82,F2,226,10.203,S1O
82,F2,227,9.226,S1O
82,F2,228,8.738,S1O
82,F2,229,8.250,S1O
82,F2,230,7.762,S1O
82,F2,231,7.273,S1O
82,F2,232,5.809,S1O
82,F2,233,4.344,S1O
82,F2,234,2.391,S1O
82,F2,235,1.902,S1O
82,F2,236,0.926,S1O
82,F2,237,0.926,S1O
82,F2,238,0.437,S1O
82,F2,239,0.437,S1O
82,F2,240,0.926,S1O
82,F2,241,1.902,S1O
82,F2,242,3.855,S1O
82,F2,243,5.320,S1O
82,F2,244,5.809,S1O
82,F2,245,4.344,S1O
82,F2,246,1.902,S1O
82,F2,247,-0.051,S1O
82,F2,248,-1.516,S1O
82,F2,249,-2.004,S1O
82,F2,250,-2.004,S1O
82,F2,251,-2.492,S1O
82,F2,252,-4.445,S1O
82,F2,253,-4.934,S1O
82,F2,254,-5.422,S1O
82,F2,255,-4.445,S1O
82,F1,0,5.798,S1O
82,F1,1,7.751,S1O
82,F1,2,8.728,S1O
82,F1,3,9.216,S1O
82,F1,4,8.240,S1O
82,F1,5,6.287,S1O
82,F1,6,4.333,S1O
82,F1,7,3.357,S1O
82,F1,8,4.333,S1O
82,F1,9,6.287,S1O
82,F1,10,8.728,S1O
82,F1,11,10.681,S1O
82,F1,12,11.169,S1O
82,F1,13,9.705,S1O
82,F1,14,6.775,S1O
82,F1,15,3.845,S1O
82,F1,16,0.916,S1O
82,F1,17,-0.549,S1O
82,F1,18,-1.038,S1O
82,F1,19,-0.061,S1O
82,F1,20,1.892,S1O
82,F1,21,3.357,S1O
82,F1,22,3.357,S1O
82,F1,23,2.869,S1O
82,F1,24,1.404,S1O
82,F1,25,0.916,S1O
82,F1,26,0.916,S1O
82,F1,27,1.892,S1O
82,F1,28,1.892,S1O
82,F1,29,1.404,S1O
82,F1,30,-0.549,S1O
82,F1,31,-2.502,S1O
82,F1,32,-3.479,S1O
82,F1,33,-2.502,S1O
82,F1,34,-1.038,S1O
82,F1,35,0.427,S1O
82,F1,36,1.404,S1O
82,F1,37,1.404,S1O
82,F1,38,0.427,S1O
82,F1,39,-0.549,S1O
82,F1,40,-0.549,S1O
82,F1,41,-0.549,S1O
82,F1,42,-0.061,S1O
82,F1,43,-0.061,S1O
82,F1,44,-1.038,S1O
82,F1,45,-2.014,S1O
82,F1,46,-2.991,S1O
82,F1,47,-2.502,S1O
82,F1,48,-1.038,S1O
82,F1,49,0.916,S1O
82,F1,50,3.357,S1O
82,F1,51,4.822,S1O
82,F1,52,5.310,S1O
82,F1,53,4.822,S1O
82,F1,54,3.845,S1O
82,F1,55,2.869,S1O
82,F1,56,2.380,S1O
82,F1,57,1.892,S1O
82,F1,58,0.427,S1O
82,F1,59,-0.549,S1O
82,F1,60,-1.526,S1O
82,F1,61,-2.502,S1O
82,F1,62,-2.502,S1O
82,F1,63,-2.014,S1O
82,F1,64,-2.014,S1O
82,F1,65,-2.014,S1O
82,F1,66,-2.014,S1O
82,F1,67,-2.014,S1O
82,F1,68,-1.526,S1O
82,F1,69,-2.014,S1O
82,F1,70,-2.502,S1O
82,F1,71,-3.479,S1O
82,F1,72,-3.967,S1O
82,F1,73,-4.944,S1O
82,F1,74,-5.920,S1O
82,F1,75,-6.897,S1O
82,F1,76,-8.362,S1O
82,F1,77,-8.850,S1O
82,F1,78,-8.850,S1O
82,F1,79,-8.362,S1O
82,F1,80,-7.874,S1O
82,F1,81,-7.385,S1O
82,F1,82,-8.362,S1O
82,F1,83,-8.362,S1O
82,F1,84,-8.362,S1O
82,F1,85,-7.874,S1O
82,F1,86,-7.385,S1O
82,F1,87,-7.385,S1O
82,F1,88,-8.362,S1O
82,F1,89,-10.315,S1O
82,F1,90,-12.756,S1O
82,F1,91,-14.709,S1O
82,F1,92,-16.663,S1O
82,F1,93,-17.639,S1O
82,F1,94,-18.616,S1O
82,F1,95,-18.616,S1O
82,F1,96,-17.639,S1O
82,F1,97,-16.174,S1O
82,F1,98,-14.221,S1O
82,F1,99,-13.245,S1O
82,F1,100,-12.268,S1O
82,F1,101,-10.803,S1O
82,F1,102,-8.362,S1O
82,F1,103,-6.409,S1O
82,F1,104,-3.967,S1O
82,F1,105,-2.991,S1O
82,F1,106,-3.479,S1O
82,F1,107,-4.456,S1O
82,F1,108,-5.432,S1O
82,F1,109,-5.432,S1O
82,F1,110,-5.920,S1O
82,F1,111,-6.409,S1O
82,F1,112,-7.385,S1O
82,F1,113,-9.338,S1O
82,F1,114,-11.780,S1O
82,F1,115,-14.221,S1O
82,F1,116,-16.174,S1O
82,F1,117,-17.639,S1O
82,F1,118,-18.616,S1O
82,F1,119,-19.592,S1O
82,F1,120,-20.081,S1O
82,F1,121,-20.569,S1O
82,F1,122,-21.057,S1O
82,F1,123,-20.569,S1O
82,F1,124,-18.616,S1O
82,F1,125,-15.686,S1O
82,F1,126,-12.268,S1O
82,F1,127,-9.338,S1O
82,F1,128,-8.362,S1O
82,F1,129,-8.850,S1O
82,F1,130,-9.338,S1O
82,F1,131,-9.338,S1O
82,F1,132,-8.850,S1O
82,F1,133,-7.874,S1O
82,F1,134,-7.874,S1O
82,F1,135,-8.362,S1O
82,F1,136,-9.338,S1O
82,F1,137,-9.827,S1O
82,F1,138,-9.827,S1O
82,F1,139,-8.850,S1O
82,F1,140,-7.874,S1O
82,F1,141,-7.385,S1O
82,F1,142,-7.385,S1O
82,F1,143,-7.874,S1O
82,F1,144,-8.362,S1O
82,F1,145,-8.362,S1O
82,F1,146,-7.874,S1O
82,F1,147,-7.874,S1O
82,F1,148,-7.874,S1O
82,F1,149,-8.362,S1O
82,F1,150,-9.338,S1O
82,F1,151,-9.338,S1O
82,F1,152,-9.827,S1O
82,F1,153,-10.315,S1O
82,F1,154,-10.803,S1O
82,F1,155,-11.780,S1O
82,F1,156,-12.268,S1O
82,F1,157,-12.756,S1O
82,F1,158,-12.268,S1O
82,F1,159,-11.292,S1O
82,F1,160,-9.827,S1O
82,F1,161,-9.338,S1O
82,F1,162,-8.362,S1O
82,F1,163,-7.874,S1O
82,F1,164,-7.385,S1O
82,F1,165,-6.897,S1O
82,F1,166,-6.409,S1O
82,F1,167,-5.920,S1O
82,F1,168,-4.944,S1O
82,F1,169,-4.456,S1O
82,F1,170,-3.967,S1O
82,F1,171,-3.479,S1O
82,F1,172,-3.967,S1O
82,F1,173,-4.944,S1O
82,F1,174,-5.432,S1O
82,F1,175,-5.432,S1O
82,F1,176,-4.456,S1O
82,F1,177,-3.479,S1O
82,F1,178,-2.502,S1O
82,F1,179,-2.014,S1O
82,F1,180,-2.502,S1O
82,F1,181,-2.502,S1O
82,F1,182,-2.014,S1O
82,F1,183,-0.549,S1O
82,F1,184,0.427,S1O
82,F1,185,1.404,S1O
82,F1,186,0.427,S1O
82,F1,187,-2.014,S1O
82,F1,188,-4.456,S1O
82,F1,189,-6.409,S1O
82,F1,190,-6.409,S1O
82,F1,191,-4.456,S1O
82,F1,192,-2.502,S1O
82,F1,193,-1.038,S1O
82,F1,194,-0.061,S1O
82,F1,195,0.916,S1O
82,F1,196,1.404,S1O
82,F1,197,1.404,S1O
82,F1,198,1.404,S1O
82,F1,199,0.427,S1O
82,F1,200,-0.549,S1O
82,F1,201,-2.014,S1O
82,F1,202,-2.991,S1O
82,F1,203,-3.479,S1O
82,F1,204,-2.991,S1O
82,F1,205,-2.502,S1O
82,F1,206,-1.038,S1O
82,F1,207,-0.061,S1O
82,F1,208,1.404,S1O
82,F1,209,2.380,S1O
82,F1,210,3.357,S1O
82,F1,211,3.845,S1O
82,F1,212,4.333,S1O
82,F1,213,4.822,S1O
82,F1,214,4.333,S1O
82,F1,215,3.845,S1O
82,F1,216,2.869,S1O
82,F1,217,2.380,S1O
82,F1,218,2.380,S1O
82,F1,219,3.357,S1O
82,F1,220,5.310,S1O
82,F1,221,7.263,S1O
82,F1,222,9.705,S1O
82,F1,223,10.681,S1O
82,F1,224,11.169,S1O
82,F1,225,10.681,S1O
82,F1,226,10.193,S1O
82,F1,227,10.193,S1O
82,F1,228,10.193,S1O
82,F1,229,10.193,S1O
82,F1,230,9.216,S1O
82,F1,231,6.775,S1O
82,F1,232,4.822,S1O
82,F1,233,3.357,S1O
82,F1,234,2.869,S1O
82,F1,235,3.357,S1O
82,F1,236,3.357,S1O
82,F1,237,2.869,S1O
82,F1,238,1.404,S1O
82,F1,239,0.427,S1O
82,F1,240,-0.061,S1O
82,F1,241,1.892,S1O
82,F1,242,3.845,S1O
82,F1,243,6.287,S1O
82,F1,244,6.287,S1O
82,F1,245,5.310,S1O
82,F1,246,3.845,S1O
82,F1,247,2.380,S1O
82,F1,248,1.404,S1O
82,F1,249,0.427,S1O
82,F1,250,-0.549,S1O
82,F1,251,-1.526,S1O
82,F1,252,-2.502,S1O
82,F1,253,-2.014,S1O
82,F1,254,-1.526,S1O
82,F1,255,-0.549,S1O
82,TP8,0,0.407,S1O
82,TP8,1,-0.081,S1O
82,TP8,2,2.848,S1O
82,TP8,3,7.243,S1O
82,TP8,4,8.219,S1O
82,TP8,5,3.337,S1O
82,TP8,6,-3.499,S1O
82,TP8,7,-7.406,S1O
82,TP8,8,-4.476,S1O
82,TP8,9,3.337,S1O
82,TP8,10,9.684,S1O
82,TP8,11,10.661,S1O
82,TP8,12,7.243,S1O
82,TP8,13,3.825,S1O
82,TP8,14,1.872,S1O
82,TP8,15,1.872,S1O
82,TP8,16,1.383,S1O
82,TP8,17,0.895,S1O
82,TP8,18,1.872,S1O
82,TP8,19,6.266,S1O
82,TP8,20,12.126,S1O
82,TP8,21,16.520,S1O
82,TP8,22,15.544,S1O
82,TP8,23,10.173,S1O
82,TP8,24,3.825,S1O
82,TP8,25,-0.081,S1O
82,TP8,26,0.407,S1O
82,TP8,27,3.337,S1O
82,TP8,28,5.778,S1O
82,TP8,29,7.243,S1O
82,TP8,30,7.243,S1O
82,TP8,31,6.266,S1O
82,TP8,32,6.266,S1O
82,TP8,33,5.778,S1O
82,TP8,34,5.290,S1O
82,TP8,35,3.337,S1O
82,TP8,36,0.895,S1O
82,TP8,37,-1.546,S1O
82,TP8,38,-3.499,S1O
82,TP8,39,-3.988,S1O
82,TP8,40,-3.988,S1O
82,TP8,41,-3.011,S1O
82,TP8,42,-2.523,S1O
82,TP8,43,-2.523,S1O
82,TP8,44,-2.523,S1O
82,TP8,45,-3.499,S1O
82,TP8,46,-5.941,S1O
82,TP8,47,-9.847,S1O
82,TP8,48,-13.753,S1O
82,TP8,49,-15.218,S1O
82,TP8,50,-12.288,S1O
82,TP8,51,-5.941,S1O
82,TP8,52,0.895,S1O
82,TP8,53,4.313,S1O
82,TP8,54,2.360,S1O
82,TP8,55,-3.499,S1O
82,TP8,56,-9.359,S1O
82,TP8,57,-12.288,S1O
82,TP8,58,-11.312,S1O
82,TP8,59,-7.894,S1O
82,TP8,60,-4.964,S1O
82,TP8,61,-3.011,S1O
82,TP8,62,-2.035,S1O
82,TP8,63,-0.570,S1O
82,TP8,64,0.407,S1O
82,TP8,65,0.895,S1O
82,TP8,66,1.383,S1O
82,TP8,67,1.872,S1O
82,TP8,68,2.848,S1O
82,TP8,69,4.801,S1O
82,TP8,70,5.778,S1O
82,TP8,71,5.290,S1O
82,TP8,72,3.337,S1O
82,TP8,73,1.383,S1O
82,TP8,74,0.407,S1O
82,TP8,75,0.407,S1O
82,TP8,76,0.407,S1O
82,TP8,77,0.895,S1O
82,TP8,78,2.848,S1O
82,TP8,79,7.731,S1O
82,TP8,80,14.567,S1O
82,TP8,81,20.426,S1O
82,TP8,82,22.380,S1O
82,TP8,83,19.450,S1O
82,TP8,84,14.567,S1O
82,TP8,85,11.637,S1O
82,TP8,86,12.614,S1O
82,TP8,87,15.544,S1O
82,TP8,88,16.032,S1O
82,TP8,89,12.126,S1O
82,TP8,90,6.266,S1O
82,TP8,91,2.360,S1O
82,TP8,92,4.313,S1O
82,TP8,93,10.173,S1O
82,TP8,94,14.079,S1O
82,TP8,95,13.102,S1O
82,TP8,96,7.731,S1O
82,TP8,97,1.383,S1O
82,TP8,98,-1.058,S1O
82,TP8,99,0.895,S1O
82,TP8,100,5.290,S1O
82,TP8,101,7.243,S1O
82,TP8,102,5.778,S1O
82,TP8,103,2.360,S1O
82,TP8,104,0.407,S1O
82,TP8,105,0.407,S1O
82,TP8,106,1.383,S1O
82,TP8,107,1.872,S1O
82,TP8,108,1.383,S1O
82,TP8,109,-0.570,S1O
82,TP8,110,-1.546,S1O
82,TP8,111,-0.570,S1O
82,TP8,112,1.872,S1O
82,TP8,113,4.313,S1O
82,TP8,114,7.243,S1O
82,TP8,115,8.708,S1O
82,TP8,116,9.684,S1O
82,TP8,117,11.149,S1O
82,TP8,118,12.126,S1O
82,TP8,119,10.661,S1O
82,TP8,120,8.219,S1O
82,TP8,121,3.825,S1O
82,TP8,122,0.407,S1O
82,TP8,123,-0.081,S1O
82,TP8,124,2.848,S1O
82,TP8,125,8.219,S1O
82,TP8,126,12.614,S1O
82,TP8,127,14.079,S1O
82,TP8,128,11.637,S1O
82,TP8,129,9.196,S1O
82,TP8,130,7.731,S1O
82,TP8,131,8.708,S1O
82,TP8,132,9.196,S1O
82,TP8,133,8.219,S1O
82,TP8,134,4.313,S1O
82,TP8,135,-0.081,S1O
82,TP8,136,-2.035,S1O
82,TP8,137,-0.570,S1O
82,TP8,138,3.337,S1O
82,TP8,139,4.313,S1O
82,TP8,140,1.383,S1O
82,TP8,141,-4.476,S1O
82,TP8,142,-8.870,S1O
82,TP8,143,-8.870,S1O
82,TP8,144,-5.941,S1O
82,TP8,145,-3.011,S1O
82,TP8,146,-3.499,S1O
82,TP8,147,-6.917,S1O
82,TP8,148,-9.359,S1O
82,TP8,149,-7.406,S1O
82,TP8,150,-2.035,S1O
82,TP8,151,4.313,S1O
82,TP8,152,7.243,S1O
82,TP8,153,5.778,S1O
82,TP8,154,2.360,S1O
82,TP8,155,-0.570,S1O
82,TP8,156,-1.546,S1O
82,TP8,157,-2.523,S1O
82,TP8,158,-4.964,S1O
82,TP8,159,-9.359,S1O
82,TP8,160,-13.265,S1O
82,TP8,161,-13.753,S1O
82,TP8,162,-10.824,S1O
82,TP8,163,-6.917,S1O
82,TP8,164,-5.941,S1O
82,TP8,165,-9.847,S1O
82,TP8,166,-15.218,S1O
82,TP8,167,-19.613,S1O
82,TP8,168,-20.101,S1O
82,TP8,169,-18.148,S1O
82,TP8,170,-15.706,S1O
82,TP8,171,-15.706,S1O
82,TP8,172,-17.171,S1O
82,TP8,173,-18.148,S1O
82,TP8,174,-18.148,S1O
82,TP8,175,-16.195,S1O
82,TP8,176,-14.730,S1O
82,TP8,177,-14.242,S1O
82,TP8,178,-15.706,S1O
82,TP8,179,-15.706,S1O
82,TP8,180,-12.288,S1O
82,TP8,181,-6.917,S1O
82,TP8,182,-1.546,S1O
82,TP8,183,0.895,S1O
82,TP8,184,-1.058,S1O
82,TP8,185,-5.452,S1O
82,TP8,186,-9.359,S1O
82,TP8,187,-10.335,S1O
82,TP8,188,-9.359,S1O
82,TP8,189,-7.406,S1O
82,TP8,190,-6.917,S1O
82,TP8,191,-6.429,S1O
82,TP8,192,-5.452,S1O
82,TP8,193,-3.011,S1O
82,TP8,194,0.407,S1O
82,TP8,195,2.360,S1O
82,TP8,196,1.383,S1O
82,TP8,197,-2.035,S1O
82,TP8,198,-5.941,S1O
82,TP8,199,-8.382,S1O
82,TP8,200,-7.894,S1O
82,TP8,201,-5.941,S1O
82,TP8,202,-3.499,S1O
82,TP8,203,-1.546,S1O
82,TP8,204,-0.081,S1O
82,TP8,205,1.872,S1O
82,TP8,206,3.825,S1O
82,TP8,207,3.337,S1O
82,TP8,208,-0.081,S1O
82,TP8,209,-6.429,S1O
82,TP8,210,-12.288,S1O
82,TP8,211,-14.730,S1O
82,TP8,212,-13.265,S1O
82,TP8,213,-8.870,S1O
82,TP8,214,-5.452,S1O
82,TP8,215,-4.476,S1O
82,TP8,216,-3.988,S1O
82,TP8,217,-3.011,S1O
82,TP8,218,1.383,S1O
82,TP8,219,6.755,S1O
82,TP8,220,9.684,S1O
82,TP8,221,7.243,S1O
82,TP8,222,0.895,S1O
82,TP8,223,-4.964,S1O
82,TP8,224,-6.917,S1O
82,TP8,225,-4.964,S1O
82,TP8,226,-2.523,S1O
82,TP8,227,-3.499,S1O
82,TP8,228,-7.894,S1O
82,TP8,229,-12.288,S1O
82,TP8,230,-12.288,S1O
82,TP8,231,-8.870,S1O
82,TP8,232,-4.476,S1O
82,TP8,233,-3.499,S1O
82,TP8,234,-5.941,S1O
82,TP8,235,-8.870,S1O
82,TP8,236,-8.870,S1O
82,TP8,237,-5.452,S1O
82,TP8,238,-3.011,S1O
82,TP8,239,-3.499,S1O
82,TP8,240,-7.406,S1O
82,TP8,241,-11.800,S1O
82,TP8,242,-14.242,S1O
82,TP8,243,-14.242,S1O
82,TP8,244,-13.753,S1O
82,TP8,245,-13.265,S1O
82,TP8,246,-13.265,S1O
82,TP8,247,-11.800,S1O
82,TP8,248,-7.894,S1O
82,TP8,249,-4.476,S1O
82,TP8,250,-3.011,S1O
82,TP8,251,-4.964,S1O
82,TP8,252,-7.894,S1O
82,TP8,253,-9.359,S1O
82,TP8,254,-7.894,S1O
82,TP8,255,-4.964,S1O
82,TP7,0,3.062,S1O
82,TP7,1,0.132,S1O
82,TP7,2,-0.844,S1O
82,TP7,3,0.621,S1O
82,TP7,4,3.062,S1O
82,TP7,5,4.038,S1O
82,TP7,6,3.062,S1O
82,TP7,7,0.621,S1O
82,TP7,8,-1.333,S1O
82,TP7,9,-0.356,S1O
82,TP7,10,3.062,S1O
82,TP7,11,6.480,S1O
82,TP7,12,6.480,S1O
82,TP7,13,3.062,S1O
82,TP7,14,-2.309,S1O
82,TP7,15,-6.215,S1O
82,TP7,16,-7.192,S1O
82,TP7,17,-5.239,S1O
82,TP7,18,-3.286,S1O
82,TP7,19,-2.797,S1O
82,TP7,20,-3.774,S1O
82,TP7,21,-4.751,S1O
82,TP7,22,-3.774,S1O
82,TP7,23,-0.844,S1O
82,TP7,24,2.574,S1O
82,TP7,25,4.527,S1O
82,TP7,26,5.503,S1O
82,TP7,27,5.015,S1O
82,TP7,28,5.015,S1O
82,TP7,29,4.527,S1O
82,TP7,30,4.038,S1O
82,TP7,31,2.574,S1O
82,TP7,32,2.085,S1O
82,TP7,33,2.574,S1O
82,TP7,34,5.992,S1O
82,TP7,35,9.410,S1O
82,TP7,36,11.851,S1O
82,TP7,37,11.363,S1O
82,TP7,38,6.968,S1O
82,TP7,39,1.109,S1O
82,TP7,40,-3.774,S1O
82,TP7,41,-5.727,S1O
82,TP7,42,-6.215,S1O
82,TP7,43,-6.215,S1O
82,TP7,44,-9.145,S1O
82,TP7,45,-13.540,S1O
82,TP7,46,-18.422,S1O
82,TP7,47,-21.352,S1O
82,TP7,48,-20.864,S1O
82,TP7,49,-18.422,S1O
82,TP7,50,-15.004,S1O
82,TP7,51,-12.563,S1O
82,TP7,52,-11.098,S1O
82,TP7,53,-9.633,S1O
82,TP7,54,-7.680,S1O
82,TP7,55,-5.239,S1O
82,TP7,56,-3.286,S1O
82,TP7,57,-2.309,S1O
82,TP7,58,-1.333,S1O
82,TP7,59,-0.356,S1O
82,TP7,60,0.621,S1O
82,TP7,61,0.621,S1O
82,TP7,62,-0.844,S1O
82,TP7,63,-3.774,S1O
82,TP7,64,-8.169,S1O
82,TP7,65,-11.587,S1O
82,TP7,66,-13.051,S1O
82,TP7,67,-12.563,S1O
82,TP7,68,-11.098,S1O
82,TP7,69,-8.657,S1O
82,TP7,70,-6.215,S1O
82,TP7,71,-2.797,S1O
82,TP7,72,0.621,S1O
82,TP7,73,4.038,S1O
82,TP7,74,6.968,S1O
82,TP7,75,8.921,S1O
82,TP7,76,10.386,S1O
82,TP7,77,9.898,S1O
82,TP7,78,7.456,S1O
82,TP7,79,3.550,S1O
82,TP7,80,-1.821,S1O
82,TP7,81,-5.727,S1O
82,TP7,82,-7.680,S1O
82,TP7,83,-7.680,S1O
82,TP7,84,-7.680,S1O
82,TP7,85,-10.122,S1O
82,TP7,86,-14.516,S1O
82,TP7,87,-18.911,S1O
82,TP7,88,-20.864,S1O
82,TP7,89,-19.887,S1O
82,TP7,90,-16.469,S1O
82,TP7,91,-13.540,S1O
82,TP7,92,-12.075,S1O
82,TP7,93,-12.075,S1O
82,TP7,94,-12.075,S1O
82,TP7,95,-10.610,S1O
82,TP7,96,-8.169,S1O
82,TP7,97,-5.239,S1O
82,TP7,98,-2.797,S1O
82,TP7,99,-1.821,S1O
82,TP7,100,-0.844,S1O
82,TP7,101,-0.844,S1O
82,TP7,102,-1.333,S1O
82,TP7,103,-1.821,S1O
82,TP7,104,-1.821,S1O
82,TP7,105,-1.333,S1O
82,TP7,106,0.132,S1O
82,TP7,107,1.109,S1O
82,TP7,108,1.109,S1O
82,TP7,109,0.132,S1O
82,TP7,110,-0.356,S1O
82,TP7,111,-0.356,S1O
82,TP7,112,0.621,S1O
82,TP7,113,1.597,S1O
82,TP7,114,1.109,S1O
82,TP7,115,-0.844,S1O
82,TP7,116,-3.774,S1O
82,TP7,117,-6.215,S1O
82,TP7,118,-6.215,S1O
82,TP7,119,-4.751,S1O
82,TP7,120,-4.262,S1O
82,TP7,121,-4.751,S1O
82,TP7,122,-7.192,S1O
82,TP7,123,-8.657,S1O
82,TP7,124,-8.169,S1O
82,TP7,125,-6.215,S1O
82,TP7,126,-2.797,S1O
82,TP7,127,-1.333,S1O
82,TP7,128,-2.309,S1O
82,TP7,129,-3.774,S1O
82,TP7,130,-4.751,S1O
82,TP7,131,-2.797,S1O
82,TP7,132,1.109,S1O
82,TP7,133,3.550,S1O
82,TP7,134,3.062,S1O
82,TP7,135,-0.356,S1O
82,TP7,136,-4.751,S1O
82,TP7,137,-6.704,S1O
82,TP7,138,-6.704,S1O
82,TP7,139,-5.727,S1O
82,TP7,140,-4.751,S1O
82,TP7,141,-5.727,S1O
82,TP7,142,-6.704,S1O
82,TP7,143,-7.192,S1O
82,TP7,144,-5.727,S1O
82,TP7,145,-3.774,S1O
82,TP7,146,-3.286,S1O
82,TP7,147,-4.262,S1O
82,TP7,148,-5.239,S1O
82,TP7,149,-4.751,S1O
82,TP7,150,-2.309,S1O
82,TP7,151,0.621,S1O
82,TP7,152,3.062,S1O
82,TP7,153,2.574,S1O
82,TP7,154,0.621,S1O
82,TP7,155,-0.844,S1O
82,TP7,156,-1.821,S1O
82,TP7,157,-1.821,S1O
82,TP7,158,-2.797,S1O
82,TP7,159,-4.751,S1O
82,TP7,160,-6.215,S1O
82,TP7,161,-6.215,S1O
82,TP7,162,-4.751,S1O
82,TP7,163,-2.309,S1O
82,TP7,164,-2.309,S1O
82,TP7,165,-4.262,S1O
82,TP7,166,-7.192,S1O
82,TP7,167,-9.145,S1O
82,TP7,168,-9.633,S1O
82,TP7,169,-9.633,S1O
82,TP7,170,-10.610,S1O
82,TP7,171,-13.051,S1O
82,TP7,172,-15.493,S1O
82,TP7,173,-15.981,S1O
82,TP7,174,-14.516,S1O
82,TP7,175,-10.610,S1O
82,TP7,176,-7.192,S1O
82,TP7,177,-5.727,S1O
82,TP7,178,-6.215,S1O
82,TP7,179,-7.680,S1O
82,TP7,180,-7.680,S1O
82,TP7,181,-6.215,S1O
82,TP7,182,-3.774,S1O
82,TP7,183,-2.309,S1O
82,TP7,184,-2.309,S1O
82,TP7,185,-4.262,S1O
82,TP7,186,-7.680,S1O
82,TP7,187,-11.098,S1O
82,TP7,188,-13.540,S1O
82,TP7,189,-15.004,S1O
82,TP7,190,-14.516,S1O
82,TP7,191,-12.075,S1O
82,TP7,192,-9.145,S1O
82,TP7,193,-6.215,S1O
82,TP7,194,-4.262,S1O
82,TP7,195,-3.286,S1O
82,TP7,196,-3.286,S1O
82,TP7,197,-3.286,S1O
82,TP7,198,-3.774,S1O
82,TP7,199,-3.774,S1O
82,TP7,200,-3.774,S1O
82,TP7,201,-3.774,S1O
82,TP7,202,-3.774,S1O
82,TP7,203,-3.286,S1O
82,TP7,204,-3.286,S1O
82,TP7,205,-2.797,S1O
82,TP7,206,-2.797,S1O
82,TP7,207,-2.309,S1O
82,TP7,208,-2.309,S1O
82,TP7,209,-1.821,S1O
82,TP7,210,-1.821,S1O
82,TP7,211,-1.333,S1O
82,TP7,212,-0.844,S1O
82,TP7,213,-0.356,S1O
82,TP7,214,0.621,S1O
82,TP7,215,1.597,S1O
82,TP7,216,3.062,S1O
82,TP7,217,3.062,S1O
82,TP7,218,3.062,S1O
82,TP7,219,3.062,S1O
82,TP7,220,2.574,S1O
82,TP7,221,2.085,S1O
82,TP7,222,1.597,S1O
82,TP7,223,0.621,S1O
82,TP7,224,-0.356,S1O
82,TP7,225,-1.333,S1O
82,TP7,226,-2.797,S1O
82,TP7,227,-3.774,S1O
82,TP7,228,-4.262,S1O
82,TP7,229,-4.751,S1O
82,TP7,230,-5.727,S1O
82,TP7,231,-8.169,S1O
82,TP7,232,-10.610,S1O
82,TP7,233,-12.563,S1O
82,TP7,234,-13.540,S1O
82,TP7,235,-14.028,S1O
82,TP7,236,-13.051,S1O
82,TP7,237,-11.587,S1O
82,TP7,238,-10.610,S1O
82,TP7,239,-10.122,S1O
82,TP7,240,-10.122,S1O
82,TP7,241,-10.122,S1O
82,TP7,242,-10.122,S1O
82,TP7,243,-10.122,S1O
82,TP7,244,-10.122,S1O
82,TP7,245,-10.122,S1O
82,TP7,246,-9.633,S1O
82,TP7,247,-9.633,S1O
82,TP7,248,-9.633,S1O
82,TP7,249,-9.633,S1O
82,TP7,250,-10.122,S1O
82,TP7,251,-10.610,S1O
82,TP7,252,-11.098,S1O
82,TP7,253,-12.075,S1O
82,TP7,254,-13.540,S1O
82,TP7,255,-15.493,S1O
82,AFZ,0,7.192,S1O
82,AFZ,1,9.633,S1O
82,AFZ,2,11.098,S1O
82,AFZ,3,10.610,S1O
82,AFZ,4,9.145,S1O
82,AFZ,5,6.704,S1O
82,AFZ,6,4.751,S1O
82,AFZ,7,4.751,S1O
82,AFZ,8,5.727,S1O
82,AFZ,9,8.169,S1O
82,AFZ,10,10.610,S1O
82,AFZ,11,11.098,S1O
82,AFZ,12,10.610,S1O
82,AFZ,13,8.169,S1O
82,AFZ,14,5.239,S1O
82,AFZ,15,1.821,S1O
82,AFZ,16,-0.621,S1O
82,AFZ,17,-2.085,S1O
82,AFZ,18,-2.085,S1O
82,AFZ,19,-0.621,S1O
82,AFZ,20,0.844,S1O
82,AFZ,21,2.309,S1O
82,AFZ,22,2.309,S1O
82,AFZ,23,1.821,S1O
82,AFZ,24,1.333,S1O
82,AFZ,25,1.821,S1O
82,AFZ,26,2.797,S1O
82,AFZ,27,3.286,S1O
82,AFZ,28,3.286,S1O
82,AFZ,29,1.821,S1O
82,AFZ,30,-0.621,S1O
82,AFZ,31,-2.085,S1O
82,AFZ,32,-3.062,S1O
82,AFZ,33,-2.574,S1O
82,AFZ,34,-1.109,S1O
82,AFZ,35,0.356,S1O
82,AFZ,36,1.821,S1O
82,AFZ,37,2.309,S1O
82,AFZ,38,1.821,S1O
82,AFZ,39,0.844,S1O
82,AFZ,40,-0.132,S1O
82,AFZ,41,-0.132,S1O
82,AFZ,42,-0.132,S1O
82,AFZ,43,0.356,S1O
82,AFZ,44,-0.132,S1O
82,AFZ,45,-1.109,S1O
82,AFZ,46,-2.085,S1O
82,AFZ,47,-2.085,S1O
82,AFZ,48,0.356,S1O
82,AFZ,49,2.309,S1O
82,AFZ,50,4.751,S1O
82,AFZ,51,6.215,S1O
82,AFZ,52,5.727,S1O
82,AFZ,53,4.262,S1O
82,AFZ,54,2.797,S1O
82,AFZ,55,2.797,S1O
82,AFZ,56,2.797,S1O
82,AFZ,57,3.286,S1O
82,AFZ,58,3.286,S1O
82,AFZ,59,2.309,S1O
82,AFZ,60,1.821,S1O
82,AFZ,61,1.333,S1O
82,AFZ,62,1.333,S1O
82,AFZ,63,0.844,S1O
82,AFZ,64,-0.132,S1O
82,AFZ,65,-1.597,S1O
82,AFZ,66,-2.574,S1O
82,AFZ,67,-3.550,S1O
82,AFZ,68,-4.527,S1O
82,AFZ,69,-4.527,S1O
82,AFZ,70,-5.015,S1O
82,AFZ,71,-5.503,S1O
82,AFZ,72,-6.480,S1O
82,AFZ,73,-6.480,S1O
82,AFZ,74,-7.456,S1O
82,AFZ,75,-7.945,S1O
82,AFZ,76,-7.945,S1O
82,AFZ,77,-7.456,S1O
82,AFZ,78,-6.480,S1O
82,AFZ,79,-5.503,S1O
82,AFZ,80,-4.527,S1O
82,AFZ,81,-4.038,S1O
82,AFZ,82,-4.038,S1O
82,AFZ,83,-5.015,S1O
82,AFZ,84,-5.015,S1O
82,AFZ,85,-4.527,S1O
82,AFZ,86,-4.038,S1O
82,AFZ,87,-4.527,S1O
82,AFZ,88,-6.480,S1O
82,AFZ,89,-8.921,S1O
82,AFZ,90,-12.339,S1O
82,AFZ,91,-15.269,S1O
82,AFZ,92,-18.199,S1O
82,AFZ,93,-20.640,S1O
82,AFZ,94,-22.105,S1O
82,AFZ,95,-23.081,S1O
82,AFZ,96,-22.593,S1O
82,AFZ,97,-21.128,S1O
82,AFZ,98,-19.663,S1O
82,AFZ,99,-18.199,S1O
82,AFZ,100,-17.222,S1O
82,AFZ,101,-16.246,S1O
82,AFZ,102,-14.292,S1O
82,AFZ,103,-12.339,S1O
82,AFZ,104,-9.898,S1O
82,AFZ,105,-8.433,S1O
82,AFZ,106,-8.433,S1O
82,AFZ,107,-8.921,S1O
82,AFZ,108,-9.410,S1O
82,AFZ,109,-9.898,S1O
82,AFZ,110,-9.410,S1O
82,AFZ,111,-9.898,S1O
82,AFZ,112,-10.386,S1O
82,AFZ,113,-11.851,S1O
82,AFZ,114,-13.804,S1O
82,AFZ,115,-15.757,S1O
82,AFZ,116,-17.710,S1O
82,AFZ,117,-19.663,S1O
82,AFZ,118,-21.128,S1O
82,AFZ,119,-22.593,S1O
82,AFZ,120,-23.570,S1O
82,AFZ,121,-24.058,S1O
82,AFZ,122,-24.058,S1O
82,AFZ,123,-23.081,S1O
82,AFZ,124,-21.617,S1O
82,AFZ,125,-18.687,S1O
82,AFZ,126,-16.246,S1O
82,AFZ,127,-13.804,S1O
82,AFZ,128,-12.339,S1O
82,AFZ,129,-11.363,S1O
82,AFZ,130,-10.874,S1O
82,AFZ,131,-10.386,S1O
82,AFZ,132,-9.898,S1O
82,AFZ,133,-9.410,S1O
82,AFZ,134,-8.921,S1O
82,AFZ,135,-9.898,S1O
82,AFZ,136,-10.874,S1O
82,AFZ,137,-11.851,S1O
82,AFZ,138,-11.851,S1O
82,AFZ,139,-11.363,S1O
82,AFZ,140,-10.386,S1O
82,AFZ,141,-9.898,S1O
82,AFZ,142,-9.410,S1O
82,AFZ,143,-9.410,S1O
82,AFZ,144,-9.410,S1O
82,AFZ,145,-9.410,S1O
82,AFZ,146,-9.410,S1O
82,AFZ,147,-9.410,S1O
82,AFZ,148,-9.410,S1O
82,AFZ,149,-9.898,S1O
82,AFZ,150,-9.898,S1O
82,AFZ,151,-9.410,S1O
82,AFZ,152,-8.921,S1O
82,AFZ,153,-8.433,S1O
82,AFZ,154,-8.433,S1O
82,AFZ,155,-9.898,S1O
82,AFZ,156,-11.363,S1O
82,AFZ,157,-12.339,S1O
82,AFZ,158,-12.339,S1O
82,AFZ,159,-11.851,S1O
82,AFZ,160,-10.874,S1O
82,AFZ,161,-10.386,S1O
82,AFZ,162,-9.898,S1O
82,AFZ,163,-9.898,S1O
82,AFZ,164,-9.410,S1O
82,AFZ,165,-8.921,S1O
82,AFZ,166,-7.945,S1O
82,AFZ,167,-7.456,S1O
82,AFZ,168,-6.480,S1O
82,AFZ,169,-5.992,S1O
82,AFZ,170,-5.503,S1O
82,AFZ,171,-5.503,S1O
82,AFZ,172,-6.480,S1O
82,AFZ,173,-7.945,S1O
82,AFZ,174,-8.921,S1O
82,AFZ,175,-8.921,S1O
82,AFZ,176,-7.456,S1O
82,AFZ,177,-5.503,S1O
82,AFZ,178,-3.550,S1O
82,AFZ,179,-2.574,S1O
82,AFZ,180,-2.574,S1O
82,AFZ,181,-2.574,S1O
82,AFZ,182,-2.085,S1O
82,AFZ,183,-0.621,S1O
82,AFZ,184,0.844,S1O
82,AFZ,185,1.333,S1O
82,AFZ,186,-0.132,S1O
82,AFZ,187,-2.574,S1O
82,AFZ,188,-4.527,S1O
82,AFZ,189,-5.992,S1O
82,AFZ,190,-6.480,S1O
82,AFZ,191,-5.503,S1O
82,AFZ,192,-3.550,S1O
82,AFZ,193,-1.597,S1O
82,AFZ,194,0.356,S1O
82,AFZ,195,2.309,S1O
82,AFZ,196,3.286,S1O
82,AFZ,197,3.286,S1O
82,AFZ,198,2.309,S1O
82,AFZ,199,0.844,S1O
82,AFZ,200,-0.621,S1O
82,AFZ,201,-1.109,S1O
82,AFZ,202,-1.597,S1O
82,AFZ,203,-1.597,S1O
82,AFZ,204,-1.597,S1O
82,AFZ,205,-1.109,S1O
82,AFZ,206,-0.621,S1O
82,AFZ,207,0.356,S1O
82,AFZ,208,1.821,S1O
82,AFZ,209,2.797,S1O
82,AFZ,210,4.262,S1O
82,AFZ,211,4.751,S1O
82,AFZ,212,5.727,S1O
82,AFZ,213,6.215,S1O
82,AFZ,214,6.215,S1O
82,AFZ,215,5.239,S1O
82,AFZ,216,4.262,S1O
82,AFZ,217,3.774,S1O
82,AFZ,218,4.262,S1O
82,AFZ,219,5.727,S1O
82,AFZ,220,8.657,S1O
82,AFZ,221,12.075,S1O
82,AFZ,222,15.004,S1O
82,AFZ,223,16.958,S1O
82,AFZ,224,17.446,S1O
82,AFZ,225,16.958,S1O
82,AFZ,226,15.493,S1O
82,AFZ,227,15.004,S1O
82,AFZ,228,14.516,S1O
82,AFZ,229,13.540,S1O
82,AFZ,230,12.075,S1O
82,AFZ,231,10.122,S1O
82,AFZ,232,7.680,S1O
82,AFZ,233,5.239,S1O
82,AFZ,234,3.774,S1O
82,AFZ,235,3.286,S1O
82,AFZ,236,3.286,S1O
82,AFZ,237,3.286,S1O
82,AFZ,238,2.309,S1O
82,AFZ,239,1.333,S1O
82,AFZ,240,1.821,S1O
82,AFZ,241,3.286,S1O
82,AFZ,242,5.727,S1O
82,AFZ,243,7.680,S1O
82,AFZ,244,7.192,S1O
82,AFZ,245,5.727,S1O
82,AFZ,246,3.774,S1O
82,AFZ,247,1.821,S1O
82,AFZ,248,1.333,S1O
82,AFZ,249,1.333,S1O
82,AFZ,250,0.356,S1O
82,AFZ,251,-0.621,S1O
82,AFZ,252,-1.597,S1O
82,AFZ,253,-2.085,S1O
82,AFZ,254,-1.597,S1O
82,AFZ,255,-0.621,S1O
82,CP3,0,-2.126,S1O
82,CP3,1,-3.103,S1O
82,CP3,2,-1.638,S1O
82,CP3,3,0.804,S1O
82,CP3,4,2.757,S1O
82,CP3,5,3.245,S1O
82,CP3,6,1.780,S1O
82,CP3,7,-0.173,S1O
82,CP3,8,-0.661,S1O
82,CP3,9,0.804,S1O
82,CP3,10,2.757,S1O
82,CP3,11,3.733,S1O
82,CP3,12,2.268,S1O
82,CP3,13,-0.173,S1O
82,CP3,14,-1.638,S1O
82,CP3,15,-1.638,S1O
82,CP3,16,-0.173,S1O
82,CP3,17,0.804,S1O
82,CP3,18,0.804,S1O
82,CP3,19,-0.173,S1O
82,CP3,20,-0.661,S1O
82,CP3,21,0.315,S1O
82,CP3,22,1.780,S1O
82,CP3,23,3.245,S1O
82,CP3,24,2.757,S1O
82,CP3,25,2.268,S1O
82,CP3,26,2.757,S1O
82,CP3,27,5.198,S1O
82,CP3,28,7.151,S1O
82,CP3,29,8.128,S1O
82,CP3,30,6.175,S1O
82,CP3,31,4.222,S1O
82,CP3,32,3.733,S1O
82,CP3,33,6.663,S1O
82,CP3,34,10.569,S1O
82,CP3,35,13.499,S1O
82,CP3,36,13.011,S1O
82,CP3,37,10.081,S1O
82,CP3,38,6.175,S1O
82,CP3,39,3.733,S1O
82,CP3,40,2.757,S1O
82,CP3,41,2.268,S1O
82,CP3,42,1.292,S1O
82,CP3,43,-1.638,S1O
82,CP3,44,-5.056,S1O
82,CP3,45,-7.497,S1O
82,CP3,46,-8.962,S1O
82,CP3,47,-9.939,S1O
82,CP3,48,-10.915,S1O
82,CP3,49,-10.915,S1O
82,CP3,50,-10.427,S1O
82,CP3,51,-7.985,S1O
82,CP3,52,-5.056,S1O
82,CP3,53,-2.614,S1O
82,CP3,54,-1.638,S1O
82,CP3,55,-3.103,S1O
82,CP3,56,-4.567,S1O
82,CP3,57,-5.056,S1O
82,CP3,58,-4.079,S1O
82,CP3,59,-2.614,S1O
82,CP3,60,-2.126,S1O
82,CP3,61,-2.614,S1O
82,CP3,62,-3.591,S1O
82,CP3,63,-4.079,S1O
82,CP3,64,-3.591,S1O
82,CP3,65,-3.103,S1O
82,CP3,66,-3.103,S1O
82,CP3,67,-3.591,S1O
82,CP3,68,-4.079,S1O
82,CP3,69,-4.079,S1O
82,CP3,70,-3.591,S1O
82,CP3,71,-2.126,S1O
82,CP3,72,-0.173,S1O
82,CP3,73,0.804,S1O
82,CP3,74,1.780,S1O
82,CP3,75,2.268,S1O
82,CP3,76,1.292,S1O
82,CP3,77,-0.661,S1O
82,CP3,78,-3.591,S1O
82,CP3,79,-6.521,S1O
82,CP3,80,-8.962,S1O
82,CP3,81,-9.450,S1O
82,CP3,82,-9.450,S1O
82,CP3,83,-8.962,S1O
82,CP3,84,-7.985,S1O
82,CP3,85,-7.497,S1O
82,CP3,86,-7.985,S1O
82,CP3,87,-8.474,S1O
82,CP3,88,-9.450,S1O
82,CP3,89,-9.450,S1O
82,CP3,90,-8.474,S1O
82,CP3,91,-6.521,S1O
82,CP3,92,-3.591,S1O
82,CP3,93,-1.638,S1O
82,CP3,94,-0.661,S1O
82,CP3,95,-0.661,S1O
82,CP3,96,-1.638,S1O
82,CP3,97,-1.638,S1O
82,CP3,98,-0.173,S1O
82,CP3,99,1.780,S1O
82,CP3,100,3.733,S1O
82,CP3,101,4.710,S1O
82,CP3,102,4.222,S1O
82,CP3,103,2.757,S1O
82,CP3,104,1.292,S1O
82,CP3,105,0.804,S1O
82,CP3,106,1.292,S1O
82,CP3,107,1.292,S1O
82,CP3,108,1.780,S1O
82,CP3,109,1.780,S1O
82,CP3,110,2.268,S1O
82,CP3,111,2.757,S1O
82,CP3,112,3.245,S1O
82,CP3,113,2.757,S1O
82,CP3,114,1.292,S1O
82,CP3,115,-0.661,S1O
82,CP3,116,-1.638,S1O
82,CP3,117,-2.126,S1O
82,CP3,118,-1.149,S1O
82,CP3,119,-0.661,S1O
82,CP3,120,-1.149,S1O
82,CP3,121,-3.103,S1O
82,CP3,122,-5.056,S1O
82,CP3,123,-6.521,S1O
82,CP3,124,-6.521,S1O
82,CP3,125,-6.032,S1O
82,CP3,126,-5.544,S1O
82,CP3,127,-6.032,S1O
82,CP3,128,-7.009,S1O
82,CP3,129,-7.497,S1O
82,CP3,130,-6.521,S1O
82,CP3,131,-3.103,S1O
82,CP3,132,0.315,S1O
82,CP3,133,2.757,S1O
82,CP3,134,2.757,S1O
82,CP3,135,0.315,S1O
82,CP3,136,-2.126,S1O
82,CP3,137,-3.591,S1O
82,CP3,138,-4.079,S1O
82,CP3,139,-4.079,S1O
82,CP3,140,-5.056,S1O
82,CP3,141,-6.032,S1O
82,CP3,142,-7.009,S1O
82,CP3,143,-6.521,S1O
82,CP3,144,-5.056,S1O
82,CP3,145,-3.591,S1O
82,CP3,146,-3.103,S1O
82,CP3,147,-3.591,S1O
82,CP3,148,-3.591,S1O
82,CP3,149,-2.126,S1O
82,CP3,150,-0.661,S1O
82,CP3,151,-0.173,S1O
82,CP3,152,-0.661,S1O
82,CP3,153,-3.103,S1O
82,CP3,154,-4.079,S1O
82,CP3,155,-3.591,S1O
82,CP3,156,-1.638,S1O
82,CP3,157,-0.173,S1O
82,CP3,158,-0.173,S1O
82,CP3,159,-1.638,S1O
82,CP3,160,-3.591,S1O
82,CP3,161,-4.567,S1O
82,CP3,162,-4.079,S1O
82,CP3,163,-3.103,S1O
82,CP3,164,-2.614,S1O
82,CP3,165,-3.591,S1O
82,CP3,166,-4.567,S1O
82,CP3,167,-5.544,S1O
82,CP3,168,-6.032,S1O
82,CP3,169,-6.521,S1O
82,CP3,170,-6.521,S1O
82,CP3,171,-7.009,S1O
82,CP3,172,-7.009,S1O
82,CP3,173,-6.032,S1O
82,CP3,174,-5.544,S1O
82,CP3,175,-5.056,S1O
82,CP3,176,-5.056,S1O
82,CP3,177,-5.544,S1O
82,CP3,178,-5.056,S1O
82,CP3,179,-4.567,S1O
82,CP3,180,-3.591,S1O
82,CP3,181,-3.591,S1O
82,CP3,182,-3.591,S1O
82,CP3,183,-4.079,S1O
82,CP3,184,-3.591,S1O
82,CP3,185,-3.591,S1O
82,CP3,186,-3.591,S1O
82,CP3,187,-5.056,S1O
82,CP3,188,-6.521,S1O
82,CP3,189,-7.497,S1O
82,CP3,190,-7.009,S1O
82,CP3,191,-5.056,S1O
82,CP3,192,-3.103,S1O
82,CP3,193,-2.126,S1O
82,CP3,194,-2.614,S1O
82,CP3,195,-3.103,S1O
82,CP3,196,-3.103,S1O
82,CP3,197,-1.638,S1O
82,CP3,198,-0.661,S1O
82,CP3,199,-0.173,S1O
82,CP3,200,-1.149,S1O
82,CP3,201,-2.126,S1O
82,CP3,202,-2.614,S1O
82,CP3,203,-1.638,S1O
82,CP3,204,-0.661,S1O
82,CP3,205,0.315,S1O
82,CP3,206,-0.173,S1O
82,CP3,207,-0.661,S1O
82,CP3,208,-1.638,S1O
82,CP3,209,-1.638,S1O
82,CP3,210,-1.149,S1O
82,CP3,211,-0.173,S1O
82,CP3,212,0.315,S1O
82,CP3,213,1.292,S1O
82,CP3,214,1.780,S1O
82,CP3,215,1.780,S1O
82,CP3,216,2.268,S1O
82,CP3,217,2.268,S1O
82,CP3,218,1.780,S1O
82,CP3,219,1.292,S1O
82,CP3,220,1.292,S1O
82,CP3,221,0.804,S1O
82,CP3,222,1.292,S1O
82,CP3,223,0.315,S1O
82,CP3,224,-1.149,S1O
82,CP3,225,-3.591,S1O
82,CP3,226,-5.056,S1O
82,CP3,227,-5.544,S1O
82,CP3,228,-5.056,S1O
82,CP3,229,-5.544,S1O
82,CP3,230,-6.521,S1O
82,CP3,231,-7.985,S1O
82,CP3,232,-8.962,S1O
82,CP3,233,-8.962,S1O
82,CP3,234,-7.985,S1O
82,CP3,235,-6.521,S1O
82,CP3,236,-6.032,S1O
82,CP3,237,-6.521,S1O
82,CP3,238,-7.009,S1O
82,CP3,239,-7.985,S1O
82,CP3,240,-7.985,S1O
82,CP3,241,-7.985,S1O
82,CP3,242,-8.474,S1O
82,CP3,243,-8.474,S1O
82,CP3,244,-8.962,S1O
82,CP3,245,-8.474,S1O
82,CP3,246,-8.474,S1O
82,CP3,247,-7.985,S1O
82,CP3,248,-7.497,S1O
82,CP3,249,-6.521,S1O
82,CP3,250,-6.521,S1O
82,CP3,251,-6.521,S1O
82,CP3,252,-7.497,S1O
82,CP3,253,-8.962,S1O
82,CP3,254,-10.915,S1O
82,CP3,255,-11.403,S1O
82,CP4,0,-2.421,S1O
82,CP4,1,-1.933,S1O
82,CP4,2,-2.421,S1O
82,CP4,3,-3.398,S1O
82,CP4,4,-4.374,S1O
82,CP4,5,-3.886,S1O
82,CP4,6,-2.421,S1O
82,CP4,7,-0.956,S1O
82,CP4,8,-0.468,S1O
82,CP4,9,-1.444,S1O
82,CP4,10,-1.933,S1O
82,CP4,11,-1.444,S1O
82,CP4,12,0.997,S1O
82,CP4,13,3.438,S1O
82,CP4,14,5.880,S1O
82,CP4,15,7.345,S1O
82,CP4,16,8.321,S1O
82,CP4,17,8.809,S1O
82,CP4,18,7.833,S1O
82,CP4,19,5.391,S1O
82,CP4,20,1.485,S1O
82,CP4,21,-1.933,S1O
82,CP4,22,-3.398,S1O
82,CP4,23,-1.444,S1O
82,CP4,24,1.485,S1O
82,CP4,25,3.438,S1O
82,CP4,26,3.927,S1O
82,CP4,27,2.462,S1O
82,CP4,28,1.973,S1O
82,CP4,29,2.950,S1O
82,CP4,30,4.415,S1O
82,CP4,31,4.415,S1O
82,CP4,32,2.462,S1O
82,CP4,33,0.020,S1O
82,CP4,34,-1.933,S1O
82,CP4,35,-1.444,S1O
82,CP4,36,0.509,S1O
82,CP4,37,2.462,S1O
82,CP4,38,3.438,S1O
82,CP4,39,2.462,S1O
82,CP4,40,0.509,S1O
82,CP4,41,-1.933,S1O
82,CP4,42,-3.886,S1O
82,CP4,43,-5.351,S1O
82,CP4,44,-5.839,S1O
82,CP4,45,-6.327,S1O
82,CP4,46,-6.816,S1O
82,CP4,47,-6.816,S1O
82,CP4,48,-6.327,S1O
82,CP4,49,-4.862,S1O
82,CP4,50,-3.398,S1O
82,CP4,51,-1.933,S1O
82,CP4,52,-1.444,S1O
82,CP4,53,-2.909,S1O
82,CP4,54,-5.839,S1O
82,CP4,55,-8.280,S1O
82,CP4,56,-9.257,S1O
82,CP4,57,-9.257,S1O
82,CP4,58,-9.257,S1O
82,CP4,59,-8.280,S1O
82,CP4,60,-7.792,S1O
82,CP4,61,-6.327,S1O
82,CP4,62,-3.886,S1O
82,CP4,63,-0.956,S1O
82,CP4,64,0.997,S1O
82,CP4,65,0.997,S1O
82,CP4,66,-0.956,S1O
82,CP4,67,-2.909,S1O
82,CP4,68,-4.374,S1O
82,CP4,69,-3.886,S1O
82,CP4,70,-2.909,S1O
82,CP4,71,-2.909,S1O
82,CP4,72,-3.398,S1O
82,CP4,73,-3.398,S1O
82,CP4,74,-1.933,S1O
82,CP4,75,0.997,S1O
82,CP4,76,5.391,S1O
82,CP4,77,7.833,S1O
82,CP4,78,8.321,S1O
82,CP4,79,6.856,S1O
82,CP4,80,5.391,S1O
82,CP4,81,4.903,S1O
82,CP4,82,5.391,S1O
82,CP4,83,5.880,S1O
82,CP4,84,5.880,S1O
82,CP4,85,3.927,S1O
82,CP4,86,2.462,S1O
82,CP4,87,2.462,S1O
82,CP4,88,2.950,S1O
82,CP4,89,4.415,S1O
82,CP4,90,5.880,S1O
82,CP4,91,6.856,S1O
82,CP4,92,8.321,S1O
82,CP4,93,10.274,S1O
82,CP4,94,12.227,S1O
82,CP4,95,13.204,S1O
82,CP4,96,12.227,S1O
82,CP4,97,10.274,S1O
82,CP4,98,8.321,S1O
82,CP4,99,6.856,S1O
82,CP4,100,6.368,S1O
82,CP4,101,5.880,S1O
82,CP4,102,3.438,S1O
82,CP4,103,-0.468,S1O
82,CP4,104,-5.351,S1O
82,CP4,105,-8.280,S1O
82,CP4,106,-9.257,S1O
82,CP4,107,-7.304,S1O
82,CP4,108,-4.374,S1O
82,CP4,109,-1.933,S1O
82,CP4,110,-0.956,S1O
82,CP4,111,0.020,S1O
82,CP4,112,1.973,S1O
82,CP4,113,4.903,S1O
82,CP4,114,8.321,S1O
82,CP4,115,10.274,S1O
82,CP4,116,10.274,S1O
82,CP4,117,8.321,S1O
82,CP4,118,5.880,S1O
82,CP4,119,4.415,S1O
82,CP4,120,3.927,S1O
82,CP4,121,3.927,S1O
82,CP4,122,3.438,S1O
82,CP4,123,1.973,S1O
82,CP4,124,0.997,S1O
82,CP4,125,0.997,S1O
82,CP4,126,1.973,S1O
82,CP4,127,2.950,S1O
82,CP4,128,3.438,S1O
82,CP4,129,2.950,S1O
82,CP4,130,2.462,S1O
82,CP4,131,0.997,S1O
82,CP4,132,0.020,S1O
82,CP4,133,-0.468,S1O
82,CP4,134,-0.468,S1O
82,CP4,135,-0.468,S1O
82,CP4,136,-0.468,S1O
82,CP4,137,-0.468,S1O
82,CP4,138,-0.468,S1O
82,CP4,139,-1.933,S1O
82,CP4,140,-2.909,S1O
82,CP4,141,-4.862,S1O
82,CP4,142,-6.327,S1O
82,CP4,143,-7.304,S1O
82,CP4,144,-7.304,S1O
82,CP4,145,-7.304,S1O
82,CP4,146,-6.327,S1O
82,CP4,147,-5.351,S1O
82,CP4,148,-4.374,S1O
82,CP4,149,-3.886,S1O
82,CP4,150,-2.909,S1O
82,CP4,151,-1.444,S1O
82,CP4,152,0.020,S1O
82,CP4,153,0.509,S1O
82,CP4,154,0.509,S1O
82,CP4,155,-0.956,S1O
82,CP4,156,-3.398,S1O
82,CP4,157,-6.327,S1O
82,CP4,158,-8.769,S1O
82,CP4,159,-10.722,S1O
82,CP4,160,-11.210,S1O
82,CP4,161,-10.722,S1O
82,CP4,162,-9.257,S1O
82,CP4,163,-7.792,S1O
82,CP4,164,-7.304,S1O
82,CP4,165,-7.792,S1O
82,CP4,166,-7.792,S1O
82,CP4,167,-9.257,S1O
82,CP4,168,-8.769,S1O
82,CP4,169,-8.280,S1O
82,CP4,170,-8.280,S1O
82,CP4,171,-8.280,S1O
82,CP4,172,-9.257,S1O
82,CP4,173,-10.234,S1O
82,CP4,174,-10.722,S1O
82,CP4,175,-11.210,S1O
82,CP4,176,-10.722,S1O
82,CP4,177,-10.234,S1O
82,CP4,178,-8.280,S1O
82,CP4,179,-6.327,S1O
82,CP4,180,-3.886,S1O
82,CP4,181,-1.933,S1O
82,CP4,182,-1.444,S1O
82,CP4,183,-2.421,S1O
82,CP4,184,-3.398,S1O
82,CP4,185,-4.862,S1O
82,CP4,186,-5.839,S1O
82,CP4,187,-5.351,S1O
82,CP4,188,-4.862,S1O
82,CP4,189,-4.862,S1O
82,CP4,190,-4.374,S1O
82,CP4,191,-3.398,S1O
82,CP4,192,-1.444,S1O
82,CP4,193,-0.468,S1O
82,CP4,194,0.020,S1O
82,CP4,195,-0.956,S1O
82,CP4,196,-1.933,S1O
82,CP4,197,-1.933,S1O
82,CP4,198,-1.444,S1O
82,CP4,199,-0.468,S1O
82,CP4,200,0.020,S1O
82,CP4,201,-0.468,S1O
82,CP4,202,0.020,S1O
82,CP4,203,0.997,S1O
82,CP4,204,3.438,S1O
82,CP4,205,4.903,S1O
82,CP4,206,3.927,S1O
82,CP4,207,0.509,S1O
82,CP4,208,-3.398,S1O
82,CP4,209,-6.327,S1O
82,CP4,210,-5.839,S1O
82,CP4,211,-4.374,S1O
82,CP4,212,-3.398,S1O
82,CP4,213,-3.398,S1O
82,CP4,214,-4.862,S1O
82,CP4,215,-5.351,S1O
82,CP4,216,-2.909,S1O
82,CP4,217,0.509,S1O
82,CP4,218,4.415,S1O
82,CP4,219,5.880,S1O
82,CP4,220,4.903,S1O
82,CP4,221,2.462,S1O
82,CP4,222,0.509,S1O
82,CP4,223,0.020,S1O
82,CP4,224,0.020,S1O
82,CP4,225,-0.956,S1O
82,CP4,226,-3.398,S1O
82,CP4,227,-6.816,S1O
82,CP4,228,-9.257,S1O
82,CP4,229,-9.257,S1O
82,CP4,230,-7.304,S1O
82,CP4,231,-3.886,S1O
82,CP4,232,-2.421,S1O
82,CP4,233,-2.421,S1O
82,CP4,234,-3.398,S1O
82,CP4,235,-3.398,S1O
82,CP4,236,-2.909,S1O
82,CP4,237,-0.956,S1O
82,CP4,238,-0.468,S1O
82,CP4,239,-1.933,S1O
82,CP4,240,-4.862,S1O
82,CP4,241,-9.257,S1O
82,CP4,242,-12.675,S1O
82,CP4,243,-14.140,S1O
82,CP4,244,-13.652,S1O
82,CP4,245,-11.698,S1O
82,CP4,246,-8.769,S1O
82,CP4,247,-6.327,S1O
82,CP4,248,-4.374,S1O
82,CP4,249,-2.909,S1O
82,CP4,250,-2.909,S1O
82,CP4,251,-2.909,S1O
82,CP4,252,-3.398,S1O
82,CP4,253,-3.398,S1O
82,CP4,254,-3.398,S1O
82,CP4,255,-4.862,S1O
82,P5,0,-2.675,S1O
82,P5,1,-4.140,S1O
82,P5,2,-3.652,S1O
82,P5,3,-1.699,S1O
82,P5,4,0.254,S1O
82,P5,5,0.743,S1O
82,P5,6,-0.234,S1O
82,P5,7,-0.234,S1O
82,P5,8,0.254,S1O
82,P5,9,1.719,S1O
82,P5,10,3.672,S1O
82,P5,11,4.161,S1O
82,P5,12,2.207,S1O
82,P5,13,-0.722,S1O
82,P5,14,-3.164,S1O
82,P5,15,-4.140,S1O
82,P5,16,-3.652,S1O
82,P5,17,-2.187,S1O
82,P5,18,-1.211,S1O
82,P5,19,-0.722,S1O
82,P5,20,-0.722,S1O
82,P5,21,0.254,S1O
82,P5,22,1.719,S1O
82,P5,23,3.184,S1O
82,P5,24,3.672,S1O
82,P5,25,3.672,S1O
82,P5,26,4.161,S1O
82,P5,27,5.625,S1O
82,P5,28,6.602,S1O
82,P5,29,6.114,S1O
82,P5,30,4.649,S1O
82,P5,31,2.696,S1O
82,P5,32,1.719,S1O
82,P5,33,3.184,S1O
82,P5,34,7.090,S1O
82,P5,35,10.997,S1O
82,P5,36,12.461,S1O
82,P5,37,10.997,S1O
82,P5,38,7.579,S1O
82,P5,39,3.184,S1O
82,P5,40,0.254,S1O
82,P5,41,-1.211,S1O
82,P5,42,-2.675,S1O
82,P5,43,-4.628,S1O
82,P5,44,-8.046,S1O
82,P5,45,-11.953,S1O
82,P5,46,-15.371,S1O
82,P5,47,-17.324,S1O
82,P5,48,-17.324,S1O
82,P5,49,-15.859,S1O
82,P5,50,-13.906,S1O
82,P5,51,-11.953,S1O
82,P5,52,-9.511,S1O
82,P5,53,-8.046,S1O
82,P5,54,-6.582,S1O
82,P5,55,-6.582,S1O
82,P5,56,-6.582,S1O
82,P5,57,-6.093,S1O
82,P5,58,-5.117,S1O
82,P5,59,-3.164,S1O
82,P5,60,-1.699,S1O
82,P5,61,-1.211,S1O
82,P5,62,-1.699,S1O
82,P5,63,-2.675,S1O
82,P5,64,-3.164,S1O
82,P5,65,-4.140,S1O
82,P5,66,-4.628,S1O
82,P5,67,-6.093,S1O
82,P5,68,-7.070,S1O
82,P5,69,-7.070,S1O
82,P5,70,-6.093,S1O
82,P5,71,-3.652,S1O
82,P5,72,-1.211,S1O
82,P5,73,1.231,S1O
82,P5,74,2.207,S1O
82,P5,75,2.207,S1O
82,P5,76,1.719,S1O
82,P5,77,0.254,S1O
82,P5,78,-3.164,S1O
82,P5,79,-7.070,S1O
82,P5,80,-11.464,S1O
82,P5,81,-14.394,S1O
82,P5,82,-15.371,S1O
82,P5,83,-14.394,S1O
82,P5,84,-12.929,S1O
82,P5,85,-12.929,S1O
82,P5,86,-13.906,S1O
82,P5,87,-14.394,S1O
82,P5,88,-13.906,S1O
82,P5,89,-11.464,S1O
82,P5,90,-8.535,S1O
82,P5,91,-5.117,S1O
82,P5,92,-2.675,S1O
82,P5,93,-0.722,S1O
82,P5,94,0.743,S1O
82,P5,95,1.719,S1O
82,P5,96,2.696,S1O
82,P5,97,3.184,S1O
82,P5,98,3.672,S1O
82,P5,99,4.649,S1O
82,P5,100,4.649,S1O
82,P5,101,3.672,S1O
82,P5,102,2.207,S1O
82,P5,103,0.254,S1O
82,P5,104,-0.722,S1O
82,P5,105,-0.722,S1O
82,P5,106,-0.234,S1O
82,P5,107,0.254,S1O
82,P5,108,-0.234,S1O
82,P5,109,-0.722,S1O
82,P5,110,-0.722,S1O
82,P5,111,-0.234,S1O
82,P5,112,0.743,S1O
82,P5,113,1.231,S1O
82,P5,114,0.743,S1O
82,P5,115,-1.211,S1O
82,P5,116,-2.675,S1O
82,P5,117,-3.164,S1O
82,P5,118,-2.675,S1O
82,P5,119,-1.699,S1O
82,P5,120,-2.187,S1O
82,P5,121,-3.652,S1O
82,P5,122,-6.093,S1O
82,P5,123,-7.558,S1O
82,P5,124,-7.070,S1O
82,P5,125,-6.582,S1O
82,P5,126,-5.605,S1O
82,P5,127,-6.093,S1O
82,P5,128,-6.582,S1O
82,P5,129,-6.582,S1O
82,P5,130,-4.628,S1O
82,P5,131,-1.699,S1O
82,P5,132,1.231,S1O
82,P5,133,2.696,S1O
82,P5,134,2.207,S1O
82,P5,135,0.254,S1O
82,P5,136,-1.699,S1O
82,P5,137,-3.652,S1O
82,P5,138,-4.628,S1O
82,P5,139,-5.605,S1O
82,P5,140,-6.582,S1O
82,P5,141,-7.558,S1O
82,P5,142,-8.535,S1O
82,P5,143,-8.535,S1O
82,P5,144,-7.558,S1O
82,P5,145,-6.093,S1O
82,P5,146,-5.117,S1O
82,P5,147,-4.628,S1O
82,P5,148,-4.628,S1O
82,P5,149,-3.164,S1O
82,P5,150,-1.699,S1O
82,P5,151,0.254,S1O
82,P5,152,0.743,S1O
82,P5,153,0.254,S1O
82,P5,154,-0.234,S1O
82,P5,155,-0.234,S1O
82,P5,156,-0.234,S1O
82,P5,157,-0.722,S1O
82,P5,158,-1.699,S1O
82,P5,159,-3.652,S1O
82,P5,160,-5.117,S1O
82,P5,161,-5.117,S1O
82,P5,162,-3.652,S1O
82,P5,163,-3.164,S1O
82,P5,164,-3.164,S1O
82,P5,165,-4.628,S1O
82,P5,166,-6.582,S1O
82,P5,167,-8.046,S1O
82,P5,168,-9.511,S1O
82,P5,169,-10.488,S1O
82,P5,170,-11.464,S1O
82,P5,171,-12.929,S1O
82,P5,172,-12.929,S1O
82,P5,173,-12.441,S1O
82,P5,174,-10.488,S1O
82,P5,175,-8.535,S1O
82,P5,176,-7.558,S1O
82,P5,177,-7.070,S1O
82,P5,178,-7.558,S1O
82,P5,179,-7.558,S1O
82,P5,180,-7.558,S1O
82,P5,181,-6.582,S1O
82,P5,182,-5.605,S1O
82,P5,183,-5.117,S1O
82,P5,184,-6.093,S1O
82,P5,185,-7.558,S1O
82,P5,186,-10.000,S1O
82,P5,187,-11.953,S1O
82,P5,188,-13.906,S1O
82,P5,189,-13.906,S1O
82,P5,190,-12.441,S1O
82,P5,191,-10.000,S1O
82,P5,192,-7.558,S1O
82,P5,193,-6.093,S1O
82,P5,194,-5.605,S1O
82,P5,195,-5.605,S1O
82,P5,196,-5.117,S1O
82,P5,197,-4.628,S1O
82,P5,198,-4.140,S1O
82,P5,199,-4.140,S1O
82,P5,200,-4.628,S1O
82,P5,201,-5.117,S1O
82,P5,202,-4.628,S1O
82,P5,203,-3.652,S1O
82,P5,204,-2.675,S1O
82,P5,205,-2.187,S1O
82,P5,206,-3.164,S1O
82,P5,207,-4.628,S1O
82,P5,208,-5.605,S1O
82,P5,209,-6.093,S1O
82,P5,210,-5.117,S1O
82,P5,211,-4.140,S1O
82,P5,212,-3.164,S1O
82,P5,213,-2.675,S1O
82,P5,214,-2.187,S1O
82,P5,215,-1.699,S1O
82,P5,216,-0.722,S1O
82,P5,217,-0.234,S1O
82,P5,218,0.254,S1O
82,P5,219,0.254,S1O
82,P5,220,-0.722,S1O
82,P5,221,-1.211,S1O
82,P5,222,-1.699,S1O
82,P5,223,-2.675,S1O
82,P5,224,-3.652,S1O
82,P5,225,-5.117,S1O
82,P5,226,-7.070,S1O
82,P5,227,-8.046,S1O
82,P5,228,-8.535,S1O
82,P5,229,-9.023,S1O
82,P5,230,-9.511,S1O
82,P5,231,-10.976,S1O
82,P5,232,-12.441,S1O
82,P5,233,-13.418,S1O
82,P5,234,-12.929,S1O
82,P5,235,-11.953,S1O
82,P5,236,-10.976,S1O
82,P5,237,-10.000,S1O
82,P5,238,-10.488,S1O
82,P5,239,-11.464,S1O
82,P5,240,-12.441,S1O
82,P5,241,-13.418,S1O
82,P5,242,-14.394,S1O
82,P5,243,-14.882,S1O
82,P5,244,-15.371,S1O
82,P5,245,-14.882,S1O
82,P5,246,-13.418,S1O
82,P5,247,-11.953,S1O
82,P5,248,-10.488,S1O
82,P5,249,-9.023,S1O
82,P5,250,-8.535,S1O
82,P5,251,-8.535,S1O
82,P5,252,-9.511,S1O
82,P5,253,-11.464,S1O
82,P5,254,-12.929,S1O
82,P5,255,-14.882,S1O
82,P6,0,-2.035,S1O
82,P6,1,-2.523,S1O
82,P6,2,-3.499,S1O
82,P6,3,-5.452,S1O
82,P6,4,-7.406,S1O
82,P6,5,-7.406,S1O
82,P6,6,-5.941,S1O
82,P6,7,-3.988,S1O
82,P6,8,-2.523,S1O
82,P6,9,-3.011,S1O
82,P6,10,-3.011,S1O
82,P6,11,-2.035,S1O
82,P6,12,0.407,S1O
82,P6,13,2.848,S1O
82,P6,14,5.290,S1O
82,P6,15,6.266,S1O
82,P6,16,7.731,S1O
82,P6,17,8.708,S1O
82,P6,18,9.196,S1O
82,P6,19,8.219,S1O
82,P6,20,4.801,S1O
82,P6,21,1.872,S1O
82,P6,22,0.895,S1O
82,P6,23,2.360,S1O
82,P6,24,4.801,S1O
82,P6,25,5.290,S1O
82,P6,26,4.801,S1O
82,P6,27,3.825,S1O
82,P6,28,4.801,S1O
82,P6,29,6.755,S1O
82,P6,30,8.708,S1O
82,P6,31,7.243,S1O
82,P6,32,3.825,S1O
82,P6,33,0.407,S1O
82,P6,34,-1.546,S1O
82,P6,35,-1.058,S1O
82,P6,36,0.407,S1O
82,P6,37,1.383,S1O
82,P6,38,0.895,S1O
82,P6,39,-0.081,S1O
82,P6,40,-1.546,S1O
82,P6,41,-3.499,S1O
82,P6,42,-4.964,S1O
82,P6,43,-6.917,S1O
82,P6,44,-8.382,S1O
82,P6,45,-9.359,S1O
82,P6,46,-10.824,S1O
82,P6,47,-12.777,S1O
82,P6,48,-13.265,S1O
82,P6,49,-12.288,S1O
82,P6,50,-9.359,S1O
82,P6,51,-5.452,S1O
82,P6,52,-3.011,S1O
82,P6,53,-3.499,S1O
82,P6,54,-6.917,S1O
82,P6,55,-9.359,S1O
82,P6,56,-9.847,S1O
82,P6,57,-8.382,S1O
82,P6,58,-6.429,S1O
82,P6,59,-5.452,S1O
82,P6,60,-5.452,S1O
82,P6,61,-4.964,S1O
82,P6,62,-2.523,S1O
82,P6,63,1.872,S1O
82,P6,64,3.825,S1O
82,P6,65,2.848,S1O
82,P6,66,-1.546,S1O
82,P6,67,-5.941,S1O
82,P6,68,-6.917,S1O
82,P6,69,-4.964,S1O
82,P6,70,-1.546,S1O
82,P6,71,0.407,S1O
82,P6,72,-0.081,S1O
82,P6,73,-1.546,S1O
82,P6,74,-0.081,S1O
82,P6,75,3.337,S1O
82,P6,76,7.731,S1O
82,P6,77,10.173,S1O
82,P6,78,9.196,S1O
82,P6,79,6.755,S1O
82,P6,80,3.825,S1O
82,P6,81,3.825,S1O
82,P6,82,4.801,S1O
82,P6,83,5.778,S1O
82,P6,84,5.290,S1O
82,P6,85,3.337,S1O
82,P6,86,1.383,S1O
82,P6,87,0.895,S1O
82,P6,88,1.383,S1O
82,P6,89,2.360,S1O
82,P6,90,3.825,S1O
82,P6,91,4.801,S1O
82,P6,92,6.755,S1O
82,P6,93,9.684,S1O
82,P6,94,13.102,S1O
82,P6,95,14.567,S1O
82,P6,96,14.079,S1O
82,P6,97,12.126,S1O
82,P6,98,9.684,S1O
82,P6,99,8.708,S1O
82,P6,100,8.219,S1O
82,P6,101,7.243,S1O
82,P6,102,4.801,S1O
82,P6,103,-0.081,S1O
82,P6,104,-5.452,S1O
82,P6,105,-9.847,S1O
82,P6,106,-10.824,S1O
82,P6,107,-8.870,S1O
82,P6,108,-6.429,S1O
82,P6,109,-3.499,S1O
82,P6,110,-2.523,S1O
82,P6,111,-1.546,S1O
82,P6,112,0.407,S1O
82,P6,113,3.825,S1O
82,P6,114,8.219,S1O
82,P6,115,11.149,S1O
82,P6,116,11.149,S1O
82,P6,117,8.708,S1O
82,P6,118,5.778,S1O
82,P6,119,2.848,S1O
82,P6,120,1.872,S1O
82,P6,121,1.872,S1O
82,P6,122,1.872,S1O
82,P6,123,1.872,S1O
82,P6,124,2.360,S1O
82,P6,125,2.848,S1O
82,P6,126,4.313,S1O
82,P6,127,5.778,S1O
82,P6,128,6.266,S1O
82,P6,129,5.778,S1O
82,P6,130,4.801,S1O
82,P6,131,3.825,S1O
82,P6,132,3.337,S1O
82,P6,133,2.360,S1O
82,P6,134,1.872,S1O
82,P6,135,0.895,S1O
82,P6,136,0.895,S1O
82,P6,137,-0.081,S1O
82,P6,138,-0.570,S1O
82,P6,139,-2.035,S1O
82,P6,140,-3.988,S1O
82,P6,141,-5.452,S1O
82,P6,142,-7.406,S1O
82,P6,143,-8.870,S1O
82,P6,144,-9.359,S1O
82,P6,145,-9.359,S1O
82,P6,146,-8.870,S1O
82,P6,147,-8.382,S1O
82,P6,148,-6.917,S1O
82,P6,149,-5.941,S1O
82,P6,150,-3.988,S1O
82,P6,151,-1.546,S1O
82,P6,152,0.895,S1O
82,P6,153,2.360,S1O
82,P6,154,2.848,S1O
82,P6,155,1.383,S1O
82,P6,156,-1.546,S1O
82,P6,157,-4.964,S1O
82,P6,158,-8.382,S1O
82,P6,159,-11.312,S1O
82,P6,160,-12.777,S1O
82,P6,161,-11.800,S1O
82,P6,162,-9.359,S1O
82,P6,163,-7.894,S1O
82,P6,164,-7.894,S1O
82,P6,165,-9.847,S1O
82,P6,166,-12.288,S1O
82,P6,167,-13.753,S1O
82,P6,168,-13.753,S1O
82,P6,169,-12.777,S1O
82,P6,170,-12.777,S1O
82,P6,171,-14.242,S1O
82,P6,172,-15.706,S1O
82,P6,173,-16.683,S1O
82,P6,174,-16.195,S1O
82,P6,175,-15.218,S1O
82,P6,176,-14.242,S1O
82,P6,177,-13.753,S1O
82,P6,178,-12.777,S1O
82,P6,179,-10.335,S1O
82,P6,180,-6.917,S1O
82,P6,181,-3.499,S1O
82,P6,182,-2.523,S1O
82,P6,183,-4.476,S1O
82,P6,184,-7.894,S1O
82,P6,185,-10.824,S1O
82,P6,186,-11.800,S1O
82,P6,187,-11.312,S1O
82,P6,188,-10.335,S1O
82,P6,189,-10.335,S1O
82,P6,190,-10.335,S1O
82,P6,191,-8.870,S1O
82,P6,192,-6.429,S1O
82,P6,193,-4.476,S1O
82,P6,194,-4.476,S1O
82,P6,195,-5.941,S1O
82,P6,196,-7.894,S1O
82,P6,197,-8.870,S1O
82,P6,198,-7.894,S1O
82,P6,199,-6.429,S1O
82,P6,200,-6.429,S1O
82,P6,201,-6.429,S1O
82,P6,202,-5.941,S1O
82,P6,203,-3.499,S1O
82,P6,204,-0.081,S1O
82,P6,205,1.383,S1O
82,P6,206,-1.058,S1O
82,P6,207,-5.941,S1O
82,P6,208,-11.312,S1O
82,P6,209,-14.730,S1O
82,P6,210,-14.730,S1O
82,P6,211,-12.777,S1O
82,P6,212,-10.824,S1O
82,P6,213,-10.824,S1O
82,P6,214,-10.824,S1O
82,P6,215,-9.359,S1O
82,P6,216,-5.941,S1O
82,P6,217,-1.058,S1O
82,P6,218,2.848,S1O
82,P6,219,4.313,S1O
82,P6,220,2.360,S1O
82,P6,221,-0.570,S1O
82,P6,222,-3.011,S1O
82,P6,223,-3.988,S1O
82,P6,224,-4.476,S1O
82,P6,225,-4.964,S1O
82,P6,226,-7.894,S1O
82,P6,227,-11.800,S1O
82,P6,228,-14.730,S1O
82,P6,229,-15.218,S1O
82,P6,230,-13.265,S1O
82,P6,231,-10.335,S1O
82,P6,232,-8.382,S1O
82,P6,233,-7.894,S1O
82,P6,234,-8.382,S1O
82,P6,235,-7.894,S1O
82,P6,236,-6.429,S1O
82,P6,237,-4.476,S1O
82,P6,238,-3.988,S1O
82,P6,239,-5.941,S1O
82,P6,240,-10.335,S1O
82,P6,241,-15.706,S1O
82,P6,242,-20.589,S1O
82,P6,243,-23.519,S1O
82,P6,244,-24.007,S1O
82,P6,245,-21.566,S1O
82,P6,246,-17.171,S1O
82,P6,247,-12.288,S1O
82,P6,248,-8.382,S1O
82,P6,249,-7.406,S1O
82,P6,250,-7.894,S1O
82,P6,251,-8.870,S1O
82,P6,252,-9.359,S1O
82,P6,253,-7.894,S1O
82,P6,254,-7.406,S1O
82,P6,255,-7.894,S1O
82,C1,0,-0.539,S1O
82,C1,1,-0.539,S1O
82,C1,2,-0.051,S1O
82,C1,3,1.414,S1O
82,C1,4,2.391,S1O
82,C1,5,2.391,S1O
82,C1,6,1.902,S1O
82,C1,7,1.414,S1O
82,C1,8,0.437,S1O
82,C1,9,0.437,S1O
82,C1,10,1.902,S1O
82,C1,11,2.391,S1O
82,C1,12,2.879,S1O
82,C1,13,2.391,S1O
82,C1,14,1.414,S1O
82,C1,15,-0.051,S1O
82,C1,16,-0.539,S1O
82,C1,17,-1.027,S1O
82,C1,18,-1.027,S1O
82,C1,19,-1.516,S1O
82,C1,20,-1.516,S1O
82,C1,21,-1.027,S1O
82,C1,22,-0.539,S1O
82,C1,23,-0.539,S1O
82,C1,24,-0.539,S1O
82,C1,25,-1.027,S1O
82,C1,26,-0.539,S1O
82,C1,27,0.437,S1O
82,C1,28,1.414,S1O
82,C1,29,1.902,S1O
82,C1,30,1.902,S1O
82,C1,31,0.926,S1O
82,C1,32,0.926,S1O
82,C1,33,1.902,S1O
82,C1,34,3.367,S1O
82,C1,35,4.832,S1O
82,C1,36,5.320,S1O
82,C1,37,3.855,S1O
82,C1,38,2.391,S1O
82,C1,39,0.926,S1O
82,C1,40,0.926,S1O
82,C1,41,1.414,S1O
82,C1,42,1.902,S1O
82,C1,43,0.437,S1O
82,C1,44,-1.027,S1O
82,C1,45,-2.492,S1O
82,C1,46,-3.469,S1O
82,C1,47,-3.469,S1O
82,C1,48,-3.469,S1O
82,C1,49,-3.469,S1O
82,C1,50,-2.981,S1O
82,C1,51,-2.492,S1O
82,C1,52,-1.027,S1O
82,C1,53,0.437,S1O
82,C1,54,1.414,S1O
82,C1,55,0.926,S1O
82,C1,56,-0.051,S1O
82,C1,57,-1.027,S1O
82,C1,58,-2.004,S1O
82,C1,59,-2.004,S1O
82,C1,60,-1.516,S1O
82,C1,61,-1.516,S1O
82,C1,62,-2.004,S1O
82,C1,63,-2.492,S1O
82,C1,64,-2.004,S1O
82,C1,65,-2.004,S1O
82,C1,66,-1.027,S1O
82,C1,67,-0.539,S1O
82,C1,68,-1.027,S1O
82,C1,69,-1.027,S1O
82,C1,70,-1.516,S1O
82,C1,71,-1.027,S1O
82,C1,72,-0.051,S1O
82,C1,73,0.437,S1O
82,C1,74,0.437,S1O
82,C1,75,0.437,S1O
82,C1,76,-0.539,S1O
82,C1,77,-2.004,S1O
82,C1,78,-2.492,S1O
82,C1,79,-2.981,S1O
82,C1,80,-2.981,S1O
82,C1,81,-3.469,S1O
82,C1,82,-3.469,S1O
82,C1,83,-3.469,S1O
82,C1,84,-2.981,S1O
82,C1,85,-2.492,S1O
82,C1,86,-2.004,S1O
82,C1,87,-2.004,S1O
82,C1,88,-2.981,S1O
82,C1,89,-3.957,S1O
82,C1,90,-3.957,S1O
82,C1,91,-3.957,S1O
82,C1,92,-2.981,S1O
82,C1,93,-2.492,S1O
82,C1,94,-1.516,S1O
82,C1,95,-2.004,S1O
82,C1,96,-2.004,S1O
82,C1,97,-2.004,S1O
82,C1,98,-1.516,S1O
82,C1,99,-1.027,S1O
82,C1,100,-0.539,S1O
82,C1,101,0.437,S1O
82,C1,102,0.926,S1O
82,C1,103,1.414,S1O
82,C1,104,1.414,S1O
82,C1,105,1.414,S1O
82,C1,106,1.414,S1O
82,C1,107,1.414,S1O
82,C1,108,1.414,S1O
82,C1,109,0.926,S1O
82,C1,110,0.437,S1O
82,C1,111,0.926,S1O
82,C1,112,0.926,S1O
82,C1,113,0.437,S1O
82,C1,114,-0.051,S1O
82,C1,115,-0.539,S1O
82,C1,116,-1.516,S1O
82,C1,117,-2.004,S1O
82,C1,118,-1.516,S1O
82,C1,119,-1.516,S1O
82,C1,120,-1.516,S1O
82,C1,121,-2.004,S1O
82,C1,122,-2.981,S1O
82,C1,123,-3.957,S1O
82,C1,124,-3.957,S1O
82,C1,125,-3.469,S1O
82,C1,126,-2.981,S1O
82,C1,127,-2.981,S1O
82,C1,128,-3.469,S1O
82,C1,129,-4.445,S1O
82,C1,130,-4.934,S1O
82,C1,131,-3.957,S1O
82,C1,132,-2.492,S1O
82,C1,133,-0.539,S1O
82,C1,134,0.437,S1O
82,C1,135,-0.051,S1O
82,C1,136,-1.516,S1O
82,C1,137,-2.492,S1O
82,C1,138,-2.981,S1O
82,C1,139,-2.981,S1O
82,C1,140,-2.492,S1O
82,C1,141,-2.492,S1O
82,C1,142,-2.492,S1O
82,C1,143,-2.981,S1O
82,C1,144,-2.981,S1O
82,C1,145,-2.492,S1O
82,C1,146,-2.004,S1O
82,C1,147,-2.004,S1O
82,C1,148,-1.516,S1O
82,C1,149,-1.516,S1O
82,C1,150,-1.027,S1O
82,C1,151,-1.027,S1O
82,C1,152,-1.027,S1O
82,C1,153,-2.004,S1O
82,C1,154,-2.004,S1O
82,C1,155,-2.492,S1O
82,C1,156,-1.516,S1O
82,C1,157,-0.539,S1O
82,C1,158,0.437,S1O
82,C1,159,0.437,S1O
82,C1,160,-0.051,S1O
82,C1,161,-1.027,S1O
82,C1,162,-1.027,S1O
82,C1,163,-1.027,S1O
82,C1,164,-0.539,S1O
82,C1,165,-0.539,S1O
82,C1,166,-1.027,S1O
82,C1,167,-1.516,S1O
82,C1,168,-2.004,S1O
82,C1,169,-2.004,S1O
82,C1,170,-1.516,S1O
82,C1,171,-1.516,S1O
82,C1,172,-1.027,S1O
82,C1,173,-1.027,S1O
82,C1,174,-1.027,S1O
82,C1,175,-1.027,S1O
82,C1,176,-1.027,S1O
82,C1,177,-1.516,S1O
82,C1,178,-2.004,S1O
82,C1,179,-2.004,S1O
82,C1,180,-2.004,S1O
82,C1,181,-1.516,S1O
82,C1,182,-1.516,S1O
82,C1,183,-1.516,S1O
82,C1,184,-1.516,S1O
82,C1,185,-1.027,S1O
82,C1,186,-0.539,S1O
82,C1,187,-1.027,S1O
82,C1,188,-1.027,S1O
82,C1,189,-2.004,S1O
82,C1,190,-2.004,S1O
82,C1,191,-1.516,S1O
82,C1,192,-0.539,S1O
82,C1,193,0.437,S1O
82,C1,194,0.437,S1O
82,C1,195,-0.539,S1O
82,C1,196,-1.027,S1O
82,C1,197,-1.027,S1O
82,C1,198,-0.539,S1O
82,C1,199,0.437,S1O
82,C1,200,0.926,S1O
82,C1,201,0.437,S1O
82,C1,202,-0.051,S1O
82,C1,203,-0.539,S1O
82,C1,204,-0.051,S1O
82,C1,205,0.437,S1O
82,C1,206,0.437,S1O
82,C1,207,0.437,S1O
82,C1,208,0.926,S1O
82,C1,209,0.926,S1O
82,C1,210,0.926,S1O
82,C1,211,1.414,S1O
82,C1,212,1.902,S1O
82,C1,213,1.902,S1O
82,C1,214,1.902,S1O
82,C1,215,1.414,S1O
82,C1,216,1.902,S1O
82,C1,217,1.414,S1O
82,C1,218,1.414,S1O
82,C1,219,0.926,S1O
82,C1,220,0.926,S1O
82,C1,221,0.926,S1O
82,C1,222,1.414,S1O
82,C1,223,1.414,S1O
82,C1,224,0.437,S1O
82,C1,225,-0.051,S1O
82,C1,226,-0.539,S1O
82,C1,227,-0.051,S1O
82,C1,228,0.437,S1O
82,C1,229,0.437,S1O
82,C1,230,-0.051,S1O
82,C1,231,-1.027,S1O
82,C1,232,-2.004,S1O
82,C1,233,-2.004,S1O
82,C1,234,-1.516,S1O
82,C1,235,-0.539,S1O
82,C1,236,-0.051,S1O
82,C1,237,-0.539,S1O
82,C1,238,-1.516,S1O
82,C1,239,-2.004,S1O
82,C1,240,-2.492,S1O
82,C1,241,-1.516,S1O
82,C1,242,-1.027,S1O
82,C1,243,-0.539,S1O
82,C1,244,-0.051,S1O
82,C1,245,-0.539,S1O
82,C1,246,-0.539,S1O
82,C1,247,-1.027,S1O
82,C1,248,-1.027,S1O
82,C1,249,-2.004,S1O
82,C1,250,-2.492,S1O
82,C1,251,-2.004,S1O
82,C1,252,-2.004,S1O
82,C1,253,-2.004,S1O
82,C1,254,-2.004,S1O
82,C1,255,-2.004,S1O
82,C2,0,0.020,S1O
82,C2,1,0.020,S1O
82,C2,2,0.509,S1O
82,C2,3,0.509,S1O
82,C2,4,0.509,S1O
82,C2,5,0.509,S1O
82,C2,6,0.509,S1O
82,C2,7,0.509,S1O
82,C2,8,0.997,S1O
82,C2,9,0.997,S1O
82,C2,10,0.997,S1O
82,C2,11,0.997,S1O
82,C2,12,0.997,S1O
82,C2,13,1.485,S1O
82,C2,14,1.973,S1O
82,C2,15,2.462,S1O
82,C2,16,2.462,S1O
82,C2,17,1.973,S1O
82,C2,18,1.485,S1O
82,C2,19,0.509,S1O
82,C2,20,0.020,S1O
82,C2,21,-0.956,S1O
82,C2,22,-1.444,S1O
82,C2,23,-0.956,S1O
82,C2,24,-0.468,S1O
82,C2,25,0.020,S1O
82,C2,26,0.997,S1O
82,C2,27,0.509,S1O
82,C2,28,0.020,S1O
82,C2,29,-0.468,S1O
82,C2,30,-0.468,S1O
82,C2,31,-0.956,S1O
82,C2,32,-0.956,S1O
82,C2,33,-1.933,S1O
82,C2,34,-2.421,S1O
82,C2,35,-2.909,S1O
82,C2,36,-1.933,S1O
82,C2,37,-0.956,S1O
82,C2,38,-0.468,S1O
82,C2,39,-0.468,S1O
82,C2,40,-0.956,S1O
82,C2,41,-1.933,S1O
82,C2,42,-2.909,S1O
82,C2,43,-3.398,S1O
82,C2,44,-2.909,S1O
82,C2,45,-2.909,S1O
82,C2,46,-2.421,S1O
82,C2,47,-1.933,S1O
82,C2,48,-0.956,S1O
82,C2,49,0.020,S1O
82,C2,50,0.509,S1O
82,C2,51,0.509,S1O
82,C2,52,0.020,S1O
82,C2,53,-0.956,S1O
82,C2,54,-1.933,S1O
82,C2,55,-2.909,S1O
82,C2,56,-3.398,S1O
82,C2,57,-3.886,S1O
82,C2,58,-3.886,S1O
82,C2,59,-3.886,S1O
82,C2,60,-2.909,S1O
82,C2,61,-1.933,S1O
82,C2,62,-0.956,S1O
82,C2,63,-0.468,S1O
82,C2,64,-0.468,S1O
82,C2,65,-0.468,S1O
82,C2,66,-0.956,S1O
82,C2,67,-1.444,S1O
82,C2,68,-1.933,S1O
82,C2,69,-1.933,S1O
82,C2,70,-1.933,S1O
82,C2,71,-1.933,S1O
82,C2,72,-2.421,S1O
82,C2,73,-2.421,S1O
82,C2,74,-2.909,S1O
82,C2,75,-2.421,S1O
82,C2,76,-1.444,S1O
82,C2,77,0.020,S1O
82,C2,78,0.509,S1O
82,C2,79,0.997,S1O
82,C2,80,0.997,S1O
82,C2,81,0.509,S1O
82,C2,82,0.509,S1O
82,C2,83,0.997,S1O
82,C2,84,0.997,S1O
82,C2,85,1.485,S1O
82,C2,86,0.997,S1O
82,C2,87,0.509,S1O
82,C2,88,0.020,S1O
82,C2,89,0.020,S1O
82,C2,90,0.509,S1O
82,C2,91,0.509,S1O
82,C2,92,0.509,S1O
82,C2,93,0.509,S1O
82,C2,94,0.509,S1O
82,C2,95,0.509,S1O
82,C2,96,0.509,S1O
82,C2,97,0.509,S1O
82,C2,98,0.509,S1O
82,C2,99,0.020,S1O
82,C2,100,0.020,S1O
82,C2,101,0.020,S1O
82,C2,102,-0.468,S1O
82,C2,103,-0.956,S1O
82,C2,104,-1.933,S1O
82,C2,105,-2.909,S1O
82,C2,106,-3.398,S1O
82,C2,107,-2.909,S1O
82,C2,108,-2.421,S1O
82,C2,109,-1.444,S1O
82,C2,110,-0.956,S1O
82,C2,111,-0.956,S1O
82,C2,112,-1.444,S1O
82,C2,113,-0.956,S1O
82,C2,114,0.020,S1O
82,C2,115,0.997,S1O
82,C2,116,1.485,S1O
82,C2,117,0.997,S1O
82,C2,118,0.509,S1O
82,C2,119,0.020,S1O
82,C2,120,0.020,S1O
82,C2,121,0.020,S1O
82,C2,122,0.020,S1O
82,C2,123,-0.468,S1O
82,C2,124,-0.956,S1O
82,C2,125,-1.444,S1O
82,C2,126,-0.956,S1O
82,C2,127,0.020,S1O
82,C2,128,0.509,S1O
82,C2,129,0.997,S1O
82,C2,130,0.509,S1O
82,C2,131,0.020,S1O
82,C2,132,-0.956,S1O
82,C2,133,-1.444,S1O
82,C2,134,-1.444,S1O
82,C2,135,-1.444,S1O
82,C2,136,-1.444,S1O
82,C2,137,-1.444,S1O
82,C2,138,-1.444,S1O
82,C2,139,-1.444,S1O
82,C2,140,-1.444,S1O
82,C2,141,-1.444,S1O
82,C2,142,-1.933,S1O
82,C2,143,-2.421,S1O
82,C2,144,-2.421,S1O
82,C2,145,-2.421,S1O
82,C2,146,-2.421,S1O
82,C2,147,-2.421,S1O
82,C2,148,-2.421,S1O
82,C2,149,-2.421,S1O
82,C2,150,-2.421,S1O
82,C2,151,-2.421,S1O
82,C2,152,-1.933,S1O
82,C2,153,-1.444,S1O
82,C2,154,-1.444,S1O
82,C2,155,-1.933,S1O
82,C2,156,-2.909,S1O
82,C2,157,-3.886,S1O
82,C2,158,-4.862,S1O
82,C2,159,-5.351,S1O
82,C2,160,-5.839,S1O
82,C2,161,-5.839,S1O
82,C2,162,-5.351,S1O
82,C2,163,-4.374,S1O
82,C2,164,-3.886,S1O
82,C2,165,-3.886,S1O
82,C2,166,-3.886,S1O
82,C2,167,-4.374,S1O
82,C2,168,-4.374,S1O
82,C2,169,-3.886,S1O
82,C2,170,-3.398,S1O
82,C2,171,-3.398,S1O
82,C2,172,-3.398,S1O
82,C2,173,-3.886,S1O
82,C2,174,-4.862,S1O
82,C2,175,-4.862,S1O
82,C2,176,-4.862,S1O
82,C2,177,-4.374,S1O
82,C2,178,-3.398,S1O
82,C2,179,-2.909,S1O
82,C2,180,-2.421,S1O
82,C2,181,-1.933,S1O
82,C2,182,-1.444,S1O
82,C2,183,-0.956,S1O
82,C2,184,-0.956,S1O
82,C2,185,-0.956,S1O
82,C2,186,-1.444,S1O
82,C2,187,-1.933,S1O
82,C2,188,-1.933,S1O
82,C2,189,-1.444,S1O
82,C2,190,-0.956,S1O
82,C2,191,-0.468,S1O
82,C2,192,-0.468,S1O
82,C2,193,0.020,S1O
82,C2,194,0.020,S1O
82,C2,195,0.020,S1O
82,C2,196,0.020,S1O
82,C2,197,0.020,S1O
82,C2,198,-0.468,S1O
82,C2,199,-0.468,S1O
82,C2,200,-0.468,S1O
82,C2,201,-0.468,S1O
82,C2,202,-0.468,S1O
82,C2,203,-0.468,S1O
82,C2,204,0.020,S1O
82,C2,205,0.509,S1O
82,C2,206,0.509,S1O
82,C2,207,0.020,S1O
82,C2,208,-0.956,S1O
82,C2,209,-1.444,S1O
82,C2,210,-1.933,S1O
82,C2,211,-1.444,S1O
82,C2,212,-0.956,S1O
82,C2,213,-0.956,S1O
82,C2,214,-0.956,S1O
82,C2,215,-1.444,S1O
82,C2,216,-1.444,S1O
82,C2,217,-0.956,S1O
82,C2,218,0.509,S1O
82,C2,219,1.485,S1O
82,C2,220,1.973,S1O
82,C2,221,1.973,S1O
82,C2,222,1.485,S1O
82,C2,223,0.997,S1O
82,C2,224,0.997,S1O
82,C2,225,1.485,S1O
82,C2,226,0.997,S1O
82,C2,227,0.020,S1O
82,C2,228,-0.956,S1O
82,C2,229,-0.956,S1O
82,C2,230,-0.468,S1O
82,C2,231,0.509,S1O
82,C2,232,1.485,S1O
82,C2,233,1.485,S1O
82,C2,234,0.509,S1O
82,C2,235,0.020,S1O
82,C2,236,-0.468,S1O
82,C2,237,0.020,S1O
82,C2,238,0.997,S1O
82,C2,239,0.997,S1O
82,C2,240,0.509,S1O
82,C2,241,0.020,S1O
82,C2,242,-0.956,S1O
82,C2,243,-0.956,S1O
82,C2,244,-0.468,S1O
82,C2,245,-0.468,S1O
82,C2,246,0.020,S1O
82,C2,247,0.020,S1O
82,C2,248,-0.468,S1O
82,C2,249,0.020,S1O
82,C2,250,0.020,S1O
82,C2,251,0.020,S1O
82,C2,252,0.020,S1O
82,C2,253,-0.468,S1O
82,C2,254,-0.956,S1O
82,C2,255,-0.956,S1O
82,PO7,0,-2.960,S1O
82,PO7,1,-4.425,S1O
82,PO7,2,-4.425,S1O
82,PO7,3,-3.937,S1O
82,PO7,4,-2.472,S1O
82,PO7,5,-1.007,S1O
82,PO7,6,-0.519,S1O
82,PO7,7,-0.031,S1O
82,PO7,8,0.458,S1O
82,PO7,9,1.923,S1O
82,PO7,10,3.387,S1O
82,PO7,11,4.364,S1O
82,PO7,12,2.899,S1O
82,PO7,13,-0.031,S1O
82,PO7,14,-3.937,S1O
82,PO7,15,-6.378,S1O
82,PO7,16,-6.378,S1O
82,PO7,17,-4.425,S1O
82,PO7,18,-1.984,S1O
82,PO7,19,-0.031,S1O
82,PO7,20,0.946,S1O
82,PO7,21,1.434,S1O
82,PO7,22,2.411,S1O
82,PO7,23,3.387,S1O
82,PO7,24,4.364,S1O
82,PO7,25,4.852,S1O
82,PO7,26,5.829,S1O
82,PO7,27,6.317,S1O
82,PO7,28,7.294,S1O
82,PO7,29,7.782,S1O
82,PO7,30,6.805,S1O
82,PO7,31,4.852,S1O
82,PO7,32,2.411,S1O
82,PO7,33,1.923,S1O
82,PO7,34,4.364,S1O
82,PO7,35,8.270,S1O
82,PO7,36,12.177,S1O
82,PO7,37,13.153,S1O
82,PO7,38,10.223,S1O
82,PO7,39,5.341,S1O
82,PO7,40,-0.031,S1O
82,PO7,41,-3.937,S1O
82,PO7,42,-6.378,S1O
82,PO7,43,-7.843,S1O
82,PO7,44,-10.284,S1O
82,PO7,45,-14.191,S1O
82,PO7,46,-18.097,S1O
82,PO7,47,-21.027,S1O
82,PO7,48,-22.003,S1O
82,PO7,49,-20.538,S1O
82,PO7,50,-17.609,S1O
82,PO7,51,-14.679,S1O
82,PO7,52,-11.749,S1O
82,PO7,53,-10.284,S1O
82,PO7,54,-9.308,S1O
82,PO7,55,-8.331,S1O
82,PO7,56,-7.355,S1O
82,PO7,57,-6.378,S1O
82,PO7,58,-5.402,S1O
82,PO7,59,-2.960,S1O
82,PO7,60,-0.519,S1O
82,PO7,61,1.923,S1O
82,PO7,62,3.387,S1O
82,PO7,63,3.876,S1O
82,PO7,64,2.899,S1O
82,PO7,65,0.946,S1O
82,PO7,66,-1.984,S1O
82,PO7,67,-4.425,S1O
82,PO7,68,-6.866,S1O
82,PO7,69,-7.843,S1O
82,PO7,70,-7.355,S1O
82,PO7,71,-5.402,S1O
82,PO7,72,-2.960,S1O
82,PO7,73,-0.519,S1O
82,PO7,74,0.946,S1O
82,PO7,75,1.923,S1O
82,PO7,76,2.411,S1O
82,PO7,77,0.946,S1O
82,PO7,78,-1.007,S1O
82,PO7,79,-4.913,S1O
82,PO7,80,-8.820,S1O
82,PO7,81,-12.238,S1O
82,PO7,82,-13.214,S1O
82,PO7,83,-11.749,S1O
82,PO7,84,-9.796,S1O
82,PO7,85,-8.331,S1O
82,PO7,86,-8.820,S1O
82,PO7,87,-10.284,S1O
82,PO7,88,-11.261,S1O
82,PO7,89,-9.796,S1O
82,PO7,90,-6.378,S1O
82,PO7,91,-2.472,S1O
82,PO7,92,-0.031,S1O
82,PO7,93,1.434,S1O
82,PO7,94,1.923,S1O
82,PO7,95,2.411,S1O
82,PO7,96,3.387,S1O
82,PO7,97,4.364,S1O
82,PO7,98,4.852,S1O
82,PO7,99,4.364,S1O
82,PO7,100,2.899,S1O
82,PO7,101,0.458,S1O
82,PO7,102,-1.495,S1O
82,PO7,103,-3.448,S1O
82,PO7,104,-3.937,S1O
82,PO7,105,-3.937,S1O
82,PO7,106,-3.448,S1O
82,PO7,107,-2.472,S1O
82,PO7,108,-2.472,S1O
82,PO7,109,-2.960,S1O
82,PO7,110,-2.960,S1O
82,PO7,111,-3.448,S1O
82,PO7,112,-2.960,S1O
82,PO7,113,-1.984,S1O
82,PO7,114,-1.984,S1O
82,PO7,115,-1.984,S1O
82,PO7,116,-2.960,S1O
82,PO7,117,-3.448,S1O
82,PO7,118,-3.937,S1O
82,PO7,119,-2.960,S1O
82,PO7,120,-2.960,S1O
82,PO7,121,-3.448,S1O
82,PO7,122,-4.425,S1O
82,PO7,123,-5.890,S1O
82,PO7,124,-6.378,S1O
82,PO7,125,-5.890,S1O
82,PO7,126,-5.402,S1O
82,PO7,127,-4.913,S1O
82,PO7,128,-4.913,S1O
82,PO7,129,-4.913,S1O
82,PO7,130,-3.937,S1O
82,PO7,131,-2.472,S1O
82,PO7,132,-1.007,S1O
82,PO7,133,-0.031,S1O
82,PO7,134,-0.031,S1O
82,PO7,135,-1.495,S1O
82,PO7,136,-3.448,S1O
82,PO7,137,-5.890,S1O
82,PO7,138,-7.843,S1O
82,PO7,139,-9.796,S1O
82,PO7,140,-11.749,S1O
82,PO7,141,-13.214,S1O
82,PO7,142,-14.679,S1O
82,PO7,143,-14.679,S1O
82,PO7,144,-14.191,S1O
82,PO7,145,-13.214,S1O
82,PO7,146,-11.749,S1O
82,PO7,147,-10.773,S1O
82,PO7,148,-9.796,S1O
82,PO7,149,-8.331,S1O
82,PO7,150,-6.378,S1O
82,PO7,151,-3.937,S1O
82,PO7,152,-1.984,S1O
82,PO7,153,-1.007,S1O
82,PO7,154,-1.007,S1O
82,PO7,155,-1.007,S1O
82,PO7,156,-1.984,S1O
82,PO7,157,-3.448,S1O
82,PO7,158,-4.913,S1O
82,PO7,159,-6.866,S1O
82,PO7,160,-8.331,S1O
82,PO7,161,-8.820,S1O
82,PO7,162,-8.331,S1O
82,PO7,163,-7.355,S1O
82,PO7,164,-7.843,S1O
82,PO7,165,-9.308,S1O
82,PO7,166,-12.238,S1O
82,PO7,167,-15.167,S1O
82,PO7,168,-17.609,S1O
82,PO7,169,-18.585,S1O
82,PO7,170,-19.562,S1O
82,PO7,171,-21.027,S1O
82,PO7,172,-22.003,S1O
82,PO7,173,-22.003,S1O
82,PO7,174,-20.538,S1O
82,PO7,175,-18.585,S1O
82,PO7,176,-16.144,S1O
82,PO7,177,-14.679,S1O
82,PO7,178,-14.679,S1O
82,PO7,179,-15.656,S1O
82,PO7,180,-15.656,S1O
82,PO7,181,-14.679,S1O
82,PO7,182,-12.726,S1O
82,PO7,183,-11.261,S1O
82,PO7,184,-11.749,S1O
82,PO7,185,-14.191,S1O
82,PO7,186,-17.609,S1O
82,PO7,187,-21.027,S1O
82,PO7,188,-22.980,S1O
82,PO7,189,-22.980,S1O
82,PO7,190,-21.027,S1O
82,PO7,191,-18.097,S1O
82,PO7,192,-15.167,S1O
82,PO7,193,-13.214,S1O
82,PO7,194,-12.238,S1O
82,PO7,195,-12.238,S1O
82,PO7,196,-12.726,S1O
82,PO7,197,-12.726,S1O
82,PO7,198,-12.238,S1O
82,PO7,199,-12.238,S1O
82,PO7,200,-12.238,S1O
82,PO7,201,-11.749,S1O
82,PO7,202,-10.773,S1O
82,PO7,203,-10.284,S1O
82,PO7,204,-9.308,S1O
82,PO7,205,-9.308,S1O
82,PO7,206,-10.773,S1O
82,PO7,207,-13.214,S1O
82,PO7,208,-14.679,S1O
82,PO7,209,-15.656,S1O
82,PO7,210,-15.656,S1O
82,PO7,211,-15.167,S1O
82,PO7,212,-14.191,S1O
82,PO7,213,-13.702,S1O
82,PO7,214,-13.214,S1O
82,PO7,215,-11.261,S1O
82,PO7,216,-9.308,S1O
82,PO7,217,-6.866,S1O
82,PO7,218,-4.913,S1O
82,PO7,219,-4.425,S1O
82,PO7,220,-5.402,S1O
82,PO7,221,-6.866,S1O
82,PO7,222,-7.843,S1O
82,PO7,223,-8.331,S1O
82,PO7,224,-9.308,S1O
82,PO7,225,-9.796,S1O
82,PO7,226,-10.773,S1O
82,PO7,227,-12.726,S1O
82,PO7,228,-13.702,S1O
82,PO7,229,-14.679,S1O
82,PO7,230,-15.167,S1O
82,PO7,231,-16.632,S1O
82,PO7,232,-18.585,S1O
82,PO7,233,-20.538,S1O
82,PO7,234,-21.515,S1O
82,PO7,235,-21.027,S1O
82,PO7,236,-19.562,S1O
82,PO7,237,-18.097,S1O
82,PO7,238,-17.609,S1O
82,PO7,239,-18.585,S1O
82,PO7,240,-20.050,S1O
82,PO7,241,-21.515,S1O
82,PO7,242,-22.003,S1O
82,PO7,243,-22.003,S1O
82,PO7,244,-22.003,S1O
82,PO7,245,-21.515,S1O
82,PO7,246,-20.050,S1O
82,PO7,247,-18.097,S1O
82,PO7,248,-15.167,S1O
82,PO7,249,-13.214,S1O
82,PO7,250,-12.238,S1O
82,PO7,251,-12.726,S1O
82,PO7,252,-14.191,S1O
82,PO7,253,-16.144,S1O
82,PO7,254,-17.609,S1O
82,PO7,255,-19.562,S1O
82,PO8,0,-3.164,S1O
82,PO8,1,-5.117,S1O
82,PO8,2,-7.070,S1O
82,PO8,3,-8.046,S1O
82,PO8,4,-9.023,S1O
82,PO8,5,-10.000,S1O
82,PO8,6,-10.488,S1O
82,PO8,7,-10.488,S1O
82,PO8,8,-9.023,S1O
82,PO8,9,-7.070,S1O
82,PO8,10,-4.628,S1O
82,PO8,11,-2.675,S1O
82,PO8,12,-0.722,S1O
82,PO8,13,0.254,S1O
82,PO8,14,1.719,S1O
82,PO8,15,3.184,S1O
82,PO8,16,5.137,S1O
82,PO8,17,6.602,S1O
82,PO8,18,7.579,S1O
82,PO8,19,7.090,S1O
82,PO8,20,6.114,S1O
82,PO8,21,4.649,S1O
82,PO8,22,3.184,S1O
82,PO8,23,3.184,S1O
82,PO8,24,4.161,S1O
82,PO8,25,5.137,S1O
82,PO8,26,6.602,S1O
82,PO8,27,7.579,S1O
82,PO8,28,8.555,S1O
82,PO8,29,9.532,S1O
82,PO8,30,8.555,S1O
82,PO8,31,6.114,S1O
82,PO8,32,2.207,S1O
82,PO8,33,-1.211,S1O
82,PO8,34,-3.652,S1O
82,PO8,35,-4.140,S1O
82,PO8,36,-3.164,S1O
82,PO8,37,-2.675,S1O
82,PO8,38,-3.652,S1O
82,PO8,39,-6.093,S1O
82,PO8,40,-9.023,S1O
82,PO8,41,-11.464,S1O
82,PO8,42,-11.953,S1O
82,PO8,43,-12.441,S1O
82,PO8,44,-12.929,S1O
82,PO8,45,-14.882,S1O
82,PO8,46,-17.812,S1O
82,PO8,47,-19.277,S1O
82,PO8,48,-19.765,S1O
82,PO8,49,-17.812,S1O
82,PO8,50,-13.906,S1O
82,PO8,51,-9.511,S1O
82,PO8,52,-6.582,S1O
82,PO8,53,-5.605,S1O
82,PO8,54,-6.582,S1O
82,PO8,55,-8.046,S1O
82,PO8,56,-8.046,S1O
82,PO8,57,-7.070,S1O
82,PO8,58,-4.628,S1O
82,PO8,59,-2.675,S1O
82,PO8,60,-0.722,S1O
82,PO8,61,0.743,S1O
82,PO8,62,2.696,S1O
82,PO8,63,4.161,S1O
82,PO8,64,5.625,S1O
82,PO8,65,4.161,S1O
82,PO8,66,1.231,S1O
82,PO8,67,-3.164,S1O
82,PO8,68,-6.093,S1O
82,PO8,69,-7.070,S1O
82,PO8,70,-5.117,S1O
82,PO8,71,-2.187,S1O
82,PO8,72,0.254,S1O
82,PO8,73,0.743,S1O
82,PO8,74,1.231,S1O
82,PO8,75,2.207,S1O
82,PO8,76,4.161,S1O
82,PO8,77,6.602,S1O
82,PO8,78,7.090,S1O
82,PO8,79,6.114,S1O
82,PO8,80,4.161,S1O
82,PO8,81,2.696,S1O
82,PO8,82,2.207,S1O
82,PO8,83,2.696,S1O
82,PO8,84,3.672,S1O
82,PO8,85,2.696,S1O
82,PO8,86,0.743,S1O
82,PO8,87,-1.211,S1O
82,PO8,88,-2.187,S1O
82,PO8,89,-1.699,S1O
82,PO8,90,-0.722,S1O
82,PO8,91,1.231,S1O
82,PO8,92,3.184,S1O
82,PO8,93,5.625,S1O
82,PO8,94,8.067,S1O
82,PO8,95,9.532,S1O
82,PO8,96,9.532,S1O
82,PO8,97,9.043,S1O
82,PO8,98,7.579,S1O
82,PO8,99,7.090,S1O
82,PO8,100,7.090,S1O
82,PO8,101,7.090,S1O
82,PO8,102,5.625,S1O
82,PO8,103,2.207,S1O
82,PO8,104,-2.187,S1O
82,PO8,105,-6.093,S1O
82,PO8,106,-8.535,S1O
82,PO8,107,-8.535,S1O
82,PO8,108,-7.070,S1O
82,PO8,109,-6.093,S1O
82,PO8,110,-5.605,S1O
82,PO8,111,-6.093,S1O
82,PO8,112,-5.117,S1O
82,PO8,113,-3.164,S1O
82,PO8,114,0.254,S1O
82,PO8,115,2.696,S1O
82,PO8,116,4.161,S1O
82,PO8,117,3.184,S1O
82,PO8,118,0.743,S1O
82,PO8,119,-2.187,S1O
82,PO8,120,-4.140,S1O
82,PO8,121,-4.628,S1O
82,PO8,122,-4.140,S1O
82,PO8,123,-3.164,S1O
82,PO8,124,-2.187,S1O
82,PO8,125,-0.722,S1O
82,PO8,126,1.231,S1O
82,PO8,127,2.207,S1O
82,PO8,128,3.184,S1O
82,PO8,129,3.184,S1O
82,PO8,130,3.184,S1O
82,PO8,131,2.696,S1O
82,PO8,132,2.696,S1O
82,PO8,133,2.696,S1O
82,PO8,134,2.207,S1O
82,PO8,135,1.231,S1O
82,PO8,136,-0.234,S1O
82,PO8,137,-2.187,S1O
82,PO8,138,-3.652,S1O
82,PO8,139,-5.117,S1O
82,PO8,140,-7.070,S1O
82,PO8,141,-9.023,S1O
82,PO8,142,-10.976,S1O
82,PO8,143,-12.441,S1O
82,PO8,144,-13.418,S1O
82,PO8,145,-13.418,S1O
82,PO8,146,-12.929,S1O
82,PO8,147,-12.441,S1O
82,PO8,148,-11.953,S1O
82,PO8,149,-10.976,S1O
82,PO8,150,-9.023,S1O
82,PO8,151,-5.605,S1O
82,PO8,152,-2.187,S1O
82,PO8,153,0.254,S1O
82,PO8,154,0.743,S1O
82,PO8,155,-0.722,S1O
82,PO8,156,-3.164,S1O
82,PO8,157,-6.093,S1O
82,PO8,158,-9.023,S1O
82,PO8,159,-10.488,S1O
82,PO8,160,-11.464,S1O
82,PO8,161,-10.976,S1O
82,PO8,162,-10.488,S1O
82,PO8,163,-9.023,S1O
82,PO8,164,-9.023,S1O
82,PO8,165,-10.976,S1O
82,PO8,166,-13.418,S1O
82,PO8,167,-16.347,S1O
82,PO8,168,-18.300,S1O
82,PO8,169,-18.789,S1O
82,PO8,170,-18.300,S1O
82,PO8,171,-18.789,S1O
82,PO8,172,-19.765,S1O
82,PO8,173,-20.742,S1O
82,PO8,174,-21.718,S1O
82,PO8,175,-21.230,S1O
82,PO8,176,-20.253,S1O
82,PO8,177,-18.789,S1O
82,PO8,178,-17.324,S1O
82,PO8,179,-15.371,S1O
82,PO8,180,-12.441,S1O
82,PO8,181,-8.535,S1O
82,PO8,182,-6.093,S1O
82,PO8,183,-6.093,S1O
82,PO8,184,-8.535,S1O
82,PO8,185,-12.929,S1O
82,PO8,186,-16.347,S1O
82,PO8,187,-17.812,S1O
82,PO8,188,-17.324,S1O
82,PO8,189,-15.859,S1O
82,PO8,190,-14.882,S1O
82,PO8,191,-13.906,S1O
82,PO8,192,-12.441,S1O
82,PO8,193,-10.976,S1O
82,PO8,194,-9.511,S1O
82,PO8,195,-8.535,S1O
82,PO8,196,-9.023,S1O
82,PO8,197,-10.488,S1O
82,PO8,198,-12.929,S1O
82,PO8,199,-13.906,S1O
82,PO8,200,-14.882,S1O
82,PO8,201,-14.394,S1O
82,PO8,202,-12.929,S1O
82,PO8,203,-10.976,S1O
82,PO8,204,-8.535,S1O
82,PO8,205,-7.558,S1O
82,PO8,206,-8.535,S1O
82,PO8,207,-11.464,S1O
82,PO8,208,-15.371,S1O
82,PO8,209,-18.789,S1O
82,PO8,210,-20.253,S1O
82,PO8,211,-19.765,S1O
82,PO8,212,-17.812,S1O
82,PO8,213,-15.859,S1O
82,PO8,214,-14.394,S1O
82,PO8,215,-12.929,S1O
82,PO8,216,-10.488,S1O
82,PO8,217,-7.070,S1O
82,PO8,218,-3.164,S1O
82,PO8,219,-1.211,S1O
82,PO8,220,-0.722,S1O
82,PO8,221,-2.675,S1O
82,PO8,222,-5.117,S1O
82,PO8,223,-7.070,S1O
82,PO8,224,-8.535,S1O
82,PO8,225,-10.000,S1O
82,PO8,226,-11.464,S1O
82,PO8,227,-14.394,S1O
82,PO8,228,-17.324,S1O
82,PO8,229,-19.277,S1O
82,PO8,230,-19.277,S1O
82,PO8,231,-17.812,S1O
82,PO8,232,-15.371,S1O
82,PO8,233,-13.906,S1O
82,PO8,234,-11.953,S1O
82,PO8,235,-10.488,S1O
82,PO8,236,-8.535,S1O
82,PO8,237,-7.070,S1O
82,PO8,238,-7.070,S1O
82,PO8,239,-9.511,S1O
82,PO8,240,-14.394,S1O
82,PO8,241,-19.765,S1O
82,PO8,242,-25.136,S1O
82,PO8,243,-28.554,S1O
82,PO8,244,-29.531,S1O
82,PO8,245,-28.066,S1O
82,PO8,246,-23.671,S1O
82,PO8,247,-17.812,S1O
82,PO8,248,-11.953,S1O
82,PO8,249,-8.535,S1O
82,PO8,250,-8.046,S1O
82,PO8,251,-9.511,S1O
82,PO8,252,-11.953,S1O
82,PO8,253,-13.418,S1O
82,PO8,254,-13.418,S1O
82,PO8,255,-13.906,S1O
82,FCZ,0,3.733,S1O
82,FCZ,1,4.710,S1O
82,FCZ,2,5.198,S1O
82,FCZ,3,4.710,S1O
82,FCZ,4,3.733,S1O
82,FCZ,5,2.757,S1O
82,FCZ,6,2.268,S1O
82,FCZ,7,1.780,S1O
82,FCZ,8,2.757,S1O
82,FCZ,9,3.733,S1O
82,FCZ,10,5.198,S1O
82,FCZ,11,6.175,S1O
82,FCZ,12,6.175,S1O
82,FCZ,13,5.198,S1O
82,FCZ,14,3.733,S1O
82,FCZ,15,2.268,S1O
82,FCZ,16,0.804,S1O
82,FCZ,17,0.315,S1O
82,FCZ,18,0.804,S1O
82,FCZ,19,1.292,S1O
82,FCZ,20,2.268,S1O
82,FCZ,21,2.268,S1O
82,FCZ,22,2.268,S1O
82,FCZ,23,1.780,S1O
82,FCZ,24,0.804,S1O
82,FCZ,25,0.804,S1O
82,FCZ,26,0.315,S1O
82,FCZ,27,0.315,S1O
82,FCZ,28,0.804,S1O
82,FCZ,29,0.315,S1O
82,FCZ,30,-0.661,S1O
82,FCZ,31,-1.149,S1O
82,FCZ,32,-2.126,S1O
82,FCZ,33,-2.614,S1O
82,FCZ,34,-2.614,S1O
82,FCZ,35,-2.614,S1O
82,FCZ,36,-2.126,S1O
82,FCZ,37,-2.614,S1O
82,FCZ,38,-2.614,S1O
82,FCZ,39,-2.614,S1O
82,FCZ,40,-2.126,S1O
82,FCZ,41,-1.638,S1O
82,FCZ,42,-0.661,S1O
82,FCZ,43,-0.173,S1O
82,FCZ,44,-0.173,S1O
82,FCZ,45,-0.173,S1O
82,FCZ,46,-0.661,S1O
82,FCZ,47,-0.173,S1O
82,FCZ,48,0.804,S1O
82,FCZ,49,1.780,S1O
82,FCZ,50,3.245,S1O
82,FCZ,51,3.733,S1O
82,FCZ,52,3.733,S1O
82,FCZ,53,2.757,S1O
82,FCZ,54,2.268,S1O
82,FCZ,55,1.780,S1O
82,FCZ,56,1.292,S1O
82,FCZ,57,0.804,S1O
82,FCZ,58,0.315,S1O
82,FCZ,59,0.315,S1O
82,FCZ,60,0.315,S1O
82,FCZ,61,0.315,S1O
82,FCZ,62,0.804,S1O
82,FCZ,63,0.804,S1O
82,FCZ,64,0.804,S1O
82,FCZ,65,0.804,S1O
82,FCZ,66,0.804,S1O
82,FCZ,67,1.292,S1O
82,FCZ,68,1.292,S1O
82,FCZ,69,1.780,S1O
82,FCZ,70,1.292,S1O
82,FCZ,71,0.804,S1O
82,FCZ,72,-0.173,S1O
82,FCZ,73,-0.661,S1O
82,FCZ,74,-1.149,S1O
82,FCZ,75,-1.638,S1O
82,FCZ,76,-2.614,S1O
82,FCZ,77,-3.103,S1O
82,FCZ,78,-2.614,S1O
82,FCZ,79,-2.614,S1O
82,FCZ,80,-1.638,S1O
82,FCZ,81,-1.149,S1O
82,FCZ,82,-1.149,S1O
82,FCZ,83,-1.149,S1O
82,FCZ,84,-1.149,S1O
82,FCZ,85,-0.173,S1O
82,FCZ,86,-0.173,S1O
82,FCZ,87,0.315,S1O
82,FCZ,88,-0.661,S1O
82,FCZ,89,-1.638,S1O
82,FCZ,90,-3.103,S1O
82,FCZ,91,-4.567,S1O
82,FCZ,92,-6.032,S1O
82,FCZ,93,-6.521,S1O
82,FCZ,94,-7.009,S1O
82,FCZ,95,-7.009,S1O
82,FCZ,96,-7.009,S1O
82,FCZ,97,-6.032,S1O
82,FCZ,98,-5.056,S1O
82,FCZ,99,-4.079,S1O
82,FCZ,100,-3.591,S1O
82,FCZ,101,-2.614,S1O
82,FCZ,102,-1.638,S1O
82,FCZ,103,-0.173,S1O
82,FCZ,104,0.804,S1O
82,FCZ,105,1.292,S1O
82,FCZ,106,1.292,S1O
82,FCZ,107,0.315,S1O
82,FCZ,108,-0.173,S1O
82,FCZ,109,-0.173,S1O
82,FCZ,110,-0.173,S1O
82,FCZ,111,-0.173,S1O
82,FCZ,112,-1.149,S1O
82,FCZ,113,-2.126,S1O
82,FCZ,114,-3.103,S1O
82,FCZ,115,-4.567,S1O
82,FCZ,116,-5.056,S1O
82,FCZ,117,-6.032,S1O
82,FCZ,118,-6.521,S1O
82,FCZ,119,-7.009,S1O
82,FCZ,120,-7.985,S1O
82,FCZ,121,-8.474,S1O
82,FCZ,122,-8.474,S1O
82,FCZ,123,-7.985,S1O
82,FCZ,124,-7.009,S1O
82,FCZ,125,-5.544,S1O
82,FCZ,126,-3.591,S1O
82,FCZ,127,-2.126,S1O
82,FCZ,128,-1.638,S1O
82,FCZ,129,-1.149,S1O
82,FCZ,130,-1.638,S1O
82,FCZ,131,-2.614,S1O
82,FCZ,132,-2.614,S1O
82,FCZ,133,-2.614,S1O
82,FCZ,134,-2.614,S1O
82,FCZ,135,-3.103,S1O
82,FCZ,136,-3.103,S1O
82,FCZ,137,-3.103,S1O
82,FCZ,138,-2.614,S1O
82,FCZ,139,-1.638,S1O
82,FCZ,140,-1.149,S1O
82,FCZ,141,-0.661,S1O
82,FCZ,142,-0.661,S1O
82,FCZ,143,-1.149,S1O
82,FCZ,144,-1.149,S1O
82,FCZ,145,-1.149,S1O
82,FCZ,146,-1.149,S1O
82,FCZ,147,-0.661,S1O
82,FCZ,148,-1.149,S1O
82,FCZ,149,-1.638,S1O
82,FCZ,150,-2.126,S1O
82,FCZ,151,-2.614,S1O
82,FCZ,152,-2.126,S1O
82,FCZ,153,-2.126,S1O
82,FCZ,154,-2.614,S1O
82,FCZ,155,-2.614,S1O
82,FCZ,156,-3.591,S1O
82,FCZ,157,-4.079,S1O
82,FCZ,158,-4.079,S1O
82,FCZ,159,-3.591,S1O
82,FCZ,160,-3.103,S1O
82,FCZ,161,-2.614,S1O
82,FCZ,162,-2.126,S1O
82,FCZ,163,-1.638,S1O
82,FCZ,164,-1.638,S1O
82,FCZ,165,-1.638,S1O
82,FCZ,166,-1.638,S1O
82,FCZ,167,-1.638,S1O
82,FCZ,168,-1.638,S1O
82,FCZ,169,-1.149,S1O
82,FCZ,170,-1.149,S1O
82,FCZ,171,-0.661,S1O
82,FCZ,172,-1.149,S1O
82,FCZ,173,-1.638,S1O
82,FCZ,174,-1.638,S1O
82,FCZ,175,-1.638,S1O
82,FCZ,176,-1.149,S1O
82,FCZ,177,-0.661,S1O
82,FCZ,178,-0.173,S1O
82,FCZ,179,-0.173,S1O
82,FCZ,180,-0.173,S1O
82,FCZ,181,-0.661,S1O
82,FCZ,182,-0.173,S1O
82,FCZ,183,0.804,S1O
82,FCZ,184,1.780,S1O
82,FCZ,185,2.268,S1O
82,FCZ,186,2.268,S1O
82,FCZ,187,1.292,S1O
82,FCZ,188,0.315,S1O
82,FCZ,189,-0.173,S1O
82,FCZ,190,-0.173,S1O
82,FCZ,191,0.315,S1O
82,FCZ,192,1.292,S1O
82,FCZ,193,1.780,S1O
82,FCZ,194,2.268,S1O
82,FCZ,195,2.268,S1O
82,FCZ,196,2.268,S1O
82,FCZ,197,2.757,S1O
82,FCZ,198,2.757,S1O
82,FCZ,199,2.268,S1O
82,FCZ,200,1.780,S1O
82,FCZ,201,0.804,S1O
82,FCZ,202,0.315,S1O
82,FCZ,203,0.315,S1O
82,FCZ,204,0.315,S1O
82,FCZ,205,0.804,S1O
82,FCZ,206,1.292,S1O
82,FCZ,207,1.780,S1O
82,FCZ,208,2.268,S1O
82,FCZ,209,2.757,S1O
82,FCZ,210,3.245,S1O
82,FCZ,211,3.733,S1O
82,FCZ,212,3.733,S1O
82,FCZ,213,3.733,S1O
82,FCZ,214,3.245,S1O
82,FCZ,215,2.757,S1O
82,FCZ,216,2.757,S1O
82,FCZ,217,2.268,S1O
82,FCZ,218,2.757,S1O
82,FCZ,219,3.245,S1O
82,FCZ,220,4.222,S1O
82,FCZ,221,5.198,S1O
82,FCZ,222,6.175,S1O
82,FCZ,223,7.151,S1O
82,FCZ,224,7.640,S1O
82,FCZ,225,7.640,S1O
82,FCZ,226,7.640,S1O
82,FCZ,227,7.640,S1O
82,FCZ,228,7.640,S1O
82,FCZ,229,7.151,S1O
82,FCZ,230,6.663,S1O
82,FCZ,231,6.175,S1O
82,FCZ,232,5.686,S1O
82,FCZ,233,5.198,S1O
82,FCZ,234,5.198,S1O
82,FCZ,235,4.710,S1O
82,FCZ,236,4.710,S1O
82,FCZ,237,4.222,S1O
82,FCZ,238,3.733,S1O
82,FCZ,239,3.733,S1O
82,FCZ,240,3.733,S1O
82,FCZ,241,5.198,S1O
82,FCZ,242,6.663,S1O
82,FCZ,243,8.128,S1O
82,FCZ,244,8.616,S1O
82,FCZ,245,8.128,S1O
82,FCZ,246,6.663,S1O
82,FCZ,247,5.198,S1O
82,FCZ,248,4.222,S1O
82,FCZ,249,3.245,S1O
82,FCZ,250,3.245,S1O
82,FCZ,251,2.268,S1O
82,FCZ,252,1.780,S1O
82,FCZ,253,1.292,S1O
82,FCZ,254,0.804,S1O
82,FCZ,255,1.292,S1O
82,POZ,0,-5.656,S1O
82,POZ,1,-7.609,S1O
82,POZ,2,-9.074,S1O
82,POZ,3,-9.562,S1O
82,POZ,4,-8.586,S1O
82,POZ,5,-7.121,S1O
82,POZ,6,-6.144,S1O
82,POZ,7,-5.168,S1O
82,POZ,8,-4.679,S1O
82,POZ,9,-3.215,S1O
82,POZ,10,-1.261,S1O
82,POZ,11,-0.285,S1O
82,POZ,12,0.203,S1O
82,POZ,13,-0.773,S1O
82,POZ,14,-1.750,S1O
82,POZ,15,-1.750,S1O
82,POZ,16,-0.285,S1O
82,POZ,17,2.157,S1O
82,POZ,18,3.621,S1O
82,POZ,19,3.621,S1O
82,POZ,20,2.157,S1O
82,POZ,21,0.203,S1O
82,POZ,22,-0.773,S1O
82,POZ,23,-0.285,S1O
82,POZ,24,0.692,S1O
82,POZ,25,1.668,S1O
82,POZ,26,2.645,S1O
82,POZ,27,2.645,S1O
82,POZ,28,3.133,S1O
82,POZ,29,3.621,S1O
82,POZ,30,3.621,S1O
82,POZ,31,3.133,S1O
82,POZ,32,2.157,S1O
82,POZ,33,1.668,S1O
82,POZ,34,2.157,S1O
82,POZ,35,3.621,S1O
82,POZ,36,5.575,S1O
82,POZ,37,6.063,S1O
82,POZ,38,5.086,S1O
82,POZ,39,2.645,S1O
82,POZ,40,-0.285,S1O
82,POZ,41,-2.726,S1O
82,POZ,42,-4.191,S1O
82,POZ,43,-5.168,S1O
82,POZ,44,-7.121,S1O
82,POZ,45,-9.562,S1O
82,POZ,46,-12.980,S1O
82,POZ,47,-15.422,S1O
82,POZ,48,-15.910,S1O
82,POZ,49,-14.445,S1O
82,POZ,50,-12.492,S1O
82,POZ,51,-9.562,S1O
82,POZ,52,-8.097,S1O
82,POZ,53,-7.609,S1O
82,POZ,54,-8.097,S1O
82,POZ,55,-9.074,S1O
82,POZ,56,-10.539,S1O
82,POZ,57,-10.539,S1O
82,POZ,58,-10.539,S1O
82,POZ,59,-9.074,S1O
82,POZ,60,-7.609,S1O
82,POZ,61,-6.144,S1O
82,POZ,62,-4.191,S1O
82,POZ,63,-1.750,S1O
82,POZ,64,-0.285,S1O
82,POZ,65,0.692,S1O
82,POZ,66,-0.773,S1O
82,POZ,67,-3.215,S1O
82,POZ,68,-5.656,S1O
82,POZ,69,-7.121,S1O
82,POZ,70,-6.632,S1O
82,POZ,71,-4.679,S1O
82,POZ,72,-3.215,S1O
82,POZ,73,-2.726,S1O
82,POZ,74,-2.726,S1O
82,POZ,75,-3.703,S1O
82,POZ,76,-3.215,S1O
82,POZ,77,-3.215,S1O
82,POZ,78,-3.703,S1O
82,POZ,79,-5.656,S1O
82,POZ,80,-8.586,S1O
82,POZ,81,-11.027,S1O
82,POZ,82,-12.004,S1O
82,POZ,83,-10.539,S1O
82,POZ,84,-7.609,S1O
82,POZ,85,-5.656,S1O
82,POZ,86,-5.656,S1O
82,POZ,87,-6.144,S1O
82,POZ,88,-6.144,S1O
82,POZ,89,-4.191,S1O
82,POZ,90,-0.773,S1O
82,POZ,91,4.110,S1O
82,POZ,92,7.528,S1O
82,POZ,93,10.457,S1O
82,POZ,94,11.922,S1O
82,POZ,95,12.410,S1O
82,POZ,96,11.922,S1O
82,POZ,97,10.946,S1O
82,POZ,98,9.481,S1O
82,POZ,99,7.528,S1O
82,POZ,100,5.086,S1O
82,POZ,101,2.157,S1O
82,POZ,102,-0.773,S1O
82,POZ,103,-4.191,S1O
82,POZ,104,-7.609,S1O
82,POZ,105,-9.562,S1O
82,POZ,106,-11.027,S1O
82,POZ,107,-10.539,S1O
82,POZ,108,-9.074,S1O
82,POZ,109,-7.609,S1O
82,POZ,110,-6.632,S1O
82,POZ,111,-5.168,S1O
82,POZ,112,-3.703,S1O
82,POZ,113,-1.261,S1O
82,POZ,114,2.157,S1O
82,POZ,115,4.598,S1O
82,POZ,116,6.551,S1O
82,POZ,117,6.551,S1O
82,POZ,118,5.575,S1O
82,POZ,119,4.110,S1O
82,POZ,120,2.645,S1O
82,POZ,121,1.668,S1O
82,POZ,122,0.203,S1O
82,POZ,123,-0.773,S1O
82,POZ,124,-1.261,S1O
82,POZ,125,-1.261,S1O
82,POZ,126,-0.773,S1O
82,POZ,127,-0.285,S1O
82,POZ,128,-0.285,S1O
82,POZ,129,-0.285,S1O
82,POZ,130,0.203,S1O
82,POZ,131,1.180,S1O
82,POZ,132,2.645,S1O
82,POZ,133,3.621,S1O
82,POZ,134,4.110,S1O
82,POZ,135,4.110,S1O
82,POZ,136,3.133,S1O
82,POZ,137,1.668,S1O
82,POZ,138,0.203,S1O
82,POZ,139,-1.261,S1O
82,POZ,140,-2.726,S1O
82,POZ,141,-3.703,S1O
82,POZ,142,-5.168,S1O
82,POZ,143,-6.144,S1O
82,POZ,144,-6.144,S1O
82,POZ,145,-6.144,S1O
82,POZ,146,-6.144,S1O
82,POZ,147,-5.656,S1O
82,POZ,148,-5.656,S1O
82,POZ,149,-5.168,S1O
82,POZ,150,-4.679,S1O
82,POZ,151,-3.703,S1O
82,POZ,152,-2.238,S1O
82,POZ,153,-1.261,S1O
82,POZ,154,-0.773,S1O
82,POZ,155,-1.261,S1O
82,POZ,156,-1.750,S1O
82,POZ,157,-3.215,S1O
82,POZ,158,-4.191,S1O
82,POZ,159,-5.656,S1O
82,POZ,160,-6.144,S1O
82,POZ,161,-5.656,S1O
82,POZ,162,-5.168,S1O
82,POZ,163,-4.679,S1O
82,POZ,164,-4.191,S1O
82,POZ,165,-5.168,S1O
82,POZ,166,-7.121,S1O
82,POZ,167,-9.074,S1O
82,POZ,168,-11.027,S1O
82,POZ,169,-12.004,S1O
82,POZ,170,-12.492,S1O
82,POZ,171,-13.468,S1O
82,POZ,172,-13.957,S1O
82,POZ,173,-14.933,S1O
82,POZ,174,-14.933,S1O
82,POZ,175,-13.957,S1O
82,POZ,176,-12.492,S1O
82,POZ,177,-11.515,S1O
82,POZ,178,-10.539,S1O
82,POZ,179,-9.074,S1O
82,POZ,180,-8.097,S1O
82,POZ,181,-7.121,S1O
82,POZ,182,-6.144,S1O
82,POZ,183,-6.632,S1O
82,POZ,184,-8.097,S1O
82,POZ,185,-10.539,S1O
82,POZ,186,-12.980,S1O
82,POZ,187,-14.445,S1O
82,POZ,188,-15.422,S1O
82,POZ,189,-14.933,S1O
82,POZ,190,-14.933,S1O
82,POZ,191,-13.957,S1O
82,POZ,192,-12.492,S1O
82,POZ,193,-11.515,S1O
82,POZ,194,-10.539,S1O
82,POZ,195,-10.050,S1O
82,POZ,196,-9.562,S1O
82,POZ,197,-10.050,S1O
82,POZ,198,-10.539,S1O
82,POZ,199,-10.539,S1O
82,POZ,200,-10.539,S1O
82,POZ,201,-9.562,S1O
82,POZ,202,-8.586,S1O
82,POZ,203,-7.121,S1O
82,POZ,204,-6.632,S1O
82,POZ,205,-7.121,S1O
82,POZ,206,-8.586,S1O
82,POZ,207,-11.027,S1O
82,POZ,208,-13.468,S1O
82,POZ,209,-14.933,S1O
82,POZ,210,-15.422,S1O
82,POZ,211,-13.957,S1O
82,POZ,212,-12.492,S1O
82,POZ,213,-10.539,S1O
82,POZ,214,-9.074,S1O
82,POZ,215,-7.609,S1O
82,POZ,216,-6.144,S1O
82,POZ,217,-5.168,S1O
82,POZ,218,-3.703,S1O
82,POZ,219,-2.726,S1O
82,POZ,220,-3.215,S1O
82,POZ,221,-4.679,S1O
82,POZ,222,-6.632,S1O
82,POZ,223,-8.586,S1O
82,POZ,224,-10.539,S1O
82,POZ,225,-11.515,S1O
82,POZ,226,-12.980,S1O
82,POZ,227,-13.468,S1O
82,POZ,228,-13.957,S1O
82,POZ,229,-13.957,S1O
82,POZ,230,-13.957,S1O
82,POZ,231,-13.468,S1O
82,POZ,232,-13.957,S1O
82,POZ,233,-13.957,S1O
82,POZ,234,-13.957,S1O
82,POZ,235,-13.468,S1O
82,POZ,236,-12.004,S1O
82,POZ,237,-11.027,S1O
82,POZ,238,-11.027,S1O
82,POZ,239,-12.492,S1O
82,POZ,240,-15.910,S1O
82,POZ,241,-19.816,S1O
82,POZ,242,-23.234,S1O
82,POZ,243,-25.187,S1O
82,POZ,244,-26.164,S1O
82,POZ,245,-25.675,S1O
82,POZ,246,-22.746,S1O
82,POZ,247,-18.840,S1O
82,POZ,248,-14.933,S1O
82,POZ,249,-12.004,S1O
82,POZ,250,-11.027,S1O
82,POZ,251,-11.515,S1O
82,POZ,252,-12.980,S1O
82,POZ,253,-14.445,S1O
82,POZ,254,-14.933,S1O
82,POZ,255,-15.910,S1O
82,OZ,0,-3.876,S1O
82,OZ,1,-5.829,S1O
82,OZ,2,-6.805,S1O
82,OZ,3,-7.294,S1O
82,OZ,4,-6.805,S1O
82,OZ,5,-6.317,S1O
82,OZ,6,-5.829,S1O
82,OZ,7,-5.829,S1O
82,OZ,8,-5.341,S1O
82,OZ,9,-3.876,S1O
82,OZ,10,-1.923,S1O
82,OZ,11,-0.458,S1O
82,OZ,12,0.519,S1O
82,OZ,13,-0.946,S1O
82,OZ,14,-2.411,S1O
82,OZ,15,-2.411,S1O
82,OZ,16,-1.434,S1O
82,OZ,17,1.007,S1O
82,OZ,18,2.960,S1O
82,OZ,19,4.425,S1O
82,OZ,20,3.448,S1O
82,OZ,21,2.472,S1O
82,OZ,22,1.007,S1O
82,OZ,23,0.519,S1O
82,OZ,24,0.519,S1O
82,OZ,25,1.007,S1O
82,OZ,26,1.495,S1O
82,OZ,27,1.984,S1O
82,OZ,28,2.960,S1O
82,OZ,29,2.960,S1O
82,OZ,30,2.472,S1O
82,OZ,31,0.031,S1O
82,OZ,32,-2.411,S1O
82,OZ,33,-4.852,S1O
82,OZ,34,-5.341,S1O
82,OZ,35,-3.876,S1O
82,OZ,36,-1.923,S1O
82,OZ,37,-1.434,S1O
82,OZ,38,-2.899,S1O
82,OZ,39,-6.317,S1O
82,OZ,40,-10.223,S1O
82,OZ,41,-12.665,S1O
82,OZ,42,-14.130,S1O
82,OZ,43,-14.618,S1O
82,OZ,44,-16.083,S1O
82,OZ,45,-18.036,S1O
82,OZ,46,-20.966,S1O
82,OZ,47,-22.919,S1O
82,OZ,48,-22.919,S1O
82,OZ,49,-20.966,S1O
82,OZ,50,-17.548,S1O
82,OZ,51,-14.130,S1O
82,OZ,52,-11.688,S1O
82,OZ,53,-10.712,S1O
82,OZ,54,-11.200,S1O
82,OZ,55,-11.200,S1O
82,OZ,56,-11.200,S1O
82,OZ,57,-10.223,S1O
82,OZ,58,-9.247,S1O
82,OZ,59,-7.782,S1O
82,OZ,60,-5.829,S1O
82,OZ,61,-3.876,S1O
82,OZ,62,-1.923,S1O
82,OZ,63,-0.458,S1O
82,OZ,64,0.519,S1O
82,OZ,65,-0.946,S1O
82,OZ,66,-2.899,S1O
82,OZ,67,-6.317,S1O
82,OZ,68,-9.735,S1O
82,OZ,69,-11.200,S1O
82,OZ,70,-11.200,S1O
82,OZ,71,-9.247,S1O
82,OZ,72,-6.805,S1O
82,OZ,73,-4.364,S1O
82,OZ,74,-2.899,S1O
82,OZ,75,-1.923,S1O
82,OZ,76,-1.434,S1O
82,OZ,77,-0.946,S1O
82,OZ,78,-1.923,S1O
82,OZ,79,-4.364,S1O
82,OZ,80,-7.782,S1O
82,OZ,81,-10.223,S1O
82,OZ,82,-11.200,S1O
82,OZ,83,-10.223,S1O
82,OZ,84,-7.782,S1O
82,OZ,85,-6.317,S1O
82,OZ,86,-6.805,S1O
82,OZ,87,-7.294,S1O
82,OZ,88,-7.782,S1O
82,OZ,89,-6.805,S1O
82,OZ,90,-4.364,S1O
82,OZ,91,-0.946,S1O
82,OZ,92,1.495,S1O
82,OZ,93,3.448,S1O
82,OZ,94,3.937,S1O
82,OZ,95,4.425,S1O
82,OZ,96,4.425,S1O
82,OZ,97,4.425,S1O
82,OZ,98,2.960,S1O
82,OZ,99,1.495,S1O
82,OZ,100,-0.458,S1O
82,OZ,101,-2.899,S1O
82,OZ,102,-5.341,S1O
82,OZ,103,-7.782,S1O
82,OZ,104,-9.735,S1O
82,OZ,105,-10.712,S1O
82,OZ,106,-10.712,S1O
82,OZ,107,-10.223,S1O
82,OZ,108,-9.247,S1O
82,OZ,109,-8.759,S1O
82,OZ,110,-8.759,S1O
82,OZ,111,-8.759,S1O
82,OZ,112,-8.759,S1O
82,OZ,113,-7.294,S1O
82,OZ,114,-5.341,S1O
82,OZ,115,-3.876,S1O
82,OZ,116,-2.899,S1O
82,OZ,117,-2.899,S1O
82,OZ,118,-3.876,S1O
82,OZ,119,-4.852,S1O
82,OZ,120,-5.829,S1O
82,OZ,121,-6.805,S1O
82,OZ,122,-7.294,S1O
82,OZ,123,-7.294,S1O
82,OZ,124,-6.317,S1O
82,OZ,125,-4.852,S1O
82,OZ,126,-3.387,S1O
82,OZ,127,-2.411,S1O
82,OZ,128,-1.434,S1O
82,OZ,129,-0.946,S1O
82,OZ,130,0.031,S1O
82,OZ,131,0.519,S1O
82,OZ,132,1.984,S1O
82,OZ,133,2.472,S1O
82,OZ,134,2.960,S1O
82,OZ,135,1.984,S1O
82,OZ,136,0.519,S1O
82,OZ,137,-1.923,S1O
82,OZ,138,-3.876,S1O
82,OZ,139,-5.829,S1O
82,OZ,140,-7.294,S1O
82,OZ,141,-8.759,S1O
82,OZ,142,-10.223,S1O
82,OZ,143,-11.200,S1O
82,OZ,144,-11.688,S1O
82,OZ,145,-11.688,S1O
82,OZ,146,-11.200,S1O
82,OZ,147,-10.712,S1O
82,OZ,148,-10.223,S1O
82,OZ,149,-9.247,S1O
82,OZ,150,-7.782,S1O
82,OZ,151,-5.829,S1O
82,OZ,152,-3.876,S1O
82,OZ,153,-2.899,S1O
82,OZ,154,-2.411,S1O
82,OZ,155,-3.387,S1O
82,OZ,156,-5.341,S1O
82,OZ,157,-6.805,S1O
82,OZ,158,-8.270,S1O
82,OZ,159,-9.735,S1O
82,OZ,160,-10.712,S1O
82,OZ,161,-10.712,S1O
82,OZ,162,-9.735,S1O
82,OZ,163,-9.247,S1O
82,OZ,164,-8.759,S1O
82,OZ,165,-9.735,S1O
82,OZ,166,-11.688,S1O
82,OZ,167,-14.130,S1O
82,OZ,168,-16.571,S1O
82,OZ,169,-18.036,S1O
82,OZ,170,-19.501,S1O
82,OZ,171,-20.966,S1O
82,OZ,172,-22.430,S1O
82,OZ,173,-23.407,S1O
82,OZ,174,-22.919,S1O
82,OZ,175,-21.454,S1O
82,OZ,176,-19.501,S1O
82,OZ,177,-17.548,S1O
82,OZ,178,-16.571,S1O
82,OZ,179,-15.594,S1O
82,OZ,180,-14.618,S1O
82,OZ,181,-12.665,S1O
82,OZ,182,-11.688,S1O
82,OZ,183,-11.200,S1O
82,OZ,184,-12.665,S1O
82,OZ,185,-15.106,S1O
82,OZ,186,-18.524,S1O
82,OZ,187,-20.966,S1O
82,OZ,188,-22.430,S1O
82,OZ,189,-22.430,S1O
82,OZ,190,-21.454,S1O
82,OZ,191,-19.989,S1O
82,OZ,192,-19.012,S1O
82,OZ,193,-17.548,S1O
82,OZ,194,-17.059,S1O
82,OZ,195,-16.083,S1O
82,OZ,196,-15.594,S1O
82,OZ,197,-15.594,S1O
82,OZ,198,-15.594,S1O
82,OZ,199,-16.083,S1O
82,OZ,200,-16.083,S1O
82,OZ,201,-15.594,S1O
82,OZ,202,-14.618,S1O
82,OZ,203,-13.153,S1O
82,OZ,204,-12.665,S1O
82,OZ,205,-13.153,S1O
82,OZ,206,-15.106,S1O
82,OZ,207,-17.548,S1O
82,OZ,208,-20.477,S1O
82,OZ,209,-21.454,S1O
82,OZ,210,-21.942,S1O
82,OZ,211,-20.477,S1O
82,OZ,212,-19.012,S1O
82,OZ,213,-17.548,S1O
82,OZ,214,-15.594,S1O
82,OZ,215,-13.153,S1O
82,OZ,216,-11.200,S1O
82,OZ,217,-9.247,S1O
82,OZ,218,-7.294,S1O
82,OZ,219,-6.805,S1O
82,OZ,220,-7.294,S1O
82,OZ,221,-8.270,S1O
82,OZ,222,-9.735,S1O
82,OZ,223,-10.712,S1O
82,OZ,224,-12.177,S1O
82,OZ,225,-13.641,S1O
82,OZ,226,-15.106,S1O
82,OZ,227,-16.571,S1O
82,OZ,228,-17.548,S1O
82,OZ,229,-18.036,S1O
82,OZ,230,-18.036,S1O
82,OZ,231,-18.524,S1O
82,OZ,232,-19.501,S1O
82,OZ,233,-19.501,S1O
82,OZ,234,-19.501,S1O
82,OZ,235,-18.524,S1O
82,OZ,236,-17.059,S1O
82,OZ,237,-15.594,S1O
82,OZ,238,-15.594,S1O
82,OZ,239,-16.571,S1O
82,OZ,240,-19.501,S1O
82,OZ,241,-22.919,S1O
82,OZ,242,-25.848,S1O
82,OZ,243,-27.802,S1O
82,OZ,244,-28.778,S1O
82,OZ,245,-27.802,S1O
82,OZ,246,-24.872,S1O
82,OZ,247,-20.966,S1O
82,OZ,248,-16.571,S1O
82,OZ,249,-13.153,S1O
82,OZ,250,-12.177,S1O
82,OZ,251,-13.153,S1O
82,OZ,252,-15.106,S1O
82,OZ,253,-17.548,S1O
82,OZ,254,-19.012,S1O
82,OZ,255,-19.989,S1O
82,P2,0,-5.330,S1O
82,P2,1,-6.795,S1O
82,P2,2,-7.772,S1O
82,P2,3,-8.748,S1O
82,P2,4,-8.260,S1O
82,P2,5,-7.284,S1O
82,P2,6,-6.307,S1O
82,P2,7,-5.330,S1O
82,P2,8,-4.354,S1O
82,P2,9,-3.377,S1O
82,P2,10,-2.889,S1O
82,P2,11,-1.912,S1O
82,P2,12,-1.912,S1O
82,P2,13,-1.424,S1O
82,P2,14,-0.936,S1O
82,P2,15,0.529,S1O
82,P2,16,2.482,S1O
82,P2,17,4.435,S1O
82,P2,18,4.924,S1O
82,P2,19,3.947,S1O
82,P2,20,1.506,S1O
82,P2,21,-0.936,S1O
82,P2,22,-2.401,S1O
82,P2,23,-1.912,S1O
82,P2,24,-0.936,S1O
82,P2,25,1.017,S1O
82,P2,26,1.994,S1O
82,P2,27,2.482,S1O
82,P2,28,1.994,S1O
82,P2,29,1.994,S1O
82,P2,30,1.994,S1O
82,P2,31,1.506,S1O
82,P2,32,1.017,S1O
82,P2,33,0.529,S1O
82,P2,34,0.529,S1O
82,P2,35,1.017,S1O
82,P2,36,2.482,S1O
82,P2,37,3.459,S1O
82,P2,38,3.459,S1O
82,P2,39,1.994,S1O
82,P2,40,0.041,S1O
82,P2,41,-1.912,S1O
82,P2,42,-3.866,S1O
82,P2,43,-4.842,S1O
82,P2,44,-5.819,S1O
82,P2,45,-7.284,S1O
82,P2,46,-9.237,S1O
82,P2,47,-11.190,S1O
82,P2,48,-11.678,S1O
82,P2,49,-11.190,S1O
82,P2,50,-9.237,S1O
82,P2,51,-7.284,S1O
82,P2,52,-6.307,S1O
82,P2,53,-5.819,S1O
82,P2,54,-7.284,S1O
82,P2,55,-8.748,S1O
82,P2,56,-10.213,S1O
82,P2,57,-10.213,S1O
82,P2,58,-10.213,S1O
82,P2,59,-9.237,S1O
82,P2,60,-8.260,S1O
82,P2,61,-6.795,S1O
82,P2,62,-4.842,S1O
82,P2,63,-2.889,S1O
82,P2,64,-1.424,S1O
82,P2,65,-0.448,S1O
82,P2,66,-0.936,S1O
82,P2,67,-3.377,S1O
82,P2,68,-5.330,S1O
82,P2,69,-6.307,S1O
82,P2,70,-5.330,S1O
82,P2,71,-3.866,S1O
82,P2,72,-2.889,S1O
82,P2,73,-2.401,S1O
82,P2,74,-1.912,S1O
82,P2,75,-1.424,S1O
82,P2,76,0.041,S1O
82,P2,77,1.506,S1O
82,P2,78,1.506,S1O
82,P2,79,0.041,S1O
82,P2,80,-2.889,S1O
82,P2,81,-5.330,S1O
82,P2,82,-5.819,S1O
82,P2,83,-4.842,S1O
82,P2,84,-3.377,S1O
82,P2,85,-2.889,S1O
82,P2,86,-3.377,S1O
82,P2,87,-4.354,S1O
82,P2,88,-4.354,S1O
82,P2,89,-2.889,S1O
82,P2,90,0.041,S1O
82,P2,91,3.947,S1O
82,P2,92,7.365,S1O
82,P2,93,10.295,S1O
82,P2,94,11.759,S1O
82,P2,95,12.736,S1O
82,P2,96,12.736,S1O
82,P2,97,11.271,S1O
82,P2,98,9.806,S1O
82,P2,99,7.853,S1O
82,P2,100,5.900,S1O
82,P2,101,3.947,S1O
82,P2,102,1.506,S1O
82,P2,103,-1.912,S1O
82,P2,104,-5.819,S1O
82,P2,105,-9.237,S1O
82,P2,106,-11.190,S1O
82,P2,107,-11.190,S1O
82,P2,108,-9.237,S1O
82,P2,109,-7.284,S1O
82,P2,110,-5.819,S1O
82,P2,111,-4.354,S1O
82,P2,112,-2.401,S1O
82,P2,113,0.041,S1O
82,P2,114,3.947,S1O
82,P2,115,6.877,S1O
82,P2,116,8.830,S1O
82,P2,117,8.341,S1O
82,P2,118,7.365,S1O
82,P2,119,5.412,S1O
82,P2,120,3.947,S1O
82,P2,121,2.970,S1O
82,P2,122,2.482,S1O
82,P2,123,1.994,S1O
82,P2,124,1.506,S1O
82,P2,125,1.017,S1O
82,P2,126,0.529,S1O
82,P2,127,0.529,S1O
82,P2,128,1.017,S1O
82,P2,129,1.017,S1O
82,P2,130,1.017,S1O
82,P2,131,1.017,S1O
82,P2,132,1.506,S1O
82,P2,133,1.506,S1O
82,P2,134,1.994,S1O
82,P2,135,1.994,S1O
82,P2,136,1.994,S1O
82,P2,137,1.017,S1O
82,P2,138,0.041,S1O
82,P2,139,-0.936,S1O
82,P2,140,-1.912,S1O
82,P2,141,-3.377,S1O
82,P2,142,-4.354,S1O
82,P2,143,-5.819,S1O
82,P2,144,-5.819,S1O
82,P2,145,-5.819,S1O
82,P2,146,-5.819,S1O
82,P2,147,-4.842,S1O
82,P2,148,-4.842,S1O
82,P2,149,-4.842,S1O
82,P2,150,-3.866,S1O
82,P2,151,-2.889,S1O
82,P2,152,-1.424,S1O
82,P2,153,0.041,S1O
82,P2,154,0.529,S1O
82,P2,155,0.041,S1O
82,P2,156,-0.936,S1O
82,P2,157,-2.889,S1O
82,P2,158,-4.354,S1O
82,P2,159,-6.307,S1O
82,P2,160,-7.284,S1O
82,P2,161,-7.284,S1O
82,P2,162,-6.307,S1O
82,P2,163,-5.330,S1O
82,P2,164,-4.842,S1O
82,P2,165,-5.330,S1O
82,P2,166,-6.795,S1O
82,P2,167,-8.260,S1O
82,P2,168,-9.237,S1O
82,P2,169,-9.237,S1O
82,P2,170,-9.237,S1O
82,P2,171,-9.237,S1O
82,P2,172,-9.725,S1O
82,P2,173,-10.701,S1O
82,P2,174,-11.678,S1O
82,P2,175,-11.678,S1O
82,P2,176,-10.701,S1O
82,P2,177,-9.725,S1O
82,P2,178,-8.748,S1O
82,P2,179,-7.284,S1O
82,P2,180,-6.307,S1O
82,P2,181,-5.330,S1O
82,P2,182,-4.354,S1O
82,P2,183,-4.842,S1O
82,P2,184,-6.307,S1O
82,P2,185,-7.772,S1O
82,P2,186,-9.725,S1O
82,P2,187,-10.213,S1O
82,P2,188,-10.701,S1O
82,P2,189,-10.213,S1O
82,P2,190,-9.237,S1O
82,P2,191,-8.748,S1O
82,P2,192,-8.260,S1O
82,P2,193,-7.284,S1O
82,P2,194,-6.795,S1O
82,P2,195,-6.307,S1O
82,P2,196,-6.795,S1O
82,P2,197,-7.284,S1O
82,P2,198,-7.284,S1O
82,P2,199,-7.772,S1O
82,P2,200,-7.284,S1O
82,P2,201,-6.307,S1O
82,P2,202,-4.842,S1O
82,P2,203,-3.866,S1O
82,P2,204,-2.889,S1O
82,P2,205,-2.889,S1O
82,P2,206,-3.866,S1O
82,P2,207,-5.819,S1O
82,P2,208,-8.748,S1O
82,P2,209,-11.190,S1O
82,P2,210,-12.655,S1O
82,P2,211,-12.166,S1O
82,P2,212,-10.701,S1O
82,P2,213,-8.748,S1O
82,P2,214,-7.772,S1O
82,P2,215,-6.795,S1O
82,P2,216,-5.330,S1O
82,P2,217,-3.377,S1O
82,P2,218,-1.424,S1O
82,P2,219,0.041,S1O
82,P2,220,0.041,S1O
82,P2,221,-1.912,S1O
82,P2,222,-4.354,S1O
82,P2,223,-6.307,S1O
82,P2,224,-8.260,S1O
82,P2,225,-9.237,S1O
82,P2,226,-11.190,S1O
82,P2,227,-12.655,S1O
82,P2,228,-13.631,S1O
82,P2,229,-14.119,S1O
82,P2,230,-13.143,S1O
82,P2,231,-11.678,S1O
82,P2,232,-10.213,S1O
82,P2,233,-9.725,S1O
82,P2,234,-9.237,S1O
82,P2,235,-9.237,S1O
82,P2,236,-7.772,S1O
82,P2,237,-6.795,S1O
82,P2,238,-6.795,S1O
82,P2,239,-7.772,S1O
82,P2,240,-11.190,S1O
82,P2,241,-15.584,S1O
82,P2,242,-19.979,S1O
82,P2,243,-22.909,S1O
82,P2,244,-23.885,S1O
82,P2,245,-22.909,S1O
82,P2,246,-19.979,S1O
82,P2,247,-16.073,S1O
82,P2,248,-12.655,S1O
82,P2,249,-10.213,S1O
82,P2,250,-8.748,S1O
82,P2,251,-9.237,S1O
82,P2,252,-10.213,S1O
82,P2,253,-10.701,S1O
82,P2,254,-11.190,S1O
82,P2,255,-12.166,S1O
82,P1,0,-5.341,S1O
82,P1,1,-6.805,S1O
82,P1,2,-7.782,S1O
82,P1,3,-6.805,S1O
82,P1,4,-5.829,S1O
82,P1,5,-4.364,S1O
82,P1,6,-3.387,S1O
82,P1,7,-2.899,S1O
82,P1,8,-2.411,S1O
82,P1,9,-0.946,S1O
82,P1,10,0.519,S1O
82,P1,11,1.007,S1O
82,P1,12,0.519,S1O
82,P1,13,-0.946,S1O
82,P1,14,-2.411,S1O
82,P1,15,-2.899,S1O
82,P1,16,-1.923,S1O
82,P1,17,-0.458,S1O
82,P1,18,0.519,S1O
82,P1,19,0.519,S1O
82,P1,20,-0.458,S1O
82,P1,21,-1.434,S1O
82,P1,22,-1.434,S1O
82,P1,23,-0.946,S1O
82,P1,24,0.519,S1O
82,P1,25,1.495,S1O
82,P1,26,1.984,S1O
82,P1,27,2.472,S1O
82,P1,28,2.472,S1O
82,P1,29,2.472,S1O
82,P1,30,2.472,S1O
82,P1,31,1.984,S1O
82,P1,32,1.495,S1O
82,P1,33,1.984,S1O
82,P1,34,4.425,S1O
82,P1,35,6.866,S1O
82,P1,36,9.308,S1O
82,P1,37,9.308,S1O
82,P1,38,7.843,S1O
82,P1,39,4.425,S1O
82,P1,40,1.984,S1O
82,P1,41,-0.458,S1O
82,P1,42,-1.434,S1O
82,P1,43,-2.899,S1O
82,P1,44,-4.852,S1O
82,P1,45,-8.270,S1O
82,P1,46,-11.200,S1O
82,P1,47,-13.153,S1O
82,P1,48,-13.641,S1O
82,P1,49,-13.153,S1O
82,P1,50,-11.688,S1O
82,P1,51,-9.735,S1O
82,P1,52,-8.270,S1O
82,P1,53,-7.294,S1O
82,P1,54,-7.294,S1O
82,P1,55,-7.782,S1O
82,P1,56,-8.270,S1O
82,P1,57,-8.759,S1O
82,P1,58,-8.759,S1O
82,P1,59,-7.782,S1O
82,P1,60,-6.805,S1O
82,P1,61,-5.829,S1O
82,P1,62,-3.876,S1O
82,P1,63,-2.411,S1O
82,P1,64,-1.434,S1O
82,P1,65,-0.946,S1O
82,P1,66,-0.946,S1O
82,P1,67,-2.411,S1O
82,P1,68,-4.364,S1O
82,P1,69,-5.341,S1O
82,P1,70,-4.852,S1O
82,P1,71,-3.387,S1O
82,P1,72,-1.923,S1O
82,P1,73,-0.946,S1O
82,P1,74,-0.946,S1O
82,P1,75,-1.434,S1O
82,P1,76,-1.923,S1O
82,P1,77,-2.899,S1O
82,P1,78,-4.364,S1O
82,P1,79,-7.294,S1O
82,P1,80,-10.223,S1O
82,P1,81,-12.177,S1O
82,P1,82,-12.665,S1O
82,P1,83,-11.200,S1O
82,P1,84,-9.247,S1O
82,P1,85,-7.782,S1O
82,P1,86,-7.294,S1O
82,P1,87,-7.782,S1O
82,P1,88,-7.782,S1O
82,P1,89,-6.317,S1O
82,P1,90,-3.387,S1O
82,P1,91,0.519,S1O
82,P1,92,3.937,S1O
82,P1,93,5.890,S1O
82,P1,94,7.355,S1O
82,P1,95,8.331,S1O
82,P1,96,7.843,S1O
82,P1,97,7.843,S1O
82,P1,98,7.355,S1O
82,P1,99,6.378,S1O
82,P1,100,5.402,S1O
82,P1,101,3.937,S1O
82,P1,102,1.984,S1O
82,P1,103,-0.458,S1O
82,P1,104,-2.411,S1O
82,P1,105,-3.876,S1O
82,P1,106,-4.364,S1O
82,P1,107,-4.364,S1O
82,P1,108,-4.364,S1O
82,P1,109,-3.876,S1O
82,P1,110,-3.387,S1O
82,P1,111,-2.411,S1O
82,P1,112,-0.458,S1O
82,P1,113,1.495,S1O
82,P1,114,3.448,S1O
82,P1,115,4.425,S1O
82,P1,116,4.913,S1O
82,P1,117,4.913,S1O
82,P1,118,4.425,S1O
82,P1,119,4.425,S1O
82,P1,120,3.937,S1O
82,P1,121,2.960,S1O
82,P1,122,1.495,S1O
82,P1,123,-0.458,S1O
82,P1,124,-1.434,S1O
82,P1,125,-1.434,S1O
82,P1,126,-1.434,S1O
82,P1,127,-1.434,S1O
82,P1,128,-1.434,S1O
82,P1,129,-1.434,S1O
82,P1,130,-1.434,S1O
82,P1,131,0.031,S1O
82,P1,132,1.984,S1O
82,P1,133,3.448,S1O
82,P1,134,3.937,S1O
82,P1,135,3.448,S1O
82,P1,136,1.984,S1O
82,P1,137,0.031,S1O
82,P1,138,-1.434,S1O
82,P1,139,-2.411,S1O
82,P1,140,-3.387,S1O
82,P1,141,-4.364,S1O
82,P1,142,-5.341,S1O
82,P1,143,-5.829,S1O
82,P1,144,-5.341,S1O
82,P1,145,-4.364,S1O
82,P1,146,-3.387,S1O
82,P1,147,-3.387,S1O
82,P1,148,-2.899,S1O
82,P1,149,-2.411,S1O
82,P1,150,-2.411,S1O
82,P1,151,-1.434,S1O
82,P1,152,-0.946,S1O
82,P1,153,-0.458,S1O
82,P1,154,-0.458,S1O
82,P1,155,-0.458,S1O
82,P1,156,-0.946,S1O
82,P1,157,-1.434,S1O
82,P1,158,-1.923,S1O
82,P1,159,-2.899,S1O
82,P1,160,-3.876,S1O
82,P1,161,-3.876,S1O
82,P1,162,-2.899,S1O
82,P1,163,-2.411,S1O
82,P1,164,-1.923,S1O
82,P1,165,-2.899,S1O
82,P1,166,-4.364,S1O
82,P1,167,-6.805,S1O
82,P1,168,-8.270,S1O
82,P1,169,-8.759,S1O
82,P1,170,-9.735,S1O
82,P1,171,-9.735,S1O
82,P1,172,-10.223,S1O
82,P1,173,-10.712,S1O
82,P1,174,-10.223,S1O
82,P1,175,-9.247,S1O
82,P1,176,-8.270,S1O
82,P1,177,-7.294,S1O
82,P1,178,-6.805,S1O
82,P1,179,-6.805,S1O
82,P1,180,-6.805,S1O
82,P1,181,-6.317,S1O
82,P1,182,-5.829,S1O
82,P1,183,-5.341,S1O
82,P1,184,-6.317,S1O
82,P1,185,-7.782,S1O
82,P1,186,-9.247,S1O
82,P1,187,-10.712,S1O
82,P1,188,-11.688,S1O
82,P1,189,-11.688,S1O
82,P1,190,-10.712,S1O
82,P1,191,-9.735,S1O
82,P1,192,-8.270,S1O
82,P1,193,-7.294,S1O
82,P1,194,-6.805,S1O
82,P1,195,-6.805,S1O
82,P1,196,-6.805,S1O
82,P1,197,-6.805,S1O
82,P1,198,-6.805,S1O
82,P1,199,-6.317,S1O
82,P1,200,-6.317,S1O
82,P1,201,-6.317,S1O
82,P1,202,-5.829,S1O
82,P1,203,-5.341,S1O
82,P1,204,-4.364,S1O
82,P1,205,-4.364,S1O
82,P1,206,-5.341,S1O
82,P1,207,-6.805,S1O
82,P1,208,-8.759,S1O
82,P1,209,-9.735,S1O
82,P1,210,-9.735,S1O
82,P1,211,-8.759,S1O
82,P1,212,-6.805,S1O
82,P1,213,-5.829,S1O
82,P1,214,-5.341,S1O
82,P1,215,-4.364,S1O
82,P1,216,-3.876,S1O
82,P1,217,-2.899,S1O
82,P1,218,-1.923,S1O
82,P1,219,-1.923,S1O
82,P1,220,-2.411,S1O
82,P1,221,-3.387,S1O
82,P1,222,-4.852,S1O
82,P1,223,-6.317,S1O
82,P1,224,-7.782,S1O
82,P1,225,-8.759,S1O
82,P1,226,-10.223,S1O
82,P1,227,-11.200,S1O
82,P1,228,-11.688,S1O
82,P1,229,-11.688,S1O
82,P1,230,-11.200,S1O
82,P1,231,-11.200,S1O
82,P1,232,-11.688,S1O
82,P1,233,-12.177,S1O
82,P1,234,-12.665,S1O
82,P1,235,-12.177,S1O
82,P1,236,-10.712,S1O
82,P1,237,-9.735,S1O
82,P1,238,-9.735,S1O
82,P1,239,-11.200,S1O
82,P1,240,-12.665,S1O
82,P1,241,-15.106,S1O
82,P1,242,-17.548,S1O
82,P1,243,-19.012,S1O
82,P1,244,-19.989,S1O
82,P1,245,-19.501,S1O
82,P1,246,-18.036,S1O
82,P1,247,-16.083,S1O
82,P1,248,-13.641,S1O
82,P1,249,-11.200,S1O
82,P1,250,-10.223,S1O
82,P1,251,-10.712,S1O
82,P1,252,-11.688,S1O
82,P1,253,-12.177,S1O
82,P1,254,-13.641,S1O
82,P1,255,-14.618,S1O
82,CPZ,0,-5.503,S1O
82,CPZ,1,-5.992,S1O
82,CPZ,2,-5.992,S1O
82,CPZ,3,-5.503,S1O
82,CPZ,4,-5.015,S1O
82,CPZ,5,-4.038,S1O
82,CPZ,6,-3.550,S1O
82,CPZ,7,-3.062,S1O
82,CPZ,8,-3.062,S1O
82,CPZ,9,-2.574,S1O
82,CPZ,10,-2.574,S1O
82,CPZ,11,-2.574,S1O
82,CPZ,12,-2.574,S1O
82,CPZ,13,-3.062,S1O
82,CPZ,14,-3.062,S1O
82,CPZ,15,-2.574,S1O
82,CPZ,16,-1.597,S1O
82,CPZ,17,-0.621,S1O
82,CPZ,18,-0.132,S1O
82,CPZ,19,-1.109,S1O
82,CPZ,20,-2.085,S1O
82,CPZ,21,-3.550,S1O
82,CPZ,22,-4.038,S1O
82,CPZ,23,-3.062,S1O
82,CPZ,24,-2.574,S1O
82,CPZ,25,-1.597,S1O
82,CPZ,26,-0.621,S1O
82,CPZ,27,-0.621,S1O
82,CPZ,28,-1.109,S1O
82,CPZ,29,-1.109,S1O
82,CPZ,30,-1.109,S1O
82,CPZ,31,-1.109,S1O
82,CPZ,32,-1.109,S1O
82,CPZ,33,-0.621,S1O
82,CPZ,34,0.356,S1O
82,CPZ,35,1.333,S1O
82,CPZ,36,1.821,S1O
82,CPZ,37,2.309,S1O
82,CPZ,38,1.333,S1O
82,CPZ,39,0.356,S1O
82,CPZ,40,-0.621,S1O
82,CPZ,41,-1.597,S1O
82,CPZ,42,-2.085,S1O
82,CPZ,43,-3.062,S1O
82,CPZ,44,-3.550,S1O
82,CPZ,45,-4.527,S1O
82,CPZ,46,-5.503,S1O
82,CPZ,47,-6.480,S1O
82,CPZ,48,-6.968,S1O
82,CPZ,49,-6.968,S1O
82,CPZ,50,-6.480,S1O
82,CPZ,51,-5.503,S1O
82,CPZ,52,-5.015,S1O
82,CPZ,53,-4.527,S1O
82,CPZ,54,-4.527,S1O
82,CPZ,55,-5.015,S1O
82,CPZ,56,-5.992,S1O
82,CPZ,57,-6.480,S1O
82,CPZ,58,-6.968,S1O
82,CPZ,59,-6.968,S1O
82,CPZ,60,-6.968,S1O
82,CPZ,61,-6.480,S1O
82,CPZ,62,-5.992,S1O
82,CPZ,63,-5.015,S1O
82,CPZ,64,-4.038,S1O
82,CPZ,65,-3.062,S1O
82,CPZ,66,-3.062,S1O
82,CPZ,67,-3.550,S1O
82,CPZ,68,-4.038,S1O
82,CPZ,69,-4.038,S1O
82,CPZ,70,-4.038,S1O
82,CPZ,71,-3.550,S1O
82,CPZ,72,-3.062,S1O
82,CPZ,73,-2.574,S1O
82,CPZ,74,-2.574,S1O
82,CPZ,75,-2.574,S1O
82,CPZ,76,-2.085,S1O
82,CPZ,77,-2.085,S1O
82,CPZ,78,-2.574,S1O
82,CPZ,79,-3.062,S1O
82,CPZ,80,-4.038,S1O
82,CPZ,81,-5.015,S1O
82,CPZ,82,-5.503,S1O
82,CPZ,83,-5.015,S1O
82,CPZ,84,-3.550,S1O
82,CPZ,85,-3.550,S1O
82,CPZ,86,-3.550,S1O
82,CPZ,87,-4.038,S1O
82,CPZ,88,-4.038,S1O
82,CPZ,89,-3.550,S1O
82,CPZ,90,-2.085,S1O
82,CPZ,91,-0.621,S1O
82,CPZ,92,1.333,S1O
82,CPZ,93,2.797,S1O
82,CPZ,94,3.774,S1O
82,CPZ,95,3.774,S1O
82,CPZ,96,3.774,S1O
82,CPZ,97,3.286,S1O
82,CPZ,98,2.309,S1O
82,CPZ,99,1.821,S1O
82,CPZ,100,1.821,S1O
82,CPZ,101,1.333,S1O
82,CPZ,102,0.844,S1O
82,CPZ,103,-0.621,S1O
82,CPZ,104,-2.085,S1O
82,CPZ,105,-3.062,S1O
82,CPZ,106,-3.550,S1O
82,CPZ,107,-3.550,S1O
82,CPZ,108,-3.550,S1O
82,CPZ,109,-3.062,S1O
82,CPZ,110,-3.062,S1O
82,CPZ,111,-2.574,S1O
82,CPZ,112,-1.597,S1O
82,CPZ,113,-0.132,S1O
82,CPZ,114,1.333,S1O
82,CPZ,115,2.797,S1O
82,CPZ,116,3.286,S1O
82,CPZ,117,3.286,S1O
82,CPZ,118,2.797,S1O
82,CPZ,119,2.309,S1O
82,CPZ,120,2.797,S1O
82,CPZ,121,2.309,S1O
82,CPZ,122,1.821,S1O
82,CPZ,123,1.333,S1O
82,CPZ,124,0.356,S1O
82,CPZ,125,-0.132,S1O
82,CPZ,126,-1.597,S1O
82,CPZ,127,-2.085,S1O
82,CPZ,128,-2.085,S1O
82,CPZ,129,-2.574,S1O
82,CPZ,130,-2.574,S1O
82,CPZ,131,-2.085,S1O
82,CPZ,132,-1.597,S1O
82,CPZ,133,-1.109,S1O
82,CPZ,134,-0.621,S1O
82,CPZ,135,-0.621,S1O
82,CPZ,136,-0.621,S1O
82,CPZ,137,-1.109,S1O
82,CPZ,138,-2.085,S1O
82,CPZ,139,-2.574,S1O
82,CPZ,140,-3.062,S1O
82,CPZ,141,-3.550,S1O
82,CPZ,142,-4.038,S1O
82,CPZ,143,-4.038,S1O
82,CPZ,144,-3.550,S1O
82,CPZ,145,-3.550,S1O
82,CPZ,146,-3.062,S1O
82,CPZ,147,-2.574,S1O
82,CPZ,148,-2.574,S1O
82,CPZ,149,-2.574,S1O
82,CPZ,150,-2.574,S1O
82,CPZ,151,-2.574,S1O
82,CPZ,152,-2.574,S1O
82,CPZ,153,-2.574,S1O
82,CPZ,154,-2.574,S1O
82,CPZ,155,-2.574,S1O
82,CPZ,156,-2.574,S1O
82,CPZ,157,-2.574,S1O
82,CPZ,158,-2.574,S1O
82,CPZ,159,-3.062,S1O
82,CPZ,160,-3.062,S1O
82,CPZ,161,-3.550,S1O
82,CPZ,162,-3.062,S1O
82,CPZ,163,-3.062,S1O
82,CPZ,164,-3.062,S1O
82,CPZ,165,-3.550,S1O
82,CPZ,166,-4.038,S1O
82,CPZ,167,-4.527,S1O
82,CPZ,168,-5.015,S1O
82,CPZ,169,-5.015,S1O
82,CPZ,170,-5.015,S1O
82,CPZ,171,-4.527,S1O
82,CPZ,172,-4.527,S1O
82,CPZ,173,-4.038,S1O
82,CPZ,174,-4.527,S1O
82,CPZ,175,-4.527,S1O
82,CPZ,176,-4.038,S1O
82,CPZ,177,-4.038,S1O
82,CPZ,178,-3.550,S1O
82,CPZ,179,-3.550,S1O
82,CPZ,180,-3.550,S1O
82,CPZ,181,-4.038,S1O
82,CPZ,182,-4.038,S1O
82,CPZ,183,-4.527,S1O
82,CPZ,184,-5.015,S1O
82,CPZ,185,-5.503,S1O
82,CPZ,186,-5.503,S1O
82,CPZ,187,-5.503,S1O
82,CPZ,188,-5.503,S1O
82,CPZ,189,-5.503,S1O
82,CPZ,190,-5.015,S1O
82,CPZ,191,-4.527,S1O
82,CPZ,192,-4.527,S1O
82,CPZ,193,-4.038,S1O
82,CPZ,194,-4.038,S1O
82,CPZ,195,-4.038,S1O
82,CPZ,196,-4.038,S1O
82,CPZ,197,-4.038,S1O
82,CPZ,198,-4.038,S1O
82,CPZ,199,-3.550,S1O
82,CPZ,200,-3.550,S1O
82,CPZ,201,-3.062,S1O
82,CPZ,202,-2.574,S1O
82,CPZ,203,-2.574,S1O
82,CPZ,204,-2.574,S1O
82,CPZ,205,-2.574,S1O
82,CPZ,206,-3.062,S1O
82,CPZ,207,-3.550,S1O
82,CPZ,208,-4.527,S1O
82,CPZ,209,-5.015,S1O
82,CPZ,210,-5.015,S1O
82,CPZ,211,-4.527,S1O
82,CPZ,212,-4.038,S1O
82,CPZ,213,-3.062,S1O
82,CPZ,214,-3.062,S1O
82,CPZ,215,-2.574,S1O
82,CPZ,216,-2.085,S1O
82,CPZ,217,-1.597,S1O
82,CPZ,218,-1.109,S1O
82,CPZ,219,-1.109,S1O
82,CPZ,220,-1.597,S1O
82,CPZ,221,-2.574,S1O
82,CPZ,222,-4.038,S1O
82,CPZ,223,-5.015,S1O
82,CPZ,224,-5.992,S1O
82,CPZ,225,-6.968,S1O
82,CPZ,226,-6.968,S1O
82,CPZ,227,-7.456,S1O
82,CPZ,228,-7.456,S1O
82,CPZ,229,-7.456,S1O
82,CPZ,230,-6.968,S1O
82,CPZ,231,-6.480,S1O
82,CPZ,232,-5.992,S1O
82,CPZ,233,-5.503,S1O
82,CPZ,234,-5.503,S1O
82,CPZ,235,-5.503,S1O
82,CPZ,236,-5.503,S1O
82,CPZ,237,-5.015,S1O
82,CPZ,238,-5.015,S1O
82,CPZ,239,-5.503,S1O
82,CPZ,240,-6.480,S1O
82,CPZ,241,-7.456,S1O
82,CPZ,242,-8.921,S1O
82,CPZ,243,-10.386,S1O
82,CPZ,244,-10.874,S1O
82,CPZ,245,-10.874,S1O
82,CPZ,246,-10.386,S1O
82,CPZ,247,-8.921,S1O
82,CPZ,248,-7.456,S1O
82,CPZ,249,-6.480,S1O
82,CPZ,250,-5.992,S1O
82,CPZ,251,-5.992,S1O
82,CPZ,252,-6.480,S1O
82,CPZ,253,-6.480,S1O
82,CPZ,254,-6.968,S1O
82,CPZ,255,-6.968,S1O
82,nd,0,16.246,S1O
82,nd,1,14.781,S1O
82,nd,2,13.804,S1O
82,nd,3,14.781,S1O
82,nd,4,15.757,S1O
82,nd,5,14.781,S1O
82,nd,6,11.851,S1O
82,nd,7,7.945,S1O
82,nd,8,5.503,S1O
82,nd,9,5.992,S1O
82,nd,10,8.433,S1O
82,nd,11,11.363,S1O
82,nd,12,11.363,S1O
82,nd,13,8.921,S1O
82,nd,14,3.062,S1O
82,nd,15,-2.797,S1O
82,nd,16,-7.192,S1O
82,nd,17,-10.122,S1O
82,nd,18,-9.145,S1O
82,nd,19,-6.215,S1O
82,nd,20,-2.309,S1O
82,nd,21,1.109,S1O
82,nd,22,2.574,S1O
82,nd,23,2.574,S1O
82,nd,24,0.621,S1O
82,nd,25,-0.844,S1O
82,nd,26,-1.821,S1O
82,nd,27,-0.356,S1O
82,nd,28,1.597,S1O
82,nd,29,4.527,S1O
82,nd,30,5.503,S1O
82,nd,31,5.015,S1O
82,nd,32,3.550,S1O
82,nd,33,2.085,S1O
82,nd,34,1.597,S1O
82,nd,35,2.574,S1O
82,nd,36,4.038,S1O
82,nd,37,4.527,S1O
82,nd,38,2.574,S1O
82,nd,39,-0.844,S1O
82,nd,40,-3.774,S1O
82,nd,41,-4.751,S1O
82,nd,42,-4.262,S1O
82,nd,43,-4.262,S1O
82,nd,44,-7.192,S1O
82,nd,45,-13.051,S1O
82,nd,46,-20.376,S1O
82,nd,47,-24.770,S1O
82,nd,48,-24.770,S1O
82,nd,49,-19.887,S1O
82,nd,50,-14.028,S1O
82,nd,51,-9.145,S1O
82,nd,52,-7.192,S1O
82,nd,53,-7.192,S1O
82,nd,54,-5.727,S1O
82,nd,55,-2.797,S1O
82,nd,56,2.085,S1O
82,nd,57,5.015,S1O
82,nd,58,5.503,S1O
82,nd,59,3.550,S1O
82,nd,60,1.597,S1O
82,nd,61,1.597,S1O
82,nd,62,2.574,S1O
82,nd,63,3.550,S1O
82,nd,64,2.085,S1O
82,nd,65,-1.821,S1O
82,nd,66,-6.704,S1O
82,nd,67,-11.587,S1O
82,nd,68,-14.028,S1O
82,nd,69,-14.028,S1O
82,nd,70,-12.075,S1O
82,nd,71,-7.680,S1O
82,nd,72,-3.286,S1O
82,nd,73,0.132,S1O
82,nd,74,2.574,S1O
82,nd,75,2.574,S1O
82,nd,76,2.085,S1O
82,nd,77,2.085,S1O
82,nd,78,3.550,S1O
82,nd,79,5.503,S1O
82,nd,80,6.968,S1O
82,nd,81,6.480,S1O
82,nd,82,5.015,S1O
82,nd,83,3.062,S1O
82,nd,84,1.109,S1O
82,nd,85,-1.821,S1O
82,nd,86,-5.239,S1O
82,nd,87,-9.145,S1O
82,nd,88,-13.540,S1O
82,nd,89,-16.469,S1O
82,nd,90,-18.911,S1O
82,nd,91,-21.840,S1O
82,nd,92,-25.258,S1O
82,nd,93,-29.165,S1O
82,nd,94,-32.094,S1O
82,nd,95,-33.071,S1O
82,nd,96,-31.606,S1O
82,nd,97,-27.212,S1O
82,nd,98,-22.817,S1O
82,nd,99,-19.399,S1O
82,nd,100,-17.934,S1O
82,nd,101,-18.422,S1O
82,nd,102,-18.911,S1O
82,nd,103,-17.934,S1O
82,nd,104,-16.469,S1O
82,nd,105,-14.516,S1O
82,nd,106,-13.051,S1O
82,nd,107,-13.051,S1O
82,nd,108,-14.516,S1O
82,nd,109,-15.981,S1O
82,nd,110,-16.958,S1O
82,nd,111,-15.981,S1O
82,nd,112,-13.540,S1O
82,nd,113,-10.122,S1O
82,nd,114,-7.192,S1O
82,nd,115,-6.704,S1O
82,nd,116,-7.680,S1O
82,nd,117,-10.610,S1O
82,nd,118,-13.051,S1O
82,nd,119,-14.028,S1O
82,nd,120,-13.051,S1O
82,nd,121,-10.122,S1O
82,nd,122,-7.192,S1O
82,nd,123,-4.262,S1O
82,nd,124,-2.797,S1O
82,nd,125,-1.333,S1O
82,nd,126,-0.844,S1O
82,nd,127,-0.844,S1O
82,nd,128,-1.821,S1O
82,nd,129,-3.774,S1O
82,nd,130,-4.751,S1O
82,nd,131,-4.262,S1O
82,nd,132,-3.774,S1O
82,nd,133,-3.774,S1O
82,nd,134,-4.751,S1O
82,nd,135,-6.704,S1O
82,nd,136,-8.657,S1O
82,nd,137,-9.145,S1O
82,nd,138,-9.633,S1O
82,nd,139,-9.633,S1O
82,nd,140,-10.122,S1O
82,nd,141,-11.098,S1O
82,nd,142,-11.098,S1O
82,nd,143,-10.122,S1O
82,nd,144,-7.680,S1O
82,nd,145,-5.239,S1O
82,nd,146,-4.262,S1O
82,nd,147,-4.751,S1O
82,nd,148,-6.704,S1O
82,nd,149,-9.633,S1O
82,nd,150,-11.098,S1O
82,nd,151,-10.610,S1O
82,nd,152,-7.192,S1O
82,nd,153,-2.797,S1O
82,nd,154,0.132,S1O
82,nd,155,0.621,S1O
82,nd,156,-2.309,S1O
82,nd,157,-6.704,S1O
82,nd,158,-9.145,S1O
82,nd,159,-9.633,S1O
82,nd,160,-7.192,S1O
82,nd,161,-4.751,S1O
82,nd,162,-2.797,S1O
82,nd,163,-1.821,S1O
82,nd,164,-1.821,S1O
82,nd,165,-2.797,S1O
82,nd,166,-5.727,S1O
82,nd,167,-9.145,S1O
82,nd,168,-12.563,S1O
82,nd,169,-14.028,S1O
82,nd,170,-13.540,S1O
82,nd,171,-12.563,S1O
82,nd,172,-13.051,S1O
82,nd,173,-15.493,S1O
82,nd,174,-18.422,S1O
82,nd,175,-19.399,S1O
82,nd,176,-15.981,S1O
82,nd,177,-10.122,S1O
82,nd,178,-5.239,S1O
82,nd,179,-3.774,S1O
82,nd,180,-5.239,S1O
82,nd,181,-7.192,S1O
82,nd,182,-7.192,S1O
82,nd,183,-5.239,S1O
82,nd,184,-3.774,S1O
82,nd,185,-4.262,S1O
82,nd,186,-7.680,S1O
82,nd,187,-12.075,S1O
82,nd,188,-15.004,S1O
82,nd,189,-15.004,S1O
82,nd,190,-13.540,S1O
82,nd,191,-12.075,S1O
82,nd,192,-10.122,S1O
82,nd,193,-8.657,S1O
82,nd,194,-6.215,S1O
82,nd,195,-2.309,S1O
82,nd,196,0.621,S1O
82,nd,197,2.085,S1O
82,nd,198,1.109,S1O
82,nd,199,-2.797,S1O
82,nd,200,-6.704,S1O
82,nd,201,-9.145,S1O
82,nd,202,-8.657,S1O
82,nd,203,-6.215,S1O
82,nd,204,-3.286,S1O
82,nd,205,-1.333,S1O
82,nd,206,-0.844,S1O
82,nd,207,-1.333,S1O
82,nd,208,-1.821,S1O
82,nd,209,-1.821,S1O
82,nd,210,-1.333,S1O
82,nd,211,-0.356,S1O
82,nd,212,1.109,S1O
82,nd,213,3.062,S1O
82,nd,214,5.015,S1O
82,nd,215,6.968,S1O
82,nd,216,7.456,S1O
82,nd,217,6.480,S1O
82,nd,218,5.015,S1O
82,nd,219,4.527,S1O
82,nd,220,6.480,S1O
82,nd,221,9.898,S1O
82,nd,222,13.804,S1O
82,nd,223,15.757,S1O
82,nd,224,15.757,S1O
82,nd,225,13.804,S1O
82,nd,226,10.874,S1O
82,nd,227,7.945,S1O
82,nd,228,5.015,S1O
82,nd,229,1.597,S1O
82,nd,230,-1.333,S1O
82,nd,231,-4.751,S1O
82,nd,232,-7.192,S1O
82,nd,233,-9.145,S1O
82,nd,234,-10.122,S1O
82,nd,235,-10.122,S1O
82,nd,236,-9.633,S1O
82,nd,237,-7.680,S1O
82,nd,238,-5.727,S1O
82,nd,239,-4.751,S1O
82,nd,240,-4.262,S1O
82,nd,241,-5.239,S1O
82,nd,242,-5.727,S1O
82,nd,243,-5.727,S1O
82,nd,244,-5.239,S1O
82,nd,245,-4.751,S1O
82,nd,246,-4.262,S1O
82,nd,247,-3.774,S1O
82,nd,248,-3.286,S1O
82,nd,249,-2.797,S1O
82,nd,250,-4.262,S1O
82,nd,251,-7.192,S1O
82,nd,252,-11.098,S1O
82,nd,253,-13.051,S1O
82,nd,254,-12.563,S1O
82,nd,255,-10.122,S1O
82,Y,0,16.032,S1O
82,Y,1,14.079,S1O
82,Y,2,13.590,S1O
82,Y,3,14.567,S1O
82,Y,4,15.544,S1O
82,Y,5,15.055,S1O
82,Y,6,11.637,S1O
82,Y,7,7.731,S1O
82,Y,8,5.290,S1O
82,Y,9,5.290,S1O
82,Y,10,8.219,S1O
82,Y,11,11.149,S1O
82,Y,12,11.637,S1O
82,Y,13,8.219,S1O
82,Y,14,2.848,S1O
82,Y,15,-3.011,S1O
82,Y,16,-7.406,S1O
82,Y,17,-9.847,S1O
82,Y,18,-8.870,S1O
82,Y,19,-6.429,S1O
82,Y,20,-2.523,S1O
82,Y,21,0.407,S1O
82,Y,22,2.360,S1O
82,Y,23,2.360,S1O
82,Y,24,0.895,S1O
82,Y,25,-1.058,S1O
82,Y,26,-1.546,S1O
82,Y,27,-0.570,S1O
82,Y,28,1.872,S1O
82,Y,29,4.313,S1O
82,Y,30,5.778,S1O
82,Y,31,5.290,S1O
82,Y,32,3.825,S1O
82,Y,33,1.872,S1O
82,Y,34,1.383,S1O
82,Y,35,2.360,S1O
82,Y,36,3.825,S1O
82,Y,37,4.313,S1O
82,Y,38,2.848,S1O
82,Y,39,-0.570,S1O
82,Y,40,-3.499,S1O
82,Y,41,-4.964,S1O
82,Y,42,-4.476,S1O
82,Y,43,-4.964,S1O
82,Y,44,-7.406,S1O
82,Y,45,-13.265,S1O
82,Y,46,-20.101,S1O
82,Y,47,-24.495,S1O
82,Y,48,-24.495,S1O
82,Y,49,-19.613,S1O
82,Y,50,-13.753,S1O
82,Y,51,-9.359,S1O
82,Y,52,-7.406,S1O
82,Y,53,-7.406,S1O
82,Y,54,-5.941,S1O
82,Y,55,-2.523,S1O
82,Y,56,1.383,S1O
82,Y,57,4.801,S1O
82,Y,58,5.290,S1O
82,Y,59,3.337,S1O
82,Y,60,1.383,S1O
82,Y,61,0.895,S1O
82,Y,62,2.360,S1O
82,Y,63,3.337,S1O
82,Y,64,1.872,S1O
82,Y,65,-2.035,S1O
82,Y,66,-6.917,S1O
82,Y,67,-11.800,S1O
82,Y,68,-14.242,S1O
82,Y,69,-14.242,S1O
82,Y,70,-11.800,S1O
82,Y,71,-7.894,S1O
82,Y,72,-3.499,S1O
82,Y,73,-0.081,S1O
82,Y,74,2.360,S1O
82,Y,75,2.360,S1O
82,Y,76,1.872,S1O
82,Y,77,1.872,S1O
82,Y,78,3.337,S1O
82,Y,79,5.290,S1O
82,Y,80,6.755,S1O
82,Y,81,6.266,S1O
82,Y,82,4.801,S1O
82,Y,83,2.848,S1O
82,Y,84,0.407,S1O
82,Y,85,-2.035,S1O
82,Y,86,-5.452,S1O
82,Y,87,-9.359,S1O
82,Y,88,-13.265,S1O
82,Y,89,-16.683,S1O
82,Y,90,-19.124,S1O
82,Y,91,-22.054,S1O
82,Y,92,-25.472,S1O
82,Y,93,-29.378,S1O
82,Y,94,-32.308,S1O
82,Y,95,-33.285,S1O
82,Y,96,-31.331,S1O
82,Y,97,-27.425,S1O
82,Y,98,-23.031,S1O
82,Y,99,-19.613,S1O
82,Y,100,-18.148,S1O
82,Y,101,-18.636,S1O
82,Y,102,-19.124,S1O
82,Y,103,-18.636,S1O
82,Y,104,-16.683,S1O
82,Y,105,-14.242,S1O
82,Y,106,-13.265,S1O
82,Y,107,-13.265,S1O
82,Y,108,-14.730,S1O
82,Y,109,-16.195,S1O
82,Y,110,-17.171,S1O
82,Y,111,-16.195,S1O
82,Y,112,-13.265,S1O
82,Y,113,-10.335,S1O
82,Y,114,-7.406,S1O
82,Y,115,-6.429,S1O
82,Y,116,-7.894,S1O
82,Y,117,-10.824,S1O
82,Y,118,-13.265,S1O
82,Y,119,-14.242,S1O
82,Y,120,-12.777,S1O
82,Y,121,-9.847,S1O
82,Y,122,-6.917,S1O
82,Y,123,-4.476,S1O
82,Y,124,-2.523,S1O
82,Y,125,-1.546,S1O
82,Y,126,-0.570,S1O
82,Y,127,-1.058,S1O
82,Y,128,-2.523,S1O
82,Y,129,-3.988,S1O
82,Y,130,-4.964,S1O
82,Y,131,-4.964,S1O
82,Y,132,-3.988,S1O
82,Y,133,-3.988,S1O
82,Y,134,-4.964,S1O
82,Y,135,-6.917,S1O
82,Y,136,-8.382,S1O
82,Y,137,-9.359,S1O
82,Y,138,-9.359,S1O
82,Y,139,-9.847,S1O
82,Y,140,-10.335,S1O
82,Y,141,-11.312,S1O
82,Y,142,-11.800,S1O
82,Y,143,-10.335,S1O
82,Y,144,-7.894,S1O
82,Y,145,-5.452,S1O
82,Y,146,-4.476,S1O
82,Y,147,-4.476,S1O
82,Y,148,-6.917,S1O
82,Y,149,-9.359,S1O
82,Y,150,-11.312,S1O
82,Y,151,-10.824,S1O
82,Y,152,-7.406,S1O
82,Y,153,-3.011,S1O
82,Y,154,0.407,S1O
82,Y,155,0.407,S1O
82,Y,156,-2.523,S1O
82,Y,157,-6.917,S1O
82,Y,158,-9.359,S1O
82,Y,159,-9.359,S1O
82,Y,160,-7.406,S1O
82,Y,161,-4.964,S1O
82,Y,162,-3.011,S1O
82,Y,163,-2.035,S1O
82,Y,164,-2.035,S1O
82,Y,165,-3.499,S1O
82,Y,166,-5.941,S1O
82,Y,167,-9.359,S1O
82,Y,168,-12.777,S1O
82,Y,169,-14.242,S1O
82,Y,170,-13.753,S1O
82,Y,171,-12.777,S1O
82,Y,172,-13.265,S1O
82,Y,173,-16.195,S1O
82,Y,174,-19.124,S1O
82,Y,175,-19.613,S1O
82,Y,176,-15.706,S1O
82,Y,177,-10.335,S1O
82,Y,178,-5.452,S1O
82,Y,179,-3.988,S1O
82,Y,180,-5.452,S1O
82,Y,181,-7.406,S1O
82,Y,182,-7.406,S1O
82,Y,183,-5.452,S1O
82,Y,184,-3.988,S1O
82,Y,185,-4.476,S1O
82,Y,186,-7.894,S1O
82,Y,187,-12.288,S1O
82,Y,188,-14.730,S1O
82,Y,189,-15.218,S1O
82,Y,190,-13.753,S1O
82,Y,191,-11.800,S1O
82,Y,192,-10.824,S1O
82,Y,193,-8.870,S1O
82,Y,194,-6.429,S1O
82,Y,195,-3.011,S1O
82,Y,196,0.895,S1O
82,Y,197,1.872,S1O
82,Y,198,0.407,S1O
82,Y,199,-3.011,S1O
82,Y,200,-6.917,S1O
82,Y,201,-9.359,S1O
82,Y,202,-8.870,S1O
82,Y,203,-6.429,S1O
82,Y,204,-3.499,S1O
82,Y,205,-1.546,S1O
82,Y,206,-1.058,S1O
82,Y,207,-1.546,S1O
82,Y,208,-2.035,S1O
82,Y,209,-2.035,S1O
82,Y,210,-1.546,S1O
82,Y,211,-0.570,S1O
82,Y,212,0.895,S1O
82,Y,213,2.848,S1O
82,Y,214,4.801,S1O
82,Y,215,6.755,S1O
82,Y,216,7.243,S1O
82,Y,217,6.266,S1O
82,Y,218,5.290,S1O
82,Y,219,4.313,S1O
82,Y,220,6.266,S1O
82,Y,221,9.684,S1O
82,Y,222,13.102,S1O
82,Y,223,15.544,S1O
82,Y,224,15.544,S1O
82,Y,225,14.079,S1O
82,Y,226,10.661,S1O
82,Y,227,7.731,S1O
82,Y,228,4.801,S1O
82,Y,229,1.383,S1O
82,Y,230,-1.546,S1O
82,Y,231,-4.964,S1O
82,Y,232,-7.406,S1O
82,Y,233,-9.847,S1O
82,Y,234,-10.335,S1O
82,Y,235,-10.824,S1O
82,Y,236,-9.847,S1O
82,Y,237,-7.894,S1O
82,Y,238,-5.941,S1O
82,Y,239,-4.964,S1O
82,Y,240,-4.964,S1O
82,Y,241,-5.452,S1O
82,Y,242,-6.429,S1O
82,Y,243,-5.941,S1O
82,Y,244,-5.452,S1O
82,Y,245,-4.964,S1O
82,Y,246,-4.476,S1O
82,Y,247,-3.988,S1O
82,Y,248,-3.499,S1O
82,Y,249,-3.011,S1O
82,Y,250,-4.476,S1O
82,Y,251,-7.406,S1O
82,Y,252,-11.312,S1O
82,Y,253,-13.753,S1O
82,Y,254,-13.265,S1O
82,Y,255,-10.824,S1O
