Trial no,Sensor position,Sample No,Sensor val,Matching condition
84,FP1,0,5.015,S1O
84,FP1,1,2.574,S1O
84,FP1,2,0.132,S1O
84,FP1,3,-0.356,S1O
84,FP1,4,1.597,S1O
84,FP1,5,4.527,S1O
84,FP1,6,5.992,S1O
84,FP1,7,4.038,S1O
84,FP1,8,2.085,S1O
84,FP1,9,2.085,S1O
84,FP1,10,5.503,S1O
84,FP1,11,9.898,S1O
84,FP1,12,11.363,S1O
84,FP1,13,7.456,S1O
84,FP1,14,1.109,S1O
84,FP1,15,-4.262,S1O
84,FP1,16,-3.774,S1O
84,FP1,17,1.597,S1O
84,FP1,18,9.410,S1O
84,FP1,19,14.781,S1O
84,FP1,20,16.246,S1O
84,FP1,21,14.781,S1O
84,FP1,22,11.851,S1O
84,FP1,23,7.945,S1O
84,FP1,24,4.038,S1O
84,FP1,25,-0.356,S1O
84,FP1,26,-4.262,S1O
84,FP1,27,-6.704,S1O
84,FP1,28,-6.215,S1O
84,FP1,29,-3.286,S1O
84,FP1,30,0.621,S1O
84,FP1,31,2.574,S1O
84,FP1,32,2.085,S1O
84,FP1,33,-1.821,S1O
84,FP1,34,-6.704,S1O
84,FP1,35,-11.098,S1O
84,FP1,36,-13.051,S1O
84,FP1,37,-11.098,S1O
84,FP1,38,-5.239,S1O
84,FP1,39,3.550,S1O
84,FP1,40,11.851,S1O
84,FP1,41,16.734,S1O
84,FP1,42,16.734,S1O
84,FP1,43,12.828,S1O
84,FP1,44,7.456,S1O
84,FP1,45,3.062,S1O
84,FP1,46,-0.356,S1O
84,FP1,47,-3.286,S1O
84,FP1,48,-6.704,S1O
84,FP1,49,-9.145,S1O
84,FP1,50,-7.680,S1O
84,FP1,51,-3.286,S1O
84,FP1,52,3.062,S1O
84,FP1,53,5.992,S1O
84,FP1,54,3.550,S1O
84,FP1,55,-3.286,S1O
84,FP1,56,-8.169,S1O
84,FP1,57,-9.633,S1O
84,FP1,58,-7.192,S1O
84,FP1,59,-5.727,S1O
84,FP1,60,-7.680,S1O
84,FP1,61,-13.051,S1O
84,FP1,62,-17.934,S1O
84,FP1,63,-18.911,S1O
84,FP1,64,-15.004,S1O
84,FP1,65,-10.122,S1O
84,FP1,66,-7.192,S1O
84,FP1,67,-8.169,S1O
84,FP1,68,-10.610,S1O
84,FP1,69,-12.075,S1O
84,FP1,70,-12.075,S1O
84,FP1,71,-10.610,S1O
84,FP1,72,-10.610,S1O
84,FP1,73,-11.098,S1O
84,FP1,74,-10.122,S1O
84,FP1,75,-7.192,S1O
84,FP1,76,-2.309,S1O
84,FP1,77,1.597,S1O
84,FP1,78,1.597,S1O
84,FP1,79,-2.309,S1O
84,FP1,80,-8.169,S1O
84,FP1,81,-12.075,S1O
84,FP1,82,-11.587,S1O
84,FP1,83,-6.704,S1O
84,FP1,84,-0.356,S1O
84,FP1,85,4.038,S1O
84,FP1,86,5.503,S1O
84,FP1,87,3.550,S1O
84,FP1,88,0.621,S1O
84,FP1,89,-2.309,S1O
84,FP1,90,-4.262,S1O
84,FP1,91,-8.169,S1O
84,FP1,92,-12.075,S1O
84,FP1,93,-16.958,S1O
84,FP1,94,-19.399,S1O
84,FP1,95,-17.446,S1O
84,FP1,96,-11.587,S1O
84,FP1,97,-5.239,S1O
84,FP1,98,-2.309,S1O
84,FP1,99,-3.774,S1O
84,FP1,100,-8.169,S1O
84,FP1,101,-12.075,S1O
84,FP1,102,-12.563,S1O
84,FP1,103,-10.122,S1O
84,FP1,104,-8.169,S1O
84,FP1,105,-8.169,S1O
84,FP1,106,-9.633,S1O
84,FP1,107,-10.122,S1O
84,FP1,108,-6.704,S1O
84,FP1,109,-0.844,S1O
84,FP1,110,3.550,S1O
84,FP1,111,2.574,S1O
84,FP1,112,-3.286,S1O
84,FP1,113,-12.075,S1O
84,FP1,114,-18.911,S1O
84,FP1,115,-20.864,S1O
84,FP1,116,-18.911,S1O
84,FP1,117,-15.493,S1O
84,FP1,118,-14.028,S1O
84,FP1,119,-14.028,S1O
84,FP1,120,-15.004,S1O
84,FP1,121,-14.516,S1O
84,FP1,122,-14.028,S1O
84,FP1,123,-14.516,S1O
84,FP1,124,-16.469,S1O
84,FP1,125,-19.399,S1O
84,FP1,126,-20.864,S1O
84,FP1,127,-19.399,S1O
84,FP1,128,-15.981,S1O
84,FP1,129,-11.587,S1O
84,FP1,130,-9.145,S1O
84,FP1,131,-9.145,S1O
84,FP1,132,-11.587,S1O
84,FP1,133,-14.516,S1O
84,FP1,134,-15.493,S1O
84,FP1,135,-15.004,S1O
84,FP1,136,-14.028,S1O
84,FP1,137,-14.516,S1O
84,FP1,138,-16.958,S1O
84,FP1,139,-19.399,S1O
84,FP1,140,-19.399,S1O
84,FP1,141,-16.469,S1O
84,FP1,142,-11.587,S1O
84,FP1,143,-9.145,S1O
84,FP1,144,-9.633,S1O
84,FP1,145,-14.028,S1O
84,FP1,146,-18.422,S1O
84,FP1,147,-19.399,S1O
84,FP1,148,-16.958,S1O
84,FP1,149,-13.051,S1O
84,FP1,150,-10.610,S1O
84,FP1,151,-11.098,S1O
84,FP1,152,-15.004,S1O
84,FP1,153,-18.911,S1O
84,FP1,154,-21.840,S1O
84,FP1,155,-22.817,S1O
84,FP1,156,-22.329,S1O
84,FP1,157,-20.864,S1O
84,FP1,158,-17.934,S1O
84,FP1,159,-15.004,S1O
84,FP1,160,-10.122,S1O
84,FP1,161,-5.239,S1O
84,FP1,162,-0.844,S1O
84,FP1,163,1.597,S1O
84,FP1,164,2.085,S1O
84,FP1,165,0.132,S1O
84,FP1,166,-2.309,S1O
84,FP1,167,-4.751,S1O
84,FP1,168,-5.239,S1O
84,FP1,169,-4.262,S1O
84,FP1,170,-2.309,S1O
84,FP1,171,-1.821,S1O
84,FP1,172,-3.286,S1O
84,FP1,173,-6.215,S1O
84,FP1,174,-8.169,S1O
84,FP1,175,-9.145,S1O
84,FP1,176,-7.192,S1O
84,FP1,177,-5.239,S1O
84,FP1,178,-3.774,S1O
84,FP1,179,-3.774,S1O
84,FP1,180,-3.286,S1O
84,FP1,181,-1.821,S1O
84,FP1,182,0.621,S1O
84,FP1,183,4.038,S1O
84,FP1,184,6.480,S1O
84,FP1,185,8.433,S1O
84,FP1,186,11.363,S1O
84,FP1,187,15.269,S1O
84,FP1,188,18.687,S1O
84,FP1,189,19.175,S1O
84,FP1,190,13.804,S1O
84,FP1,191,4.038,S1O
84,FP1,192,-7.192,S1O
84,FP1,193,-14.516,S1O
84,FP1,194,-14.516,S1O
84,FP1,195,-7.680,S1O
84,FP1,196,2.085,S1O
84,FP1,197,9.410,S1O
84,FP1,198,10.874,S1O
84,FP1,199,6.480,S1O
84,FP1,200,-0.356,S1O
84,FP1,201,-5.727,S1O
84,FP1,202,-6.704,S1O
84,FP1,203,-3.286,S1O
84,FP1,204,1.597,S1O
84,FP1,205,5.503,S1O
84,FP1,206,7.456,S1O
84,FP1,207,8.921,S1O
84,FP1,208,9.898,S1O
84,FP1,209,9.898,S1O
84,FP1,210,7.456,S1O
84,FP1,211,2.085,S1O
84,FP1,212,-4.751,S1O
84,FP1,213,-10.610,S1O
84,FP1,214,-13.540,S1O
84,FP1,215,-13.540,S1O
84,FP1,216,-12.075,S1O
84,FP1,217,-10.122,S1O
84,FP1,218,-8.169,S1O
84,FP1,219,-5.727,S1O
84,FP1,220,-1.333,S1O
84,FP1,221,2.574,S1O
84,FP1,222,5.015,S1O
84,FP1,223,5.503,S1O
84,FP1,224,6.480,S1O
84,FP1,225,8.921,S1O
84,FP1,226,13.316,S1O
84,FP1,227,17.710,S1O
84,FP1,228,18.687,S1O
84,FP1,229,13.804,S1O
84,FP1,230,5.992,S1O
84,FP1,231,-1.333,S1O
84,FP1,232,-3.774,S1O
84,FP1,233,-1.333,S1O
84,FP1,234,2.085,S1O
84,FP1,235,3.062,S1O
84,FP1,236,-1.333,S1O
84,FP1,237,-9.145,S1O
84,FP1,238,-15.493,S1O
84,FP1,239,-17.934,S1O
84,FP1,240,-15.004,S1O
84,FP1,241,-9.145,S1O
84,FP1,242,-3.774,S1O
84,FP1,243,-0.356,S1O
84,FP1,244,1.597,S1O
84,FP1,245,3.062,S1O
84,FP1,246,5.015,S1O
84,FP1,247,6.480,S1O
84,FP1,248,6.480,S1O
84,FP1,249,4.527,S1O
84,FP1,250,2.085,S1O
84,FP1,251,1.597,S1O
84,FP1,252,4.527,S1O
84,FP1,253,8.921,S1O
84,FP1,254,11.851,S1O
84,FP1,255,10.386,S1O
84,FP2,0,-4.578,S1O
84,FP2,1,-5.066,S1O
84,FP2,2,-1.648,S1O
84,FP2,3,4.211,S1O
84,FP2,4,10.559,S1O
84,FP2,5,13.977,S1O
84,FP2,6,13.977,S1O
84,FP2,7,9.583,S1O
84,FP2,8,4.211,S1O
84,FP2,9,-0.183,S1O
84,FP2,10,-1.648,S1O
84,FP2,11,-0.183,S1O
84,FP2,12,2.747,S1O
84,FP2,13,4.211,S1O
84,FP2,14,4.211,S1O
84,FP2,15,3.723,S1O
84,FP2,16,3.723,S1O
84,FP2,17,4.700,S1O
84,FP2,18,7.141,S1O
84,FP2,19,9.094,S1O
84,FP2,20,11.047,S1O
84,FP2,21,11.536,S1O
84,FP2,22,12.024,S1O
84,FP2,23,11.047,S1O
84,FP2,24,9.094,S1O
84,FP2,25,5.188,S1O
84,FP2,26,0.793,S1O
84,FP2,27,-3.113,S1O
84,FP2,28,-5.066,S1O
84,FP2,29,-5.554,S1O
84,FP2,30,-5.066,S1O
84,FP2,31,-5.066,S1O
84,FP2,32,-6.042,S1O
84,FP2,33,-7.019,S1O
84,FP2,34,-8.484,S1O
84,FP2,35,-8.484,S1O
84,FP2,36,-7.019,S1O
84,FP2,37,-4.578,S1O
84,FP2,38,-0.671,S1O
84,FP2,39,3.235,S1O
84,FP2,40,6.165,S1O
84,FP2,41,7.141,S1O
84,FP2,42,7.141,S1O
84,FP2,43,7.141,S1O
84,FP2,44,7.629,S1O
84,FP2,45,8.118,S1O
84,FP2,46,7.629,S1O
84,FP2,47,4.700,S1O
84,FP2,48,0.305,S1O
84,FP2,49,-4.578,S1O
84,FP2,50,-7.019,S1O
84,FP2,51,-5.554,S1O
84,FP2,52,-1.160,S1O
84,FP2,53,2.258,S1O
84,FP2,54,3.235,S1O
84,FP2,55,1.282,S1O
84,FP2,56,-2.625,S1O
84,FP2,57,-6.531,S1O
84,FP2,58,-9.460,S1O
84,FP2,59,-11.414,S1O
84,FP2,60,-12.878,S1O
84,FP2,61,-13.367,S1O
84,FP2,62,-12.878,S1O
84,FP2,63,-11.902,S1O
84,FP2,64,-10.925,S1O
84,FP2,65,-9.460,S1O
84,FP2,66,-9.949,S1O
84,FP2,67,-9.949,S1O
84,FP2,68,-10.925,S1O
84,FP2,69,-11.902,S1O
84,FP2,70,-12.390,S1O
84,FP2,71,-11.414,S1O
84,FP2,72,-9.460,S1O
84,FP2,73,-6.531,S1O
84,FP2,74,-4.089,S1O
84,FP2,75,-2.136,S1O
84,FP2,76,-1.160,S1O
84,FP2,77,-1.648,S1O
84,FP2,78,-1.648,S1O
84,FP2,79,-1.648,S1O
84,FP2,80,-1.160,S1O
84,FP2,81,-1.648,S1O
84,FP2,82,-2.625,S1O
84,FP2,83,-5.066,S1O
84,FP2,84,-6.531,S1O
84,FP2,85,-5.554,S1O
84,FP2,86,-2.625,S1O
84,FP2,87,2.258,S1O
84,FP2,88,4.700,S1O
84,FP2,89,3.723,S1O
84,FP2,90,-1.648,S1O
84,FP2,91,-8.972,S1O
84,FP2,92,-15.320,S1O
84,FP2,93,-17.761,S1O
84,FP2,94,-15.808,S1O
84,FP2,95,-11.414,S1O
84,FP2,96,-6.531,S1O
84,FP2,97,-4.089,S1O
84,FP2,98,-4.578,S1O
84,FP2,99,-7.019,S1O
84,FP2,100,-8.972,S1O
84,FP2,101,-8.484,S1O
84,FP2,102,-6.042,S1O
84,FP2,103,-2.136,S1O
84,FP2,104,-0.183,S1O
84,FP2,105,0.793,S1O
84,FP2,106,-0.183,S1O
84,FP2,107,-1.648,S1O
84,FP2,108,-2.625,S1O
84,FP2,109,-4.578,S1O
84,FP2,110,-6.531,S1O
84,FP2,111,-7.507,S1O
84,FP2,112,-7.507,S1O
84,FP2,113,-6.042,S1O
84,FP2,114,-4.578,S1O
84,FP2,115,-5.066,S1O
84,FP2,116,-9.460,S1O
84,FP2,117,-15.808,S1O
84,FP2,118,-20.691,S1O
84,FP2,119,-21.667,S1O
84,FP2,120,-18.250,S1O
84,FP2,121,-13.367,S1O
84,FP2,122,-9.460,S1O
84,FP2,123,-8.972,S1O
84,FP2,124,-10.437,S1O
84,FP2,125,-10.437,S1O
84,FP2,126,-9.460,S1O
84,FP2,127,-8.484,S1O
84,FP2,128,-8.972,S1O
84,FP2,129,-12.878,S1O
84,FP2,130,-16.785,S1O
84,FP2,131,-18.738,S1O
84,FP2,132,-15.808,S1O
84,FP2,133,-10.437,S1O
84,FP2,134,-5.554,S1O
84,FP2,135,-5.554,S1O
84,FP2,136,-9.949,S1O
84,FP2,137,-15.320,S1O
84,FP2,138,-18.250,S1O
84,FP2,139,-16.785,S1O
84,FP2,140,-12.390,S1O
84,FP2,141,-8.484,S1O
84,FP2,142,-7.507,S1O
84,FP2,143,-9.949,S1O
84,FP2,144,-13.367,S1O
84,FP2,145,-14.343,S1O
84,FP2,146,-13.367,S1O
84,FP2,147,-9.460,S1O
84,FP2,148,-5.554,S1O
84,FP2,149,-3.113,S1O
84,FP2,150,-3.601,S1O
84,FP2,151,-6.531,S1O
84,FP2,152,-12.390,S1O
84,FP2,153,-18.250,S1O
84,FP2,154,-23.132,S1O
84,FP2,155,-24.109,S1O
84,FP2,156,-20.203,S1O
84,FP2,157,-11.902,S1O
84,FP2,158,-3.113,S1O
84,FP2,159,2.747,S1O
84,FP2,160,4.211,S1O
84,FP2,161,1.770,S1O
84,FP2,162,-2.136,S1O
84,FP2,163,-4.578,S1O
84,FP2,164,-4.578,S1O
84,FP2,165,-1.160,S1O
84,FP2,166,3.235,S1O
84,FP2,167,7.141,S1O
84,FP2,168,9.094,S1O
84,FP2,169,9.094,S1O
84,FP2,170,7.629,S1O
84,FP2,171,5.676,S1O
84,FP2,172,3.235,S1O
84,FP2,173,0.305,S1O
84,FP2,174,-2.625,S1O
84,FP2,175,-4.578,S1O
84,FP2,176,-3.601,S1O
84,FP2,177,-0.671,S1O
84,FP2,178,4.211,S1O
84,FP2,179,7.629,S1O
84,FP2,180,9.094,S1O
84,FP2,181,9.094,S1O
84,FP2,182,8.118,S1O
84,FP2,183,8.606,S1O
84,FP2,184,11.536,S1O
84,FP2,185,15.930,S1O
84,FP2,186,21.301,S1O
84,FP2,187,24.719,S1O
84,FP2,188,24.719,S1O
84,FP2,189,22.278,S1O
84,FP2,190,17.883,S1O
84,FP2,191,12.512,S1O
84,FP2,192,8.118,S1O
84,FP2,193,3.235,S1O
84,FP2,194,1.282,S1O
84,FP2,195,0.793,S1O
84,FP2,196,3.235,S1O
84,FP2,197,8.118,S1O
84,FP2,198,13.000,S1O
84,FP2,199,15.442,S1O
84,FP2,200,13.977,S1O
84,FP2,201,9.583,S1O
84,FP2,202,5.676,S1O
84,FP2,203,4.700,S1O
84,FP2,204,7.629,S1O
84,FP2,205,13.000,S1O
84,FP2,206,17.883,S1O
84,FP2,207,19.836,S1O
84,FP2,208,17.883,S1O
84,FP2,209,13.000,S1O
84,FP2,210,8.118,S1O
84,FP2,211,3.235,S1O
84,FP2,212,0.305,S1O
84,FP2,213,-2.136,S1O
84,FP2,214,-4.578,S1O
84,FP2,215,-6.042,S1O
84,FP2,216,-6.042,S1O
84,FP2,217,-3.113,S1O
84,FP2,218,1.282,S1O
84,FP2,219,6.165,S1O
84,FP2,220,8.606,S1O
84,FP2,221,7.629,S1O
84,FP2,222,5.676,S1O
84,FP2,223,4.700,S1O
84,FP2,224,8.118,S1O
84,FP2,225,14.954,S1O
84,FP2,226,23.254,S1O
84,FP2,227,29.602,S1O
84,FP2,228,31.067,S1O
84,FP2,229,27.649,S1O
84,FP2,230,21.790,S1O
84,FP2,231,14.954,S1O
84,FP2,232,8.606,S1O
84,FP2,233,4.211,S1O
84,FP2,234,2.258,S1O
84,FP2,235,1.282,S1O
84,FP2,236,0.793,S1O
84,FP2,237,-0.671,S1O
84,FP2,238,-3.601,S1O
84,FP2,239,-7.507,S1O
84,FP2,240,-8.972,S1O
84,FP2,241,-7.019,S1O
84,FP2,242,-1.648,S1O
84,FP2,243,4.211,S1O
84,FP2,244,9.094,S1O
84,FP2,245,11.047,S1O
84,FP2,246,11.536,S1O
84,FP2,247,12.024,S1O
84,FP2,248,12.512,S1O
84,FP2,249,13.977,S1O
84,FP2,250,14.465,S1O
84,FP2,251,13.000,S1O
84,FP2,252,10.559,S1O
84,FP2,253,8.118,S1O
84,FP2,254,8.118,S1O
84,FP2,255,9.583,S1O
84,F7,0,-5.422,S1O
84,F7,1,-6.399,S1O
84,F7,2,-7.375,S1O
84,F7,3,-6.399,S1O
84,F7,4,-3.469,S1O
84,F7,5,1.902,S1O
84,F7,6,5.809,S1O
84,F7,7,6.297,S1O
84,F7,8,2.391,S1O
84,F7,9,-2.981,S1O
84,F7,10,-5.422,S1O
84,F7,11,-3.469,S1O
84,F7,12,-0.051,S1O
84,F7,13,0.437,S1O
84,F7,14,-2.492,S1O
84,F7,15,-6.399,S1O
84,F7,16,-6.887,S1O
84,F7,17,-1.516,S1O
84,F7,18,7.762,S1O
84,F7,19,14.598,S1O
84,F7,20,15.574,S1O
84,F7,21,10.203,S1O
84,F7,22,3.367,S1O
84,F7,23,-1.027,S1O
84,F7,24,-1.516,S1O
84,F7,25,0.437,S1O
84,F7,26,1.414,S1O
84,F7,27,0.926,S1O
84,F7,28,-0.539,S1O
84,F7,29,-0.051,S1O
84,F7,30,1.902,S1O
84,F7,31,3.855,S1O
84,F7,32,4.832,S1O
84,F7,33,2.879,S1O
84,F7,34,-0.539,S1O
84,F7,35,-3.469,S1O
84,F7,36,-3.957,S1O
84,F7,37,-2.004,S1O
84,F7,38,2.879,S1O
84,F7,39,8.738,S1O
84,F7,40,14.109,S1O
84,F7,41,17.527,S1O
84,F7,42,17.527,S1O
84,F7,43,13.621,S1O
84,F7,44,7.273,S1O
84,F7,45,0.437,S1O
84,F7,46,-4.445,S1O
84,F7,47,-6.399,S1O
84,F7,48,-6.887,S1O
84,F7,49,-6.887,S1O
84,F7,50,-6.887,S1O
84,F7,51,-5.422,S1O
84,F7,52,-2.981,S1O
84,F7,53,-0.051,S1O
84,F7,54,1.414,S1O
84,F7,55,0.437,S1O
84,F7,56,-2.981,S1O
84,F7,57,-5.910,S1O
84,F7,58,-6.887,S1O
84,F7,59,-6.399,S1O
84,F7,60,-5.422,S1O
84,F7,61,-6.887,S1O
84,F7,62,-10.305,S1O
84,F7,63,-14.211,S1O
84,F7,64,-16.164,S1O
84,F7,65,-15.188,S1O
84,F7,66,-11.770,S1O
84,F7,67,-7.863,S1O
84,F7,68,-4.445,S1O
84,F7,69,-1.027,S1O
84,F7,70,1.414,S1O
84,F7,71,1.902,S1O
84,F7,72,-0.539,S1O
84,F7,73,-5.910,S1O
84,F7,74,-12.258,S1O
84,F7,75,-15.676,S1O
84,F7,76,-15.188,S1O
84,F7,77,-10.793,S1O
84,F7,78,-6.399,S1O
84,F7,79,-3.957,S1O
84,F7,80,-4.934,S1O
84,F7,81,-6.399,S1O
84,F7,82,-6.399,S1O
84,F7,83,-2.981,S1O
84,F7,84,1.414,S1O
84,F7,85,4.832,S1O
84,F7,86,3.855,S1O
84,F7,87,0.926,S1O
84,F7,88,-2.492,S1O
84,F7,89,-2.981,S1O
84,F7,90,-0.539,S1O
84,F7,91,2.879,S1O
84,F7,92,4.832,S1O
84,F7,93,2.391,S1O
84,F7,94,-2.492,S1O
84,F7,95,-7.375,S1O
84,F7,96,-9.328,S1O
84,F7,97,-8.840,S1O
84,F7,98,-7.863,S1O
84,F7,99,-8.840,S1O
84,F7,100,-10.793,S1O
84,F7,101,-13.234,S1O
84,F7,102,-13.723,S1O
84,F7,103,-11.281,S1O
84,F7,104,-7.863,S1O
84,F7,105,-4.445,S1O
84,F7,106,-2.492,S1O
84,F7,107,-1.516,S1O
84,F7,108,-1.027,S1O
84,F7,109,-0.051,S1O
84,F7,110,0.437,S1O
84,F7,111,-0.051,S1O
84,F7,112,-2.492,S1O
84,F7,113,-5.910,S1O
84,F7,114,-8.352,S1O
84,F7,115,-9.816,S1O
84,F7,116,-9.816,S1O
84,F7,117,-9.816,S1O
84,F7,118,-10.305,S1O
84,F7,119,-11.770,S1O
84,F7,120,-12.258,S1O
84,F7,121,-11.770,S1O
84,F7,122,-9.816,S1O
84,F7,123,-8.840,S1O
84,F7,124,-8.352,S1O
84,F7,125,-9.816,S1O
84,F7,126,-11.770,S1O
84,F7,127,-13.723,S1O
84,F7,128,-13.723,S1O
84,F7,129,-12.746,S1O
84,F7,130,-10.793,S1O
84,F7,131,-10.305,S1O
84,F7,132,-10.305,S1O
84,F7,133,-10.793,S1O
84,F7,134,-10.793,S1O
84,F7,135,-8.840,S1O
84,F7,136,-5.422,S1O
84,F7,137,-2.981,S1O
84,F7,138,-2.492,S1O
84,F7,139,-4.934,S1O
84,F7,140,-7.375,S1O
84,F7,141,-8.840,S1O
84,F7,142,-7.375,S1O
84,F7,143,-5.910,S1O
84,F7,144,-5.422,S1O
84,F7,145,-6.887,S1O
84,F7,146,-9.816,S1O
84,F7,147,-10.793,S1O
84,F7,148,-10.305,S1O
84,F7,149,-9.816,S1O
84,F7,150,-9.816,S1O
84,F7,151,-12.746,S1O
84,F7,152,-16.164,S1O
84,F7,153,-19.094,S1O
84,F7,154,-19.582,S1O
84,F7,155,-18.117,S1O
84,F7,156,-15.676,S1O
84,F7,157,-13.234,S1O
84,F7,158,-10.305,S1O
84,F7,159,-6.887,S1O
84,F7,160,-2.981,S1O
84,F7,161,0.437,S1O
84,F7,162,1.902,S1O
84,F7,163,1.902,S1O
84,F7,164,0.437,S1O
84,F7,165,-0.539,S1O
84,F7,166,0.437,S1O
84,F7,167,1.902,S1O
84,F7,168,3.367,S1O
84,F7,169,2.879,S1O
84,F7,170,0.926,S1O
84,F7,171,-2.004,S1O
84,F7,172,-4.934,S1O
84,F7,173,-8.352,S1O
84,F7,174,-12.258,S1O
84,F7,175,-14.699,S1O
84,F7,176,-15.188,S1O
84,F7,177,-12.746,S1O
84,F7,178,-8.352,S1O
84,F7,179,-2.981,S1O
84,F7,180,1.902,S1O
84,F7,181,5.320,S1O
84,F7,182,7.762,S1O
84,F7,183,9.715,S1O
84,F7,184,10.691,S1O
84,F7,185,11.668,S1O
84,F7,186,12.156,S1O
84,F7,187,12.644,S1O
84,F7,188,12.644,S1O
84,F7,189,10.691,S1O
84,F7,190,7.273,S1O
84,F7,191,2.391,S1O
84,F7,192,-2.981,S1O
84,F7,193,-5.910,S1O
84,F7,194,-5.910,S1O
84,F7,195,-2.981,S1O
84,F7,196,-0.051,S1O
84,F7,197,1.902,S1O
84,F7,198,0.437,S1O
84,F7,199,-2.492,S1O
84,F7,200,-5.422,S1O
84,F7,201,-6.399,S1O
84,F7,202,-5.910,S1O
84,F7,203,-2.981,S1O
84,F7,204,-1.027,S1O
84,F7,205,0.437,S1O
84,F7,206,0.926,S1O
84,F7,207,0.926,S1O
84,F7,208,1.902,S1O
84,F7,209,2.879,S1O
84,F7,210,2.879,S1O
84,F7,211,-0.051,S1O
84,F7,212,-4.934,S1O
84,F7,213,-11.281,S1O
84,F7,214,-16.164,S1O
84,F7,215,-18.117,S1O
84,F7,216,-18.117,S1O
84,F7,217,-15.676,S1O
84,F7,218,-14.211,S1O
84,F7,219,-12.258,S1O
84,F7,220,-10.305,S1O
84,F7,221,-6.887,S1O
84,F7,222,-2.004,S1O
84,F7,223,3.367,S1O
84,F7,224,8.250,S1O
84,F7,225,11.180,S1O
84,F7,226,12.156,S1O
84,F7,227,12.156,S1O
84,F7,228,11.668,S1O
84,F7,229,8.738,S1O
84,F7,230,4.832,S1O
84,F7,231,0.437,S1O
84,F7,232,-3.469,S1O
84,F7,233,-4.445,S1O
84,F7,234,-2.981,S1O
84,F7,235,-1.027,S1O
84,F7,236,-1.516,S1O
84,F7,237,-5.422,S1O
84,F7,238,-11.770,S1O
84,F7,239,-18.117,S1O
84,F7,240,-21.535,S1O
84,F7,241,-20.559,S1O
84,F7,242,-14.211,S1O
84,F7,243,-4.934,S1O
84,F7,244,4.832,S1O
84,F7,245,11.668,S1O
84,F7,246,13.621,S1O
84,F7,247,10.691,S1O
84,F7,248,5.809,S1O
84,F7,249,1.414,S1O
84,F7,250,-0.051,S1O
84,F7,251,1.902,S1O
84,F7,252,4.344,S1O
84,F7,253,4.832,S1O
84,F7,254,3.855,S1O
84,F7,255,0.926,S1O
84,F8,0,-2.370,S1O
84,F8,1,-3.347,S1O
84,F8,2,-4.323,S1O
84,F8,3,-2.858,S1O
84,F8,4,0.071,S1O
84,F8,5,3.489,S1O
84,F8,6,6.419,S1O
84,F8,7,5.931,S1O
84,F8,8,4.466,S1O
84,F8,9,2.024,S1O
84,F8,10,1.048,S1O
84,F8,11,1.536,S1O
84,F8,12,3.001,S1O
84,F8,13,4.466,S1O
84,F8,14,5.931,S1O
84,F8,15,6.907,S1O
84,F8,16,8.372,S1O
84,F8,17,10.325,S1O
84,F8,18,11.302,S1O
84,F8,19,10.813,S1O
84,F8,20,9.349,S1O
84,F8,21,7.395,S1O
84,F8,22,5.931,S1O
84,F8,23,5.442,S1O
84,F8,24,4.954,S1O
84,F8,25,3.977,S1O
84,F8,26,2.024,S1O
84,F8,27,-0.905,S1O
84,F8,28,-3.347,S1O
84,F8,29,-4.812,S1O
84,F8,30,-5.788,S1O
84,F8,31,-6.276,S1O
84,F8,32,-6.765,S1O
84,F8,33,-8.230,S1O
84,F8,34,-10.183,S1O
84,F8,35,-11.648,S1O
84,F8,36,-10.671,S1O
84,F8,37,-7.253,S1O
84,F8,38,-1.394,S1O
84,F8,39,6.419,S1O
84,F8,40,13.743,S1O
84,F8,41,18.138,S1O
84,F8,42,19.602,S1O
84,F8,43,17.649,S1O
84,F8,44,12.767,S1O
84,F8,45,8.860,S1O
84,F8,46,5.931,S1O
84,F8,47,4.954,S1O
84,F8,48,4.954,S1O
84,F8,49,5.442,S1O
84,F8,50,3.977,S1O
84,F8,51,2.024,S1O
84,F8,52,0.071,S1O
84,F8,53,-0.417,S1O
84,F8,54,0.071,S1O
84,F8,55,1.048,S1O
84,F8,56,1.048,S1O
84,F8,57,-0.905,S1O
84,F8,58,-4.323,S1O
84,F8,59,-8.230,S1O
84,F8,60,-11.159,S1O
84,F8,61,-12.624,S1O
84,F8,62,-12.624,S1O
84,F8,63,-12.136,S1O
84,F8,64,-12.136,S1O
84,F8,65,-12.136,S1O
84,F8,66,-11.648,S1O
84,F8,67,-10.671,S1O
84,F8,68,-8.230,S1O
84,F8,69,-5.788,S1O
84,F8,70,-4.323,S1O
84,F8,71,-3.835,S1O
84,F8,72,-3.835,S1O
84,F8,73,-4.323,S1O
84,F8,74,-3.347,S1O
84,F8,75,-1.882,S1O
84,F8,76,1.048,S1O
84,F8,77,3.489,S1O
84,F8,78,5.442,S1O
84,F8,79,5.931,S1O
84,F8,80,3.977,S1O
84,F8,81,0.559,S1O
84,F8,82,-3.347,S1O
84,F8,83,-5.788,S1O
84,F8,84,-5.788,S1O
84,F8,85,-4.323,S1O
84,F8,86,-2.370,S1O
84,F8,87,-0.905,S1O
84,F8,88,-1.882,S1O
84,F8,89,-3.835,S1O
84,F8,90,-5.788,S1O
84,F8,91,-7.253,S1O
84,F8,92,-7.741,S1O
84,F8,93,-7.741,S1O
84,F8,94,-7.741,S1O
84,F8,95,-7.741,S1O
84,F8,96,-8.230,S1O
84,F8,97,-6.765,S1O
84,F8,98,-4.812,S1O
84,F8,99,-1.882,S1O
84,F8,100,0.559,S1O
84,F8,101,2.513,S1O
84,F8,102,3.489,S1O
84,F8,103,3.977,S1O
84,F8,104,4.466,S1O
84,F8,105,4.954,S1O
84,F8,106,4.954,S1O
84,F8,107,4.466,S1O
84,F8,108,3.489,S1O
84,F8,109,2.024,S1O
84,F8,110,1.048,S1O
84,F8,111,0.071,S1O
84,F8,112,0.071,S1O
84,F8,113,0.071,S1O
84,F8,114,0.071,S1O
84,F8,115,-1.882,S1O
84,F8,116,-4.812,S1O
84,F8,117,-7.741,S1O
84,F8,118,-9.694,S1O
84,F8,119,-9.694,S1O
84,F8,120,-8.718,S1O
84,F8,121,-7.741,S1O
84,F8,122,-5.300,S1O
84,F8,123,-2.370,S1O
84,F8,124,1.048,S1O
84,F8,125,3.001,S1O
84,F8,126,2.024,S1O
84,F8,127,-0.905,S1O
84,F8,128,-5.788,S1O
84,F8,129,-9.694,S1O
84,F8,130,-10.183,S1O
84,F8,131,-7.741,S1O
84,F8,132,-4.812,S1O
84,F8,133,-3.347,S1O
84,F8,134,-3.835,S1O
84,F8,135,-5.788,S1O
84,F8,136,-6.765,S1O
84,F8,137,-6.765,S1O
84,F8,138,-5.300,S1O
84,F8,139,-4.812,S1O
84,F8,140,-5.788,S1O
84,F8,141,-6.765,S1O
84,F8,142,-6.276,S1O
84,F8,143,-4.323,S1O
84,F8,144,-1.882,S1O
84,F8,145,-0.417,S1O
84,F8,146,-1.394,S1O
84,F8,147,-3.835,S1O
84,F8,148,-5.300,S1O
84,F8,149,-5.300,S1O
84,F8,150,-2.858,S1O
84,F8,151,-1.882,S1O
84,F8,152,-2.858,S1O
84,F8,153,-7.253,S1O
84,F8,154,-12.624,S1O
84,F8,155,-15.554,S1O
84,F8,156,-15.066,S1O
84,F8,157,-11.159,S1O
84,F8,158,-5.788,S1O
84,F8,159,-0.905,S1O
84,F8,160,2.513,S1O
84,F8,161,4.466,S1O
84,F8,162,6.419,S1O
84,F8,163,8.860,S1O
84,F8,164,10.325,S1O
84,F8,165,10.813,S1O
84,F8,166,9.349,S1O
84,F8,167,7.884,S1O
84,F8,168,6.907,S1O
84,F8,169,7.884,S1O
84,F8,170,8.860,S1O
84,F8,171,8.860,S1O
84,F8,172,5.931,S1O
84,F8,173,1.048,S1O
84,F8,174,-2.858,S1O
84,F8,175,-3.835,S1O
84,F8,176,-0.905,S1O
84,F8,177,3.001,S1O
84,F8,178,5.931,S1O
84,F8,179,6.419,S1O
84,F8,180,5.931,S1O
84,F8,181,6.419,S1O
84,F8,182,10.325,S1O
84,F8,183,16.673,S1O
84,F8,184,23.020,S1O
84,F8,185,26.927,S1O
84,F8,186,28.392,S1O
84,F8,187,26.438,S1O
84,F8,188,23.509,S1O
84,F8,189,20.091,S1O
84,F8,190,15.696,S1O
84,F8,191,11.302,S1O
84,F8,192,7.884,S1O
84,F8,193,5.931,S1O
84,F8,194,6.419,S1O
84,F8,195,8.860,S1O
84,F8,196,13.255,S1O
84,F8,197,16.673,S1O
84,F8,198,18.626,S1O
84,F8,199,17.649,S1O
84,F8,200,15.208,S1O
84,F8,201,12.767,S1O
84,F8,202,11.790,S1O
84,F8,203,12.278,S1O
84,F8,204,12.767,S1O
84,F8,205,12.767,S1O
84,F8,206,12.767,S1O
84,F8,207,13.255,S1O
84,F8,208,14.231,S1O
84,F8,209,14.231,S1O
84,F8,210,12.278,S1O
84,F8,211,7.395,S1O
84,F8,212,0.071,S1O
84,F8,213,-6.765,S1O
84,F8,214,-10.183,S1O
84,F8,215,-9.694,S1O
84,F8,216,-6.765,S1O
84,F8,217,-1.882,S1O
84,F8,218,2.024,S1O
84,F8,219,4.466,S1O
84,F8,220,6.907,S1O
84,F8,221,8.860,S1O
84,F8,222,11.790,S1O
84,F8,223,14.720,S1O
84,F8,224,16.184,S1O
84,F8,225,17.161,S1O
84,F8,226,18.626,S1O
84,F8,227,20.579,S1O
84,F8,228,22.532,S1O
84,F8,229,23.020,S1O
84,F8,230,20.579,S1O
84,F8,231,15.208,S1O
84,F8,232,8.860,S1O
84,F8,233,3.001,S1O
84,F8,234,1.048,S1O
84,F8,235,1.048,S1O
84,F8,236,2.024,S1O
84,F8,237,0.559,S1O
84,F8,238,-2.370,S1O
84,F8,239,-5.788,S1O
84,F8,240,-7.741,S1O
84,F8,241,-5.788,S1O
84,F8,242,-1.882,S1O
84,F8,243,3.001,S1O
84,F8,244,5.931,S1O
84,F8,245,6.907,S1O
84,F8,246,6.419,S1O
84,F8,247,6.419,S1O
84,F8,248,7.395,S1O
84,F8,249,8.860,S1O
84,F8,250,8.860,S1O
84,F8,251,8.372,S1O
84,F8,252,7.395,S1O
84,F8,253,7.395,S1O
84,F8,254,9.837,S1O
84,F8,255,12.767,S1O
84,AF1,0,1.465,S1O
84,AF1,1,1.465,S1O
84,AF1,2,0.488,S1O
84,AF1,3,-0.488,S1O
84,AF1,4,0.000,S1O
84,AF1,5,1.953,S1O
84,AF1,6,4.883,S1O
84,AF1,7,6.836,S1O
84,AF1,8,6.348,S1O
84,AF1,9,2.930,S1O
84,AF1,10,-0.977,S1O
84,AF1,11,-3.906,S1O
84,AF1,12,-3.906,S1O
84,AF1,13,-1.953,S1O
84,AF1,14,0.488,S1O
84,AF1,15,3.418,S1O
84,AF1,16,5.859,S1O
84,AF1,17,7.812,S1O
84,AF1,18,8.789,S1O
84,AF1,19,8.301,S1O
84,AF1,20,6.348,S1O
84,AF1,21,3.418,S1O
84,AF1,22,1.465,S1O
84,AF1,23,0.977,S1O
84,AF1,24,1.953,S1O
84,AF1,25,3.418,S1O
84,AF1,26,2.930,S1O
84,AF1,27,0.000,S1O
84,AF1,28,-4.395,S1O
84,AF1,29,-7.812,S1O
84,AF1,30,-9.277,S1O
84,AF1,31,-9.277,S1O
84,AF1,32,-8.301,S1O
84,AF1,33,-8.301,S1O
84,AF1,34,-9.277,S1O
84,AF1,35,-9.766,S1O
84,AF1,36,-8.789,S1O
84,AF1,37,-4.883,S1O
84,AF1,38,0.000,S1O
84,AF1,39,3.906,S1O
84,AF1,40,6.348,S1O
84,AF1,41,6.348,S1O
84,AF1,42,5.371,S1O
84,AF1,43,4.395,S1O
84,AF1,44,4.883,S1O
84,AF1,45,4.395,S1O
84,AF1,46,3.906,S1O
84,AF1,47,2.441,S1O
84,AF1,48,1.465,S1O
84,AF1,49,0.977,S1O
84,AF1,50,1.465,S1O
84,AF1,51,1.953,S1O
84,AF1,52,1.465,S1O
84,AF1,53,-0.488,S1O
84,AF1,54,-2.930,S1O
84,AF1,55,-3.906,S1O
84,AF1,56,-2.930,S1O
84,AF1,57,-0.977,S1O
84,AF1,58,0.000,S1O
84,AF1,59,-0.977,S1O
84,AF1,60,-4.395,S1O
84,AF1,61,-8.301,S1O
84,AF1,62,-11.719,S1O
84,AF1,63,-12.695,S1O
84,AF1,64,-12.207,S1O
84,AF1,65,-10.254,S1O
84,AF1,66,-8.789,S1O
84,AF1,67,-7.812,S1O
84,AF1,68,-6.836,S1O
84,AF1,69,-6.836,S1O
84,AF1,70,-6.348,S1O
84,AF1,71,-7.324,S1O
84,AF1,72,-7.324,S1O
84,AF1,73,-6.836,S1O
84,AF1,74,-5.859,S1O
84,AF1,75,-4.883,S1O
84,AF1,76,-3.906,S1O
84,AF1,77,-3.906,S1O
84,AF1,78,-3.906,S1O
84,AF1,79,-3.418,S1O
84,AF1,80,-1.953,S1O
84,AF1,81,-0.977,S1O
84,AF1,82,-0.977,S1O
84,AF1,83,-2.441,S1O
84,AF1,84,-3.906,S1O
84,AF1,85,-3.906,S1O
84,AF1,86,-1.465,S1O
84,AF1,87,2.441,S1O
84,AF1,88,4.883,S1O
84,AF1,89,3.906,S1O
84,AF1,90,-0.488,S1O
84,AF1,91,-6.348,S1O
84,AF1,92,-9.766,S1O
84,AF1,93,-9.766,S1O
84,AF1,94,-7.812,S1O
84,AF1,95,-6.348,S1O
84,AF1,96,-7.812,S1O
84,AF1,97,-10.254,S1O
84,AF1,98,-12.207,S1O
84,AF1,99,-11.719,S1O
84,AF1,100,-9.277,S1O
84,AF1,101,-6.348,S1O
84,AF1,102,-4.395,S1O
84,AF1,103,-4.883,S1O
84,AF1,104,-6.348,S1O
84,AF1,105,-6.836,S1O
84,AF1,106,-6.348,S1O
84,AF1,107,-5.371,S1O
84,AF1,108,-4.395,S1O
84,AF1,109,-5.371,S1O
84,AF1,110,-6.836,S1O
84,AF1,111,-7.812,S1O
84,AF1,112,-7.812,S1O
84,AF1,113,-6.348,S1O
84,AF1,114,-5.859,S1O
84,AF1,115,-6.348,S1O
84,AF1,116,-8.789,S1O
84,AF1,117,-11.719,S1O
84,AF1,118,-13.672,S1O
84,AF1,119,-15.137,S1O
84,AF1,120,-15.137,S1O
84,AF1,121,-15.625,S1O
84,AF1,122,-15.137,S1O
84,AF1,123,-14.160,S1O
84,AF1,124,-12.207,S1O
84,AF1,125,-9.766,S1O
84,AF1,126,-8.301,S1O
84,AF1,127,-8.789,S1O
84,AF1,128,-11.230,S1O
84,AF1,129,-13.672,S1O
84,AF1,130,-14.648,S1O
84,AF1,131,-13.184,S1O
84,AF1,132,-9.277,S1O
84,AF1,133,-6.836,S1O
84,AF1,134,-7.812,S1O
84,AF1,135,-10.742,S1O
84,AF1,136,-14.160,S1O
84,AF1,137,-15.137,S1O
84,AF1,138,-12.695,S1O
84,AF1,139,-9.277,S1O
84,AF1,140,-6.836,S1O
84,AF1,141,-7.324,S1O
84,AF1,142,-9.766,S1O
84,AF1,143,-11.719,S1O
84,AF1,144,-12.207,S1O
84,AF1,145,-11.719,S1O
84,AF1,146,-10.742,S1O
84,AF1,147,-9.766,S1O
84,AF1,148,-8.789,S1O
84,AF1,149,-7.324,S1O
84,AF1,150,-5.371,S1O
84,AF1,151,-5.859,S1O
84,AF1,152,-9.766,S1O
84,AF1,153,-16.113,S1O
84,AF1,154,-20.996,S1O
84,AF1,155,-21.484,S1O
84,AF1,156,-17.090,S1O
84,AF1,157,-9.766,S1O
84,AF1,158,-3.906,S1O
84,AF1,159,-1.953,S1O
84,AF1,160,-2.930,S1O
84,AF1,161,-4.395,S1O
84,AF1,162,-4.395,S1O
84,AF1,163,-2.930,S1O
84,AF1,164,-1.953,S1O
84,AF1,165,-1.953,S1O
84,AF1,166,-1.953,S1O
84,AF1,167,-0.977,S1O
84,AF1,168,1.465,S1O
84,AF1,169,4.395,S1O
84,AF1,170,5.371,S1O
84,AF1,171,1.953,S1O
84,AF1,172,-3.906,S1O
84,AF1,173,-9.766,S1O
84,AF1,174,-12.695,S1O
84,AF1,175,-11.230,S1O
84,AF1,176,-6.836,S1O
84,AF1,177,-1.953,S1O
84,AF1,178,1.953,S1O
84,AF1,179,3.906,S1O
84,AF1,180,3.906,S1O
84,AF1,181,3.906,S1O
84,AF1,182,4.395,S1O
84,AF1,183,6.348,S1O
84,AF1,184,9.277,S1O
84,AF1,185,12.695,S1O
84,AF1,186,15.137,S1O
84,AF1,187,16.602,S1O
84,AF1,188,16.602,S1O
84,AF1,189,14.160,S1O
84,AF1,190,11.230,S1O
84,AF1,191,7.324,S1O
84,AF1,192,4.395,S1O
84,AF1,193,2.441,S1O
84,AF1,194,0.977,S1O
84,AF1,195,0.488,S1O
84,AF1,196,0.488,S1O
84,AF1,197,1.465,S1O
84,AF1,198,2.930,S1O
84,AF1,199,4.883,S1O
84,AF1,200,5.859,S1O
84,AF1,201,5.859,S1O
84,AF1,202,5.859,S1O
84,AF1,203,5.859,S1O
84,AF1,204,7.812,S1O
84,AF1,205,10.742,S1O
84,AF1,206,13.184,S1O
84,AF1,207,14.648,S1O
84,AF1,208,13.672,S1O
84,AF1,209,10.742,S1O
84,AF1,210,7.812,S1O
84,AF1,211,5.371,S1O
84,AF1,212,3.418,S1O
84,AF1,213,1.465,S1O
84,AF1,214,-1.465,S1O
84,AF1,215,-4.395,S1O
84,AF1,216,-5.859,S1O
84,AF1,217,-5.371,S1O
84,AF1,218,-2.441,S1O
84,AF1,219,1.465,S1O
84,AF1,220,4.883,S1O
84,AF1,221,6.348,S1O
84,AF1,222,7.324,S1O
84,AF1,223,8.789,S1O
84,AF1,224,11.230,S1O
84,AF1,225,15.137,S1O
84,AF1,226,19.043,S1O
84,AF1,227,21.484,S1O
84,AF1,228,22.949,S1O
84,AF1,229,21.973,S1O
84,AF1,230,19.531,S1O
84,AF1,231,14.648,S1O
84,AF1,232,9.766,S1O
84,AF1,233,5.371,S1O
84,AF1,234,2.930,S1O
84,AF1,235,1.953,S1O
84,AF1,236,1.465,S1O
84,AF1,237,0.000,S1O
84,AF1,238,-2.441,S1O
84,AF1,239,-5.371,S1O
84,AF1,240,-6.348,S1O
84,AF1,241,-4.395,S1O
84,AF1,242,-0.488,S1O
84,AF1,243,2.930,S1O
84,AF1,244,6.348,S1O
84,AF1,245,9.277,S1O
84,AF1,246,11.719,S1O
84,AF1,247,14.160,S1O
84,AF1,248,15.137,S1O
84,AF1,249,15.137,S1O
84,AF1,250,13.672,S1O
84,AF1,251,11.719,S1O
84,AF1,252,10.742,S1O
84,AF1,253,10.742,S1O
84,AF1,254,11.719,S1O
84,AF1,255,12.695,S1O
84,AF2,0,-1.638,S1O
84,AF2,1,-2.126,S1O
84,AF2,2,-0.173,S1O
84,AF2,3,1.780,S1O
84,AF2,4,3.733,S1O
84,AF2,5,5.686,S1O
84,AF2,6,6.663,S1O
84,AF2,7,6.663,S1O
84,AF2,8,5.198,S1O
84,AF2,9,2.757,S1O
84,AF2,10,0.804,S1O
84,AF2,11,-0.661,S1O
84,AF2,12,-0.661,S1O
84,AF2,13,-0.173,S1O
84,AF2,14,0.804,S1O
84,AF2,15,1.780,S1O
84,AF2,16,2.757,S1O
84,AF2,17,3.733,S1O
84,AF2,18,5.198,S1O
84,AF2,19,5.686,S1O
84,AF2,20,5.198,S1O
84,AF2,21,3.733,S1O
84,AF2,22,2.268,S1O
84,AF2,23,0.804,S1O
84,AF2,24,-0.661,S1O
84,AF2,25,-1.638,S1O
84,AF2,26,-2.614,S1O
84,AF2,27,-4.567,S1O
84,AF2,28,-6.032,S1O
84,AF2,29,-7.985,S1O
84,AF2,30,-8.962,S1O
84,AF2,31,-9.939,S1O
84,AF2,32,-10.427,S1O
84,AF2,33,-11.892,S1O
84,AF2,34,-13.357,S1O
84,AF2,35,-13.845,S1O
84,AF2,36,-12.868,S1O
84,AF2,37,-9.450,S1O
84,AF2,38,-4.079,S1O
84,AF2,39,1.292,S1O
84,AF2,40,5.686,S1O
84,AF2,41,7.151,S1O
84,AF2,42,6.663,S1O
84,AF2,43,5.686,S1O
84,AF2,44,4.710,S1O
84,AF2,45,4.710,S1O
84,AF2,46,3.733,S1O
84,AF2,47,2.757,S1O
84,AF2,48,0.804,S1O
84,AF2,49,-1.149,S1O
84,AF2,50,-2.614,S1O
84,AF2,51,-2.614,S1O
84,AF2,52,-2.614,S1O
84,AF2,53,-3.103,S1O
84,AF2,54,-4.079,S1O
84,AF2,55,-5.056,S1O
84,AF2,56,-5.544,S1O
84,AF2,57,-6.032,S1O
84,AF2,58,-6.521,S1O
84,AF2,59,-8.474,S1O
84,AF2,60,-11.403,S1O
84,AF2,61,-14.333,S1O
84,AF2,62,-15.798,S1O
84,AF2,63,-16.286,S1O
84,AF2,64,-15.798,S1O
84,AF2,65,-13.845,S1O
84,AF2,66,-12.868,S1O
84,AF2,67,-11.403,S1O
84,AF2,68,-10.915,S1O
84,AF2,69,-10.915,S1O
84,AF2,70,-10.915,S1O
84,AF2,71,-10.915,S1O
84,AF2,72,-10.427,S1O
84,AF2,73,-8.962,S1O
84,AF2,74,-7.497,S1O
84,AF2,75,-6.032,S1O
84,AF2,76,-5.056,S1O
84,AF2,77,-4.079,S1O
84,AF2,78,-3.103,S1O
84,AF2,79,-2.126,S1O
84,AF2,80,-1.638,S1O
84,AF2,81,-2.126,S1O
84,AF2,82,-3.591,S1O
84,AF2,83,-5.544,S1O
84,AF2,84,-7.497,S1O
84,AF2,85,-7.009,S1O
84,AF2,86,-5.056,S1O
84,AF2,87,-2.126,S1O
84,AF2,88,-0.661,S1O
84,AF2,89,-2.126,S1O
84,AF2,90,-5.544,S1O
84,AF2,91,-9.450,S1O
84,AF2,92,-12.868,S1O
84,AF2,93,-13.357,S1O
84,AF2,94,-12.380,S1O
84,AF2,95,-10.915,S1O
84,AF2,96,-9.939,S1O
84,AF2,97,-9.939,S1O
84,AF2,98,-9.939,S1O
84,AF2,99,-9.939,S1O
84,AF2,100,-9.450,S1O
84,AF2,101,-7.985,S1O
84,AF2,102,-6.032,S1O
84,AF2,103,-4.079,S1O
84,AF2,104,-3.103,S1O
84,AF2,105,-3.591,S1O
84,AF2,106,-4.567,S1O
84,AF2,107,-5.544,S1O
84,AF2,108,-6.521,S1O
84,AF2,109,-7.009,S1O
84,AF2,110,-7.009,S1O
84,AF2,111,-7.497,S1O
84,AF2,112,-7.985,S1O
84,AF2,113,-7.985,S1O
84,AF2,114,-8.474,S1O
84,AF2,115,-8.962,S1O
84,AF2,116,-10.915,S1O
84,AF2,117,-13.357,S1O
84,AF2,118,-15.310,S1O
84,AF2,119,-16.774,S1O
84,AF2,120,-16.774,S1O
84,AF2,121,-15.798,S1O
84,AF2,122,-13.845,S1O
84,AF2,123,-12.868,S1O
84,AF2,124,-11.892,S1O
84,AF2,125,-10.915,S1O
84,AF2,126,-9.939,S1O
84,AF2,127,-9.939,S1O
84,AF2,128,-10.915,S1O
84,AF2,129,-12.868,S1O
84,AF2,130,-14.821,S1O
84,AF2,131,-15.310,S1O
84,AF2,132,-13.845,S1O
84,AF2,133,-11.403,S1O
84,AF2,134,-9.939,S1O
84,AF2,135,-10.427,S1O
84,AF2,136,-13.845,S1O
84,AF2,137,-16.286,S1O
84,AF2,138,-17.263,S1O
84,AF2,139,-15.798,S1O
84,AF2,140,-13.845,S1O
84,AF2,141,-11.892,S1O
84,AF2,142,-11.403,S1O
84,AF2,143,-11.892,S1O
84,AF2,144,-12.868,S1O
84,AF2,145,-12.380,S1O
84,AF2,146,-11.892,S1O
84,AF2,147,-10.915,S1O
84,AF2,148,-9.939,S1O
84,AF2,149,-8.962,S1O
84,AF2,150,-7.985,S1O
84,AF2,151,-7.985,S1O
84,AF2,152,-10.427,S1O
84,AF2,153,-14.333,S1O
84,AF2,154,-19.216,S1O
84,AF2,155,-21.169,S1O
84,AF2,156,-18.728,S1O
84,AF2,157,-13.357,S1O
84,AF2,158,-6.521,S1O
84,AF2,159,-2.614,S1O
84,AF2,160,-2.126,S1O
84,AF2,161,-3.591,S1O
84,AF2,162,-5.544,S1O
84,AF2,163,-6.032,S1O
84,AF2,164,-4.567,S1O
84,AF2,165,-1.638,S1O
84,AF2,166,1.292,S1O
84,AF2,167,3.245,S1O
84,AF2,168,3.733,S1O
84,AF2,169,2.757,S1O
84,AF2,170,1.292,S1O
84,AF2,171,-1.638,S1O
84,AF2,172,-5.544,S1O
84,AF2,173,-9.450,S1O
84,AF2,174,-11.892,S1O
84,AF2,175,-11.403,S1O
84,AF2,176,-9.450,S1O
84,AF2,177,-5.544,S1O
84,AF2,178,-2.126,S1O
84,AF2,179,0.315,S1O
84,AF2,180,1.292,S1O
84,AF2,181,0.804,S1O
84,AF2,182,0.804,S1O
84,AF2,183,2.268,S1O
84,AF2,184,4.710,S1O
84,AF2,185,8.616,S1O
84,AF2,186,12.522,S1O
84,AF2,187,15.452,S1O
84,AF2,188,16.429,S1O
84,AF2,189,14.476,S1O
84,AF2,190,11.058,S1O
84,AF2,191,6.663,S1O
84,AF2,192,2.757,S1O
84,AF2,193,-0.661,S1O
84,AF2,194,-2.614,S1O
84,AF2,195,-3.591,S1O
84,AF2,196,-2.614,S1O
84,AF2,197,-0.173,S1O
84,AF2,198,2.757,S1O
84,AF2,199,5.198,S1O
84,AF2,200,5.686,S1O
84,AF2,201,4.710,S1O
84,AF2,202,3.245,S1O
84,AF2,203,2.757,S1O
84,AF2,204,4.222,S1O
84,AF2,205,7.151,S1O
84,AF2,206,10.081,S1O
84,AF2,207,11.058,S1O
84,AF2,208,9.593,S1O
84,AF2,209,7.151,S1O
84,AF2,210,3.733,S1O
84,AF2,211,0.804,S1O
84,AF2,212,-1.638,S1O
84,AF2,213,-5.056,S1O
84,AF2,214,-7.985,S1O
84,AF2,215,-11.403,S1O
84,AF2,216,-12.380,S1O
84,AF2,217,-10.427,S1O
84,AF2,218,-6.521,S1O
84,AF2,219,-1.638,S1O
84,AF2,220,2.268,S1O
84,AF2,221,3.733,S1O
84,AF2,222,3.733,S1O
84,AF2,223,3.733,S1O
84,AF2,224,4.710,S1O
84,AF2,225,8.128,S1O
84,AF2,226,12.034,S1O
84,AF2,227,16.429,S1O
84,AF2,228,18.382,S1O
84,AF2,229,17.405,S1O
84,AF2,230,14.476,S1O
84,AF2,231,9.593,S1O
84,AF2,232,4.222,S1O
84,AF2,233,0.315,S1O
84,AF2,234,-2.126,S1O
84,AF2,235,-4.079,S1O
84,AF2,236,-5.544,S1O
84,AF2,237,-7.985,S1O
84,AF2,238,-9.939,S1O
84,AF2,239,-12.380,S1O
84,AF2,240,-12.380,S1O
84,AF2,241,-10.427,S1O
84,AF2,242,-7.009,S1O
84,AF2,243,-3.591,S1O
84,AF2,244,0.315,S1O
84,AF2,245,2.757,S1O
84,AF2,246,5.198,S1O
84,AF2,247,6.175,S1O
84,AF2,248,6.175,S1O
84,AF2,249,5.198,S1O
84,AF2,250,4.222,S1O
84,AF2,251,3.733,S1O
84,AF2,252,3.733,S1O
84,AF2,253,4.710,S1O
84,AF2,254,5.198,S1O
84,AF2,255,5.198,S1O
84,FZ,0,-1.007,S1O
84,FZ,1,-1.007,S1O
84,FZ,2,-0.519,S1O
84,FZ,3,-0.031,S1O
84,FZ,4,0.946,S1O
84,FZ,5,1.923,S1O
84,FZ,6,2.899,S1O
84,FZ,7,3.387,S1O
84,FZ,8,3.387,S1O
84,FZ,9,2.411,S1O
84,FZ,10,0.946,S1O
84,FZ,11,-1.007,S1O
84,FZ,12,-1.984,S1O
84,FZ,13,-2.472,S1O
84,FZ,14,-2.472,S1O
84,FZ,15,-1.007,S1O
84,FZ,16,0.458,S1O
84,FZ,17,1.923,S1O
84,FZ,18,3.876,S1O
84,FZ,19,4.852,S1O
84,FZ,20,4.852,S1O
84,FZ,21,3.387,S1O
84,FZ,22,0.458,S1O
84,FZ,23,-2.472,S1O
84,FZ,24,-4.913,S1O
84,FZ,25,-5.890,S1O
84,FZ,26,-5.890,S1O
84,FZ,27,-5.402,S1O
84,FZ,28,-5.402,S1O
84,FZ,29,-6.866,S1O
84,FZ,30,-8.331,S1O
84,FZ,31,-9.796,S1O
84,FZ,32,-10.284,S1O
84,FZ,33,-10.773,S1O
84,FZ,34,-11.749,S1O
84,FZ,35,-12.238,S1O
84,FZ,36,-12.238,S1O
84,FZ,37,-10.284,S1O
84,FZ,38,-6.378,S1O
84,FZ,39,-1.984,S1O
84,FZ,40,1.434,S1O
84,FZ,41,3.387,S1O
84,FZ,42,3.876,S1O
84,FZ,43,3.876,S1O
84,FZ,44,3.876,S1O
84,FZ,45,3.876,S1O
84,FZ,46,3.876,S1O
84,FZ,47,3.387,S1O
84,FZ,48,1.923,S1O
84,FZ,49,0.458,S1O
84,FZ,50,-0.519,S1O
84,FZ,51,-1.007,S1O
84,FZ,52,-1.007,S1O
84,FZ,53,-1.984,S1O
84,FZ,54,-3.448,S1O
84,FZ,55,-4.913,S1O
84,FZ,56,-5.402,S1O
84,FZ,57,-5.402,S1O
84,FZ,58,-5.402,S1O
84,FZ,59,-6.378,S1O
84,FZ,60,-7.843,S1O
84,FZ,61,-10.284,S1O
84,FZ,62,-11.749,S1O
84,FZ,63,-11.749,S1O
84,FZ,64,-10.773,S1O
84,FZ,65,-8.820,S1O
84,FZ,66,-7.843,S1O
84,FZ,67,-7.843,S1O
84,FZ,68,-7.843,S1O
84,FZ,69,-8.331,S1O
84,FZ,70,-7.843,S1O
84,FZ,71,-6.866,S1O
84,FZ,72,-5.890,S1O
84,FZ,73,-5.402,S1O
84,FZ,74,-4.913,S1O
84,FZ,75,-4.425,S1O
84,FZ,76,-3.448,S1O
84,FZ,77,-1.984,S1O
84,FZ,78,-1.007,S1O
84,FZ,79,-0.031,S1O
84,FZ,80,-0.519,S1O
84,FZ,81,-1.495,S1O
84,FZ,82,-1.984,S1O
84,FZ,83,-2.472,S1O
84,FZ,84,-2.472,S1O
84,FZ,85,-1.007,S1O
84,FZ,86,-0.031,S1O
84,FZ,87,1.434,S1O
84,FZ,88,1.923,S1O
84,FZ,89,1.434,S1O
84,FZ,90,-0.519,S1O
84,FZ,91,-2.960,S1O
84,FZ,92,-4.913,S1O
84,FZ,93,-5.890,S1O
84,FZ,94,-5.890,S1O
84,FZ,95,-5.890,S1O
84,FZ,96,-6.378,S1O
84,FZ,97,-6.866,S1O
84,FZ,98,-7.355,S1O
84,FZ,99,-7.843,S1O
84,FZ,100,-7.355,S1O
84,FZ,101,-6.378,S1O
84,FZ,102,-5.402,S1O
84,FZ,103,-4.913,S1O
84,FZ,104,-4.913,S1O
84,FZ,105,-4.913,S1O
84,FZ,106,-4.913,S1O
84,FZ,107,-4.425,S1O
84,FZ,108,-3.937,S1O
84,FZ,109,-3.937,S1O
84,FZ,110,-3.448,S1O
84,FZ,111,-3.448,S1O
84,FZ,112,-2.960,S1O
84,FZ,113,-2.960,S1O
84,FZ,114,-3.448,S1O
84,FZ,115,-4.425,S1O
84,FZ,116,-6.378,S1O
84,FZ,117,-7.843,S1O
84,FZ,118,-8.820,S1O
84,FZ,119,-9.796,S1O
84,FZ,120,-9.796,S1O
84,FZ,121,-9.308,S1O
84,FZ,122,-8.820,S1O
84,FZ,123,-8.331,S1O
84,FZ,124,-7.843,S1O
84,FZ,125,-6.378,S1O
84,FZ,126,-5.890,S1O
84,FZ,127,-5.402,S1O
84,FZ,128,-5.890,S1O
84,FZ,129,-7.355,S1O
84,FZ,130,-7.843,S1O
84,FZ,131,-7.843,S1O
84,FZ,132,-7.355,S1O
84,FZ,133,-6.378,S1O
84,FZ,134,-6.378,S1O
84,FZ,135,-7.843,S1O
84,FZ,136,-9.796,S1O
84,FZ,137,-11.261,S1O
84,FZ,138,-11.261,S1O
84,FZ,139,-9.796,S1O
84,FZ,140,-8.331,S1O
84,FZ,141,-7.843,S1O
84,FZ,142,-7.355,S1O
84,FZ,143,-7.355,S1O
84,FZ,144,-7.355,S1O
84,FZ,145,-7.355,S1O
84,FZ,146,-7.843,S1O
84,FZ,147,-7.355,S1O
84,FZ,148,-6.866,S1O
84,FZ,149,-4.913,S1O
84,FZ,150,-2.472,S1O
84,FZ,151,-1.495,S1O
84,FZ,152,-2.960,S1O
84,FZ,153,-6.866,S1O
84,FZ,154,-11.261,S1O
84,FZ,155,-13.702,S1O
84,FZ,156,-12.238,S1O
84,FZ,157,-7.843,S1O
84,FZ,158,-3.937,S1O
84,FZ,159,-1.007,S1O
84,FZ,160,-0.519,S1O
84,FZ,161,-1.984,S1O
84,FZ,162,-2.960,S1O
84,FZ,163,-2.472,S1O
84,FZ,164,-1.007,S1O
84,FZ,165,0.946,S1O
84,FZ,166,2.899,S1O
84,FZ,167,3.876,S1O
84,FZ,168,3.876,S1O
84,FZ,169,3.876,S1O
84,FZ,170,2.411,S1O
84,FZ,171,-0.031,S1O
84,FZ,172,-3.448,S1O
84,FZ,173,-6.866,S1O
84,FZ,174,-8.820,S1O
84,FZ,175,-8.820,S1O
84,FZ,176,-6.866,S1O
84,FZ,177,-3.937,S1O
84,FZ,178,-1.007,S1O
84,FZ,179,0.458,S1O
84,FZ,180,0.946,S1O
84,FZ,181,1.434,S1O
84,FZ,182,2.411,S1O
84,FZ,183,3.876,S1O
84,FZ,184,6.317,S1O
84,FZ,185,9.247,S1O
84,FZ,186,11.200,S1O
84,FZ,187,12.665,S1O
84,FZ,188,13.641,S1O
84,FZ,189,12.665,S1O
84,FZ,190,10.712,S1O
84,FZ,191,7.782,S1O
84,FZ,192,4.852,S1O
84,FZ,193,1.923,S1O
84,FZ,194,-0.031,S1O
84,FZ,195,-0.519,S1O
84,FZ,196,-0.031,S1O
84,FZ,197,0.946,S1O
84,FZ,198,2.411,S1O
84,FZ,199,3.876,S1O
84,FZ,200,4.852,S1O
84,FZ,201,5.341,S1O
84,FZ,202,5.829,S1O
84,FZ,203,6.317,S1O
84,FZ,204,7.294,S1O
84,FZ,205,8.270,S1O
84,FZ,206,9.247,S1O
84,FZ,207,10.223,S1O
84,FZ,208,10.712,S1O
84,FZ,209,9.735,S1O
84,FZ,210,7.782,S1O
84,FZ,211,4.852,S1O
84,FZ,212,0.946,S1O
84,FZ,213,-2.960,S1O
84,FZ,214,-5.890,S1O
84,FZ,215,-8.331,S1O
84,FZ,216,-9.308,S1O
84,FZ,217,-7.843,S1O
84,FZ,218,-5.890,S1O
84,FZ,219,-2.472,S1O
84,FZ,220,0.946,S1O
84,FZ,221,3.387,S1O
84,FZ,222,5.341,S1O
84,FZ,223,6.805,S1O
84,FZ,224,8.759,S1O
84,FZ,225,10.712,S1O
84,FZ,226,12.665,S1O
84,FZ,227,14.618,S1O
84,FZ,228,15.106,S1O
84,FZ,229,14.618,S1O
84,FZ,230,12.665,S1O
84,FZ,231,9.247,S1O
84,FZ,232,5.829,S1O
84,FZ,233,1.923,S1O
84,FZ,234,-1.007,S1O
84,FZ,235,-2.960,S1O
84,FZ,236,-4.913,S1O
84,FZ,237,-5.890,S1O
84,FZ,238,-6.866,S1O
84,FZ,239,-7.355,S1O
84,FZ,240,-6.866,S1O
84,FZ,241,-4.913,S1O
84,FZ,242,-2.960,S1O
84,FZ,243,-1.007,S1O
84,FZ,244,0.946,S1O
84,FZ,245,2.899,S1O
84,FZ,246,5.341,S1O
84,FZ,247,7.294,S1O
84,FZ,248,8.270,S1O
84,FZ,249,8.270,S1O
84,FZ,250,7.294,S1O
84,FZ,251,6.317,S1O
84,FZ,252,5.829,S1O
84,FZ,253,5.829,S1O
84,FZ,254,5.829,S1O
84,FZ,255,4.852,S1O
84,F4,0,0.407,S1O
84,F4,1,0.407,S1O
84,F4,2,1.872,S1O
84,F4,3,3.337,S1O
84,F4,4,4.801,S1O
84,F4,5,6.755,S1O
84,F4,6,8.219,S1O
84,F4,7,10.173,S1O
84,F4,8,11.637,S1O
84,F4,9,11.149,S1O
84,F4,10,10.173,S1O
84,F4,11,8.219,S1O
84,F4,12,7.243,S1O
84,F4,13,7.243,S1O
84,F4,14,8.219,S1O
84,F4,15,9.196,S1O
84,F4,16,9.684,S1O
84,F4,17,10.173,S1O
84,F4,18,10.173,S1O
84,F4,19,10.173,S1O
84,F4,20,9.196,S1O
84,F4,21,7.731,S1O
84,F4,22,6.266,S1O
84,F4,23,5.290,S1O
84,F4,24,4.801,S1O
84,F4,25,4.801,S1O
84,F4,26,4.801,S1O
84,F4,27,4.313,S1O
84,F4,28,2.848,S1O
84,F4,29,1.383,S1O
84,F4,30,-0.081,S1O
84,F4,31,-1.546,S1O
84,F4,32,-2.035,S1O
84,F4,33,-3.499,S1O
84,F4,34,-4.476,S1O
84,F4,35,-5.452,S1O
84,F4,36,-3.988,S1O
84,F4,37,-0.081,S1O
84,F4,38,5.290,S1O
84,F4,39,10.661,S1O
84,F4,40,14.079,S1O
84,F4,41,15.544,S1O
84,F4,42,15.055,S1O
84,F4,43,14.079,S1O
84,F4,44,13.590,S1O
84,F4,45,13.102,S1O
84,F4,46,12.614,S1O
84,F4,47,11.149,S1O
84,F4,48,9.684,S1O
84,F4,49,8.219,S1O
84,F4,50,7.731,S1O
84,F4,51,6.755,S1O
84,F4,52,5.778,S1O
84,F4,53,4.801,S1O
84,F4,54,3.337,S1O
84,F4,55,2.848,S1O
84,F4,56,3.337,S1O
84,F4,57,3.337,S1O
84,F4,58,2.360,S1O
84,F4,59,0.407,S1O
84,F4,60,-3.011,S1O
84,F4,61,-5.941,S1O
84,F4,62,-7.894,S1O
84,F4,63,-7.894,S1O
84,F4,64,-6.429,S1O
84,F4,65,-4.964,S1O
84,F4,66,-3.988,S1O
84,F4,67,-3.011,S1O
84,F4,68,-2.523,S1O
84,F4,69,-2.523,S1O
84,F4,70,-1.546,S1O
84,F4,71,-0.570,S1O
84,F4,72,0.407,S1O
84,F4,73,1.872,S1O
84,F4,74,2.848,S1O
84,F4,75,3.825,S1O
84,F4,76,4.313,S1O
84,F4,77,4.313,S1O
84,F4,78,4.801,S1O
84,F4,79,5.290,S1O
84,F4,80,5.778,S1O
84,F4,81,5.290,S1O
84,F4,82,3.337,S1O
84,F4,83,0.895,S1O
84,F4,84,-0.081,S1O
84,F4,85,-0.081,S1O
84,F4,86,0.895,S1O
84,F4,87,2.848,S1O
84,F4,88,2.848,S1O
84,F4,89,2.360,S1O
84,F4,90,0.407,S1O
84,F4,91,-1.058,S1O
84,F4,92,-1.058,S1O
84,F4,93,-0.570,S1O
84,F4,94,-0.081,S1O
84,F4,95,0.407,S1O
84,F4,96,-0.081,S1O
84,F4,97,-0.570,S1O
84,F4,98,-0.081,S1O
84,F4,99,0.407,S1O
84,F4,100,1.383,S1O
84,F4,101,1.872,S1O
84,F4,102,3.337,S1O
84,F4,103,4.313,S1O
84,F4,104,4.313,S1O
84,F4,105,3.825,S1O
84,F4,106,3.337,S1O
84,F4,107,2.848,S1O
84,F4,108,2.848,S1O
84,F4,109,3.337,S1O
84,F4,110,4.313,S1O
84,F4,111,4.313,S1O
84,F4,112,3.825,S1O
84,F4,113,2.848,S1O
84,F4,114,1.383,S1O
84,F4,115,-0.570,S1O
84,F4,116,-2.035,S1O
84,F4,117,-3.011,S1O
84,F4,118,-3.988,S1O
84,F4,119,-4.476,S1O
84,F4,120,-3.988,S1O
84,F4,121,-3.011,S1O
84,F4,122,-1.546,S1O
84,F4,123,-0.570,S1O
84,F4,124,-0.081,S1O
84,F4,125,0.895,S1O
84,F4,126,1.383,S1O
84,F4,127,1.383,S1O
84,F4,128,0.895,S1O
84,F4,129,-0.570,S1O
84,F4,130,-1.546,S1O
84,F4,131,-2.035,S1O
84,F4,132,-1.058,S1O
84,F4,133,-0.081,S1O
84,F4,134,0.407,S1O
84,F4,135,-0.081,S1O
84,F4,136,-2.035,S1O
84,F4,137,-3.499,S1O
84,F4,138,-3.499,S1O
84,F4,139,-2.523,S1O
84,F4,140,-0.081,S1O
84,F4,141,0.895,S1O
84,F4,142,1.383,S1O
84,F4,143,1.383,S1O
84,F4,144,0.895,S1O
84,F4,145,1.383,S1O
84,F4,146,2.360,S1O
84,F4,147,3.337,S1O
84,F4,148,3.825,S1O
84,F4,149,4.801,S1O
84,F4,150,5.290,S1O
84,F4,151,4.801,S1O
84,F4,152,3.337,S1O
84,F4,153,-0.081,S1O
84,F4,154,-3.499,S1O
84,F4,155,-4.964,S1O
84,F4,156,-3.499,S1O
84,F4,157,1.383,S1O
84,F4,158,6.266,S1O
84,F4,159,10.173,S1O
84,F4,160,11.637,S1O
84,F4,161,10.661,S1O
84,F4,162,9.684,S1O
84,F4,163,9.684,S1O
84,F4,164,10.661,S1O
84,F4,165,13.102,S1O
84,F4,166,15.055,S1O
84,F4,167,16.032,S1O
84,F4,168,16.032,S1O
84,F4,169,15.055,S1O
84,F4,170,13.590,S1O
84,F4,171,11.637,S1O
84,F4,172,8.219,S1O
84,F4,173,5.290,S1O
84,F4,174,2.848,S1O
84,F4,175,2.360,S1O
84,F4,176,3.825,S1O
84,F4,177,7.243,S1O
84,F4,178,10.173,S1O
84,F4,179,12.614,S1O
84,F4,180,13.102,S1O
84,F4,181,13.590,S1O
84,F4,182,14.079,S1O
84,F4,183,15.544,S1O
84,F4,184,18.473,S1O
84,F4,185,21.891,S1O
84,F4,186,24.333,S1O
84,F4,187,26.286,S1O
84,F4,188,26.774,S1O
84,F4,189,25.798,S1O
84,F4,190,23.356,S1O
84,F4,191,19.938,S1O
84,F4,192,17.008,S1O
84,F4,193,14.079,S1O
84,F4,194,11.637,S1O
84,F4,195,11.149,S1O
84,F4,196,12.126,S1O
84,F4,197,14.079,S1O
84,F4,198,16.520,S1O
84,F4,199,17.985,S1O
84,F4,200,18.473,S1O
84,F4,201,17.985,S1O
84,F4,202,17.008,S1O
84,F4,203,17.008,S1O
84,F4,204,18.473,S1O
84,F4,205,20.915,S1O
84,F4,206,22.868,S1O
84,F4,207,24.333,S1O
84,F4,208,23.844,S1O
84,F4,209,22.380,S1O
84,F4,210,19.450,S1O
84,F4,211,16.032,S1O
84,F4,212,12.126,S1O
84,F4,213,9.196,S1O
84,F4,214,6.266,S1O
84,F4,215,4.801,S1O
84,F4,216,4.313,S1O
84,F4,217,5.778,S1O
84,F4,218,9.196,S1O
84,F4,219,12.126,S1O
84,F4,220,15.544,S1O
84,F4,221,17.497,S1O
84,F4,222,18.962,S1O
84,F4,223,18.962,S1O
84,F4,224,19.938,S1O
84,F4,225,21.891,S1O
84,F4,226,24.333,S1O
84,F4,227,26.774,S1O
84,F4,228,28.727,S1O
84,F4,229,29.215,S1O
84,F4,230,26.774,S1O
84,F4,231,22.868,S1O
84,F4,232,18.473,S1O
84,F4,233,14.567,S1O
84,F4,234,11.637,S1O
84,F4,235,9.196,S1O
84,F4,236,7.243,S1O
84,F4,237,6.266,S1O
84,F4,238,5.290,S1O
84,F4,239,4.313,S1O
84,F4,240,4.801,S1O
84,F4,241,5.778,S1O
84,F4,242,7.731,S1O
84,F4,243,10.173,S1O
84,F4,244,12.614,S1O
84,F4,245,15.055,S1O
84,F4,246,17.008,S1O
84,F4,247,17.985,S1O
84,F4,248,17.985,S1O
84,F4,249,17.497,S1O
84,F4,250,17.008,S1O
84,F4,251,17.008,S1O
84,F4,252,17.497,S1O
84,F4,253,17.985,S1O
84,F4,254,18.473,S1O
84,F4,255,18.962,S1O
84,F3,0,4.873,S1O
84,F3,1,4.873,S1O
84,F3,2,3.408,S1O
84,F3,3,1.455,S1O
84,F3,4,-0.498,S1O
84,F3,5,-0.010,S1O
84,F3,6,1.455,S1O
84,F3,7,3.896,S1O
84,F3,8,4.873,S1O
84,F3,9,3.896,S1O
84,F3,10,1.943,S1O
84,F3,11,-0.987,S1O
84,F3,12,-1.963,S1O
84,F3,13,-1.475,S1O
84,F3,14,0.478,S1O
84,F3,15,3.408,S1O
84,F3,16,6.337,S1O
84,F3,17,8.291,S1O
84,F3,18,8.779,S1O
84,F3,19,8.779,S1O
84,F3,20,7.802,S1O
84,F3,21,6.337,S1O
84,F3,22,4.873,S1O
84,F3,23,3.896,S1O
84,F3,24,3.408,S1O
84,F3,25,3.408,S1O
84,F3,26,3.408,S1O
84,F3,27,2.920,S1O
84,F3,28,2.431,S1O
84,F3,29,0.966,S1O
84,F3,30,-0.010,S1O
84,F3,31,-1.475,S1O
84,F3,32,-1.963,S1O
84,F3,33,-1.963,S1O
84,F3,34,-1.475,S1O
84,F3,35,-0.010,S1O
84,F3,36,1.943,S1O
84,F3,37,3.896,S1O
84,F3,38,6.337,S1O
84,F3,39,7.802,S1O
84,F3,40,9.755,S1O
84,F3,41,11.220,S1O
84,F3,42,12.197,S1O
84,F3,43,11.709,S1O
84,F3,44,9.755,S1O
84,F3,45,7.802,S1O
84,F3,46,5.361,S1O
84,F3,47,3.896,S1O
84,F3,48,3.896,S1O
84,F3,49,3.408,S1O
84,F3,50,4.384,S1O
84,F3,51,4.873,S1O
84,F3,52,4.873,S1O
84,F3,53,4.384,S1O
84,F3,54,3.896,S1O
84,F3,55,2.920,S1O
84,F3,56,2.920,S1O
84,F3,57,3.408,S1O
84,F3,58,3.896,S1O
84,F3,59,3.896,S1O
84,F3,60,2.920,S1O
84,F3,61,0.966,S1O
84,F3,62,-0.987,S1O
84,F3,63,-2.452,S1O
84,F3,64,-2.452,S1O
84,F3,65,-1.963,S1O
84,F3,66,-1.963,S1O
84,F3,67,-1.963,S1O
84,F3,68,-1.475,S1O
84,F3,69,-0.987,S1O
84,F3,70,-0.010,S1O
84,F3,71,1.943,S1O
84,F3,72,3.896,S1O
84,F3,73,4.384,S1O
84,F3,74,3.896,S1O
84,F3,75,2.431,S1O
84,F3,76,0.478,S1O
84,F3,77,-0.498,S1O
84,F3,78,-0.498,S1O
84,F3,79,0.966,S1O
84,F3,80,3.408,S1O
84,F3,81,4.384,S1O
84,F3,82,5.361,S1O
84,F3,83,5.361,S1O
84,F3,84,6.337,S1O
84,F3,85,7.802,S1O
84,F3,86,10.732,S1O
84,F3,87,13.662,S1O
84,F3,88,15.615,S1O
84,F3,89,13.662,S1O
84,F3,90,9.755,S1O
84,F3,91,5.361,S1O
84,F3,92,2.920,S1O
84,F3,93,2.920,S1O
84,F3,94,3.896,S1O
84,F3,95,3.896,S1O
84,F3,96,2.431,S1O
84,F3,97,-0.010,S1O
84,F3,98,-1.475,S1O
84,F3,99,-0.010,S1O
84,F3,100,2.920,S1O
84,F3,101,4.873,S1O
84,F3,102,4.873,S1O
84,F3,103,3.896,S1O
84,F3,104,1.943,S1O
84,F3,105,2.920,S1O
84,F3,106,4.873,S1O
84,F3,107,7.802,S1O
84,F3,108,9.267,S1O
84,F3,109,9.755,S1O
84,F3,110,8.779,S1O
84,F3,111,7.802,S1O
84,F3,112,6.826,S1O
84,F3,113,6.826,S1O
84,F3,114,6.337,S1O
84,F3,115,5.361,S1O
84,F3,116,3.408,S1O
84,F3,117,1.943,S1O
84,F3,118,0.966,S1O
84,F3,119,0.478,S1O
84,F3,120,0.478,S1O
84,F3,121,0.478,S1O
84,F3,122,0.966,S1O
84,F3,123,2.920,S1O
84,F3,124,4.384,S1O
84,F3,125,5.361,S1O
84,F3,126,5.361,S1O
84,F3,127,3.896,S1O
84,F3,128,1.943,S1O
84,F3,129,0.966,S1O
84,F3,130,1.943,S1O
84,F3,131,4.873,S1O
84,F3,132,7.802,S1O
84,F3,133,8.779,S1O
84,F3,134,6.826,S1O
84,F3,135,4.384,S1O
84,F3,136,1.943,S1O
84,F3,137,2.431,S1O
84,F3,138,4.873,S1O
84,F3,139,7.802,S1O
84,F3,140,8.779,S1O
84,F3,141,7.314,S1O
84,F3,142,4.873,S1O
84,F3,143,3.408,S1O
84,F3,144,2.920,S1O
84,F3,145,2.920,S1O
84,F3,146,2.431,S1O
84,F3,147,1.943,S1O
84,F3,148,1.455,S1O
84,F3,149,2.920,S1O
84,F3,150,4.873,S1O
84,F3,151,5.849,S1O
84,F3,152,3.896,S1O
84,F3,153,-0.498,S1O
84,F3,154,-4.405,S1O
84,F3,155,-5.381,S1O
84,F3,156,-2.452,S1O
84,F3,157,2.431,S1O
84,F3,158,6.337,S1O
84,F3,159,7.802,S1O
84,F3,160,8.291,S1O
84,F3,161,8.291,S1O
84,F3,162,9.755,S1O
84,F3,163,10.732,S1O
84,F3,164,10.732,S1O
84,F3,165,9.267,S1O
84,F3,166,7.802,S1O
84,F3,167,7.314,S1O
84,F3,168,8.779,S1O
84,F3,169,10.732,S1O
84,F3,170,11.709,S1O
84,F3,171,9.267,S1O
84,F3,172,5.849,S1O
84,F3,173,1.943,S1O
84,F3,174,0.478,S1O
84,F3,175,1.943,S1O
84,F3,176,5.361,S1O
84,F3,177,9.755,S1O
84,F3,178,13.662,S1O
84,F3,179,15.127,S1O
84,F3,180,16.103,S1O
84,F3,181,15.615,S1O
84,F3,182,16.103,S1O
84,F3,183,17.568,S1O
84,F3,184,20.009,S1O
84,F3,185,22.451,S1O
84,F3,186,24.892,S1O
84,F3,187,25.869,S1O
84,F3,188,25.869,S1O
84,F3,189,23.916,S1O
84,F3,190,21.474,S1O
84,F3,191,18.056,S1O
84,F3,192,15.127,S1O
84,F3,193,13.173,S1O
84,F3,194,12.197,S1O
84,F3,195,12.197,S1O
84,F3,196,12.197,S1O
84,F3,197,12.685,S1O
84,F3,198,13.173,S1O
84,F3,199,14.150,S1O
84,F3,200,15.127,S1O
84,F3,201,16.103,S1O
84,F3,202,17.080,S1O
84,F3,203,18.056,S1O
84,F3,204,18.545,S1O
84,F3,205,19.033,S1O
84,F3,206,19.521,S1O
84,F3,207,20.009,S1O
84,F3,208,19.521,S1O
84,F3,209,18.056,S1O
84,F3,210,16.103,S1O
84,F3,211,13.173,S1O
84,F3,212,10.732,S1O
84,F3,213,7.802,S1O
84,F3,214,6.337,S1O
84,F3,215,5.361,S1O
84,F3,216,5.361,S1O
84,F3,217,6.826,S1O
84,F3,218,9.267,S1O
84,F3,219,12.197,S1O
84,F3,220,14.638,S1O
84,F3,221,16.591,S1O
84,F3,222,17.568,S1O
84,F3,223,19.033,S1O
84,F3,224,20.498,S1O
84,F3,225,21.962,S1O
84,F3,226,23.916,S1O
84,F3,227,25.869,S1O
84,F3,228,27.822,S1O
84,F3,229,28.310,S1O
84,F3,230,27.822,S1O
84,F3,231,24.892,S1O
84,F3,232,20.986,S1O
84,F3,233,16.591,S1O
84,F3,234,13.173,S1O
84,F3,235,11.709,S1O
84,F3,236,11.220,S1O
84,F3,237,10.732,S1O
84,F3,238,9.755,S1O
84,F3,239,8.779,S1O
84,F3,240,8.291,S1O
84,F3,241,9.755,S1O
84,F3,242,11.709,S1O
84,F3,243,14.638,S1O
84,F3,244,17.080,S1O
84,F3,245,19.521,S1O
84,F3,246,22.939,S1O
84,F3,247,25.869,S1O
84,F3,248,27.334,S1O
84,F3,249,27.334,S1O
84,F3,250,25.380,S1O
84,F3,251,22.939,S1O
84,F3,252,21.474,S1O
84,F3,253,21.962,S1O
84,F3,254,22.451,S1O
84,F3,255,22.451,S1O
84,FC6,0,-3.499,S1O
84,FC6,1,-4.476,S1O
84,FC6,2,-4.476,S1O
84,FC6,3,-3.499,S1O
84,FC6,4,-2.035,S1O
84,FC6,5,-0.081,S1O
84,FC6,6,1.383,S1O
84,FC6,7,1.872,S1O
84,FC6,8,1.872,S1O
84,FC6,9,1.872,S1O
84,FC6,10,2.360,S1O
84,FC6,11,3.337,S1O
84,FC6,12,4.801,S1O
84,FC6,13,5.778,S1O
84,FC6,14,6.755,S1O
84,FC6,15,7.243,S1O
84,FC6,16,7.731,S1O
84,FC6,17,7.731,S1O
84,FC6,18,7.731,S1O
84,FC6,19,6.266,S1O
84,FC6,20,4.313,S1O
84,FC6,21,1.872,S1O
84,FC6,22,0.895,S1O
84,FC6,23,0.407,S1O
84,FC6,24,0.895,S1O
84,FC6,25,0.895,S1O
84,FC6,26,0.407,S1O
84,FC6,27,-1.546,S1O
84,FC6,28,-3.988,S1O
84,FC6,29,-6.917,S1O
84,FC6,30,-8.870,S1O
84,FC6,31,-10.824,S1O
84,FC6,32,-11.800,S1O
84,FC6,33,-12.777,S1O
84,FC6,34,-13.753,S1O
84,FC6,35,-13.753,S1O
84,FC6,36,-12.288,S1O
84,FC6,37,-8.382,S1O
84,FC6,38,-3.011,S1O
84,FC6,39,3.337,S1O
84,FC6,40,8.219,S1O
84,FC6,41,10.661,S1O
84,FC6,42,11.149,S1O
84,FC6,43,10.173,S1O
84,FC6,44,8.219,S1O
84,FC6,45,6.266,S1O
84,FC6,46,4.313,S1O
84,FC6,47,2.360,S1O
84,FC6,48,0.895,S1O
84,FC6,49,-0.081,S1O
84,FC6,50,-1.058,S1O
84,FC6,51,-0.570,S1O
84,FC6,52,-0.081,S1O
84,FC6,53,0.407,S1O
84,FC6,54,0.407,S1O
84,FC6,55,-0.081,S1O
84,FC6,56,-1.058,S1O
84,FC6,57,-2.035,S1O
84,FC6,58,-3.499,S1O
84,FC6,59,-5.452,S1O
84,FC6,60,-7.894,S1O
84,FC6,61,-10.335,S1O
84,FC6,62,-11.312,S1O
84,FC6,63,-11.800,S1O
84,FC6,64,-11.800,S1O
84,FC6,65,-10.824,S1O
84,FC6,66,-10.335,S1O
84,FC6,67,-8.870,S1O
84,FC6,68,-7.406,S1O
84,FC6,69,-5.941,S1O
84,FC6,70,-3.988,S1O
84,FC6,71,-2.523,S1O
84,FC6,72,-1.058,S1O
84,FC6,73,-0.081,S1O
84,FC6,74,0.895,S1O
84,FC6,75,1.383,S1O
84,FC6,76,1.872,S1O
84,FC6,77,2.360,S1O
84,FC6,78,1.872,S1O
84,FC6,79,1.383,S1O
84,FC6,80,-0.081,S1O
84,FC6,81,-2.035,S1O
84,FC6,82,-4.476,S1O
84,FC6,83,-6.429,S1O
84,FC6,84,-7.406,S1O
84,FC6,85,-7.406,S1O
84,FC6,86,-6.429,S1O
84,FC6,87,-5.941,S1O
84,FC6,88,-5.941,S1O
84,FC6,89,-7.406,S1O
84,FC6,90,-8.870,S1O
84,FC6,91,-9.359,S1O
84,FC6,92,-9.359,S1O
84,FC6,93,-7.894,S1O
84,FC6,94,-6.917,S1O
84,FC6,95,-6.429,S1O
84,FC6,96,-5.941,S1O
84,FC6,97,-5.452,S1O
84,FC6,98,-4.476,S1O
84,FC6,99,-3.499,S1O
84,FC6,100,-2.523,S1O
84,FC6,101,-1.546,S1O
84,FC6,102,-0.570,S1O
84,FC6,103,-0.570,S1O
84,FC6,104,-1.546,S1O
84,FC6,105,-2.523,S1O
84,FC6,106,-3.988,S1O
84,FC6,107,-4.964,S1O
84,FC6,108,-5.452,S1O
84,FC6,109,-4.964,S1O
84,FC6,110,-3.988,S1O
84,FC6,111,-3.499,S1O
84,FC6,112,-3.499,S1O
84,FC6,113,-4.964,S1O
84,FC6,114,-6.917,S1O
84,FC6,115,-8.382,S1O
84,FC6,116,-9.359,S1O
84,FC6,117,-9.847,S1O
84,FC6,118,-9.847,S1O
84,FC6,119,-9.359,S1O
84,FC6,120,-7.894,S1O
84,FC6,121,-5.941,S1O
84,FC6,122,-3.499,S1O
84,FC6,123,-1.546,S1O
84,FC6,124,-0.570,S1O
84,FC6,125,-0.570,S1O
84,FC6,126,-2.035,S1O
84,FC6,127,-3.988,S1O
84,FC6,128,-6.429,S1O
84,FC6,129,-8.382,S1O
84,FC6,130,-8.870,S1O
84,FC6,131,-8.870,S1O
84,FC6,132,-8.382,S1O
84,FC6,133,-8.382,S1O
84,FC6,134,-8.382,S1O
84,FC6,135,-8.382,S1O
84,FC6,136,-7.894,S1O
84,FC6,137,-6.917,S1O
84,FC6,138,-5.452,S1O
84,FC6,139,-4.476,S1O
84,FC6,140,-4.476,S1O
84,FC6,141,-4.964,S1O
84,FC6,142,-4.964,S1O
84,FC6,143,-5.452,S1O
84,FC6,144,-4.964,S1O
84,FC6,145,-4.476,S1O
84,FC6,146,-4.476,S1O
84,FC6,147,-4.964,S1O
84,FC6,148,-5.452,S1O
84,FC6,149,-6.429,S1O
84,FC6,150,-6.429,S1O
84,FC6,151,-7.406,S1O
84,FC6,152,-8.382,S1O
84,FC6,153,-9.847,S1O
84,FC6,154,-12.288,S1O
84,FC6,155,-13.753,S1O
84,FC6,156,-13.265,S1O
84,FC6,157,-10.824,S1O
84,FC6,158,-6.429,S1O
84,FC6,159,-2.035,S1O
84,FC6,160,1.383,S1O
84,FC6,161,3.337,S1O
84,FC6,162,3.337,S1O
84,FC6,163,2.848,S1O
84,FC6,164,2.360,S1O
84,FC6,165,2.360,S1O
84,FC6,166,1.872,S1O
84,FC6,167,2.360,S1O
84,FC6,168,3.337,S1O
84,FC6,169,3.825,S1O
84,FC6,170,3.825,S1O
84,FC6,171,2.360,S1O
84,FC6,172,-0.081,S1O
84,FC6,173,-3.988,S1O
84,FC6,174,-7.406,S1O
84,FC6,175,-8.870,S1O
84,FC6,176,-8.382,S1O
84,FC6,177,-5.941,S1O
84,FC6,178,-3.011,S1O
84,FC6,179,-1.058,S1O
84,FC6,180,0.407,S1O
84,FC6,181,2.360,S1O
84,FC6,182,4.801,S1O
84,FC6,183,8.219,S1O
84,FC6,184,12.126,S1O
84,FC6,185,15.055,S1O
84,FC6,186,15.544,S1O
84,FC6,187,15.544,S1O
84,FC6,188,14.079,S1O
84,FC6,189,12.126,S1O
84,FC6,190,9.684,S1O
84,FC6,191,6.755,S1O
84,FC6,192,3.337,S1O
84,FC6,193,0.895,S1O
84,FC6,194,-0.570,S1O
84,FC6,195,-0.570,S1O
84,FC6,196,1.383,S1O
84,FC6,197,3.825,S1O
84,FC6,198,5.290,S1O
84,FC6,199,6.755,S1O
84,FC6,200,6.755,S1O
84,FC6,201,6.266,S1O
84,FC6,202,5.778,S1O
84,FC6,203,5.778,S1O
84,FC6,204,5.778,S1O
84,FC6,205,6.755,S1O
84,FC6,206,7.731,S1O
84,FC6,207,8.219,S1O
84,FC6,208,8.708,S1O
84,FC6,209,7.731,S1O
84,FC6,210,4.801,S1O
84,FC6,211,0.895,S1O
84,FC6,212,-3.499,S1O
84,FC6,213,-7.406,S1O
84,FC6,214,-8.870,S1O
84,FC6,215,-8.382,S1O
84,FC6,216,-6.917,S1O
84,FC6,217,-4.476,S1O
84,FC6,218,-1.546,S1O
84,FC6,219,0.407,S1O
84,FC6,220,2.360,S1O
84,FC6,221,3.825,S1O
84,FC6,222,4.313,S1O
84,FC6,223,4.801,S1O
84,FC6,224,4.801,S1O
84,FC6,225,6.266,S1O
84,FC6,226,8.708,S1O
84,FC6,227,12.126,S1O
84,FC6,228,14.079,S1O
84,FC6,229,14.567,S1O
84,FC6,230,12.126,S1O
84,FC6,231,8.219,S1O
84,FC6,232,3.825,S1O
84,FC6,233,-0.081,S1O
84,FC6,234,-3.011,S1O
84,FC6,235,-4.476,S1O
84,FC6,236,-5.941,S1O
84,FC6,237,-7.406,S1O
84,FC6,238,-7.894,S1O
84,FC6,239,-8.382,S1O
84,FC6,240,-8.382,S1O
84,FC6,241,-7.894,S1O
84,FC6,242,-6.429,S1O
84,FC6,243,-4.476,S1O
84,FC6,244,-2.035,S1O
84,FC6,245,-0.570,S1O
84,FC6,246,0.407,S1O
84,FC6,247,0.407,S1O
84,FC6,248,0.407,S1O
84,FC6,249,0.407,S1O
84,FC6,250,0.895,S1O
84,FC6,251,1.872,S1O
84,FC6,252,2.848,S1O
84,FC6,253,4.313,S1O
84,FC6,254,5.778,S1O
84,FC6,255,7.243,S1O
84,FC5,0,-2.960,S1O
84,FC5,1,-2.472,S1O
84,FC5,2,-3.448,S1O
84,FC5,3,-3.937,S1O
84,FC5,4,-3.448,S1O
84,FC5,5,-1.984,S1O
84,FC5,6,-0.031,S1O
84,FC5,7,0.946,S1O
84,FC5,8,0.458,S1O
84,FC5,9,-1.495,S1O
84,FC5,10,-2.472,S1O
84,FC5,11,-3.448,S1O
84,FC5,12,-2.960,S1O
84,FC5,13,-1.984,S1O
84,FC5,14,-1.007,S1O
84,FC5,15,0.458,S1O
84,FC5,16,2.899,S1O
84,FC5,17,5.341,S1O
84,FC5,18,6.805,S1O
84,FC5,19,6.805,S1O
84,FC5,20,4.852,S1O
84,FC5,21,1.923,S1O
84,FC5,22,-0.031,S1O
84,FC5,23,-0.519,S1O
84,FC5,24,0.458,S1O
84,FC5,25,1.434,S1O
84,FC5,26,1.434,S1O
84,FC5,27,0.946,S1O
84,FC5,28,0.458,S1O
84,FC5,29,0.946,S1O
84,FC5,30,1.923,S1O
84,FC5,31,2.411,S1O
84,FC5,32,1.923,S1O
84,FC5,33,0.946,S1O
84,FC5,34,0.458,S1O
84,FC5,35,0.458,S1O
84,FC5,36,2.411,S1O
84,FC5,37,4.852,S1O
84,FC5,38,7.294,S1O
84,FC5,39,8.759,S1O
84,FC5,40,9.735,S1O
84,FC5,41,10.223,S1O
84,FC5,42,10.223,S1O
84,FC5,43,9.247,S1O
84,FC5,44,5.829,S1O
84,FC5,45,0.946,S1O
84,FC5,46,-4.425,S1O
84,FC5,47,-8.331,S1O
84,FC5,48,-9.796,S1O
84,FC5,49,-8.331,S1O
84,FC5,50,-5.890,S1O
84,FC5,51,-2.960,S1O
84,FC5,52,-0.519,S1O
84,FC5,53,-0.031,S1O
84,FC5,54,-0.031,S1O
84,FC5,55,-0.519,S1O
84,FC5,56,-1.495,S1O
84,FC5,57,-1.984,S1O
84,FC5,58,-1.984,S1O
84,FC5,59,-1.007,S1O
84,FC5,60,-1.007,S1O
84,FC5,61,-2.472,S1O
84,FC5,62,-3.937,S1O
84,FC5,63,-5.890,S1O
84,FC5,64,-5.890,S1O
84,FC5,65,-4.913,S1O
84,FC5,66,-3.937,S1O
84,FC5,67,-2.960,S1O
84,FC5,68,-2.960,S1O
84,FC5,69,-2.472,S1O
84,FC5,70,-1.007,S1O
84,FC5,71,0.458,S1O
84,FC5,72,1.923,S1O
84,FC5,73,1.923,S1O
84,FC5,74,-0.519,S1O
84,FC5,75,-2.960,S1O
84,FC5,76,-5.402,S1O
84,FC5,77,-6.378,S1O
84,FC5,78,-6.866,S1O
84,FC5,79,-6.378,S1O
84,FC5,80,-6.378,S1O
84,FC5,81,-5.402,S1O
84,FC5,82,-3.937,S1O
84,FC5,83,-1.495,S1O
84,FC5,84,1.434,S1O
84,FC5,85,4.364,S1O
84,FC5,86,6.317,S1O
84,FC5,87,7.294,S1O
84,FC5,88,7.294,S1O
84,FC5,89,5.829,S1O
84,FC5,90,3.876,S1O
84,FC5,91,1.434,S1O
84,FC5,92,-0.519,S1O
84,FC5,93,-1.495,S1O
84,FC5,94,-2.472,S1O
84,FC5,95,-3.448,S1O
84,FC5,96,-4.913,S1O
84,FC5,97,-5.890,S1O
84,FC5,98,-6.378,S1O
84,FC5,99,-6.378,S1O
84,FC5,100,-5.402,S1O
84,FC5,101,-5.402,S1O
84,FC5,102,-5.890,S1O
84,FC5,103,-6.378,S1O
84,FC5,104,-5.890,S1O
84,FC5,105,-3.448,S1O
84,FC5,106,-0.519,S1O
84,FC5,107,1.923,S1O
84,FC5,108,2.899,S1O
84,FC5,109,2.411,S1O
84,FC5,110,2.411,S1O
84,FC5,111,1.434,S1O
84,FC5,112,0.946,S1O
84,FC5,113,-0.031,S1O
84,FC5,114,-1.984,S1O
84,FC5,115,-3.937,S1O
84,FC5,116,-5.890,S1O
84,FC5,117,-6.378,S1O
84,FC5,118,-6.866,S1O
84,FC5,119,-7.355,S1O
84,FC5,120,-7.843,S1O
84,FC5,121,-8.331,S1O
84,FC5,122,-7.355,S1O
84,FC5,123,-5.402,S1O
84,FC5,124,-4.425,S1O
84,FC5,125,-4.425,S1O
84,FC5,126,-6.378,S1O
84,FC5,127,-8.820,S1O
84,FC5,128,-10.284,S1O
84,FC5,129,-9.796,S1O
84,FC5,130,-7.843,S1O
84,FC5,131,-5.402,S1O
84,FC5,132,-4.425,S1O
84,FC5,133,-4.913,S1O
84,FC5,134,-6.378,S1O
84,FC5,135,-6.866,S1O
84,FC5,136,-5.402,S1O
84,FC5,137,-2.960,S1O
84,FC5,138,-0.519,S1O
84,FC5,139,0.458,S1O
84,FC5,140,-0.031,S1O
84,FC5,141,-2.472,S1O
84,FC5,142,-4.425,S1O
84,FC5,143,-5.402,S1O
84,FC5,144,-6.866,S1O
84,FC5,145,-7.355,S1O
84,FC5,146,-8.331,S1O
84,FC5,147,-9.796,S1O
84,FC5,148,-10.773,S1O
84,FC5,149,-11.261,S1O
84,FC5,150,-11.261,S1O
84,FC5,151,-11.749,S1O
84,FC5,152,-12.238,S1O
84,FC5,153,-13.214,S1O
84,FC5,154,-13.702,S1O
84,FC5,155,-14.191,S1O
84,FC5,156,-13.214,S1O
84,FC5,157,-11.749,S1O
84,FC5,158,-9.308,S1O
84,FC5,159,-6.378,S1O
84,FC5,160,-3.937,S1O
84,FC5,161,-1.495,S1O
84,FC5,162,-0.031,S1O
84,FC5,163,0.458,S1O
84,FC5,164,-1.007,S1O
84,FC5,165,-1.984,S1O
84,FC5,166,-2.960,S1O
84,FC5,167,-2.472,S1O
84,FC5,168,-2.472,S1O
84,FC5,169,-2.472,S1O
84,FC5,170,-3.448,S1O
84,FC5,171,-5.890,S1O
84,FC5,172,-9.308,S1O
84,FC5,173,-11.749,S1O
84,FC5,174,-13.214,S1O
84,FC5,175,-12.726,S1O
84,FC5,176,-10.284,S1O
84,FC5,177,-6.378,S1O
84,FC5,178,-2.960,S1O
84,FC5,179,-0.519,S1O
84,FC5,180,0.458,S1O
84,FC5,181,1.434,S1O
84,FC5,182,3.387,S1O
84,FC5,183,5.341,S1O
84,FC5,184,6.805,S1O
84,FC5,185,7.782,S1O
84,FC5,186,7.782,S1O
84,FC5,187,7.782,S1O
84,FC5,188,7.782,S1O
84,FC5,189,7.294,S1O
84,FC5,190,6.317,S1O
84,FC5,191,3.387,S1O
84,FC5,192,-0.031,S1O
84,FC5,193,-2.472,S1O
84,FC5,194,-3.448,S1O
84,FC5,195,-2.960,S1O
84,FC5,196,-1.984,S1O
84,FC5,197,-2.472,S1O
84,FC5,198,-2.960,S1O
84,FC5,199,-3.937,S1O
84,FC5,200,-4.913,S1O
84,FC5,201,-4.425,S1O
84,FC5,202,-2.960,S1O
84,FC5,203,-0.519,S1O
84,FC5,204,0.946,S1O
84,FC5,205,1.434,S1O
84,FC5,206,1.434,S1O
84,FC5,207,-0.031,S1O
84,FC5,208,-1.495,S1O
84,FC5,209,-2.472,S1O
84,FC5,210,-3.448,S1O
84,FC5,211,-5.402,S1O
84,FC5,212,-8.331,S1O
84,FC5,213,-11.749,S1O
84,FC5,214,-14.679,S1O
84,FC5,215,-15.656,S1O
84,FC5,216,-15.167,S1O
84,FC5,217,-12.726,S1O
84,FC5,218,-10.284,S1O
84,FC5,219,-7.843,S1O
84,FC5,220,-6.866,S1O
84,FC5,221,-5.890,S1O
84,FC5,222,-4.425,S1O
84,FC5,223,-1.984,S1O
84,FC5,224,0.458,S1O
84,FC5,225,2.411,S1O
84,FC5,226,3.876,S1O
84,FC5,227,5.829,S1O
84,FC5,228,7.294,S1O
84,FC5,229,8.270,S1O
84,FC5,230,6.805,S1O
84,FC5,231,3.387,S1O
84,FC5,232,-0.519,S1O
84,FC5,233,-3.937,S1O
84,FC5,234,-5.402,S1O
84,FC5,235,-5.402,S1O
84,FC5,236,-4.913,S1O
84,FC5,237,-5.402,S1O
84,FC5,238,-6.866,S1O
84,FC5,239,-8.331,S1O
84,FC5,240,-7.843,S1O
84,FC5,241,-6.378,S1O
84,FC5,242,-3.937,S1O
84,FC5,243,-1.007,S1O
84,FC5,244,1.923,S1O
84,FC5,245,5.341,S1O
84,FC5,246,8.759,S1O
84,FC5,247,11.688,S1O
84,FC5,248,12.177,S1O
84,FC5,249,10.712,S1O
84,FC5,250,8.270,S1O
84,FC5,251,5.829,S1O
84,FC5,252,4.364,S1O
84,FC5,253,4.364,S1O
84,FC5,254,4.364,S1O
84,FC5,255,2.899,S1O
84,FC2,0,-1.261,S1O
84,FC2,1,-0.773,S1O
84,FC2,2,-0.285,S1O
84,FC2,3,0.203,S1O
84,FC2,4,0.203,S1O
84,FC2,5,0.692,S1O
84,FC2,6,0.692,S1O
84,FC2,7,1.668,S1O
84,FC2,8,2.157,S1O
84,FC2,9,2.157,S1O
84,FC2,10,2.645,S1O
84,FC2,11,2.157,S1O
84,FC2,12,1.668,S1O
84,FC2,13,1.668,S1O
84,FC2,14,1.180,S1O
84,FC2,15,1.180,S1O
84,FC2,16,1.180,S1O
84,FC2,17,1.668,S1O
84,FC2,18,2.157,S1O
84,FC2,19,1.668,S1O
84,FC2,20,1.668,S1O
84,FC2,21,0.692,S1O
84,FC2,22,-0.773,S1O
84,FC2,23,-2.238,S1O
84,FC2,24,-2.726,S1O
84,FC2,25,-2.726,S1O
84,FC2,26,-2.238,S1O
84,FC2,27,-2.238,S1O
84,FC2,28,-2.726,S1O
84,FC2,29,-4.679,S1O
84,FC2,30,-6.632,S1O
84,FC2,31,-8.097,S1O
84,FC2,32,-9.074,S1O
84,FC2,33,-9.562,S1O
84,FC2,34,-10.050,S1O
84,FC2,35,-10.050,S1O
84,FC2,36,-9.074,S1O
84,FC2,37,-7.121,S1O
84,FC2,38,-3.703,S1O
84,FC2,39,-0.773,S1O
84,FC2,40,1.668,S1O
84,FC2,41,2.645,S1O
84,FC2,42,2.157,S1O
84,FC2,43,2.157,S1O
84,FC2,44,2.157,S1O
84,FC2,45,2.645,S1O
84,FC2,46,2.645,S1O
84,FC2,47,2.645,S1O
84,FC2,48,1.668,S1O
84,FC2,49,0.692,S1O
84,FC2,50,-0.285,S1O
84,FC2,51,-0.773,S1O
84,FC2,52,-1.750,S1O
84,FC2,53,-2.238,S1O
84,FC2,54,-3.215,S1O
84,FC2,55,-3.703,S1O
84,FC2,56,-4.191,S1O
84,FC2,57,-4.191,S1O
84,FC2,58,-4.679,S1O
84,FC2,59,-6.144,S1O
84,FC2,60,-8.097,S1O
84,FC2,61,-9.562,S1O
84,FC2,62,-10.050,S1O
84,FC2,63,-10.050,S1O
84,FC2,64,-8.586,S1O
84,FC2,65,-7.609,S1O
84,FC2,66,-7.121,S1O
84,FC2,67,-7.121,S1O
84,FC2,68,-6.632,S1O
84,FC2,69,-6.144,S1O
84,FC2,70,-5.656,S1O
84,FC2,71,-4.679,S1O
84,FC2,72,-4.191,S1O
84,FC2,73,-3.215,S1O
84,FC2,74,-2.726,S1O
84,FC2,75,-2.238,S1O
84,FC2,76,-1.750,S1O
84,FC2,77,-1.261,S1O
84,FC2,78,-0.773,S1O
84,FC2,79,-0.285,S1O
84,FC2,80,-0.285,S1O
84,FC2,81,-0.773,S1O
84,FC2,82,-1.261,S1O
84,FC2,83,-1.750,S1O
84,FC2,84,-1.750,S1O
84,FC2,85,-1.750,S1O
84,FC2,86,-1.261,S1O
84,FC2,87,-0.773,S1O
84,FC2,88,-0.773,S1O
84,FC2,89,-0.773,S1O
84,FC2,90,-1.750,S1O
84,FC2,91,-2.238,S1O
84,FC2,92,-3.215,S1O
84,FC2,93,-3.215,S1O
84,FC2,94,-3.215,S1O
84,FC2,95,-3.215,S1O
84,FC2,96,-3.215,S1O
84,FC2,97,-3.215,S1O
84,FC2,98,-3.703,S1O
84,FC2,99,-4.191,S1O
84,FC2,100,-4.191,S1O
84,FC2,101,-4.679,S1O
84,FC2,102,-4.191,S1O
84,FC2,103,-4.191,S1O
84,FC2,104,-3.703,S1O
84,FC2,105,-4.191,S1O
84,FC2,106,-4.191,S1O
84,FC2,107,-4.679,S1O
84,FC2,108,-5.168,S1O
84,FC2,109,-5.168,S1O
84,FC2,110,-4.191,S1O
84,FC2,111,-3.703,S1O
84,FC2,112,-3.215,S1O
84,FC2,113,-3.215,S1O
84,FC2,114,-3.703,S1O
84,FC2,115,-4.191,S1O
84,FC2,116,-5.168,S1O
84,FC2,117,-5.656,S1O
84,FC2,118,-6.144,S1O
84,FC2,119,-7.121,S1O
84,FC2,120,-7.121,S1O
84,FC2,121,-6.632,S1O
84,FC2,122,-5.656,S1O
84,FC2,123,-4.191,S1O
84,FC2,124,-2.726,S1O
84,FC2,125,-1.750,S1O
84,FC2,126,-1.750,S1O
84,FC2,127,-1.750,S1O
84,FC2,128,-2.238,S1O
84,FC2,129,-3.215,S1O
84,FC2,130,-3.703,S1O
84,FC2,131,-4.191,S1O
84,FC2,132,-4.191,S1O
84,FC2,133,-4.191,S1O
84,FC2,134,-4.191,S1O
84,FC2,135,-4.679,S1O
84,FC2,136,-5.168,S1O
84,FC2,137,-5.168,S1O
84,FC2,138,-4.191,S1O
84,FC2,139,-3.215,S1O
84,FC2,140,-1.750,S1O
84,FC2,141,-1.261,S1O
84,FC2,142,-1.750,S1O
84,FC2,143,-2.238,S1O
84,FC2,144,-2.726,S1O
84,FC2,145,-2.726,S1O
84,FC2,146,-2.238,S1O
84,FC2,147,-1.261,S1O
84,FC2,148,0.203,S1O
84,FC2,149,1.180,S1O
84,FC2,150,2.157,S1O
84,FC2,151,1.180,S1O
84,FC2,152,-0.285,S1O
84,FC2,153,-2.726,S1O
84,FC2,154,-5.168,S1O
84,FC2,155,-5.656,S1O
84,FC2,156,-4.679,S1O
84,FC2,157,-2.726,S1O
84,FC2,158,-0.285,S1O
84,FC2,159,1.180,S1O
84,FC2,160,1.668,S1O
84,FC2,161,1.180,S1O
84,FC2,162,1.180,S1O
84,FC2,163,1.668,S1O
84,FC2,164,2.645,S1O
84,FC2,165,4.110,S1O
84,FC2,166,5.086,S1O
84,FC2,167,5.575,S1O
84,FC2,168,5.575,S1O
84,FC2,169,5.086,S1O
84,FC2,170,4.110,S1O
84,FC2,171,2.645,S1O
84,FC2,172,0.692,S1O
84,FC2,173,-0.773,S1O
84,FC2,174,-2.726,S1O
84,FC2,175,-3.215,S1O
84,FC2,176,-2.238,S1O
84,FC2,177,-0.773,S1O
84,FC2,178,0.692,S1O
84,FC2,179,1.668,S1O
84,FC2,180,2.645,S1O
84,FC2,181,3.133,S1O
84,FC2,182,4.110,S1O
84,FC2,183,5.575,S1O
84,FC2,184,7.039,S1O
84,FC2,185,8.504,S1O
84,FC2,186,9.481,S1O
84,FC2,187,10.457,S1O
84,FC2,188,9.969,S1O
84,FC2,189,8.993,S1O
84,FC2,190,7.528,S1O
84,FC2,191,6.551,S1O
84,FC2,192,4.110,S1O
84,FC2,193,2.645,S1O
84,FC2,194,1.180,S1O
84,FC2,195,1.180,S1O
84,FC2,196,1.668,S1O
84,FC2,197,2.645,S1O
84,FC2,198,4.110,S1O
84,FC2,199,4.598,S1O
84,FC2,200,4.598,S1O
84,FC2,201,4.598,S1O
84,FC2,202,4.110,S1O
84,FC2,203,4.598,S1O
84,FC2,204,4.598,S1O
84,FC2,205,5.575,S1O
84,FC2,206,6.551,S1O
84,FC2,207,7.528,S1O
84,FC2,208,7.528,S1O
84,FC2,209,7.039,S1O
84,FC2,210,6.063,S1O
84,FC2,211,3.621,S1O
84,FC2,212,1.180,S1O
84,FC2,213,-1.261,S1O
84,FC2,214,-3.215,S1O
84,FC2,215,-4.679,S1O
84,FC2,216,-5.168,S1O
84,FC2,217,-4.679,S1O
84,FC2,218,-3.215,S1O
84,FC2,219,-1.261,S1O
84,FC2,220,0.692,S1O
84,FC2,221,2.645,S1O
84,FC2,222,4.110,S1O
84,FC2,223,4.598,S1O
84,FC2,224,5.575,S1O
84,FC2,225,7.039,S1O
84,FC2,226,8.504,S1O
84,FC2,227,9.969,S1O
84,FC2,228,10.946,S1O
84,FC2,229,10.457,S1O
84,FC2,230,8.993,S1O
84,FC2,231,6.551,S1O
84,FC2,232,4.110,S1O
84,FC2,233,1.668,S1O
84,FC2,234,-0.773,S1O
84,FC2,235,-3.215,S1O
84,FC2,236,-4.679,S1O
84,FC2,237,-5.168,S1O
84,FC2,238,-5.168,S1O
84,FC2,239,-4.679,S1O
84,FC2,240,-3.703,S1O
84,FC2,241,-3.215,S1O
84,FC2,242,-2.238,S1O
84,FC2,243,-1.261,S1O
84,FC2,244,-0.285,S1O
84,FC2,245,0.203,S1O
84,FC2,246,0.692,S1O
84,FC2,247,0.692,S1O
84,FC2,248,0.692,S1O
84,FC2,249,0.692,S1O
84,FC2,250,0.692,S1O
84,FC2,251,1.668,S1O
84,FC2,252,2.157,S1O
84,FC2,253,2.645,S1O
84,FC2,254,2.645,S1O
84,FC2,255,2.645,S1O
84,FC1,0,0.081,S1O
84,FC1,1,0.570,S1O
84,FC1,2,0.081,S1O
84,FC1,3,-0.407,S1O
84,FC1,4,-1.383,S1O
84,FC1,5,-1.383,S1O
84,FC1,6,-0.407,S1O
84,FC1,7,0.570,S1O
84,FC1,8,1.058,S1O
84,FC1,9,1.058,S1O
84,FC1,10,0.081,S1O
84,FC1,11,-1.872,S1O
84,FC1,12,-2.848,S1O
84,FC1,13,-2.848,S1O
84,FC1,14,-2.360,S1O
84,FC1,15,-0.895,S1O
84,FC1,16,0.570,S1O
84,FC1,17,2.035,S1O
84,FC1,18,3.011,S1O
84,FC1,19,3.499,S1O
84,FC1,20,3.499,S1O
84,FC1,21,2.523,S1O
84,FC1,22,1.546,S1O
84,FC1,23,-0.407,S1O
84,FC1,24,-1.872,S1O
84,FC1,25,-2.360,S1O
84,FC1,26,-2.360,S1O
84,FC1,27,-2.360,S1O
84,FC1,28,-1.872,S1O
84,FC1,29,-2.360,S1O
84,FC1,30,-2.848,S1O
84,FC1,31,-2.848,S1O
84,FC1,32,-3.337,S1O
84,FC1,33,-2.848,S1O
84,FC1,34,-2.848,S1O
84,FC1,35,-2.848,S1O
84,FC1,36,-2.848,S1O
84,FC1,37,-1.872,S1O
84,FC1,38,-0.407,S1O
84,FC1,39,1.546,S1O
84,FC1,40,3.011,S1O
84,FC1,41,3.988,S1O
84,FC1,42,4.476,S1O
84,FC1,43,4.476,S1O
84,FC1,44,3.988,S1O
84,FC1,45,3.988,S1O
84,FC1,46,3.499,S1O
84,FC1,47,3.011,S1O
84,FC1,48,2.523,S1O
84,FC1,49,2.523,S1O
84,FC1,50,2.523,S1O
84,FC1,51,2.523,S1O
84,FC1,52,2.035,S1O
84,FC1,53,2.035,S1O
84,FC1,54,1.546,S1O
84,FC1,55,1.058,S1O
84,FC1,56,1.058,S1O
84,FC1,57,1.058,S1O
84,FC1,58,0.570,S1O
84,FC1,59,0.570,S1O
84,FC1,60,0.081,S1O
84,FC1,61,-0.895,S1O
84,FC1,62,-1.383,S1O
84,FC1,63,-1.383,S1O
84,FC1,64,-0.895,S1O
84,FC1,65,-0.895,S1O
84,FC1,66,-0.895,S1O
84,FC1,67,-0.895,S1O
84,FC1,68,-1.383,S1O
84,FC1,69,-1.383,S1O
84,FC1,70,-0.895,S1O
84,FC1,71,-0.407,S1O
84,FC1,72,0.081,S1O
84,FC1,73,0.570,S1O
84,FC1,74,0.081,S1O
84,FC1,75,-0.407,S1O
84,FC1,76,-0.895,S1O
84,FC1,77,-0.895,S1O
84,FC1,78,-0.407,S1O
84,FC1,79,0.570,S1O
84,FC1,80,1.058,S1O
84,FC1,81,1.546,S1O
84,FC1,82,1.546,S1O
84,FC1,83,2.035,S1O
84,FC1,84,2.523,S1O
84,FC1,85,3.499,S1O
84,FC1,86,3.988,S1O
84,FC1,87,4.476,S1O
84,FC1,88,4.964,S1O
84,FC1,89,4.476,S1O
84,FC1,90,3.988,S1O
84,FC1,91,2.523,S1O
84,FC1,92,1.546,S1O
84,FC1,93,0.570,S1O
84,FC1,94,0.570,S1O
84,FC1,95,0.570,S1O
84,FC1,96,0.570,S1O
84,FC1,97,0.081,S1O
84,FC1,98,-0.407,S1O
84,FC1,99,-0.407,S1O
84,FC1,100,-0.407,S1O
84,FC1,101,-0.407,S1O
84,FC1,102,-0.407,S1O
84,FC1,103,-0.407,S1O
84,FC1,104,-0.895,S1O
84,FC1,105,-0.407,S1O
84,FC1,106,0.081,S1O
84,FC1,107,1.546,S1O
84,FC1,108,2.035,S1O
84,FC1,109,2.523,S1O
84,FC1,110,2.523,S1O
84,FC1,111,2.035,S1O
84,FC1,112,2.523,S1O
84,FC1,113,2.523,S1O
84,FC1,114,2.523,S1O
84,FC1,115,2.035,S1O
84,FC1,116,1.058,S1O
84,FC1,117,0.081,S1O
84,FC1,118,-0.407,S1O
84,FC1,119,-0.895,S1O
84,FC1,120,-1.383,S1O
84,FC1,121,-0.895,S1O
84,FC1,122,-0.407,S1O
84,FC1,123,0.081,S1O
84,FC1,124,0.570,S1O
84,FC1,125,1.058,S1O
84,FC1,126,1.058,S1O
84,FC1,127,0.570,S1O
84,FC1,128,-0.407,S1O
84,FC1,129,-0.407,S1O
84,FC1,130,-0.407,S1O
84,FC1,131,0.081,S1O
84,FC1,132,1.058,S1O
84,FC1,133,1.546,S1O
84,FC1,134,1.058,S1O
84,FC1,135,0.081,S1O
84,FC1,136,-0.895,S1O
84,FC1,137,-1.383,S1O
84,FC1,138,-0.895,S1O
84,FC1,139,-0.407,S1O
84,FC1,140,0.570,S1O
84,FC1,141,0.570,S1O
84,FC1,142,0.081,S1O
84,FC1,143,-0.407,S1O
84,FC1,144,-0.895,S1O
84,FC1,145,-0.895,S1O
84,FC1,146,-0.895,S1O
84,FC1,147,-0.407,S1O
84,FC1,148,0.081,S1O
84,FC1,149,1.546,S1O
84,FC1,150,2.523,S1O
84,FC1,151,2.523,S1O
84,FC1,152,1.546,S1O
84,FC1,153,-0.407,S1O
84,FC1,154,-1.872,S1O
84,FC1,155,-2.848,S1O
84,FC1,156,-2.360,S1O
84,FC1,157,0.081,S1O
84,FC1,158,2.035,S1O
84,FC1,159,3.499,S1O
84,FC1,160,3.988,S1O
84,FC1,161,3.988,S1O
84,FC1,162,3.988,S1O
84,FC1,163,4.476,S1O
84,FC1,164,4.476,S1O
84,FC1,165,4.964,S1O
84,FC1,166,4.964,S1O
84,FC1,167,4.964,S1O
84,FC1,168,4.964,S1O
84,FC1,169,4.476,S1O
84,FC1,170,3.988,S1O
84,FC1,171,2.523,S1O
84,FC1,172,1.058,S1O
84,FC1,173,-0.407,S1O
84,FC1,174,-1.383,S1O
84,FC1,175,-0.895,S1O
84,FC1,176,0.081,S1O
84,FC1,177,2.035,S1O
84,FC1,178,3.988,S1O
84,FC1,179,5.452,S1O
84,FC1,180,6.429,S1O
84,FC1,181,6.429,S1O
84,FC1,182,7.406,S1O
84,FC1,183,8.870,S1O
84,FC1,184,9.847,S1O
84,FC1,185,11.312,S1O
84,FC1,186,11.800,S1O
84,FC1,187,11.800,S1O
84,FC1,188,11.800,S1O
84,FC1,189,11.800,S1O
84,FC1,190,11.312,S1O
84,FC1,191,9.847,S1O
84,FC1,192,7.894,S1O
84,FC1,193,5.941,S1O
84,FC1,194,3.988,S1O
84,FC1,195,3.499,S1O
84,FC1,196,3.988,S1O
84,FC1,197,4.476,S1O
84,FC1,198,4.964,S1O
84,FC1,199,5.452,S1O
84,FC1,200,5.941,S1O
84,FC1,201,5.941,S1O
84,FC1,202,6.429,S1O
84,FC1,203,6.917,S1O
84,FC1,204,7.406,S1O
84,FC1,205,8.382,S1O
84,FC1,206,8.870,S1O
84,FC1,207,9.359,S1O
84,FC1,208,9.847,S1O
84,FC1,209,9.359,S1O
84,FC1,210,8.382,S1O
84,FC1,211,5.941,S1O
84,FC1,212,3.499,S1O
84,FC1,213,1.058,S1O
84,FC1,214,0.081,S1O
84,FC1,215,-0.407,S1O
84,FC1,216,-0.407,S1O
84,FC1,217,0.570,S1O
84,FC1,218,2.035,S1O
84,FC1,219,3.011,S1O
84,FC1,220,4.476,S1O
84,FC1,221,5.941,S1O
84,FC1,222,7.406,S1O
84,FC1,223,8.382,S1O
84,FC1,224,9.359,S1O
84,FC1,225,10.335,S1O
84,FC1,226,11.312,S1O
84,FC1,227,12.288,S1O
84,FC1,228,12.777,S1O
84,FC1,229,12.288,S1O
84,FC1,230,11.312,S1O
84,FC1,231,9.847,S1O
84,FC1,232,7.894,S1O
84,FC1,233,5.941,S1O
84,FC1,234,3.988,S1O
84,FC1,235,3.011,S1O
84,FC1,236,1.546,S1O
84,FC1,237,0.570,S1O
84,FC1,238,0.570,S1O
84,FC1,239,1.058,S1O
84,FC1,240,2.035,S1O
84,FC1,241,3.011,S1O
84,FC1,242,4.476,S1O
84,FC1,243,4.964,S1O
84,FC1,244,5.452,S1O
84,FC1,245,6.917,S1O
84,FC1,246,8.870,S1O
84,FC1,247,10.824,S1O
84,FC1,248,12.288,S1O
84,FC1,249,11.800,S1O
84,FC1,250,10.824,S1O
84,FC1,251,9.359,S1O
84,FC1,252,8.870,S1O
84,FC1,253,7.894,S1O
84,FC1,254,7.406,S1O
84,FC1,255,6.917,S1O
84,T8,0,-5.229,S1O
84,T8,1,-6.205,S1O
84,T8,2,-6.694,S1O
84,T8,3,-6.694,S1O
84,T8,4,-5.717,S1O
84,T8,5,-4.252,S1O
84,T8,6,-2.787,S1O
84,T8,7,-1.322,S1O
84,T8,8,-0.346,S1O
84,T8,9,0.631,S1O
84,T8,10,1.607,S1O
84,T8,11,3.072,S1O
84,T8,12,5.025,S1O
84,T8,13,7.467,S1O
84,T8,14,8.931,S1O
84,T8,15,10.885,S1O
84,T8,16,11.861,S1O
84,T8,17,12.349,S1O
84,T8,18,11.861,S1O
84,T8,19,10.396,S1O
84,T8,20,7.955,S1O
84,T8,21,5.025,S1O
84,T8,22,2.096,S1O
84,T8,23,0.631,S1O
84,T8,24,0.631,S1O
84,T8,25,0.631,S1O
84,T8,26,0.142,S1O
84,T8,27,-1.811,S1O
84,T8,28,-4.252,S1O
84,T8,29,-7.182,S1O
84,T8,30,-10.111,S1O
84,T8,31,-11.088,S1O
84,T8,32,-12.065,S1O
84,T8,33,-12.553,S1O
84,T8,34,-13.041,S1O
84,T8,35,-13.041,S1O
84,T8,36,-11.576,S1O
84,T8,37,-7.670,S1O
84,T8,38,-2.299,S1O
84,T8,39,4.049,S1O
84,T8,40,9.420,S1O
84,T8,41,13.326,S1O
84,T8,42,14.791,S1O
84,T8,43,13.814,S1O
84,T8,44,9.908,S1O
84,T8,45,5.514,S1O
84,T8,46,1.119,S1O
84,T8,47,-2.787,S1O
84,T8,48,-5.229,S1O
84,T8,49,-6.205,S1O
84,T8,50,-6.205,S1O
84,T8,51,-5.717,S1O
84,T8,52,-4.740,S1O
84,T8,53,-3.764,S1O
84,T8,54,-3.764,S1O
84,T8,55,-4.252,S1O
84,T8,56,-4.740,S1O
84,T8,57,-5.717,S1O
84,T8,58,-6.694,S1O
84,T8,59,-8.158,S1O
84,T8,60,-10.111,S1O
84,T8,61,-12.553,S1O
84,T8,62,-14.506,S1O
84,T8,63,-15.483,S1O
84,T8,64,-15.483,S1O
84,T8,65,-14.506,S1O
84,T8,66,-13.041,S1O
84,T8,67,-11.088,S1O
84,T8,68,-8.647,S1O
84,T8,69,-6.694,S1O
84,T8,70,-4.740,S1O
84,T8,71,-3.276,S1O
84,T8,72,-2.787,S1O
84,T8,73,-2.299,S1O
84,T8,74,-1.811,S1O
84,T8,75,-0.834,S1O
84,T8,76,0.631,S1O
84,T8,77,1.607,S1O
84,T8,78,2.096,S1O
84,T8,79,1.119,S1O
84,T8,80,-1.322,S1O
84,T8,81,-4.252,S1O
84,T8,82,-7.182,S1O
84,T8,83,-8.647,S1O
84,T8,84,-9.135,S1O
84,T8,85,-8.158,S1O
84,T8,86,-7.182,S1O
84,T8,87,-7.182,S1O
84,T8,88,-9.135,S1O
84,T8,89,-11.576,S1O
84,T8,90,-13.041,S1O
84,T8,91,-12.553,S1O
84,T8,92,-10.600,S1O
84,T8,93,-7.670,S1O
84,T8,94,-5.229,S1O
84,T8,95,-3.764,S1O
84,T8,96,-2.787,S1O
84,T8,97,-1.322,S1O
84,T8,98,0.142,S1O
84,T8,99,1.607,S1O
84,T8,100,2.096,S1O
84,T8,101,1.607,S1O
84,T8,102,1.119,S1O
84,T8,103,0.142,S1O
84,T8,104,0.142,S1O
84,T8,105,-0.346,S1O
84,T8,106,-1.322,S1O
84,T8,107,-2.299,S1O
84,T8,108,-2.787,S1O
84,T8,109,-2.299,S1O
84,T8,110,-1.322,S1O
84,T8,111,-1.322,S1O
84,T8,112,-2.299,S1O
84,T8,113,-5.717,S1O
84,T8,114,-8.647,S1O
84,T8,115,-11.088,S1O
84,T8,116,-11.576,S1O
84,T8,117,-10.600,S1O
84,T8,118,-8.647,S1O
84,T8,119,-7.182,S1O
84,T8,120,-5.717,S1O
84,T8,121,-3.276,S1O
84,T8,122,-1.322,S1O
84,T8,123,0.631,S1O
84,T8,124,1.119,S1O
84,T8,125,-0.346,S1O
84,T8,126,-3.276,S1O
84,T8,127,-5.717,S1O
84,T8,128,-7.182,S1O
84,T8,129,-8.158,S1O
84,T8,130,-8.158,S1O
84,T8,131,-8.647,S1O
84,T8,132,-9.623,S1O
84,T8,133,-10.600,S1O
84,T8,134,-11.088,S1O
84,T8,135,-10.111,S1O
84,T8,136,-8.647,S1O
84,T8,137,-6.694,S1O
84,T8,138,-5.229,S1O
84,T8,139,-5.229,S1O
84,T8,140,-5.717,S1O
84,T8,141,-6.694,S1O
84,T8,142,-7.182,S1O
84,T8,143,-6.694,S1O
84,T8,144,-5.717,S1O
84,T8,145,-4.252,S1O
84,T8,146,-3.764,S1O
84,T8,147,-4.252,S1O
84,T8,148,-6.205,S1O
84,T8,149,-8.158,S1O
84,T8,150,-9.623,S1O
84,T8,151,-11.088,S1O
84,T8,152,-12.553,S1O
84,T8,153,-14.018,S1O
84,T8,154,-15.971,S1O
84,T8,155,-17.436,S1O
84,T8,156,-16.947,S1O
84,T8,157,-14.018,S1O
84,T8,158,-9.135,S1O
84,T8,159,-4.252,S1O
84,T8,160,-0.346,S1O
84,T8,161,2.096,S1O
84,T8,162,3.560,S1O
84,T8,163,3.560,S1O
84,T8,164,3.072,S1O
84,T8,165,2.584,S1O
84,T8,166,1.607,S1O
84,T8,167,1.119,S1O
84,T8,168,1.119,S1O
84,T8,169,1.607,S1O
84,T8,170,1.607,S1O
84,T8,171,0.631,S1O
84,T8,172,-2.299,S1O
84,T8,173,-7.182,S1O
84,T8,174,-12.553,S1O
84,T8,175,-15.971,S1O
84,T8,176,-16.947,S1O
84,T8,177,-14.994,S1O
84,T8,178,-11.088,S1O
84,T8,179,-6.694,S1O
84,T8,180,-2.299,S1O
84,T8,181,1.119,S1O
84,T8,182,5.514,S1O
84,T8,183,9.420,S1O
84,T8,184,13.326,S1O
84,T8,185,16.256,S1O
84,T8,186,16.256,S1O
84,T8,187,14.303,S1O
84,T8,188,10.885,S1O
84,T8,189,6.978,S1O
84,T8,190,3.560,S1O
84,T8,191,1.607,S1O
84,T8,192,0.142,S1O
84,T8,193,-0.834,S1O
84,T8,194,-0.834,S1O
84,T8,195,0.631,S1O
84,T8,196,2.584,S1O
84,T8,197,4.537,S1O
84,T8,198,6.490,S1O
84,T8,199,6.002,S1O
84,T8,200,5.025,S1O
84,T8,201,3.072,S1O
84,T8,202,1.607,S1O
84,T8,203,1.119,S1O
84,T8,204,1.607,S1O
84,T8,205,3.072,S1O
84,T8,206,4.049,S1O
84,T8,207,5.025,S1O
84,T8,208,5.025,S1O
84,T8,209,3.560,S1O
84,T8,210,0.631,S1O
84,T8,211,-4.252,S1O
84,T8,212,-9.135,S1O
84,T8,213,-13.041,S1O
84,T8,214,-14.994,S1O
84,T8,215,-14.018,S1O
84,T8,216,-11.088,S1O
84,T8,217,-7.670,S1O
84,T8,218,-4.252,S1O
84,T8,219,-1.322,S1O
84,T8,220,0.631,S1O
84,T8,221,2.096,S1O
84,T8,222,3.560,S1O
84,T8,223,4.537,S1O
84,T8,224,5.514,S1O
84,T8,225,6.490,S1O
84,T8,226,7.955,S1O
84,T8,227,10.396,S1O
84,T8,228,13.326,S1O
84,T8,229,14.303,S1O
84,T8,230,13.326,S1O
84,T8,231,10.396,S1O
84,T8,232,5.514,S1O
84,T8,233,0.631,S1O
84,T8,234,-3.276,S1O
84,T8,235,-5.717,S1O
84,T8,236,-7.670,S1O
84,T8,237,-8.647,S1O
84,T8,238,-9.623,S1O
84,T8,239,-11.088,S1O
84,T8,240,-11.088,S1O
84,T8,241,-10.600,S1O
84,T8,242,-9.135,S1O
84,T8,243,-6.205,S1O
84,T8,244,-4.252,S1O
84,T8,245,-3.276,S1O
84,T8,246,-2.787,S1O
84,T8,247,-2.787,S1O
84,T8,248,-3.276,S1O
84,T8,249,-3.276,S1O
84,T8,250,-1.811,S1O
84,T8,251,0.142,S1O
84,T8,252,2.584,S1O
84,T8,253,5.514,S1O
84,T8,254,7.467,S1O
84,T8,255,8.931,S1O
84,T7,0,-7.914,S1O
84,T7,1,-5.961,S1O
84,T7,2,-4.985,S1O
84,T7,3,-5.473,S1O
84,T7,4,-5.961,S1O
84,T7,5,-4.496,S1O
84,T7,6,-1.078,S1O
84,T7,7,2.340,S1O
84,T7,8,3.316,S1O
84,T7,9,0.875,S1O
84,T7,10,-3.520,S1O
84,T7,11,-6.938,S1O
84,T7,12,-7.426,S1O
84,T7,13,-4.985,S1O
84,T7,14,-1.078,S1O
84,T7,15,1.363,S1O
84,T7,16,1.363,S1O
84,T7,17,0.875,S1O
84,T7,18,0.387,S1O
84,T7,19,0.875,S1O
84,T7,20,1.851,S1O
84,T7,21,1.851,S1O
84,T7,22,0.875,S1O
84,T7,23,-0.590,S1O
84,T7,24,-2.543,S1O
84,T7,25,-3.031,S1O
84,T7,26,-2.543,S1O
84,T7,27,-1.567,S1O
84,T7,28,-0.102,S1O
84,T7,29,1.851,S1O
84,T7,30,4.293,S1O
84,T7,31,5.269,S1O
84,T7,32,5.269,S1O
84,T7,33,4.293,S1O
84,T7,34,2.340,S1O
84,T7,35,1.363,S1O
84,T7,36,2.340,S1O
84,T7,37,4.293,S1O
84,T7,38,7.711,S1O
84,T7,39,9.664,S1O
84,T7,40,10.640,S1O
84,T7,41,9.664,S1O
84,T7,42,8.199,S1O
84,T7,43,5.758,S1O
84,T7,44,2.828,S1O
84,T7,45,-1.078,S1O
84,T7,46,-5.961,S1O
84,T7,47,-10.844,S1O
84,T7,48,-15.727,S1O
84,T7,49,-18.656,S1O
84,T7,50,-18.168,S1O
84,T7,51,-14.750,S1O
84,T7,52,-9.867,S1O
84,T7,53,-5.473,S1O
84,T7,54,-4.008,S1O
84,T7,55,-4.985,S1O
84,T7,56,-6.938,S1O
84,T7,57,-8.403,S1O
84,T7,58,-7.426,S1O
84,T7,59,-4.985,S1O
84,T7,60,-3.031,S1O
84,T7,61,-3.031,S1O
84,T7,62,-4.985,S1O
84,T7,63,-6.938,S1O
84,T7,64,-7.914,S1O
84,T7,65,-7.426,S1O
84,T7,66,-5.961,S1O
84,T7,67,-4.496,S1O
84,T7,68,-3.520,S1O
84,T7,69,-3.031,S1O
84,T7,70,-1.567,S1O
84,T7,71,0.875,S1O
84,T7,72,3.316,S1O
84,T7,73,4.781,S1O
84,T7,74,2.828,S1O
84,T7,75,-1.567,S1O
84,T7,76,-7.914,S1O
84,T7,77,-13.285,S1O
84,T7,78,-17.680,S1O
84,T7,79,-19.145,S1O
84,T7,80,-18.656,S1O
84,T7,81,-16.215,S1O
84,T7,82,-12.309,S1O
84,T7,83,-7.914,S1O
84,T7,84,-2.543,S1O
84,T7,85,1.851,S1O
84,T7,86,5.269,S1O
84,T7,87,7.222,S1O
84,T7,88,6.734,S1O
84,T7,89,4.781,S1O
84,T7,90,1.363,S1O
84,T7,91,-1.567,S1O
84,T7,92,-4.496,S1O
84,T7,93,-6.449,S1O
84,T7,94,-8.403,S1O
84,T7,95,-10.844,S1O
84,T7,96,-13.285,S1O
84,T7,97,-14.262,S1O
84,T7,98,-13.774,S1O
84,T7,99,-11.332,S1O
84,T7,100,-8.891,S1O
84,T7,101,-8.403,S1O
84,T7,102,-9.867,S1O
84,T7,103,-11.820,S1O
84,T7,104,-12.797,S1O
84,T7,105,-10.844,S1O
84,T7,106,-7.426,S1O
84,T7,107,-4.008,S1O
84,T7,108,-2.055,S1O
84,T7,109,-3.031,S1O
84,T7,110,-4.985,S1O
84,T7,111,-6.449,S1O
84,T7,112,-6.449,S1O
84,T7,113,-5.473,S1O
84,T7,114,-4.008,S1O
84,T7,115,-4.496,S1O
84,T7,116,-6.449,S1O
84,T7,117,-9.867,S1O
84,T7,118,-12.797,S1O
84,T7,119,-14.262,S1O
84,T7,120,-14.262,S1O
84,T7,121,-13.774,S1O
84,T7,122,-13.285,S1O
84,T7,123,-13.774,S1O
84,T7,124,-14.750,S1O
84,T7,125,-14.750,S1O
84,T7,126,-14.262,S1O
84,T7,127,-12.797,S1O
84,T7,128,-11.332,S1O
84,T7,129,-10.844,S1O
84,T7,130,-10.844,S1O
84,T7,131,-11.820,S1O
84,T7,132,-13.285,S1O
84,T7,133,-14.262,S1O
84,T7,134,-13.774,S1O
84,T7,135,-12.309,S1O
84,T7,136,-9.867,S1O
84,T7,137,-6.938,S1O
84,T7,138,-4.985,S1O
84,T7,139,-4.496,S1O
84,T7,140,-4.496,S1O
84,T7,141,-4.985,S1O
84,T7,142,-4.985,S1O
84,T7,143,-5.961,S1O
84,T7,144,-8.403,S1O
84,T7,145,-11.820,S1O
84,T7,146,-16.215,S1O
84,T7,147,-20.121,S1O
84,T7,148,-23.051,S1O
84,T7,149,-25.004,S1O
84,T7,150,-25.981,S1O
84,T7,151,-25.981,S1O
84,T7,152,-25.004,S1O
84,T7,153,-24.028,S1O
84,T7,154,-23.539,S1O
84,T7,155,-23.051,S1O
84,T7,156,-22.563,S1O
84,T7,157,-21.586,S1O
84,T7,158,-18.656,S1O
84,T7,159,-14.262,S1O
84,T7,160,-9.867,S1O
84,T7,161,-6.938,S1O
84,T7,162,-5.961,S1O
84,T7,163,-6.449,S1O
84,T7,164,-7.426,S1O
84,T7,165,-7.914,S1O
84,T7,166,-8.403,S1O
84,T7,167,-9.867,S1O
84,T7,168,-12.309,S1O
84,T7,169,-15.238,S1O
84,T7,170,-17.680,S1O
84,T7,171,-18.168,S1O
84,T7,172,-18.168,S1O
84,T7,173,-18.168,S1O
84,T7,174,-19.145,S1O
84,T7,175,-19.145,S1O
84,T7,176,-17.680,S1O
84,T7,177,-14.262,S1O
84,T7,178,-10.844,S1O
84,T7,179,-8.403,S1O
84,T7,180,-7.426,S1O
84,T7,181,-7.426,S1O
84,T7,182,-6.449,S1O
84,T7,183,-4.985,S1O
84,T7,184,-3.520,S1O
84,T7,185,-2.543,S1O
84,T7,186,-2.543,S1O
84,T7,187,-2.543,S1O
84,T7,188,-3.031,S1O
84,T7,189,-4.008,S1O
84,T7,190,-5.961,S1O
84,T7,191,-8.891,S1O
84,T7,192,-11.820,S1O
84,T7,193,-12.797,S1O
84,T7,194,-11.820,S1O
84,T7,195,-9.867,S1O
84,T7,196,-9.379,S1O
84,T7,197,-10.844,S1O
84,T7,198,-13.285,S1O
84,T7,199,-16.215,S1O
84,T7,200,-16.215,S1O
84,T7,201,-14.750,S1O
84,T7,202,-11.820,S1O
84,T7,203,-9.379,S1O
84,T7,204,-8.403,S1O
84,T7,205,-9.867,S1O
84,T7,206,-12.309,S1O
84,T7,207,-14.262,S1O
84,T7,208,-15.727,S1O
84,T7,209,-17.192,S1O
84,T7,210,-18.168,S1O
84,T7,211,-20.121,S1O
84,T7,212,-22.074,S1O
84,T7,213,-24.516,S1O
84,T7,214,-26.469,S1O
84,T7,215,-26.957,S1O
84,T7,216,-25.981,S1O
84,T7,217,-24.028,S1O
84,T7,218,-22.074,S1O
84,T7,219,-20.610,S1O
84,T7,220,-20.121,S1O
84,T7,221,-20.121,S1O
84,T7,222,-18.656,S1O
84,T7,223,-15.727,S1O
84,T7,224,-12.797,S1O
84,T7,225,-9.867,S1O
84,T7,226,-8.403,S1O
84,T7,227,-6.938,S1O
84,T7,228,-6.449,S1O
84,T7,229,-6.449,S1O
84,T7,230,-6.938,S1O
84,T7,231,-8.403,S1O
84,T7,232,-9.867,S1O
84,T7,233,-11.332,S1O
84,T7,234,-12.309,S1O
84,T7,235,-13.285,S1O
84,T7,236,-14.750,S1O
84,T7,237,-16.215,S1O
84,T7,238,-17.192,S1O
84,T7,239,-17.680,S1O
84,T7,240,-17.680,S1O
84,T7,241,-17.192,S1O
84,T7,242,-15.238,S1O
84,T7,243,-12.309,S1O
84,T7,244,-8.403,S1O
84,T7,245,-4.008,S1O
84,T7,246,-0.102,S1O
84,T7,247,2.828,S1O
84,T7,248,4.293,S1O
84,T7,249,3.316,S1O
84,T7,250,1.363,S1O
84,T7,251,-1.078,S1O
84,T7,252,-3.520,S1O
84,T7,253,-4.985,S1O
84,T7,254,-6.449,S1O
84,T7,255,-8.403,S1O
84,CZ,0,-9.562,S1O
84,CZ,1,-6.144,S1O
84,CZ,2,-3.215,S1O
84,CZ,3,-2.238,S1O
84,CZ,4,-3.215,S1O
84,CZ,5,-3.703,S1O
84,CZ,6,-4.191,S1O
84,CZ,7,-4.191,S1O
84,CZ,8,-5.656,S1O
84,CZ,9,-8.586,S1O
84,CZ,10,-11.515,S1O
84,CZ,11,-13.468,S1O
84,CZ,12,-12.492,S1O
84,CZ,13,-8.097,S1O
84,CZ,14,-1.261,S1O
84,CZ,15,4.110,S1O
84,CZ,16,6.551,S1O
84,CZ,17,5.575,S1O
84,CZ,18,2.645,S1O
84,CZ,19,0.692,S1O
84,CZ,20,1.668,S1O
84,CZ,21,4.110,S1O
84,CZ,22,5.575,S1O
84,CZ,23,4.598,S1O
84,CZ,24,0.692,S1O
84,CZ,25,-3.215,S1O
84,CZ,26,-5.656,S1O
84,CZ,27,-5.168,S1O
84,CZ,28,-2.238,S1O
84,CZ,29,0.203,S1O
84,CZ,30,0.203,S1O
84,CZ,31,-2.726,S1O
84,CZ,32,-7.121,S1O
84,CZ,33,-12.004,S1O
84,CZ,34,-15.910,S1O
84,CZ,35,-17.863,S1O
84,CZ,36,-16.886,S1O
84,CZ,37,-12.492,S1O
84,CZ,38,-5.168,S1O
84,CZ,39,2.157,S1O
84,CZ,40,7.528,S1O
84,CZ,41,8.993,S1O
84,CZ,42,6.551,S1O
84,CZ,43,2.157,S1O
84,CZ,44,-2.238,S1O
84,CZ,45,-7.121,S1O
84,CZ,46,-12.492,S1O
84,CZ,47,-18.351,S1O
84,CZ,48,-23.722,S1O
84,CZ,49,-25.675,S1O
84,CZ,50,-22.257,S1O
84,CZ,51,-15.910,S1O
84,CZ,52,-10.539,S1O
84,CZ,53,-10.050,S1O
84,CZ,54,-15.422,S1O
84,CZ,55,-21.281,S1O
84,CZ,56,-23.722,S1O
84,CZ,57,-21.281,S1O
84,CZ,58,-17.375,S1O
84,CZ,59,-15.910,S1O
84,CZ,60,-20.793,S1O
84,CZ,61,-27.140,S1O
84,CZ,62,-31.535,S1O
84,CZ,63,-30.558,S1O
84,CZ,64,-25.187,S1O
84,CZ,65,-20.304,S1O
84,CZ,66,-17.863,S1O
84,CZ,67,-18.351,S1O
84,CZ,68,-18.351,S1O
84,CZ,69,-15.910,S1O
84,CZ,70,-13.468,S1O
84,CZ,71,-13.957,S1O
84,CZ,72,-18.840,S1O
84,CZ,73,-26.164,S1O
84,CZ,74,-31.535,S1O
84,CZ,75,-30.558,S1O
84,CZ,76,-24.211,S1O
84,CZ,77,-16.398,S1O
84,CZ,78,-11.515,S1O
84,CZ,79,-12.004,S1O
84,CZ,80,-14.933,S1O
84,CZ,81,-17.375,S1O
84,CZ,82,-16.886,S1O
84,CZ,83,-14.933,S1O
84,CZ,84,-12.492,S1O
84,CZ,85,-12.492,S1O
84,CZ,86,-14.445,S1O
84,CZ,87,-16.886,S1O
84,CZ,88,-19.816,S1O
84,CZ,89,-20.793,S1O
84,CZ,90,-20.793,S1O
84,CZ,91,-19.816,S1O
84,CZ,92,-19.328,S1O
84,CZ,93,-20.304,S1O
84,CZ,94,-23.234,S1O
84,CZ,95,-27.140,S1O
84,CZ,96,-28.605,S1O
84,CZ,97,-26.164,S1O
84,CZ,98,-19.328,S1O
84,CZ,99,-12.492,S1O
84,CZ,100,-9.074,S1O
84,CZ,101,-11.027,S1O
84,CZ,102,-17.375,S1O
84,CZ,103,-23.234,S1O
84,CZ,104,-24.211,S1O
84,CZ,105,-19.328,S1O
84,CZ,106,-12.980,S1O
84,CZ,107,-9.074,S1O
84,CZ,108,-11.027,S1O
84,CZ,109,-15.910,S1O
84,CZ,110,-19.328,S1O
84,CZ,111,-17.863,S1O
84,CZ,112,-12.980,S1O
84,CZ,113,-9.562,S1O
84,CZ,114,-12.492,S1O
84,CZ,115,-20.304,S1O
84,CZ,116,-29.582,S1O
84,CZ,117,-33.976,S1O
84,CZ,118,-32.023,S1O
84,CZ,119,-26.652,S1O
84,CZ,120,-22.746,S1O
84,CZ,121,-22.746,S1O
84,CZ,122,-25.675,S1O
84,CZ,123,-28.117,S1O
84,CZ,124,-28.117,S1O
84,CZ,125,-26.164,S1O
84,CZ,126,-25.675,S1O
84,CZ,127,-27.140,S1O
84,CZ,128,-30.558,S1O
84,CZ,129,-32.511,S1O
84,CZ,130,-32.023,S1O
84,CZ,131,-30.070,S1O
84,CZ,132,-29.093,S1O
84,CZ,133,-30.558,S1O
84,CZ,134,-32.511,S1O
84,CZ,135,-33.000,S1O
84,CZ,136,-29.582,S1O
84,CZ,137,-24.699,S1O
84,CZ,138,-20.793,S1O
84,CZ,139,-20.793,S1O
84,CZ,140,-24.699,S1O
84,CZ,141,-29.093,S1O
84,CZ,142,-32.023,S1O
84,CZ,143,-30.558,S1O
84,CZ,144,-27.140,S1O
84,CZ,145,-24.211,S1O
84,CZ,146,-24.211,S1O
84,CZ,147,-27.629,S1O
84,CZ,148,-32.511,S1O
84,CZ,149,-35.441,S1O
84,CZ,150,-34.953,S1O
84,CZ,151,-32.511,S1O
84,CZ,152,-30.558,S1O
84,CZ,153,-31.047,S1O
84,CZ,154,-34.953,S1O
84,CZ,155,-38.859,S1O
84,CZ,156,-39.347,S1O
84,CZ,157,-35.441,S1O
84,CZ,158,-28.117,S1O
84,CZ,159,-21.281,S1O
84,CZ,160,-17.375,S1O
84,CZ,161,-16.398,S1O
84,CZ,162,-16.398,S1O
84,CZ,163,-14.933,S1O
84,CZ,164,-12.004,S1O
84,CZ,165,-10.050,S1O
84,CZ,166,-11.515,S1O
84,CZ,167,-15.422,S1O
84,CZ,168,-17.863,S1O
84,CZ,169,-15.422,S1O
84,CZ,170,-7.121,S1O
84,CZ,171,1.668,S1O
84,CZ,172,4.598,S1O
84,CZ,173,-2.238,S1O
84,CZ,174,-15.422,S1O
84,CZ,175,-27.629,S1O
84,CZ,176,-32.023,S1O
84,CZ,177,-26.652,S1O
84,CZ,178,-17.375,S1O
84,CZ,179,-9.562,S1O
84,CZ,180,-6.144,S1O
84,CZ,181,-5.168,S1O
84,CZ,182,-3.215,S1O
84,CZ,183,1.180,S1O
84,CZ,184,6.063,S1O
84,CZ,185,9.481,S1O
84,CZ,186,9.969,S1O
84,CZ,187,8.504,S1O
84,CZ,188,6.551,S1O
84,CZ,189,4.598,S1O
84,CZ,190,0.692,S1O
84,CZ,191,-5.656,S1O
84,CZ,192,-12.004,S1O
84,CZ,193,-15.910,S1O
84,CZ,194,-14.933,S1O
84,CZ,195,-10.050,S1O
84,CZ,196,-3.703,S1O
84,CZ,197,-0.285,S1O
84,CZ,198,-1.261,S1O
84,CZ,199,-6.144,S1O
84,CZ,200,-11.027,S1O
84,CZ,201,-13.468,S1O
84,CZ,202,-12.004,S1O
84,CZ,203,-7.609,S1O
84,CZ,204,-3.703,S1O
84,CZ,205,-2.238,S1O
84,CZ,206,-4.191,S1O
84,CZ,207,-9.074,S1O
84,CZ,208,-14.933,S1O
84,CZ,209,-18.351,S1O
84,CZ,210,-19.816,S1O
84,CZ,211,-20.304,S1O
84,CZ,212,-22.257,S1O
84,CZ,213,-25.675,S1O
84,CZ,214,-30.558,S1O
84,CZ,215,-33.976,S1O
84,CZ,216,-34.465,S1O
84,CZ,217,-32.023,S1O
84,CZ,218,-27.629,S1O
84,CZ,219,-23.234,S1O
84,CZ,220,-18.351,S1O
84,CZ,221,-13.957,S1O
84,CZ,222,-10.050,S1O
84,CZ,223,-5.656,S1O
84,CZ,224,-3.215,S1O
84,CZ,225,-1.750,S1O
84,CZ,226,-1.261,S1O
84,CZ,227,-0.773,S1O
84,CZ,228,-0.285,S1O
84,CZ,229,-0.285,S1O
84,CZ,230,-2.726,S1O
84,CZ,231,-7.609,S1O
84,CZ,232,-13.957,S1O
84,CZ,233,-19.328,S1O
84,CZ,234,-23.722,S1O
84,CZ,235,-25.675,S1O
84,CZ,236,-26.652,S1O
84,CZ,237,-26.652,S1O
84,CZ,238,-26.164,S1O
84,CZ,239,-25.187,S1O
84,CZ,240,-23.234,S1O
84,CZ,241,-21.769,S1O
84,CZ,242,-20.304,S1O
84,CZ,243,-18.351,S1O
84,CZ,244,-16.398,S1O
84,CZ,245,-13.957,S1O
84,CZ,246,-11.027,S1O
84,CZ,247,-8.586,S1O
84,CZ,248,-8.097,S1O
84,CZ,249,-10.050,S1O
84,CZ,250,-12.492,S1O
84,CZ,251,-14.933,S1O
84,CZ,252,-14.933,S1O
84,CZ,253,-12.980,S1O
84,CZ,254,-9.562,S1O
84,CZ,255,-6.632,S1O
84,C3,0,-1.414,S1O
84,C3,1,-0.926,S1O
84,C3,2,-0.926,S1O
84,C3,3,-0.926,S1O
84,C3,4,-0.926,S1O
84,C3,5,0.051,S1O
84,C3,6,1.027,S1O
84,C3,7,1.516,S1O
84,C3,8,0.051,S1O
84,C3,9,-1.902,S1O
84,C3,10,-3.367,S1O
84,C3,11,-4.344,S1O
84,C3,12,-3.855,S1O
84,C3,13,-2.391,S1O
84,C3,14,-0.926,S1O
84,C3,15,0.051,S1O
84,C3,16,1.027,S1O
84,C3,17,2.004,S1O
84,C3,18,3.469,S1O
84,C3,19,3.957,S1O
84,C3,20,3.957,S1O
84,C3,21,2.492,S1O
84,C3,22,1.027,S1O
84,C3,23,0.051,S1O
84,C3,24,-0.437,S1O
84,C3,25,-0.437,S1O
84,C3,26,0.051,S1O
84,C3,27,0.051,S1O
84,C3,28,0.539,S1O
84,C3,29,0.539,S1O
84,C3,30,1.027,S1O
84,C3,31,1.516,S1O
84,C3,32,1.027,S1O
84,C3,33,1.027,S1O
84,C3,34,1.027,S1O
84,C3,35,1.516,S1O
84,C3,36,2.981,S1O
84,C3,37,4.445,S1O
84,C3,38,4.934,S1O
84,C3,39,5.422,S1O
84,C3,40,4.445,S1O
84,C3,41,3.957,S1O
84,C3,42,2.981,S1O
84,C3,43,2.004,S1O
84,C3,44,-0.926,S1O
84,C3,45,-4.344,S1O
84,C3,46,-7.762,S1O
84,C3,47,-10.203,S1O
84,C3,48,-10.691,S1O
84,C3,49,-9.226,S1O
84,C3,50,-6.297,S1O
84,C3,51,-4.344,S1O
84,C3,52,-2.879,S1O
84,C3,53,-1.902,S1O
84,C3,54,-1.902,S1O
84,C3,55,-1.902,S1O
84,C3,56,-1.414,S1O
84,C3,57,-0.926,S1O
84,C3,58,-0.437,S1O
84,C3,59,0.051,S1O
84,C3,60,0.539,S1O
84,C3,61,0.051,S1O
84,C3,62,-0.926,S1O
84,C3,63,-2.391,S1O
84,C3,64,-3.367,S1O
84,C3,65,-3.855,S1O
84,C3,66,-3.855,S1O
84,C3,67,-3.855,S1O
84,C3,68,-4.344,S1O
84,C3,69,-4.344,S1O
84,C3,70,-3.367,S1O
84,C3,71,-1.902,S1O
84,C3,72,-0.437,S1O
84,C3,73,0.539,S1O
84,C3,74,0.539,S1O
84,C3,75,-0.926,S1O
84,C3,76,-2.391,S1O
84,C3,77,-3.855,S1O
84,C3,78,-4.832,S1O
84,C3,79,-5.320,S1O
84,C3,80,-5.320,S1O
84,C3,81,-4.832,S1O
84,C3,82,-3.855,S1O
84,C3,83,-2.879,S1O
84,C3,84,-1.414,S1O
84,C3,85,0.051,S1O
84,C3,86,1.516,S1O
84,C3,87,2.492,S1O
84,C3,88,2.004,S1O
84,C3,89,1.027,S1O
84,C3,90,-0.437,S1O
84,C3,91,-1.902,S1O
84,C3,92,-2.391,S1O
84,C3,93,-2.391,S1O
84,C3,94,-2.391,S1O
84,C3,95,-3.367,S1O
84,C3,96,-3.855,S1O
84,C3,97,-4.832,S1O
84,C3,98,-4.832,S1O
84,C3,99,-4.344,S1O
84,C3,100,-3.855,S1O
84,C3,101,-4.344,S1O
84,C3,102,-5.320,S1O
84,C3,103,-6.785,S1O
84,C3,104,-6.785,S1O
84,C3,105,-5.320,S1O
84,C3,106,-2.879,S1O
84,C3,107,-0.926,S1O
84,C3,108,0.051,S1O
84,C3,109,-0.437,S1O
84,C3,110,-1.414,S1O
84,C3,111,-2.391,S1O
84,C3,112,-2.879,S1O
84,C3,113,-3.367,S1O
84,C3,114,-3.367,S1O
84,C3,115,-3.855,S1O
84,C3,116,-5.320,S1O
84,C3,117,-6.785,S1O
84,C3,118,-7.762,S1O
84,C3,119,-8.738,S1O
84,C3,120,-8.738,S1O
84,C3,121,-7.762,S1O
84,C3,122,-6.785,S1O
84,C3,123,-4.832,S1O
84,C3,124,-3.855,S1O
84,C3,125,-3.855,S1O
84,C3,126,-5.320,S1O
84,C3,127,-7.762,S1O
84,C3,128,-9.226,S1O
84,C3,129,-10.203,S1O
84,C3,130,-9.715,S1O
84,C3,131,-7.762,S1O
84,C3,132,-6.785,S1O
84,C3,133,-5.809,S1O
84,C3,134,-5.320,S1O
84,C3,135,-5.320,S1O
84,C3,136,-5.320,S1O
84,C3,137,-5.320,S1O
84,C3,138,-4.344,S1O
84,C3,139,-3.367,S1O
84,C3,140,-2.879,S1O
84,C3,141,-3.367,S1O
84,C3,142,-3.855,S1O
84,C3,143,-5.320,S1O
84,C3,144,-6.785,S1O
84,C3,145,-7.762,S1O
84,C3,146,-8.738,S1O
84,C3,147,-9.226,S1O
84,C3,148,-9.715,S1O
84,C3,149,-10.203,S1O
84,C3,150,-10.203,S1O
84,C3,151,-9.715,S1O
84,C3,152,-8.738,S1O
84,C3,153,-7.273,S1O
84,C3,154,-6.785,S1O
84,C3,155,-7.273,S1O
84,C3,156,-7.762,S1O
84,C3,157,-7.273,S1O
84,C3,158,-6.297,S1O
84,C3,159,-4.344,S1O
84,C3,160,-2.879,S1O
84,C3,161,-1.902,S1O
84,C3,162,-1.902,S1O
84,C3,163,-2.391,S1O
84,C3,164,-3.367,S1O
84,C3,165,-3.855,S1O
84,C3,166,-4.344,S1O
84,C3,167,-4.832,S1O
84,C3,168,-5.320,S1O
84,C3,169,-6.297,S1O
84,C3,170,-7.273,S1O
84,C3,171,-8.250,S1O
84,C3,172,-8.738,S1O
84,C3,173,-9.226,S1O
84,C3,174,-9.226,S1O
84,C3,175,-8.250,S1O
84,C3,176,-7.273,S1O
84,C3,177,-5.320,S1O
84,C3,178,-2.879,S1O
84,C3,179,-0.926,S1O
84,C3,180,0.051,S1O
84,C3,181,0.539,S1O
84,C3,182,1.027,S1O
84,C3,183,1.027,S1O
84,C3,184,1.027,S1O
84,C3,185,1.516,S1O
84,C3,186,1.516,S1O
84,C3,187,2.004,S1O
84,C3,188,2.492,S1O
84,C3,189,2.492,S1O
84,C3,190,2.004,S1O
84,C3,191,1.027,S1O
84,C3,192,-0.437,S1O
84,C3,193,-1.902,S1O
84,C3,194,-2.391,S1O
84,C3,195,-2.391,S1O
84,C3,196,-2.391,S1O
84,C3,197,-2.391,S1O
84,C3,198,-2.391,S1O
84,C3,199,-2.879,S1O
84,C3,200,-2.879,S1O
84,C3,201,-3.367,S1O
84,C3,202,-2.879,S1O
84,C3,203,-2.391,S1O
84,C3,204,-1.902,S1O
84,C3,205,-1.414,S1O
84,C3,206,-1.414,S1O
84,C3,207,-2.391,S1O
84,C3,208,-2.879,S1O
84,C3,209,-3.855,S1O
84,C3,210,-4.344,S1O
84,C3,211,-4.832,S1O
84,C3,212,-5.320,S1O
84,C3,213,-6.297,S1O
84,C3,214,-7.273,S1O
84,C3,215,-7.273,S1O
84,C3,216,-6.785,S1O
84,C3,217,-5.809,S1O
84,C3,218,-5.809,S1O
84,C3,219,-5.809,S1O
84,C3,220,-6.297,S1O
84,C3,221,-6.785,S1O
84,C3,222,-5.809,S1O
84,C3,223,-4.832,S1O
84,C3,224,-2.879,S1O
84,C3,225,-1.902,S1O
84,C3,226,-0.437,S1O
84,C3,227,0.539,S1O
84,C3,228,2.004,S1O
84,C3,229,2.004,S1O
84,C3,230,1.516,S1O
84,C3,231,0.051,S1O
84,C3,232,-0.926,S1O
84,C3,233,-1.902,S1O
84,C3,234,-1.414,S1O
84,C3,235,-1.414,S1O
84,C3,236,-1.414,S1O
84,C3,237,-2.391,S1O
84,C3,238,-3.855,S1O
84,C3,239,-4.832,S1O
84,C3,240,-4.344,S1O
84,C3,241,-2.879,S1O
84,C3,242,-0.926,S1O
84,C3,243,1.027,S1O
84,C3,244,2.981,S1O
84,C3,245,4.934,S1O
84,C3,246,6.887,S1O
84,C3,247,8.352,S1O
84,C3,248,9.328,S1O
84,C3,249,9.816,S1O
84,C3,250,9.328,S1O
84,C3,251,7.863,S1O
84,C3,252,7.375,S1O
84,C3,253,5.910,S1O
84,C3,254,4.934,S1O
84,C3,255,2.981,S1O
84,C4,0,-1.597,S1O
84,C4,1,-1.109,S1O
84,C4,2,-0.621,S1O
84,C4,3,-0.132,S1O
84,C4,4,0.356,S1O
84,C4,5,0.844,S1O
84,C4,6,0.844,S1O
84,C4,7,1.333,S1O
84,C4,8,1.333,S1O
84,C4,9,1.333,S1O
84,C4,10,2.309,S1O
84,C4,11,3.286,S1O
84,C4,12,4.751,S1O
84,C4,13,5.727,S1O
84,C4,14,5.727,S1O
84,C4,15,5.239,S1O
84,C4,16,4.751,S1O
84,C4,17,3.774,S1O
84,C4,18,1.821,S1O
84,C4,19,0.356,S1O
84,C4,20,-1.597,S1O
84,C4,21,-3.062,S1O
84,C4,22,-3.550,S1O
84,C4,23,-2.574,S1O
84,C4,24,-0.621,S1O
84,C4,25,0.844,S1O
84,C4,26,1.333,S1O
84,C4,27,0.844,S1O
84,C4,28,-0.621,S1O
84,C4,29,-2.085,S1O
84,C4,30,-3.550,S1O
84,C4,31,-5.015,S1O
84,C4,32,-6.480,S1O
84,C4,33,-7.456,S1O
84,C4,34,-8.433,S1O
84,C4,35,-8.433,S1O
84,C4,36,-6.968,S1O
84,C4,37,-5.015,S1O
84,C4,38,-2.085,S1O
84,C4,39,-0.621,S1O
84,C4,40,0.844,S1O
84,C4,41,0.844,S1O
84,C4,42,0.356,S1O
84,C4,43,-0.132,S1O
84,C4,44,-0.621,S1O
84,C4,45,-0.621,S1O
84,C4,46,-1.109,S1O
84,C4,47,-2.085,S1O
84,C4,48,-2.574,S1O
84,C4,49,-3.062,S1O
84,C4,50,-3.062,S1O
84,C4,51,-2.574,S1O
84,C4,52,-2.085,S1O
84,C4,53,-1.109,S1O
84,C4,54,-0.621,S1O
84,C4,55,-0.132,S1O
84,C4,56,-0.621,S1O
84,C4,57,-1.109,S1O
84,C4,58,-1.597,S1O
84,C4,59,-2.574,S1O
84,C4,60,-3.550,S1O
84,C4,61,-5.015,S1O
84,C4,62,-5.992,S1O
84,C4,63,-6.968,S1O
84,C4,64,-7.456,S1O
84,C4,65,-6.968,S1O
84,C4,66,-6.480,S1O
84,C4,67,-5.503,S1O
84,C4,68,-4.527,S1O
84,C4,69,-3.062,S1O
84,C4,70,-2.085,S1O
84,C4,71,-1.597,S1O
84,C4,72,-1.597,S1O
84,C4,73,-0.132,S1O
84,C4,74,0.356,S1O
84,C4,75,0.844,S1O
84,C4,76,1.333,S1O
84,C4,77,1.333,S1O
84,C4,78,0.844,S1O
84,C4,79,-0.132,S1O
84,C4,80,-1.109,S1O
84,C4,81,-2.574,S1O
84,C4,82,-4.527,S1O
84,C4,83,-5.992,S1O
84,C4,84,-6.480,S1O
84,C4,85,-6.480,S1O
84,C4,86,-5.992,S1O
84,C4,87,-5.015,S1O
84,C4,88,-4.527,S1O
84,C4,89,-5.015,S1O
84,C4,90,-5.503,S1O
84,C4,91,-5.503,S1O
84,C4,92,-5.015,S1O
84,C4,93,-4.527,S1O
84,C4,94,-3.550,S1O
84,C4,95,-2.574,S1O
84,C4,96,-2.085,S1O
84,C4,97,-1.109,S1O
84,C4,98,-0.621,S1O
84,C4,99,-0.132,S1O
84,C4,100,-0.132,S1O
84,C4,101,-0.132,S1O
84,C4,102,-0.621,S1O
84,C4,103,-1.109,S1O
84,C4,104,-2.085,S1O
84,C4,105,-3.062,S1O
84,C4,106,-4.038,S1O
84,C4,107,-5.015,S1O
84,C4,108,-5.503,S1O
84,C4,109,-5.015,S1O
84,C4,110,-4.038,S1O
84,C4,111,-4.038,S1O
84,C4,112,-4.527,S1O
84,C4,113,-5.503,S1O
84,C4,114,-6.480,S1O
84,C4,115,-7.456,S1O
84,C4,116,-7.456,S1O
84,C4,117,-7.945,S1O
84,C4,118,-7.945,S1O
84,C4,119,-7.456,S1O
84,C4,120,-6.968,S1O
84,C4,121,-5.503,S1O
84,C4,122,-4.038,S1O
84,C4,123,-2.574,S1O
84,C4,124,-1.597,S1O
84,C4,125,-1.597,S1O
84,C4,126,-2.085,S1O
84,C4,127,-3.062,S1O
84,C4,128,-4.527,S1O
84,C4,129,-5.992,S1O
84,C4,130,-6.480,S1O
84,C4,131,-7.456,S1O
84,C4,132,-7.456,S1O
84,C4,133,-6.480,S1O
84,C4,134,-5.992,S1O
84,C4,135,-5.503,S1O
84,C4,136,-4.527,S1O
84,C4,137,-3.550,S1O
84,C4,138,-2.574,S1O
84,C4,139,-1.597,S1O
84,C4,140,-1.109,S1O
84,C4,141,-1.597,S1O
84,C4,142,-2.574,S1O
84,C4,143,-4.527,S1O
84,C4,144,-4.527,S1O
84,C4,145,-4.038,S1O
84,C4,146,-3.062,S1O
84,C4,147,-2.574,S1O
84,C4,148,-2.085,S1O
84,C4,149,-2.574,S1O
84,C4,150,-3.550,S1O
84,C4,151,-4.527,S1O
84,C4,152,-5.503,S1O
84,C4,153,-6.480,S1O
84,C4,154,-7.456,S1O
84,C4,155,-8.433,S1O
84,C4,156,-7.945,S1O
84,C4,157,-6.480,S1O
84,C4,158,-4.527,S1O
84,C4,159,-2.574,S1O
84,C4,160,-1.109,S1O
84,C4,161,0.356,S1O
84,C4,162,1.333,S1O
84,C4,163,1.333,S1O
84,C4,164,1.821,S1O
84,C4,165,2.309,S1O
84,C4,166,2.309,S1O
84,C4,167,2.797,S1O
84,C4,168,3.286,S1O
84,C4,169,2.797,S1O
84,C4,170,2.797,S1O
84,C4,171,1.821,S1O
84,C4,172,0.356,S1O
84,C4,173,-1.109,S1O
84,C4,174,-3.062,S1O
84,C4,175,-4.527,S1O
84,C4,176,-5.015,S1O
84,C4,177,-4.038,S1O
84,C4,178,-3.062,S1O
84,C4,179,-1.597,S1O
84,C4,180,0.356,S1O
84,C4,181,1.821,S1O
84,C4,182,3.286,S1O
84,C4,183,5.239,S1O
84,C4,184,7.192,S1O
84,C4,185,9.145,S1O
84,C4,186,9.633,S1O
84,C4,187,9.145,S1O
84,C4,188,8.169,S1O
84,C4,189,7.192,S1O
84,C4,190,5.727,S1O
84,C4,191,4.262,S1O
84,C4,192,2.309,S1O
84,C4,193,1.333,S1O
84,C4,194,0.356,S1O
84,C4,195,0.844,S1O
84,C4,196,2.309,S1O
84,C4,197,3.774,S1O
84,C4,198,4.262,S1O
84,C4,199,3.774,S1O
84,C4,200,2.797,S1O
84,C4,201,1.333,S1O
84,C4,202,0.844,S1O
84,C4,203,1.333,S1O
84,C4,204,2.309,S1O
84,C4,205,3.286,S1O
84,C4,206,5.239,S1O
84,C4,207,5.727,S1O
84,C4,208,6.215,S1O
84,C4,209,5.727,S1O
84,C4,210,4.751,S1O
84,C4,211,2.309,S1O
84,C4,212,0.356,S1O
84,C4,213,-0.621,S1O
84,C4,214,-2.085,S1O
84,C4,215,-2.085,S1O
84,C4,216,-2.574,S1O
84,C4,217,-2.085,S1O
84,C4,218,-1.597,S1O
84,C4,219,-0.621,S1O
84,C4,220,0.356,S1O
84,C4,221,0.356,S1O
84,C4,222,-0.132,S1O
84,C4,223,-0.621,S1O
84,C4,224,-1.109,S1O
84,C4,225,-0.621,S1O
84,C4,226,1.333,S1O
84,C4,227,4.262,S1O
84,C4,228,7.192,S1O
84,C4,229,8.169,S1O
84,C4,230,8.169,S1O
84,C4,231,6.215,S1O
84,C4,232,3.774,S1O
84,C4,233,1.821,S1O
84,C4,234,-0.621,S1O
84,C4,235,-2.085,S1O
84,C4,236,-4.038,S1O
84,C4,237,-4.527,S1O
84,C4,238,-5.015,S1O
84,C4,239,-5.015,S1O
84,C4,240,-5.015,S1O
84,C4,241,-4.527,S1O
84,C4,242,-4.527,S1O
84,C4,243,-4.038,S1O
84,C4,244,-3.550,S1O
84,C4,245,-2.574,S1O
84,C4,246,-3.062,S1O
84,C4,247,-3.550,S1O
84,C4,248,-4.038,S1O
84,C4,249,-3.550,S1O
84,C4,250,-2.574,S1O
84,C4,251,-0.132,S1O
84,C4,252,2.797,S1O
84,C4,253,4.751,S1O
84,C4,254,6.215,S1O
84,C4,255,7.192,S1O
84,CP5,0,-4.008,S1O
84,CP5,1,-2.543,S1O
84,CP5,2,-1.078,S1O
84,CP5,3,-0.102,S1O
84,CP5,4,-0.102,S1O
84,CP5,5,0.875,S1O
84,CP5,6,1.363,S1O
84,CP5,7,2.340,S1O
84,CP5,8,1.851,S1O
84,CP5,9,0.387,S1O
84,CP5,10,-1.567,S1O
84,CP5,11,-3.520,S1O
84,CP5,12,-3.520,S1O
84,CP5,13,-2.543,S1O
84,CP5,14,-1.078,S1O
84,CP5,15,0.387,S1O
84,CP5,16,1.851,S1O
84,CP5,17,3.805,S1O
84,CP5,18,5.269,S1O
84,CP5,19,6.246,S1O
84,CP5,20,6.246,S1O
84,CP5,21,5.269,S1O
84,CP5,22,4.781,S1O
84,CP5,23,5.269,S1O
84,CP5,24,6.734,S1O
84,CP5,25,8.199,S1O
84,CP5,26,9.176,S1O
84,CP5,27,8.687,S1O
84,CP5,28,8.199,S1O
84,CP5,29,7.711,S1O
84,CP5,30,8.199,S1O
84,CP5,31,8.687,S1O
84,CP5,32,9.664,S1O
84,CP5,33,9.664,S1O
84,CP5,34,9.176,S1O
84,CP5,35,9.176,S1O
84,CP5,36,9.664,S1O
84,CP5,37,11.129,S1O
84,CP5,38,11.617,S1O
84,CP5,39,11.129,S1O
84,CP5,40,10.640,S1O
84,CP5,41,9.176,S1O
84,CP5,42,7.711,S1O
84,CP5,43,5.758,S1O
84,CP5,44,2.340,S1O
84,CP5,45,-2.543,S1O
84,CP5,46,-8.891,S1O
84,CP5,47,-13.774,S1O
84,CP5,48,-16.703,S1O
84,CP5,49,-16.215,S1O
84,CP5,50,-12.797,S1O
84,CP5,51,-8.403,S1O
84,CP5,52,-4.008,S1O
84,CP5,53,-0.590,S1O
84,CP5,54,1.363,S1O
84,CP5,55,2.340,S1O
84,CP5,56,3.316,S1O
84,CP5,57,3.805,S1O
84,CP5,58,5.269,S1O
84,CP5,59,6.246,S1O
84,CP5,60,6.734,S1O
84,CP5,61,5.758,S1O
84,CP5,62,5.269,S1O
84,CP5,63,4.293,S1O
84,CP5,64,3.316,S1O
84,CP5,65,3.316,S1O
84,CP5,66,2.828,S1O
84,CP5,67,2.828,S1O
84,CP5,68,2.340,S1O
84,CP5,69,3.316,S1O
84,CP5,70,5.758,S1O
84,CP5,71,8.687,S1O
84,CP5,72,12.105,S1O
84,CP5,73,13.570,S1O
84,CP5,74,12.594,S1O
84,CP5,75,9.176,S1O
84,CP5,76,5.269,S1O
84,CP5,77,0.875,S1O
84,CP5,78,-1.567,S1O
84,CP5,79,-3.031,S1O
84,CP5,80,-3.520,S1O
84,CP5,81,-2.055,S1O
84,CP5,82,-0.102,S1O
84,CP5,83,2.828,S1O
84,CP5,84,5.758,S1O
84,CP5,85,8.199,S1O
84,CP5,86,9.176,S1O
84,CP5,87,9.664,S1O
84,CP5,88,9.176,S1O
84,CP5,89,7.222,S1O
84,CP5,90,5.269,S1O
84,CP5,91,3.316,S1O
84,CP5,92,2.340,S1O
84,CP5,93,1.851,S1O
84,CP5,94,1.363,S1O
84,CP5,95,-0.102,S1O
84,CP5,96,-1.567,S1O
84,CP5,97,-2.055,S1O
84,CP5,98,-1.078,S1O
84,CP5,99,0.387,S1O
84,CP5,100,1.363,S1O
84,CP5,101,-0.102,S1O
84,CP5,102,-2.543,S1O
84,CP5,103,-4.985,S1O
84,CP5,104,-5.473,S1O
84,CP5,105,-2.543,S1O
84,CP5,106,1.363,S1O
84,CP5,107,4.293,S1O
84,CP5,108,4.781,S1O
84,CP5,109,3.805,S1O
84,CP5,110,2.340,S1O
84,CP5,111,0.875,S1O
84,CP5,112,0.387,S1O
84,CP5,113,-0.102,S1O
84,CP5,114,-1.567,S1O
84,CP5,115,-3.031,S1O
84,CP5,116,-5.473,S1O
84,CP5,117,-6.938,S1O
84,CP5,118,-8.403,S1O
84,CP5,119,-8.403,S1O
84,CP5,120,-7.914,S1O
84,CP5,121,-7.426,S1O
84,CP5,122,-6.449,S1O
84,CP5,123,-5.961,S1O
84,CP5,124,-6.449,S1O
84,CP5,125,-7.426,S1O
84,CP5,126,-8.891,S1O
84,CP5,127,-10.356,S1O
84,CP5,128,-10.844,S1O
84,CP5,129,-11.332,S1O
84,CP5,130,-11.332,S1O
84,CP5,131,-10.844,S1O
84,CP5,132,-9.867,S1O
84,CP5,133,-8.403,S1O
84,CP5,134,-6.449,S1O
84,CP5,135,-4.985,S1O
84,CP5,136,-4.008,S1O
84,CP5,137,-2.543,S1O
84,CP5,138,-1.567,S1O
84,CP5,139,-0.102,S1O
84,CP5,140,0.387,S1O
84,CP5,141,0.875,S1O
84,CP5,142,-0.102,S1O
84,CP5,143,-1.078,S1O
84,CP5,144,-2.543,S1O
84,CP5,145,-3.520,S1O
84,CP5,146,-4.496,S1O
84,CP5,147,-5.961,S1O
84,CP5,148,-8.891,S1O
84,CP5,149,-12.309,S1O
84,CP5,150,-15.238,S1O
84,CP5,151,-15.727,S1O
84,CP5,152,-13.774,S1O
84,CP5,153,-10.356,S1O
84,CP5,154,-8.403,S1O
84,CP5,155,-8.403,S1O
84,CP5,156,-10.356,S1O
84,CP5,157,-12.309,S1O
84,CP5,158,-11.820,S1O
84,CP5,159,-9.867,S1O
84,CP5,160,-5.961,S1O
84,CP5,161,-3.031,S1O
84,CP5,162,-2.055,S1O
84,CP5,163,-3.031,S1O
84,CP5,164,-4.985,S1O
84,CP5,165,-6.449,S1O
84,CP5,166,-7.426,S1O
84,CP5,167,-7.914,S1O
84,CP5,168,-8.403,S1O
84,CP5,169,-9.379,S1O
84,CP5,170,-10.356,S1O
84,CP5,171,-11.332,S1O
84,CP5,172,-11.820,S1O
84,CP5,173,-12.797,S1O
84,CP5,174,-13.774,S1O
84,CP5,175,-14.262,S1O
84,CP5,176,-13.774,S1O
84,CP5,177,-10.844,S1O
84,CP5,178,-7.426,S1O
84,CP5,179,-4.008,S1O
84,CP5,180,-1.567,S1O
84,CP5,181,-0.102,S1O
84,CP5,182,-0.102,S1O
84,CP5,183,-0.590,S1O
84,CP5,184,-1.078,S1O
84,CP5,185,-1.567,S1O
84,CP5,186,-1.567,S1O
84,CP5,187,-1.567,S1O
84,CP5,188,-1.567,S1O
84,CP5,189,-2.055,S1O
84,CP5,190,-3.031,S1O
84,CP5,191,-4.496,S1O
84,CP5,192,-4.985,S1O
84,CP5,193,-4.985,S1O
84,CP5,194,-4.985,S1O
84,CP5,195,-4.496,S1O
84,CP5,196,-4.496,S1O
84,CP5,197,-5.473,S1O
84,CP5,198,-6.449,S1O
84,CP5,199,-7.914,S1O
84,CP5,200,-8.403,S1O
84,CP5,201,-8.891,S1O
84,CP5,202,-9.379,S1O
84,CP5,203,-9.379,S1O
84,CP5,204,-9.379,S1O
84,CP5,205,-9.867,S1O
84,CP5,206,-11.820,S1O
84,CP5,207,-13.774,S1O
84,CP5,208,-15.238,S1O
84,CP5,209,-16.703,S1O
84,CP5,210,-16.215,S1O
84,CP5,211,-15.238,S1O
84,CP5,212,-14.262,S1O
84,CP5,213,-14.262,S1O
84,CP5,214,-14.262,S1O
84,CP5,215,-14.262,S1O
84,CP5,216,-13.285,S1O
84,CP5,217,-12.309,S1O
84,CP5,218,-12.309,S1O
84,CP5,219,-13.285,S1O
84,CP5,220,-14.750,S1O
84,CP5,221,-16.215,S1O
84,CP5,222,-17.192,S1O
84,CP5,223,-16.703,S1O
84,CP5,224,-14.750,S1O
84,CP5,225,-11.820,S1O
84,CP5,226,-8.403,S1O
84,CP5,227,-4.985,S1O
84,CP5,228,-2.543,S1O
84,CP5,229,-1.078,S1O
84,CP5,230,-1.567,S1O
84,CP5,231,-3.031,S1O
84,CP5,232,-4.008,S1O
84,CP5,233,-4.496,S1O
84,CP5,234,-4.496,S1O
84,CP5,235,-4.496,S1O
84,CP5,236,-4.985,S1O
84,CP5,237,-5.961,S1O
84,CP5,238,-7.914,S1O
84,CP5,239,-8.891,S1O
84,CP5,240,-9.867,S1O
84,CP5,241,-10.356,S1O
84,CP5,242,-8.891,S1O
84,CP5,243,-6.449,S1O
84,CP5,244,-3.031,S1O
84,CP5,245,0.387,S1O
84,CP5,246,3.316,S1O
84,CP5,247,4.781,S1O
84,CP5,248,5.269,S1O
84,CP5,249,5.269,S1O
84,CP5,250,4.781,S1O
84,CP5,251,3.316,S1O
84,CP5,252,1.851,S1O
84,CP5,253,0.387,S1O
84,CP5,254,-1.567,S1O
84,CP5,255,-4.008,S1O
84,CP6,0,-4.140,S1O
84,CP6,1,-5.117,S1O
84,CP6,2,-5.605,S1O
84,CP6,3,-5.117,S1O
84,CP6,4,-3.652,S1O
84,CP6,5,-2.187,S1O
84,CP6,6,-1.699,S1O
84,CP6,7,-1.211,S1O
84,CP6,8,-1.211,S1O
84,CP6,9,-1.211,S1O
84,CP6,10,0.254,S1O
84,CP6,11,2.207,S1O
84,CP6,12,4.649,S1O
84,CP6,13,6.602,S1O
84,CP6,14,7.090,S1O
84,CP6,15,7.090,S1O
84,CP6,16,7.090,S1O
84,CP6,17,6.114,S1O
84,CP6,18,4.649,S1O
84,CP6,19,2.696,S1O
84,CP6,20,0.254,S1O
84,CP6,21,-1.211,S1O
84,CP6,22,-1.699,S1O
84,CP6,23,-0.234,S1O
84,CP6,24,1.231,S1O
84,CP6,25,2.696,S1O
84,CP6,26,2.696,S1O
84,CP6,27,1.231,S1O
84,CP6,28,-1.211,S1O
84,CP6,29,-3.164,S1O
84,CP6,30,-4.628,S1O
84,CP6,31,-5.605,S1O
84,CP6,32,-6.093,S1O
84,CP6,33,-6.582,S1O
84,CP6,34,-7.070,S1O
84,CP6,35,-6.582,S1O
84,CP6,36,-5.605,S1O
84,CP6,37,-3.164,S1O
84,CP6,38,-0.234,S1O
84,CP6,39,2.696,S1O
84,CP6,40,4.649,S1O
84,CP6,41,5.625,S1O
84,CP6,42,5.137,S1O
84,CP6,43,3.672,S1O
84,CP6,44,1.231,S1O
84,CP6,45,-1.211,S1O
84,CP6,46,-4.140,S1O
84,CP6,47,-6.093,S1O
84,CP6,48,-7.070,S1O
84,CP6,49,-6.582,S1O
84,CP6,50,-5.605,S1O
84,CP6,51,-3.652,S1O
84,CP6,52,-1.699,S1O
84,CP6,53,0.743,S1O
84,CP6,54,2.207,S1O
84,CP6,55,2.696,S1O
84,CP6,56,3.184,S1O
84,CP6,57,3.184,S1O
84,CP6,58,2.696,S1O
84,CP6,59,1.719,S1O
84,CP6,60,0.743,S1O
84,CP6,61,-0.722,S1O
84,CP6,62,-2.675,S1O
84,CP6,63,-3.652,S1O
84,CP6,64,-4.628,S1O
84,CP6,65,-4.628,S1O
84,CP6,66,-4.140,S1O
84,CP6,67,-2.675,S1O
84,CP6,68,-1.211,S1O
84,CP6,69,0.743,S1O
84,CP6,70,2.207,S1O
84,CP6,71,3.672,S1O
84,CP6,72,4.649,S1O
84,CP6,73,5.625,S1O
84,CP6,74,6.114,S1O
84,CP6,75,7.090,S1O
84,CP6,76,6.602,S1O
84,CP6,77,6.114,S1O
84,CP6,78,5.137,S1O
84,CP6,79,3.184,S1O
84,CP6,80,0.743,S1O
84,CP6,81,-1.699,S1O
84,CP6,82,-4.140,S1O
84,CP6,83,-6.093,S1O
84,CP6,84,-6.582,S1O
84,CP6,85,-6.582,S1O
84,CP6,86,-6.093,S1O
84,CP6,87,-5.605,S1O
84,CP6,88,-6.093,S1O
84,CP6,89,-6.582,S1O
84,CP6,90,-6.582,S1O
84,CP6,91,-6.093,S1O
84,CP6,92,-4.628,S1O
84,CP6,93,-2.675,S1O
84,CP6,94,-1.211,S1O
84,CP6,95,0.254,S1O
84,CP6,96,1.719,S1O
84,CP6,97,2.696,S1O
84,CP6,98,4.161,S1O
84,CP6,99,4.161,S1O
84,CP6,100,4.161,S1O
84,CP6,101,3.184,S1O
84,CP6,102,2.696,S1O
84,CP6,103,2.696,S1O
84,CP6,104,2.207,S1O
84,CP6,105,1.231,S1O
84,CP6,106,-0.234,S1O
84,CP6,107,-2.187,S1O
84,CP6,108,-2.675,S1O
84,CP6,109,-2.675,S1O
84,CP6,110,-2.187,S1O
84,CP6,111,-2.675,S1O
84,CP6,112,-4.140,S1O
84,CP6,113,-6.093,S1O
84,CP6,114,-8.046,S1O
84,CP6,115,-9.023,S1O
84,CP6,116,-8.535,S1O
84,CP6,117,-8.046,S1O
84,CP6,118,-7.558,S1O
84,CP6,119,-7.070,S1O
84,CP6,120,-5.605,S1O
84,CP6,121,-3.652,S1O
84,CP6,122,-1.699,S1O
84,CP6,123,-0.722,S1O
84,CP6,124,-0.722,S1O
84,CP6,125,-2.187,S1O
84,CP6,126,-4.140,S1O
84,CP6,127,-5.605,S1O
84,CP6,128,-7.070,S1O
84,CP6,129,-8.535,S1O
84,CP6,130,-9.023,S1O
84,CP6,131,-9.511,S1O
84,CP6,132,-9.511,S1O
84,CP6,133,-9.023,S1O
84,CP6,134,-8.046,S1O
84,CP6,135,-6.582,S1O
84,CP6,136,-5.605,S1O
84,CP6,137,-3.652,S1O
84,CP6,138,-2.675,S1O
84,CP6,139,-2.187,S1O
84,CP6,140,-3.164,S1O
84,CP6,141,-4.628,S1O
84,CP6,142,-7.070,S1O
84,CP6,143,-7.558,S1O
84,CP6,144,-7.070,S1O
84,CP6,145,-5.117,S1O
84,CP6,146,-3.652,S1O
84,CP6,147,-3.164,S1O
84,CP6,148,-4.140,S1O
84,CP6,149,-5.605,S1O
84,CP6,150,-6.582,S1O
84,CP6,151,-7.070,S1O
84,CP6,152,-7.070,S1O
84,CP6,153,-8.046,S1O
84,CP6,154,-9.511,S1O
84,CP6,155,-10.488,S1O
84,CP6,156,-10.488,S1O
84,CP6,157,-8.535,S1O
84,CP6,158,-5.605,S1O
84,CP6,159,-3.164,S1O
84,CP6,160,-0.722,S1O
84,CP6,161,0.743,S1O
84,CP6,162,1.719,S1O
84,CP6,163,2.207,S1O
84,CP6,164,2.696,S1O
84,CP6,165,2.696,S1O
84,CP6,166,2.207,S1O
84,CP6,167,2.207,S1O
84,CP6,168,1.719,S1O
84,CP6,169,1.719,S1O
84,CP6,170,1.719,S1O
84,CP6,171,0.254,S1O
84,CP6,172,-1.211,S1O
84,CP6,173,-3.652,S1O
84,CP6,174,-6.093,S1O
84,CP6,175,-7.558,S1O
84,CP6,176,-9.023,S1O
84,CP6,177,-9.023,S1O
84,CP6,178,-7.558,S1O
84,CP6,179,-5.605,S1O
84,CP6,180,-2.675,S1O
84,CP6,181,0.743,S1O
84,CP6,182,4.161,S1O
84,CP6,183,7.090,S1O
84,CP6,184,9.043,S1O
84,CP6,185,10.020,S1O
84,CP6,186,9.043,S1O
84,CP6,187,8.067,S1O
84,CP6,188,6.114,S1O
84,CP6,189,4.161,S1O
84,CP6,190,3.184,S1O
84,CP6,191,2.207,S1O
84,CP6,192,1.231,S1O
84,CP6,193,0.743,S1O
84,CP6,194,0.254,S1O
84,CP6,195,0.743,S1O
84,CP6,196,1.719,S1O
84,CP6,197,2.696,S1O
84,CP6,198,3.672,S1O
84,CP6,199,3.184,S1O
84,CP6,200,2.207,S1O
84,CP6,201,0.254,S1O
84,CP6,202,-0.722,S1O
84,CP6,203,-0.722,S1O
84,CP6,204,-0.234,S1O
84,CP6,205,1.231,S1O
84,CP6,206,2.696,S1O
84,CP6,207,4.161,S1O
84,CP6,208,4.161,S1O
84,CP6,209,3.184,S1O
84,CP6,210,1.231,S1O
84,CP6,211,-2.187,S1O
84,CP6,212,-5.117,S1O
84,CP6,213,-7.070,S1O
84,CP6,214,-7.558,S1O
84,CP6,215,-6.582,S1O
84,CP6,216,-4.628,S1O
84,CP6,217,-2.675,S1O
84,CP6,218,-1.699,S1O
84,CP6,219,-1.211,S1O
84,CP6,220,-0.722,S1O
84,CP6,221,-0.722,S1O
84,CP6,222,-1.211,S1O
84,CP6,223,-1.699,S1O
84,CP6,224,-2.675,S1O
84,CP6,225,-3.164,S1O
84,CP6,226,-2.187,S1O
84,CP6,227,0.743,S1O
84,CP6,228,4.161,S1O
84,CP6,229,7.090,S1O
84,CP6,230,8.067,S1O
84,CP6,231,7.579,S1O
84,CP6,232,5.625,S1O
84,CP6,233,3.184,S1O
84,CP6,234,1.719,S1O
84,CP6,235,0.254,S1O
84,CP6,236,-1.211,S1O
84,CP6,237,-2.187,S1O
84,CP6,238,-3.164,S1O
84,CP6,239,-3.652,S1O
84,CP6,240,-4.140,S1O
84,CP6,241,-4.140,S1O
84,CP6,242,-4.140,S1O
84,CP6,243,-3.652,S1O
84,CP6,244,-3.164,S1O
84,CP6,245,-2.675,S1O
84,CP6,246,-2.675,S1O
84,CP6,247,-2.675,S1O
84,CP6,248,-2.675,S1O
84,CP6,249,-2.187,S1O
84,CP6,250,-0.234,S1O
84,CP6,251,2.207,S1O
84,CP6,252,5.625,S1O
84,CP6,253,9.043,S1O
84,CP6,254,11.973,S1O
84,CP6,255,13.926,S1O
84,CP1,0,-1.638,S1O
84,CP1,1,-0.661,S1O
84,CP1,2,0.315,S1O
84,CP1,3,0.804,S1O
84,CP1,4,0.804,S1O
84,CP1,5,1.292,S1O
84,CP1,6,0.804,S1O
84,CP1,7,-0.173,S1O
84,CP1,8,-2.126,S1O
84,CP1,9,-4.079,S1O
84,CP1,10,-5.544,S1O
84,CP1,11,-5.544,S1O
84,CP1,12,-5.056,S1O
84,CP1,13,-3.591,S1O
84,CP1,14,-3.103,S1O
84,CP1,15,-2.126,S1O
84,CP1,16,-2.126,S1O
84,CP1,17,-1.638,S1O
84,CP1,18,-0.661,S1O
84,CP1,19,0.315,S1O
84,CP1,20,0.804,S1O
84,CP1,21,0.804,S1O
84,CP1,22,0.804,S1O
84,CP1,23,1.780,S1O
84,CP1,24,2.268,S1O
84,CP1,25,2.757,S1O
84,CP1,26,2.268,S1O
84,CP1,27,2.268,S1O
84,CP1,28,1.780,S1O
84,CP1,29,2.268,S1O
84,CP1,30,2.757,S1O
84,CP1,31,4.222,S1O
84,CP1,32,4.710,S1O
84,CP1,33,5.198,S1O
84,CP1,34,4.710,S1O
84,CP1,35,4.710,S1O
84,CP1,36,4.710,S1O
84,CP1,37,4.222,S1O
84,CP1,38,3.733,S1O
84,CP1,39,2.757,S1O
84,CP1,40,2.268,S1O
84,CP1,41,1.780,S1O
84,CP1,42,1.292,S1O
84,CP1,43,-0.173,S1O
84,CP1,44,-2.126,S1O
84,CP1,45,-5.056,S1O
84,CP1,46,-7.985,S1O
84,CP1,47,-9.939,S1O
84,CP1,48,-9.939,S1O
84,CP1,49,-8.962,S1O
84,CP1,50,-7.497,S1O
84,CP1,51,-6.521,S1O
84,CP1,52,-5.056,S1O
84,CP1,53,-3.591,S1O
84,CP1,54,-2.126,S1O
84,CP1,55,-1.149,S1O
84,CP1,56,-0.173,S1O
84,CP1,57,0.804,S1O
84,CP1,58,2.268,S1O
84,CP1,59,3.733,S1O
84,CP1,60,5.686,S1O
84,CP1,61,6.663,S1O
84,CP1,62,6.175,S1O
84,CP1,63,4.710,S1O
84,CP1,64,2.757,S1O
84,CP1,65,1.292,S1O
84,CP1,66,0.804,S1O
84,CP1,67,0.315,S1O
84,CP1,68,0.315,S1O
84,CP1,69,0.315,S1O
84,CP1,70,0.315,S1O
84,CP1,71,1.292,S1O
84,CP1,72,2.268,S1O
84,CP1,73,3.733,S1O
84,CP1,74,4.222,S1O
84,CP1,75,3.733,S1O
84,CP1,76,2.757,S1O
84,CP1,77,2.268,S1O
84,CP1,78,2.268,S1O
84,CP1,79,2.268,S1O
84,CP1,80,2.757,S1O
84,CP1,81,2.757,S1O
84,CP1,82,2.268,S1O
84,CP1,83,1.780,S1O
84,CP1,84,1.292,S1O
84,CP1,85,1.780,S1O
84,CP1,86,1.780,S1O
84,CP1,87,2.268,S1O
84,CP1,88,1.780,S1O
84,CP1,89,0.804,S1O
84,CP1,90,-0.661,S1O
84,CP1,91,-1.149,S1O
84,CP1,92,-1.149,S1O
84,CP1,93,-0.173,S1O
84,CP1,94,0.315,S1O
84,CP1,95,0.315,S1O
84,CP1,96,-0.661,S1O
84,CP1,97,-0.661,S1O
84,CP1,98,-0.173,S1O
84,CP1,99,0.804,S1O
84,CP1,100,1.780,S1O
84,CP1,101,1.292,S1O
84,CP1,102,-0.173,S1O
84,CP1,103,-0.661,S1O
84,CP1,104,-0.661,S1O
84,CP1,105,-0.173,S1O
84,CP1,106,1.292,S1O
84,CP1,107,2.268,S1O
84,CP1,108,2.757,S1O
84,CP1,109,2.268,S1O
84,CP1,110,1.292,S1O
84,CP1,111,0.315,S1O
84,CP1,112,-0.661,S1O
84,CP1,113,-1.149,S1O
84,CP1,114,-1.149,S1O
84,CP1,115,-1.638,S1O
84,CP1,116,-2.126,S1O
84,CP1,117,-3.103,S1O
84,CP1,118,-3.591,S1O
84,CP1,119,-3.591,S1O
84,CP1,120,-3.591,S1O
84,CP1,121,-2.614,S1O
84,CP1,122,-1.638,S1O
84,CP1,123,-0.661,S1O
84,CP1,124,-0.173,S1O
84,CP1,125,-1.149,S1O
84,CP1,126,-3.103,S1O
84,CP1,127,-4.079,S1O
84,CP1,128,-5.544,S1O
84,CP1,129,-6.032,S1O
84,CP1,130,-6.032,S1O
84,CP1,131,-5.056,S1O
84,CP1,132,-4.079,S1O
84,CP1,133,-3.103,S1O
84,CP1,134,-1.638,S1O
84,CP1,135,-1.149,S1O
84,CP1,136,-0.173,S1O
84,CP1,137,0.315,S1O
84,CP1,138,1.780,S1O
84,CP1,139,2.268,S1O
84,CP1,140,2.757,S1O
84,CP1,141,2.757,S1O
84,CP1,142,1.780,S1O
84,CP1,143,1.292,S1O
84,CP1,144,0.315,S1O
84,CP1,145,-0.173,S1O
84,CP1,146,-0.661,S1O
84,CP1,147,-1.638,S1O
84,CP1,148,-3.103,S1O
84,CP1,149,-4.567,S1O
84,CP1,150,-5.544,S1O
84,CP1,151,-4.079,S1O
84,CP1,152,-2.126,S1O
84,CP1,153,0.315,S1O
84,CP1,154,1.780,S1O
84,CP1,155,1.292,S1O
84,CP1,156,-0.173,S1O
84,CP1,157,-1.149,S1O
84,CP1,158,-1.149,S1O
84,CP1,159,-0.661,S1O
84,CP1,160,0.804,S1O
84,CP1,161,1.780,S1O
84,CP1,162,1.780,S1O
84,CP1,163,0.804,S1O
84,CP1,164,-0.173,S1O
84,CP1,165,-1.638,S1O
84,CP1,166,-3.103,S1O
84,CP1,167,-4.567,S1O
84,CP1,168,-5.056,S1O
84,CP1,169,-6.032,S1O
84,CP1,170,-6.032,S1O
84,CP1,171,-5.544,S1O
84,CP1,172,-4.079,S1O
84,CP1,173,-2.614,S1O
84,CP1,174,-1.149,S1O
84,CP1,175,-0.661,S1O
84,CP1,176,-0.661,S1O
84,CP1,177,-0.173,S1O
84,CP1,178,0.315,S1O
84,CP1,179,0.804,S1O
84,CP1,180,1.780,S1O
84,CP1,181,1.780,S1O
84,CP1,182,1.292,S1O
84,CP1,183,-0.173,S1O
84,CP1,184,-1.638,S1O
84,CP1,185,-2.126,S1O
84,CP1,186,-2.614,S1O
84,CP1,187,-2.126,S1O
84,CP1,188,-1.638,S1O
84,CP1,189,-1.638,S1O
84,CP1,190,-1.638,S1O
84,CP1,191,-1.638,S1O
84,CP1,192,-1.149,S1O
84,CP1,193,0.315,S1O
84,CP1,194,1.292,S1O
84,CP1,195,1.780,S1O
84,CP1,196,1.780,S1O
84,CP1,197,1.292,S1O
84,CP1,198,0.315,S1O
84,CP1,199,-0.173,S1O
84,CP1,200,-0.661,S1O
84,CP1,201,-1.638,S1O
84,CP1,202,-2.614,S1O
84,CP1,203,-3.103,S1O
84,CP1,204,-4.567,S1O
84,CP1,205,-4.567,S1O
84,CP1,206,-5.544,S1O
84,CP1,207,-5.544,S1O
84,CP1,208,-6.032,S1O
84,CP1,209,-5.544,S1O
84,CP1,210,-4.567,S1O
84,CP1,211,-3.103,S1O
84,CP1,212,-0.661,S1O
84,CP1,213,0.804,S1O
84,CP1,214,1.780,S1O
84,CP1,215,2.268,S1O
84,CP1,216,1.780,S1O
84,CP1,217,0.804,S1O
84,CP1,218,-0.173,S1O
84,CP1,219,-1.638,S1O
84,CP1,220,-3.103,S1O
84,CP1,221,-4.567,S1O
84,CP1,222,-5.056,S1O
84,CP1,223,-5.056,S1O
84,CP1,224,-4.567,S1O
84,CP1,225,-3.591,S1O
84,CP1,226,-3.103,S1O
84,CP1,227,-2.126,S1O
84,CP1,228,-1.149,S1O
84,CP1,229,-0.661,S1O
84,CP1,230,-0.661,S1O
84,CP1,231,-0.173,S1O
84,CP1,232,0.315,S1O
84,CP1,233,1.780,S1O
84,CP1,234,2.757,S1O
84,CP1,235,4.222,S1O
84,CP1,236,4.710,S1O
84,CP1,237,4.710,S1O
84,CP1,238,3.733,S1O
84,CP1,239,2.268,S1O
84,CP1,240,1.292,S1O
84,CP1,241,0.804,S1O
84,CP1,242,0.804,S1O
84,CP1,243,1.292,S1O
84,CP1,244,2.268,S1O
84,CP1,245,2.757,S1O
84,CP1,246,3.733,S1O
84,CP1,247,4.710,S1O
84,CP1,248,5.686,S1O
84,CP1,249,5.686,S1O
84,CP1,250,6.175,S1O
84,CP1,251,6.175,S1O
84,CP1,252,5.686,S1O
84,CP1,253,5.686,S1O
84,CP1,254,4.710,S1O
84,CP1,255,3.733,S1O
84,CP2,0,1.139,S1O
84,CP2,1,1.628,S1O
84,CP2,2,2.604,S1O
84,CP2,3,3.581,S1O
84,CP2,4,4.069,S1O
84,CP2,5,5.046,S1O
84,CP2,6,4.557,S1O
84,CP2,7,3.581,S1O
84,CP2,8,2.604,S1O
84,CP2,9,1.139,S1O
84,CP2,10,1.628,S1O
84,CP2,11,2.604,S1O
84,CP2,12,4.557,S1O
84,CP2,13,6.022,S1O
84,CP2,14,6.510,S1O
84,CP2,15,6.022,S1O
84,CP2,16,4.557,S1O
84,CP2,17,3.092,S1O
84,CP2,18,1.628,S1O
84,CP2,19,-0.326,S1O
84,CP2,20,-0.814,S1O
84,CP2,21,-0.814,S1O
84,CP2,22,0.651,S1O
84,CP2,23,3.581,S1O
84,CP2,24,6.022,S1O
84,CP2,25,8.464,S1O
84,CP2,26,8.952,S1O
84,CP2,27,8.952,S1O
84,CP2,28,7.975,S1O
84,CP2,29,6.999,S1O
84,CP2,30,7.487,S1O
84,CP2,31,7.487,S1O
84,CP2,32,7.975,S1O
84,CP2,33,7.975,S1O
84,CP2,34,7.487,S1O
84,CP2,35,6.510,S1O
84,CP2,36,6.022,S1O
84,CP2,37,6.022,S1O
84,CP2,38,6.510,S1O
84,CP2,39,6.510,S1O
84,CP2,40,6.022,S1O
84,CP2,41,5.534,S1O
84,CP2,42,5.534,S1O
84,CP2,43,5.534,S1O
84,CP2,44,5.046,S1O
84,CP2,45,4.557,S1O
84,CP2,46,3.092,S1O
84,CP2,47,1.628,S1O
84,CP2,48,1.139,S1O
84,CP2,49,1.628,S1O
84,CP2,50,2.604,S1O
84,CP2,51,4.557,S1O
84,CP2,52,6.510,S1O
84,CP2,53,7.975,S1O
84,CP2,54,9.440,S1O
84,CP2,55,10.417,S1O
84,CP2,56,10.905,S1O
84,CP2,57,11.393,S1O
84,CP2,58,12.370,S1O
84,CP2,59,13.346,S1O
84,CP2,60,13.835,S1O
84,CP2,61,14.323,S1O
84,CP2,62,13.835,S1O
84,CP2,63,12.370,S1O
84,CP2,64,10.905,S1O
84,CP2,65,10.417,S1O
84,CP2,66,10.905,S1O
84,CP2,67,11.882,S1O
84,CP2,68,12.858,S1O
84,CP2,69,13.346,S1O
84,CP2,70,13.346,S1O
84,CP2,71,12.858,S1O
84,CP2,72,13.346,S1O
84,CP2,73,13.835,S1O
84,CP2,74,14.811,S1O
84,CP2,75,15.299,S1O
84,CP2,76,15.788,S1O
84,CP2,77,16.276,S1O
84,CP2,78,16.764,S1O
84,CP2,79,16.764,S1O
84,CP2,80,16.764,S1O
84,CP2,81,15.788,S1O
84,CP2,82,14.323,S1O
84,CP2,83,12.858,S1O
84,CP2,84,12.370,S1O
84,CP2,85,12.370,S1O
84,CP2,86,12.858,S1O
84,CP2,87,13.346,S1O
84,CP2,88,13.346,S1O
84,CP2,89,12.858,S1O
84,CP2,90,12.370,S1O
84,CP2,91,12.370,S1O
84,CP2,92,12.370,S1O
84,CP2,93,13.346,S1O
84,CP2,94,14.323,S1O
84,CP2,95,15.299,S1O
84,CP2,96,16.276,S1O
84,CP2,97,17.741,S1O
84,CP2,98,18.717,S1O
84,CP2,99,19.694,S1O
84,CP2,100,20.671,S1O
84,CP2,101,20.671,S1O
84,CP2,102,21.159,S1O
84,CP2,103,21.159,S1O
84,CP2,104,21.159,S1O
84,CP2,105,20.671,S1O
84,CP2,106,19.694,S1O
84,CP2,107,18.717,S1O
84,CP2,108,17.741,S1O
84,CP2,109,17.253,S1O
84,CP2,110,17.253,S1O
84,CP2,111,16.276,S1O
84,CP2,112,14.811,S1O
84,CP2,113,13.835,S1O
84,CP2,114,14.323,S1O
84,CP2,115,14.811,S1O
84,CP2,116,15.299,S1O
84,CP2,117,15.299,S1O
84,CP2,118,15.299,S1O
84,CP2,119,15.299,S1O
84,CP2,120,15.788,S1O
84,CP2,121,17.253,S1O
84,CP2,122,18.717,S1O
84,CP2,123,19.694,S1O
84,CP2,124,20.182,S1O
84,CP2,125,19.206,S1O
84,CP2,126,18.717,S1O
84,CP2,127,17.741,S1O
84,CP2,128,16.764,S1O
84,CP2,129,15.788,S1O
84,CP2,130,14.811,S1O
84,CP2,131,14.811,S1O
84,CP2,132,15.299,S1O
84,CP2,133,16.276,S1O
84,CP2,134,17.253,S1O
84,CP2,135,18.229,S1O
84,CP2,136,19.694,S1O
84,CP2,137,21.159,S1O
84,CP2,138,22.624,S1O
84,CP2,139,23.600,S1O
84,CP2,140,23.600,S1O
84,CP2,141,22.135,S1O
84,CP2,142,21.159,S1O
84,CP2,143,20.182,S1O
84,CP2,144,20.671,S1O
84,CP2,145,21.647,S1O
84,CP2,146,22.135,S1O
84,CP2,147,22.135,S1O
84,CP2,148,20.671,S1O
84,CP2,149,19.206,S1O
84,CP2,150,18.717,S1O
84,CP2,151,19.694,S1O
84,CP2,152,21.647,S1O
84,CP2,153,23.600,S1O
84,CP2,154,24.577,S1O
84,CP2,155,24.577,S1O
84,CP2,156,23.600,S1O
84,CP2,157,23.112,S1O
84,CP2,158,23.112,S1O
84,CP2,159,24.089,S1O
84,CP2,160,24.577,S1O
84,CP2,161,24.577,S1O
84,CP2,162,24.089,S1O
84,CP2,163,23.112,S1O
84,CP2,164,22.135,S1O
84,CP2,165,21.159,S1O
84,CP2,166,21.159,S1O
84,CP2,167,21.159,S1O
84,CP2,168,21.159,S1O
84,CP2,169,21.647,S1O
84,CP2,170,23.112,S1O
84,CP2,171,24.577,S1O
84,CP2,172,26.530,S1O
84,CP2,173,27.995,S1O
84,CP2,174,27.995,S1O
84,CP2,175,27.018,S1O
84,CP2,176,25.065,S1O
84,CP2,177,23.600,S1O
84,CP2,178,22.624,S1O
84,CP2,179,22.135,S1O
84,CP2,180,22.135,S1O
84,CP2,181,22.135,S1O
84,CP2,182,22.624,S1O
84,CP2,183,22.624,S1O
84,CP2,184,23.112,S1O
84,CP2,185,24.089,S1O
84,CP2,186,25.553,S1O
84,CP2,187,26.530,S1O
84,CP2,188,27.018,S1O
84,CP2,189,27.507,S1O
84,CP2,190,27.507,S1O
84,CP2,191,27.018,S1O
84,CP2,192,27.018,S1O
84,CP2,193,26.530,S1O
84,CP2,194,25.553,S1O
84,CP2,195,25.553,S1O
84,CP2,196,25.553,S1O
84,CP2,197,25.553,S1O
84,CP2,198,25.553,S1O
84,CP2,199,25.553,S1O
84,CP2,200,25.065,S1O
84,CP2,201,24.577,S1O
84,CP2,202,24.089,S1O
84,CP2,203,24.089,S1O
84,CP2,204,24.089,S1O
84,CP2,205,25.065,S1O
84,CP2,206,26.042,S1O
84,CP2,207,25.553,S1O
84,CP2,208,26.530,S1O
84,CP2,209,27.018,S1O
84,CP2,210,27.507,S1O
84,CP2,211,28.483,S1O
84,CP2,212,29.948,S1O
84,CP2,213,30.924,S1O
84,CP2,214,31.901,S1O
84,CP2,215,32.389,S1O
84,CP2,216,31.901,S1O
84,CP2,217,30.924,S1O
84,CP2,218,29.948,S1O
84,CP2,219,28.971,S1O
84,CP2,220,27.995,S1O
84,CP2,221,26.042,S1O
84,CP2,222,24.577,S1O
84,CP2,223,23.112,S1O
84,CP2,224,22.624,S1O
84,CP2,225,22.624,S1O
84,CP2,226,23.600,S1O
84,CP2,227,25.065,S1O
84,CP2,228,27.018,S1O
84,CP2,229,28.483,S1O
84,CP2,230,29.948,S1O
84,CP2,231,30.924,S1O
84,CP2,232,31.901,S1O
84,CP2,233,32.389,S1O
84,CP2,234,33.366,S1O
84,CP2,235,34.342,S1O
84,CP2,236,34.831,S1O
84,CP2,237,35.319,S1O
84,CP2,238,34.831,S1O
84,CP2,239,33.366,S1O
84,CP2,240,31.901,S1O
84,CP2,241,30.436,S1O
84,CP2,242,29.948,S1O
84,CP2,243,29.948,S1O
84,CP2,244,29.948,S1O
84,CP2,245,30.436,S1O
84,CP2,246,29.948,S1O
84,CP2,247,29.460,S1O
84,CP2,248,29.460,S1O
84,CP2,249,29.460,S1O
84,CP2,250,30.924,S1O
84,CP2,251,32.389,S1O
84,CP2,252,34.342,S1O
84,CP2,253,36.296,S1O
84,CP2,254,38.249,S1O
84,CP2,255,39.714,S1O
84,P3,0,-4.618,S1O
84,P3,1,-2.665,S1O
84,P3,2,-0.712,S1O
84,P3,3,0.753,S1O
84,P3,4,1.729,S1O
84,P3,5,1.729,S1O
84,P3,6,0.753,S1O
84,P3,7,-1.200,S1O
84,P3,8,-4.130,S1O
84,P3,9,-7.060,S1O
84,P3,10,-8.525,S1O
84,P3,11,-8.525,S1O
84,P3,12,-7.548,S1O
84,P3,13,-5.595,S1O
84,P3,14,-4.130,S1O
84,P3,15,-2.665,S1O
84,P3,16,-1.689,S1O
84,P3,17,-0.224,S1O
84,P3,18,1.729,S1O
84,P3,19,3.682,S1O
84,P3,20,5.147,S1O
84,P3,21,6.612,S1O
84,P3,22,8.565,S1O
84,P3,23,11.007,S1O
84,P3,24,12.960,S1O
84,P3,25,13.936,S1O
84,P3,26,13.936,S1O
84,P3,27,12.472,S1O
84,P3,28,11.007,S1O
84,P3,29,10.030,S1O
84,P3,30,10.030,S1O
84,P3,31,10.518,S1O
84,P3,32,11.495,S1O
84,P3,33,11.983,S1O
84,P3,34,12.960,S1O
84,P3,35,13.448,S1O
84,P3,36,12.960,S1O
84,P3,37,12.472,S1O
84,P3,38,11.007,S1O
84,P3,39,9.054,S1O
84,P3,40,8.077,S1O
84,P3,41,6.124,S1O
84,P3,42,5.147,S1O
84,P3,43,3.194,S1O
84,P3,44,-0.712,S1O
84,P3,45,-5.595,S1O
84,P3,46,-10.966,S1O
84,P3,47,-13.896,S1O
84,P3,48,-14.872,S1O
84,P3,49,-13.407,S1O
84,P3,50,-10.478,S1O
84,P3,51,-7.060,S1O
84,P3,52,-3.642,S1O
84,P3,53,-0.712,S1O
84,P3,54,2.218,S1O
84,P3,55,5.147,S1O
84,P3,56,7.589,S1O
84,P3,57,10.030,S1O
84,P3,58,12.472,S1O
84,P3,59,14.425,S1O
84,P3,60,15.889,S1O
84,P3,61,15.889,S1O
84,P3,62,14.425,S1O
84,P3,63,12.472,S1O
84,P3,64,10.030,S1O
84,P3,65,8.565,S1O
84,P3,66,7.589,S1O
84,P3,67,7.589,S1O
84,P3,68,8.077,S1O
84,P3,69,9.054,S1O
84,P3,70,10.518,S1O
84,P3,71,13.448,S1O
84,P3,72,16.866,S1O
84,P3,73,18.819,S1O
84,P3,74,19.307,S1O
84,P3,75,17.354,S1O
84,P3,76,13.448,S1O
84,P3,77,10.518,S1O
84,P3,78,8.565,S1O
84,P3,79,8.565,S1O
84,P3,80,9.054,S1O
84,P3,81,9.054,S1O
84,P3,82,9.054,S1O
84,P3,83,8.565,S1O
84,P3,84,8.565,S1O
84,P3,85,10.030,S1O
84,P3,86,11.007,S1O
84,P3,87,11.983,S1O
84,P3,88,11.007,S1O
84,P3,89,9.054,S1O
84,P3,90,6.612,S1O
84,P3,91,5.147,S1O
84,P3,92,5.147,S1O
84,P3,93,5.636,S1O
84,P3,94,5.636,S1O
84,P3,95,4.659,S1O
84,P3,96,4.171,S1O
84,P3,97,5.636,S1O
84,P3,98,7.589,S1O
84,P3,99,10.030,S1O
84,P3,100,10.518,S1O
84,P3,101,8.565,S1O
84,P3,102,5.147,S1O
84,P3,103,2.706,S1O
84,P3,104,2.218,S1O
84,P3,105,3.194,S1O
84,P3,106,5.147,S1O
84,P3,107,7.100,S1O
84,P3,108,7.100,S1O
84,P3,109,6.612,S1O
84,P3,110,5.636,S1O
84,P3,111,4.171,S1O
84,P3,112,3.194,S1O
84,P3,113,2.218,S1O
84,P3,114,2.218,S1O
84,P3,115,1.729,S1O
84,P3,116,0.753,S1O
84,P3,117,-0.712,S1O
84,P3,118,-2.177,S1O
84,P3,119,-2.665,S1O
84,P3,120,-2.177,S1O
84,P3,121,-1.200,S1O
84,P3,122,-0.224,S1O
84,P3,123,-0.712,S1O
84,P3,124,-3.153,S1O
84,P3,125,-5.595,S1O
84,P3,126,-8.525,S1O
84,P3,127,-10.478,S1O
84,P3,128,-10.966,S1O
84,P3,129,-11.454,S1O
84,P3,130,-10.478,S1O
84,P3,131,-9.013,S1O
84,P3,132,-7.060,S1O
84,P3,133,-4.618,S1O
84,P3,134,-2.665,S1O
84,P3,135,-1.200,S1O
84,P3,136,-0.712,S1O
84,P3,137,-0.224,S1O
84,P3,138,0.264,S1O
84,P3,139,0.753,S1O
84,P3,140,1.241,S1O
84,P3,141,0.753,S1O
84,P3,142,-0.712,S1O
84,P3,143,-2.177,S1O
84,P3,144,-2.665,S1O
84,P3,145,-2.665,S1O
84,P3,146,-2.665,S1O
84,P3,147,-3.642,S1O
84,P3,148,-6.571,S1O
84,P3,149,-9.989,S1O
84,P3,150,-11.943,S1O
84,P3,151,-11.454,S1O
84,P3,152,-8.525,S1O
84,P3,153,-4.130,S1O
84,P3,154,-1.689,S1O
84,P3,155,-2.177,S1O
84,P3,156,-5.107,S1O
84,P3,157,-8.036,S1O
84,P3,158,-9.501,S1O
84,P3,159,-8.525,S1O
84,P3,160,-6.571,S1O
84,P3,161,-4.618,S1O
84,P3,162,-3.642,S1O
84,P3,163,-3.642,S1O
84,P3,164,-4.618,S1O
84,P3,165,-6.083,S1O
84,P3,166,-7.548,S1O
84,P3,167,-9.013,S1O
84,P3,168,-10.478,S1O
84,P3,169,-11.943,S1O
84,P3,170,-13.407,S1O
84,P3,171,-13.407,S1O
84,P3,172,-12.431,S1O
84,P3,173,-10.478,S1O
84,P3,174,-9.501,S1O
84,P3,175,-8.525,S1O
84,P3,176,-8.036,S1O
84,P3,177,-7.060,S1O
84,P3,178,-5.595,S1O
84,P3,179,-3.153,S1O
84,P3,180,-1.689,S1O
84,P3,181,-1.200,S1O
84,P3,182,-2.665,S1O
84,P3,183,-4.130,S1O
84,P3,184,-5.595,S1O
84,P3,185,-6.083,S1O
84,P3,186,-6.083,S1O
84,P3,187,-6.083,S1O
84,P3,188,-6.571,S1O
84,P3,189,-7.548,S1O
84,P3,190,-7.548,S1O
84,P3,191,-6.571,S1O
84,P3,192,-4.618,S1O
84,P3,193,-1.689,S1O
84,P3,194,-0.224,S1O
84,P3,195,0.264,S1O
84,P3,196,-0.712,S1O
84,P3,197,-1.200,S1O
84,P3,198,-1.689,S1O
84,P3,199,-2.177,S1O
84,P3,200,-3.153,S1O
84,P3,201,-5.595,S1O
84,P3,202,-8.525,S1O
84,P3,203,-11.454,S1O
84,P3,204,-13.407,S1O
84,P3,205,-14.872,S1O
84,P3,206,-15.361,S1O
84,P3,207,-15.361,S1O
84,P3,208,-15.849,S1O
84,P3,209,-15.361,S1O
84,P3,210,-13.407,S1O
84,P3,211,-9.989,S1O
84,P3,212,-6.083,S1O
84,P3,213,-2.665,S1O
84,P3,214,-0.224,S1O
84,P3,215,1.241,S1O
84,P3,216,1.241,S1O
84,P3,217,0.264,S1O
84,P3,218,-2.665,S1O
84,P3,219,-6.571,S1O
84,P3,220,-10.966,S1O
84,P3,221,-14.384,S1O
84,P3,222,-16.337,S1O
84,P3,223,-16.337,S1O
84,P3,224,-14.872,S1O
84,P3,225,-12.431,S1O
84,P3,226,-9.013,S1O
84,P3,227,-5.595,S1O
84,P3,228,-2.665,S1O
84,P3,229,-0.712,S1O
84,P3,230,0.753,S1O
84,P3,231,1.241,S1O
84,P3,232,2.218,S1O
84,P3,233,3.194,S1O
84,P3,234,5.147,S1O
84,P3,235,6.124,S1O
84,P3,236,5.636,S1O
84,P3,237,4.171,S1O
84,P3,238,1.241,S1O
84,P3,239,-1.689,S1O
84,P3,240,-3.642,S1O
84,P3,241,-4.618,S1O
84,P3,242,-3.642,S1O
84,P3,243,-1.689,S1O
84,P3,244,1.241,S1O
84,P3,245,4.171,S1O
84,P3,246,6.124,S1O
84,P3,247,7.589,S1O
84,P3,248,8.077,S1O
84,P3,249,8.565,S1O
84,P3,250,9.054,S1O
84,P3,251,9.054,S1O
84,P3,252,9.054,S1O
84,P3,253,8.077,S1O
84,P3,254,7.100,S1O
84,P3,255,5.147,S1O
84,P4,0,-5.900,S1O
84,P4,1,-5.900,S1O
84,P4,2,-4.924,S1O
84,P4,3,-2.482,S1O
84,P4,4,-0.529,S1O
84,P4,5,1.424,S1O
84,P4,6,1.424,S1O
84,P4,7,-0.041,S1O
84,P4,8,-1.506,S1O
84,P4,9,-2.482,S1O
84,P4,10,-1.994,S1O
84,P4,11,-0.529,S1O
84,P4,12,0.936,S1O
84,P4,13,1.424,S1O
84,P4,14,1.424,S1O
84,P4,15,0.448,S1O
84,P4,16,-1.017,S1O
84,P4,17,-1.506,S1O
84,P4,18,-3.459,S1O
84,P4,19,-5.412,S1O
84,P4,20,-5.900,S1O
84,P4,21,-5.412,S1O
84,P4,22,-2.482,S1O
84,P4,23,1.912,S1O
84,P4,24,5.819,S1O
84,P4,25,8.748,S1O
84,P4,26,9.725,S1O
84,P4,27,9.237,S1O
84,P4,28,7.772,S1O
84,P4,29,5.819,S1O
84,P4,30,4.842,S1O
84,P4,31,4.354,S1O
84,P4,32,4.354,S1O
84,P4,33,4.354,S1O
84,P4,34,3.377,S1O
84,P4,35,2.401,S1O
84,P4,36,1.424,S1O
84,P4,37,-0.041,S1O
84,P4,38,-1.017,S1O
84,P4,39,-1.506,S1O
84,P4,40,-1.994,S1O
84,P4,41,-2.482,S1O
84,P4,42,-2.970,S1O
84,P4,43,-3.947,S1O
84,P4,44,-5.412,S1O
84,P4,45,-7.365,S1O
84,P4,46,-9.806,S1O
84,P4,47,-11.759,S1O
84,P4,48,-12.248,S1O
84,P4,49,-11.271,S1O
84,P4,50,-8.341,S1O
84,P4,51,-4.924,S1O
84,P4,52,-1.017,S1O
84,P4,53,1.912,S1O
84,P4,54,4.354,S1O
84,P4,55,6.307,S1O
84,P4,56,7.772,S1O
84,P4,57,9.237,S1O
84,P4,58,10.701,S1O
84,P4,59,11.678,S1O
84,P4,60,12.166,S1O
84,P4,61,11.190,S1O
84,P4,62,8.748,S1O
84,P4,63,5.819,S1O
84,P4,64,3.377,S1O
84,P4,65,1.912,S1O
84,P4,66,1.912,S1O
84,P4,67,2.889,S1O
84,P4,68,3.866,S1O
84,P4,69,4.354,S1O
84,P4,70,4.354,S1O
84,P4,71,5.330,S1O
84,P4,72,6.795,S1O
84,P4,73,8.748,S1O
84,P4,74,10.701,S1O
84,P4,75,11.678,S1O
84,P4,76,11.190,S1O
84,P4,77,9.725,S1O
84,P4,78,7.772,S1O
84,P4,79,5.819,S1O
84,P4,80,4.354,S1O
84,P4,81,2.401,S1O
84,P4,82,0.448,S1O
84,P4,83,-1.017,S1O
84,P4,84,-1.994,S1O
84,P4,85,-1.994,S1O
84,P4,86,-1.994,S1O
84,P4,87,-1.994,S1O
84,P4,88,-2.970,S1O
84,P4,89,-3.459,S1O
84,P4,90,-3.947,S1O
84,P4,91,-3.459,S1O
84,P4,92,-2.482,S1O
84,P4,93,-1.017,S1O
84,P4,94,-0.041,S1O
84,P4,95,0.448,S1O
84,P4,96,0.936,S1O
84,P4,97,2.401,S1O
84,P4,98,3.377,S1O
84,P4,99,4.354,S1O
84,P4,100,4.354,S1O
84,P4,101,3.866,S1O
84,P4,102,3.377,S1O
84,P4,103,3.377,S1O
84,P4,104,3.377,S1O
84,P4,105,2.401,S1O
84,P4,106,0.936,S1O
84,P4,107,-0.529,S1O
84,P4,108,-1.506,S1O
84,P4,109,-1.506,S1O
84,P4,110,-2.482,S1O
84,P4,111,-3.947,S1O
84,P4,112,-6.388,S1O
84,P4,113,-7.853,S1O
84,P4,114,-8.341,S1O
84,P4,115,-7.853,S1O
84,P4,116,-7.365,S1O
84,P4,117,-7.365,S1O
84,P4,118,-7.853,S1O
84,P4,119,-7.853,S1O
84,P4,120,-6.388,S1O
84,P4,121,-4.924,S1O
84,P4,122,-2.970,S1O
84,P4,123,-2.970,S1O
84,P4,124,-4.435,S1O
84,P4,125,-6.388,S1O
84,P4,126,-8.830,S1O
84,P4,127,-9.806,S1O
84,P4,128,-10.295,S1O
84,P4,129,-10.783,S1O
84,P4,130,-10.783,S1O
84,P4,131,-10.783,S1O
84,P4,132,-10.295,S1O
84,P4,133,-8.830,S1O
84,P4,134,-7.365,S1O
84,P4,135,-5.412,S1O
84,P4,136,-2.970,S1O
84,P4,137,-0.041,S1O
84,P4,138,1.912,S1O
84,P4,139,1.912,S1O
84,P4,140,-0.041,S1O
84,P4,141,-3.947,S1O
84,P4,142,-6.877,S1O
84,P4,143,-7.853,S1O
84,P4,144,-6.388,S1O
84,P4,145,-3.947,S1O
84,P4,146,-2.482,S1O
84,P4,147,-2.482,S1O
84,P4,148,-3.459,S1O
84,P4,149,-4.435,S1O
84,P4,150,-4.924,S1O
84,P4,151,-4.435,S1O
84,P4,152,-2.970,S1O
84,P4,153,-1.994,S1O
84,P4,154,-1.994,S1O
84,P4,155,-2.482,S1O
84,P4,156,-3.459,S1O
84,P4,157,-2.970,S1O
84,P4,158,-2.482,S1O
84,P4,159,-1.506,S1O
84,P4,160,-0.529,S1O
84,P4,161,-0.529,S1O
84,P4,162,-1.506,S1O
84,P4,163,-2.482,S1O
84,P4,164,-3.947,S1O
84,P4,165,-3.947,S1O
84,P4,166,-3.459,S1O
84,P4,167,-2.482,S1O
84,P4,168,-1.506,S1O
84,P4,169,-1.017,S1O
84,P4,170,-1.017,S1O
84,P4,171,-1.017,S1O
84,P4,172,-0.529,S1O
84,P4,173,-0.041,S1O
84,P4,174,-0.041,S1O
84,P4,175,-1.994,S1O
84,P4,176,-4.435,S1O
84,P4,177,-6.877,S1O
84,P4,178,-8.830,S1O
84,P4,179,-8.830,S1O
84,P4,180,-7.853,S1O
84,P4,181,-6.388,S1O
84,P4,182,-4.924,S1O
84,P4,183,-2.970,S1O
84,P4,184,-1.017,S1O
84,P4,185,0.936,S1O
84,P4,186,2.889,S1O
84,P4,187,4.354,S1O
84,P4,188,4.354,S1O
84,P4,189,2.889,S1O
84,P4,190,2.401,S1O
84,P4,191,1.912,S1O
84,P4,192,1.424,S1O
84,P4,193,0.936,S1O
84,P4,194,-0.041,S1O
84,P4,195,-1.506,S1O
84,P4,196,-1.994,S1O
84,P4,197,-1.994,S1O
84,P4,198,-1.017,S1O
84,P4,199,-1.017,S1O
84,P4,200,-1.506,S1O
84,P4,201,-3.459,S1O
84,P4,202,-4.924,S1O
84,P4,203,-5.412,S1O
84,P4,204,-4.435,S1O
84,P4,205,-1.994,S1O
84,P4,206,-0.041,S1O
84,P4,207,0.936,S1O
84,P4,208,0.936,S1O
84,P4,209,0.448,S1O
84,P4,210,-0.529,S1O
84,P4,211,-1.506,S1O
84,P4,212,-1.506,S1O
84,P4,213,-0.529,S1O
84,P4,214,0.448,S1O
84,P4,215,1.424,S1O
84,P4,216,1.912,S1O
84,P4,217,1.912,S1O
84,P4,218,1.424,S1O
84,P4,219,0.448,S1O
84,P4,220,-1.017,S1O
84,P4,221,-2.970,S1O
84,P4,222,-5.412,S1O
84,P4,223,-7.853,S1O
84,P4,224,-10.295,S1O
84,P4,225,-11.759,S1O
84,P4,226,-11.759,S1O
84,P4,227,-10.295,S1O
84,P4,228,-7.365,S1O
84,P4,229,-4.435,S1O
84,P4,230,-1.506,S1O
84,P4,231,0.448,S1O
84,P4,232,2.401,S1O
84,P4,233,4.354,S1O
84,P4,234,6.307,S1O
84,P4,235,7.284,S1O
84,P4,236,7.772,S1O
84,P4,237,6.795,S1O
84,P4,238,5.330,S1O
84,P4,239,3.377,S1O
84,P4,240,1.424,S1O
84,P4,241,-0.041,S1O
84,P4,242,-0.529,S1O
84,P4,243,-1.017,S1O
84,P4,244,-1.994,S1O
84,P4,245,-2.970,S1O
84,P4,246,-3.947,S1O
84,P4,247,-4.924,S1O
84,P4,248,-4.924,S1O
84,P4,249,-4.435,S1O
84,P4,250,-2.970,S1O
84,P4,251,-0.041,S1O
84,P4,252,4.354,S1O
84,P4,253,9.237,S1O
84,P4,254,14.119,S1O
84,P4,255,17.049,S1O
84,PZ,0,-4.598,S1O
84,PZ,1,-3.621,S1O
84,PZ,2,-1.668,S1O
84,PZ,3,0.285,S1O
84,PZ,4,1.261,S1O
84,PZ,5,1.261,S1O
84,PZ,6,-0.203,S1O
84,PZ,7,-2.645,S1O
84,PZ,8,-6.551,S1O
84,PZ,9,-9.481,S1O
84,PZ,10,-10.457,S1O
84,PZ,11,-10.457,S1O
84,PZ,12,-8.993,S1O
84,PZ,13,-8.504,S1O
84,PZ,14,-8.016,S1O
84,PZ,15,-8.993,S1O
84,PZ,16,-9.481,S1O
84,PZ,17,-9.481,S1O
84,PZ,18,-8.993,S1O
84,PZ,19,-8.504,S1O
84,PZ,20,-8.016,S1O
84,PZ,21,-7.528,S1O
84,PZ,22,-6.063,S1O
84,PZ,23,-3.621,S1O
84,PZ,24,-0.692,S1O
84,PZ,25,1.750,S1O
84,PZ,26,2.726,S1O
84,PZ,27,2.238,S1O
84,PZ,28,1.261,S1O
84,PZ,29,0.773,S1O
84,PZ,30,1.261,S1O
84,PZ,31,2.238,S1O
84,PZ,32,3.703,S1O
84,PZ,33,4.191,S1O
84,PZ,34,3.215,S1O
84,PZ,35,2.238,S1O
84,PZ,36,0.773,S1O
84,PZ,37,-0.203,S1O
84,PZ,38,-1.668,S1O
84,PZ,39,-2.645,S1O
84,PZ,40,-3.133,S1O
84,PZ,41,-3.133,S1O
84,PZ,42,-2.645,S1O
84,PZ,43,-2.645,S1O
84,PZ,44,-4.598,S1O
84,PZ,45,-8.016,S1O
84,PZ,46,-12.410,S1O
84,PZ,47,-15.828,S1O
84,PZ,48,-17.782,S1O
84,PZ,49,-17.782,S1O
84,PZ,50,-16.317,S1O
84,PZ,51,-14.364,S1O
84,PZ,52,-12.410,S1O
84,PZ,53,-10.457,S1O
84,PZ,54,-8.504,S1O
84,PZ,55,-6.063,S1O
84,PZ,56,-3.621,S1O
84,PZ,57,-0.203,S1O
84,PZ,58,2.726,S1O
84,PZ,59,5.656,S1O
84,PZ,60,8.097,S1O
84,PZ,61,9.074,S1O
84,PZ,62,8.586,S1O
84,PZ,63,6.144,S1O
84,PZ,64,3.215,S1O
84,PZ,65,0.773,S1O
84,PZ,66,-0.692,S1O
84,PZ,67,-0.692,S1O
84,PZ,68,-1.180,S1O
84,PZ,69,-1.668,S1O
84,PZ,70,-2.645,S1O
84,PZ,71,-2.645,S1O
84,PZ,72,-1.668,S1O
84,PZ,73,0.285,S1O
84,PZ,74,2.238,S1O
84,PZ,75,4.191,S1O
84,PZ,76,4.191,S1O
84,PZ,77,4.191,S1O
84,PZ,78,3.703,S1O
84,PZ,79,4.191,S1O
84,PZ,80,4.679,S1O
84,PZ,81,4.679,S1O
84,PZ,82,3.215,S1O
84,PZ,83,1.261,S1O
84,PZ,84,-0.692,S1O
84,PZ,85,-1.668,S1O
84,PZ,86,-2.157,S1O
84,PZ,87,-2.645,S1O
84,PZ,88,-3.621,S1O
84,PZ,89,-5.575,S1O
84,PZ,90,-7.528,S1O
84,PZ,91,-8.504,S1O
84,PZ,92,-7.528,S1O
84,PZ,93,-6.063,S1O
84,PZ,94,-4.598,S1O
84,PZ,95,-3.621,S1O
84,PZ,96,-2.645,S1O
84,PZ,97,-1.668,S1O
84,PZ,98,0.285,S1O
84,PZ,99,1.750,S1O
84,PZ,100,2.726,S1O
84,PZ,101,2.238,S1O
84,PZ,102,1.261,S1O
84,PZ,103,0.285,S1O
84,PZ,104,-0.203,S1O
84,PZ,105,-0.203,S1O
84,PZ,106,-0.692,S1O
84,PZ,107,-1.180,S1O
84,PZ,108,-2.157,S1O
84,PZ,109,-3.621,S1O
84,PZ,110,-5.575,S1O
84,PZ,111,-8.016,S1O
84,PZ,112,-9.481,S1O
84,PZ,113,-9.969,S1O
84,PZ,114,-8.993,S1O
84,PZ,115,-7.528,S1O
84,PZ,116,-6.063,S1O
84,PZ,117,-5.575,S1O
84,PZ,118,-5.575,S1O
84,PZ,119,-5.086,S1O
84,PZ,120,-3.621,S1O
84,PZ,121,-0.692,S1O
84,PZ,122,1.750,S1O
84,PZ,123,3.215,S1O
84,PZ,124,2.726,S1O
84,PZ,125,0.285,S1O
84,PZ,126,-2.645,S1O
84,PZ,127,-5.086,S1O
84,PZ,128,-6.063,S1O
84,PZ,129,-6.551,S1O
84,PZ,130,-6.551,S1O
84,PZ,131,-6.551,S1O
84,PZ,132,-5.086,S1O
84,PZ,133,-3.133,S1O
84,PZ,134,-0.692,S1O
84,PZ,135,1.750,S1O
84,PZ,136,3.703,S1O
84,PZ,137,5.656,S1O
84,PZ,138,7.609,S1O
84,PZ,139,8.586,S1O
84,PZ,140,8.586,S1O
84,PZ,141,7.121,S1O
84,PZ,142,5.656,S1O
84,PZ,143,3.215,S1O
84,PZ,144,2.238,S1O
84,PZ,145,1.750,S1O
84,PZ,146,1.261,S1O
84,PZ,147,-0.692,S1O
84,PZ,148,-3.133,S1O
84,PZ,149,-5.575,S1O
84,PZ,150,-6.551,S1O
84,PZ,151,-5.086,S1O
84,PZ,152,-1.180,S1O
84,PZ,153,2.726,S1O
84,PZ,154,4.679,S1O
84,PZ,155,4.679,S1O
84,PZ,156,2.238,S1O
84,PZ,157,-0.203,S1O
84,PZ,158,-1.668,S1O
84,PZ,159,-1.668,S1O
84,PZ,160,-0.203,S1O
84,PZ,161,0.773,S1O
84,PZ,162,0.285,S1O
84,PZ,163,-1.180,S1O
84,PZ,164,-3.133,S1O
84,PZ,165,-5.575,S1O
84,PZ,166,-7.039,S1O
84,PZ,167,-8.016,S1O
84,PZ,168,-8.504,S1O
84,PZ,169,-8.504,S1O
84,PZ,170,-7.528,S1O
84,PZ,171,-5.086,S1O
84,PZ,172,-2.157,S1O
84,PZ,173,1.261,S1O
84,PZ,174,3.703,S1O
84,PZ,175,4.191,S1O
84,PZ,176,3.215,S1O
84,PZ,177,2.238,S1O
84,PZ,178,1.261,S1O
84,PZ,179,1.261,S1O
84,PZ,180,1.261,S1O
84,PZ,181,1.261,S1O
84,PZ,182,0.773,S1O
84,PZ,183,-0.203,S1O
84,PZ,184,-0.692,S1O
84,PZ,185,-0.692,S1O
84,PZ,186,-0.203,S1O
84,PZ,187,0.285,S1O
84,PZ,188,0.773,S1O
84,PZ,189,0.285,S1O
84,PZ,190,0.773,S1O
84,PZ,191,1.261,S1O
84,PZ,192,2.726,S1O
84,PZ,193,4.679,S1O
84,PZ,194,5.656,S1O
84,PZ,195,5.656,S1O
84,PZ,196,5.168,S1O
84,PZ,197,4.679,S1O
84,PZ,198,5.168,S1O
84,PZ,199,5.168,S1O
84,PZ,200,5.656,S1O
84,PZ,201,4.679,S1O
84,PZ,202,3.215,S1O
84,PZ,203,2.238,S1O
84,PZ,204,1.261,S1O
84,PZ,205,1.261,S1O
84,PZ,206,1.750,S1O
84,PZ,207,1.750,S1O
84,PZ,208,1.261,S1O
84,PZ,209,1.261,S1O
84,PZ,210,2.726,S1O
84,PZ,211,4.679,S1O
84,PZ,212,8.586,S1O
84,PZ,213,12.004,S1O
84,PZ,214,14.445,S1O
84,PZ,215,14.933,S1O
84,PZ,216,13.957,S1O
84,PZ,217,12.004,S1O
84,PZ,218,10.539,S1O
84,PZ,219,9.074,S1O
84,PZ,220,7.121,S1O
84,PZ,221,4.679,S1O
84,PZ,222,2.238,S1O
84,PZ,223,0.773,S1O
84,PZ,224,-0.692,S1O
84,PZ,225,-1.180,S1O
84,PZ,226,-1.668,S1O
84,PZ,227,-1.668,S1O
84,PZ,228,-1.668,S1O
84,PZ,229,-0.692,S1O
84,PZ,230,0.773,S1O
84,PZ,231,2.726,S1O
84,PZ,232,5.168,S1O
84,PZ,233,8.097,S1O
84,PZ,234,10.050,S1O
84,PZ,235,12.004,S1O
84,PZ,236,12.492,S1O
84,PZ,237,12.004,S1O
84,PZ,238,11.027,S1O
84,PZ,239,9.074,S1O
84,PZ,240,6.632,S1O
84,PZ,241,5.168,S1O
84,PZ,242,4.679,S1O
84,PZ,243,4.679,S1O
84,PZ,244,4.679,S1O
84,PZ,245,4.679,S1O
84,PZ,246,4.679,S1O
84,PZ,247,4.679,S1O
84,PZ,248,4.679,S1O
84,PZ,249,5.168,S1O
84,PZ,250,5.656,S1O
84,PZ,251,6.632,S1O
84,PZ,252,7.609,S1O
84,PZ,253,9.562,S1O
84,PZ,254,11.027,S1O
84,PZ,255,12.492,S1O
84,P8,0,-7.904,S1O
84,P8,1,-10.345,S1O
84,P8,2,-10.834,S1O
84,P8,3,-9.369,S1O
84,P8,4,-6.439,S1O
84,P8,5,-3.510,S1O
84,P8,6,-2.045,S1O
84,P8,7,-2.045,S1O
84,P8,8,-3.021,S1O
84,P8,9,-2.533,S1O
84,P8,10,-1.068,S1O
84,P8,11,0.885,S1O
84,P8,12,2.350,S1O
84,P8,13,3.326,S1O
84,P8,14,3.326,S1O
84,P8,15,4.303,S1O
84,P8,16,4.791,S1O
84,P8,17,5.768,S1O
84,P8,18,5.768,S1O
84,P8,19,3.815,S1O
84,P8,20,0.885,S1O
84,P8,21,-1.068,S1O
84,P8,22,-2.045,S1O
84,P8,23,-2.045,S1O
84,P8,24,-1.556,S1O
84,P8,25,-0.580,S1O
84,P8,26,-0.580,S1O
84,P8,27,-0.580,S1O
84,P8,28,-0.092,S1O
84,P8,29,0.397,S1O
84,P8,30,0.397,S1O
84,P8,31,0.397,S1O
84,P8,32,0.397,S1O
84,P8,33,0.885,S1O
84,P8,34,1.373,S1O
84,P8,35,2.350,S1O
84,P8,36,3.815,S1O
84,P8,37,5.280,S1O
84,P8,38,7.233,S1O
84,P8,39,8.698,S1O
84,P8,40,10.162,S1O
84,P8,41,10.651,S1O
84,P8,42,10.162,S1O
84,P8,43,7.233,S1O
84,P8,44,3.326,S1O
84,P8,45,-1.556,S1O
84,P8,46,-5.951,S1O
84,P8,47,-10.345,S1O
84,P8,48,-12.787,S1O
84,P8,49,-13.763,S1O
84,P8,50,-12.787,S1O
84,P8,51,-10.345,S1O
84,P8,52,-6.439,S1O
84,P8,53,-3.510,S1O
84,P8,54,-0.580,S1O
84,P8,55,0.885,S1O
84,P8,56,1.862,S1O
84,P8,57,3.326,S1O
84,P8,58,4.303,S1O
84,P8,59,4.791,S1O
84,P8,60,4.303,S1O
84,P8,61,2.838,S1O
84,P8,62,0.397,S1O
84,P8,63,-2.045,S1O
84,P8,64,-4.486,S1O
84,P8,65,-5.463,S1O
84,P8,66,-5.463,S1O
84,P8,67,-3.998,S1O
84,P8,68,-2.045,S1O
84,P8,69,-0.092,S1O
84,P8,70,1.373,S1O
84,P8,71,2.350,S1O
84,P8,72,3.326,S1O
84,P8,73,4.791,S1O
84,P8,74,6.256,S1O
84,P8,75,7.233,S1O
84,P8,76,7.233,S1O
84,P8,77,5.768,S1O
84,P8,78,2.838,S1O
84,P8,79,-0.580,S1O
84,P8,80,-3.998,S1O
84,P8,81,-6.927,S1O
84,P8,82,-8.392,S1O
84,P8,83,-8.392,S1O
84,P8,84,-7.416,S1O
84,P8,85,-5.951,S1O
84,P8,86,-5.463,S1O
84,P8,87,-6.439,S1O
84,P8,88,-8.881,S1O
84,P8,89,-11.810,S1O
84,P8,90,-12.787,S1O
84,P8,91,-11.322,S1O
84,P8,92,-7.904,S1O
84,P8,93,-3.510,S1O
84,P8,94,-0.580,S1O
84,P8,95,0.885,S1O
84,P8,96,1.373,S1O
84,P8,97,1.862,S1O
84,P8,98,2.838,S1O
84,P8,99,3.326,S1O
84,P8,100,3.815,S1O
84,P8,101,3.326,S1O
84,P8,102,2.350,S1O
84,P8,103,1.373,S1O
84,P8,104,0.885,S1O
84,P8,105,-0.092,S1O
84,P8,106,-1.556,S1O
84,P8,107,-3.510,S1O
84,P8,108,-3.998,S1O
84,P8,109,-3.998,S1O
84,P8,110,-3.510,S1O
84,P8,111,-3.998,S1O
84,P8,112,-4.974,S1O
84,P8,113,-6.927,S1O
84,P8,114,-8.392,S1O
84,P8,115,-8.881,S1O
84,P8,116,-8.392,S1O
84,P8,117,-7.416,S1O
84,P8,118,-6.927,S1O
84,P8,119,-6.439,S1O
84,P8,120,-6.439,S1O
84,P8,121,-4.974,S1O
84,P8,122,-4.486,S1O
84,P8,123,-3.998,S1O
84,P8,124,-5.463,S1O
84,P8,125,-8.392,S1O
84,P8,126,-11.810,S1O
84,P8,127,-14.252,S1O
84,P8,128,-14.740,S1O
84,P8,129,-13.275,S1O
84,P8,130,-11.322,S1O
84,P8,131,-9.857,S1O
84,P8,132,-9.369,S1O
84,P8,133,-9.369,S1O
84,P8,134,-9.369,S1O
84,P8,135,-8.881,S1O
84,P8,136,-6.927,S1O
84,P8,137,-4.486,S1O
84,P8,138,-1.556,S1O
84,P8,139,-0.580,S1O
84,P8,140,-1.556,S1O
84,P8,141,-3.998,S1O
84,P8,142,-5.951,S1O
84,P8,143,-6.439,S1O
84,P8,144,-4.486,S1O
84,P8,145,-1.556,S1O
84,P8,146,0.397,S1O
84,P8,147,0.397,S1O
84,P8,148,-1.556,S1O
84,P8,149,-4.486,S1O
84,P8,150,-6.439,S1O
84,P8,151,-8.392,S1O
84,P8,152,-9.857,S1O
84,P8,153,-11.322,S1O
84,P8,154,-13.275,S1O
84,P8,155,-14.252,S1O
84,P8,156,-14.252,S1O
84,P8,157,-12.299,S1O
84,P8,158,-9.369,S1O
84,P8,159,-6.439,S1O
84,P8,160,-3.998,S1O
84,P8,161,-1.556,S1O
84,P8,162,-0.092,S1O
84,P8,163,0.397,S1O
84,P8,164,1.373,S1O
84,P8,165,1.862,S1O
84,P8,166,2.350,S1O
84,P8,167,3.326,S1O
84,P8,168,3.326,S1O
84,P8,169,2.350,S1O
84,P8,170,0.397,S1O
84,P8,171,-3.021,S1O
84,P8,172,-5.951,S1O
84,P8,173,-9.369,S1O
84,P8,174,-12.787,S1O
84,P8,175,-15.228,S1O
84,P8,176,-17.181,S1O
84,P8,177,-17.181,S1O
84,P8,178,-15.228,S1O
84,P8,179,-10.834,S1O
84,P8,180,-4.486,S1O
84,P8,181,1.373,S1O
84,P8,182,6.256,S1O
84,P8,183,9.186,S1O
84,P8,184,10.162,S1O
84,P8,185,9.674,S1O
84,P8,186,8.698,S1O
84,P8,187,6.744,S1O
84,P8,188,4.303,S1O
84,P8,189,0.885,S1O
84,P8,190,-2.045,S1O
84,P8,191,-3.998,S1O
84,P8,192,-4.486,S1O
84,P8,193,-3.510,S1O
84,P8,194,-2.045,S1O
84,P8,195,-0.092,S1O
84,P8,196,1.373,S1O
84,P8,197,2.350,S1O
84,P8,198,3.326,S1O
84,P8,199,2.838,S1O
84,P8,200,1.373,S1O
84,P8,201,-1.068,S1O
84,P8,202,-3.021,S1O
84,P8,203,-3.510,S1O
84,P8,204,-2.045,S1O
84,P8,205,0.885,S1O
84,P8,206,2.350,S1O
84,P8,207,2.350,S1O
84,P8,208,0.397,S1O
84,P8,209,-3.510,S1O
84,P8,210,-7.416,S1O
84,P8,211,-11.322,S1O
84,P8,212,-14.252,S1O
84,P8,213,-16.205,S1O
84,P8,214,-16.205,S1O
84,P8,215,-13.275,S1O
84,P8,216,-9.369,S1O
84,P8,217,-4.486,S1O
84,P8,218,-1.556,S1O
84,P8,219,0.397,S1O
84,P8,220,0.397,S1O
84,P8,221,-0.092,S1O
84,P8,222,0.397,S1O
84,P8,223,0.885,S1O
84,P8,224,1.373,S1O
84,P8,225,1.373,S1O
84,P8,226,1.862,S1O
84,P8,227,4.303,S1O
84,P8,228,6.744,S1O
84,P8,229,10.162,S1O
84,P8,230,11.627,S1O
84,P8,231,11.139,S1O
84,P8,232,8.209,S1O
84,P8,233,5.768,S1O
84,P8,234,3.815,S1O
84,P8,235,3.326,S1O
84,P8,236,2.838,S1O
84,P8,237,1.862,S1O
84,P8,238,0.397,S1O
84,P8,239,-1.068,S1O
84,P8,240,-2.045,S1O
84,P8,241,-1.556,S1O
84,P8,242,-0.092,S1O
84,P8,243,1.373,S1O
84,P8,244,1.373,S1O
84,P8,245,1.373,S1O
84,P8,246,1.373,S1O
84,P8,247,2.350,S1O
84,P8,248,3.815,S1O
84,P8,249,5.768,S1O
84,P8,250,7.721,S1O
84,P8,251,9.186,S1O
84,P8,252,11.139,S1O
84,P8,253,14.069,S1O
84,P8,254,16.998,S1O
84,P8,255,18.463,S1O
84,P7,0,-8.708,S1O
84,P7,1,-4.801,S1O
84,P7,2,-2.360,S1O
84,P7,3,-1.872,S1O
84,P7,4,-3.337,S1O
84,P7,5,-4.313,S1O
84,P7,6,-4.313,S1O
84,P7,7,-2.848,S1O
84,P7,8,-1.872,S1O
84,P7,9,-1.383,S1O
84,P7,10,-1.872,S1O
84,P7,11,-1.383,S1O
84,P7,12,0.570,S1O
84,P7,13,3.499,S1O
84,P7,14,5.452,S1O
84,P7,15,5.941,S1O
84,P7,16,4.964,S1O
84,P7,17,4.476,S1O
84,P7,18,5.452,S1O
84,P7,19,7.406,S1O
84,P7,20,8.870,S1O
84,P7,21,8.870,S1O
84,P7,22,7.894,S1O
84,P7,23,7.406,S1O
84,P7,24,8.870,S1O
84,P7,25,11.312,S1O
84,P7,26,13.265,S1O
84,P7,27,13.753,S1O
84,P7,28,13.265,S1O
84,P7,29,12.777,S1O
84,P7,30,13.265,S1O
84,P7,31,15.218,S1O
84,P7,32,17.171,S1O
84,P7,33,17.660,S1O
84,P7,34,15.706,S1O
84,P7,35,13.265,S1O
84,P7,36,11.312,S1O
84,P7,37,10.824,S1O
84,P7,38,11.312,S1O
84,P7,39,11.800,S1O
84,P7,40,11.312,S1O
84,P7,41,8.870,S1O
84,P7,42,5.941,S1O
84,P7,43,2.035,S1O
84,P7,44,-1.872,S1O
84,P7,45,-7.243,S1O
84,P7,46,-12.614,S1O
84,P7,47,-18.473,S1O
84,P7,48,-22.868,S1O
84,P7,49,-24.333,S1O
84,P7,50,-22.380,S1O
84,P7,51,-17.985,S1O
84,P7,52,-12.126,S1O
84,P7,53,-6.266,S1O
84,P7,54,-1.872,S1O
84,P7,55,0.570,S1O
84,P7,56,2.035,S1O
84,P7,57,2.523,S1O
84,P7,58,2.523,S1O
84,P7,59,2.523,S1O
84,P7,60,2.523,S1O
84,P7,61,2.035,S1O
84,P7,62,2.035,S1O
84,P7,63,1.546,S1O
84,P7,64,0.570,S1O
84,P7,65,0.081,S1O
84,P7,66,-0.407,S1O
84,P7,67,-0.407,S1O
84,P7,68,1.058,S1O
84,P7,69,3.988,S1O
84,P7,70,7.894,S1O
84,P7,71,12.777,S1O
84,P7,72,17.171,S1O
84,P7,73,19.613,S1O
84,P7,74,19.124,S1O
84,P7,75,15.218,S1O
84,P7,76,8.870,S1O
84,P7,77,0.570,S1O
84,P7,78,-6.755,S1O
84,P7,79,-11.149,S1O
84,P7,80,-11.149,S1O
84,P7,81,-8.219,S1O
84,P7,82,-3.825,S1O
84,P7,83,0.570,S1O
84,P7,84,3.988,S1O
84,P7,85,6.429,S1O
84,P7,86,7.406,S1O
84,P7,87,7.406,S1O
84,P7,88,5.452,S1O
84,P7,89,3.011,S1O
84,P7,90,0.081,S1O
84,P7,91,-0.407,S1O
84,P7,92,0.570,S1O
84,P7,93,3.011,S1O
84,P7,94,3.988,S1O
84,P7,95,3.011,S1O
84,P7,96,0.570,S1O
84,P7,97,-0.895,S1O
84,P7,98,0.570,S1O
84,P7,99,3.011,S1O
84,P7,100,4.476,S1O
84,P7,101,3.011,S1O
84,P7,102,-0.895,S1O
84,P7,103,-4.801,S1O
84,P7,104,-5.290,S1O
84,P7,105,-2.360,S1O
84,P7,106,2.035,S1O
84,P7,107,5.452,S1O
84,P7,108,4.964,S1O
84,P7,109,1.546,S1O
84,P7,110,-1.872,S1O
84,P7,111,-2.848,S1O
84,P7,112,-1.383,S1O
84,P7,113,1.546,S1O
84,P7,114,2.523,S1O
84,P7,115,0.570,S1O
84,P7,116,-4.313,S1O
84,P7,117,-9.196,S1O
84,P7,118,-12.126,S1O
84,P7,119,-11.637,S1O
84,P7,120,-9.196,S1O
84,P7,121,-6.266,S1O
84,P7,122,-4.801,S1O
84,P7,123,-5.290,S1O
84,P7,124,-7.243,S1O
84,P7,125,-9.684,S1O
84,P7,126,-11.637,S1O
84,P7,127,-13.102,S1O
84,P7,128,-12.126,S1O
84,P7,129,-10.173,S1O
84,P7,130,-7.731,S1O
84,P7,131,-5.290,S1O
84,P7,132,-4.313,S1O
84,P7,133,-4.313,S1O
84,P7,134,-5.778,S1O
84,P7,135,-5.778,S1O
84,P7,136,-4.801,S1O
84,P7,137,-1.872,S1O
84,P7,138,0.570,S1O
84,P7,139,2.523,S1O
84,P7,140,3.499,S1O
84,P7,141,3.988,S1O
84,P7,142,3.499,S1O
84,P7,143,2.523,S1O
84,P7,144,1.058,S1O
84,P7,145,-1.383,S1O
84,P7,146,-3.337,S1O
84,P7,147,-5.778,S1O
84,P7,148,-8.708,S1O
84,P7,149,-12.126,S1O
84,P7,150,-14.567,S1O
84,P7,151,-15.055,S1O
84,P7,152,-12.614,S1O
84,P7,153,-8.708,S1O
84,P7,154,-4.801,S1O
84,P7,155,-3.337,S1O
84,P7,156,-4.801,S1O
84,P7,157,-7.243,S1O
84,P7,158,-8.219,S1O
84,P7,159,-6.755,S1O
84,P7,160,-3.337,S1O
84,P7,161,0.570,S1O
84,P7,162,2.035,S1O
84,P7,163,1.058,S1O
84,P7,164,-1.383,S1O
84,P7,165,-4.801,S1O
84,P7,166,-6.755,S1O
84,P7,167,-8.219,S1O
84,P7,168,-8.219,S1O
84,P7,169,-7.243,S1O
84,P7,170,-5.778,S1O
84,P7,171,-5.290,S1O
84,P7,172,-6.266,S1O
84,P7,173,-9.196,S1O
84,P7,174,-13.102,S1O
84,P7,175,-14.567,S1O
84,P7,176,-13.102,S1O
84,P7,177,-9.196,S1O
84,P7,178,-3.825,S1O
84,P7,179,1.058,S1O
84,P7,180,3.499,S1O
84,P7,181,4.964,S1O
84,P7,182,5.452,S1O
84,P7,183,6.429,S1O
84,P7,184,6.917,S1O
84,P7,185,6.917,S1O
84,P7,186,5.941,S1O
84,P7,187,4.476,S1O
84,P7,188,2.523,S1O
84,P7,189,0.081,S1O
84,P7,190,-1.872,S1O
84,P7,191,-2.848,S1O
84,P7,192,-2.360,S1O
84,P7,193,-0.407,S1O
84,P7,194,1.058,S1O
84,P7,195,1.058,S1O
84,P7,196,-0.407,S1O
84,P7,197,-3.337,S1O
84,P7,198,-4.313,S1O
84,P7,199,-4.313,S1O
84,P7,200,-2.848,S1O
84,P7,201,-1.872,S1O
84,P7,202,-1.872,S1O
84,P7,203,-3.337,S1O
84,P7,204,-4.313,S1O
84,P7,205,-3.825,S1O
84,P7,206,-3.825,S1O
84,P7,207,-4.801,S1O
84,P7,208,-8.219,S1O
84,P7,209,-13.102,S1O
84,P7,210,-17.008,S1O
84,P7,211,-18.473,S1O
84,P7,212,-17.497,S1O
84,P7,213,-15.055,S1O
84,P7,214,-12.614,S1O
84,P7,215,-11.149,S1O
84,P7,216,-10.173,S1O
84,P7,217,-9.684,S1O
84,P7,218,-8.708,S1O
84,P7,219,-8.219,S1O
84,P7,220,-9.196,S1O
84,P7,221,-10.661,S1O
84,P7,222,-12.126,S1O
84,P7,223,-12.126,S1O
84,P7,224,-9.684,S1O
84,P7,225,-5.778,S1O
84,P7,226,-0.895,S1O
84,P7,227,3.988,S1O
84,P7,228,7.406,S1O
84,P7,229,8.870,S1O
84,P7,230,8.382,S1O
84,P7,231,5.941,S1O
84,P7,232,4.476,S1O
84,P7,233,3.499,S1O
84,P7,234,3.011,S1O
84,P7,235,2.523,S1O
84,P7,236,2.035,S1O
84,P7,237,1.058,S1O
84,P7,238,-0.895,S1O
84,P7,239,-3.825,S1O
84,P7,240,-6.266,S1O
84,P7,241,-8.219,S1O
84,P7,242,-7.731,S1O
84,P7,243,-4.313,S1O
84,P7,244,2.035,S1O
84,P7,245,8.382,S1O
84,P7,246,13.753,S1O
84,P7,247,15.706,S1O
84,P7,248,14.730,S1O
84,P7,249,11.800,S1O
84,P7,250,9.847,S1O
84,P7,251,7.894,S1O
84,P7,252,6.429,S1O
84,P7,253,4.964,S1O
84,P7,254,3.011,S1O
84,P7,255,0.081,S1O
84,PO2,0,-6.775,S1O
84,PO2,1,-7.263,S1O
84,PO2,2,-5.798,S1O
84,PO2,3,-3.357,S1O
84,PO2,4,0.061,S1O
84,PO2,5,2.502,S1O
84,PO2,6,2.014,S1O
84,PO2,7,-0.427,S1O
84,PO2,8,-3.845,S1O
84,PO2,9,-6.287,S1O
84,PO2,10,-6.775,S1O
84,PO2,11,-5.798,S1O
84,PO2,12,-3.845,S1O
84,PO2,13,-2.869,S1O
84,PO2,14,-2.869,S1O
84,PO2,15,-2.869,S1O
84,PO2,16,-2.869,S1O
84,PO2,17,-1.892,S1O
84,PO2,18,-0.916,S1O
84,PO2,19,-1.404,S1O
84,PO2,20,-1.892,S1O
84,PO2,21,-2.380,S1O
84,PO2,22,-0.916,S1O
84,PO2,23,1.526,S1O
84,PO2,24,4.944,S1O
84,PO2,25,7.874,S1O
84,PO2,26,8.850,S1O
84,PO2,27,8.362,S1O
84,PO2,28,7.385,S1O
84,PO2,29,6.897,S1O
84,PO2,30,6.897,S1O
84,PO2,31,6.409,S1O
84,PO2,32,5.920,S1O
84,PO2,33,5.432,S1O
84,PO2,34,3.967,S1O
84,PO2,35,2.991,S1O
84,PO2,36,2.014,S1O
84,PO2,37,2.014,S1O
84,PO2,38,1.526,S1O
84,PO2,39,1.038,S1O
84,PO2,40,0.549,S1O
84,PO2,41,0.549,S1O
84,PO2,42,0.549,S1O
84,PO2,43,-0.427,S1O
84,PO2,44,-2.869,S1O
84,PO2,45,-6.287,S1O
84,PO2,46,-10.681,S1O
84,PO2,47,-14.099,S1O
84,PO2,48,-16.052,S1O
84,PO2,49,-16.052,S1O
84,PO2,50,-13.611,S1O
84,PO2,51,-9.705,S1O
84,PO2,52,-6.287,S1O
84,PO2,53,-3.357,S1O
84,PO2,54,-0.916,S1O
84,PO2,55,1.038,S1O
84,PO2,56,2.991,S1O
84,PO2,57,5.432,S1O
84,PO2,58,7.385,S1O
84,PO2,59,9.338,S1O
84,PO2,60,10.315,S1O
84,PO2,61,9.827,S1O
84,PO2,62,7.874,S1O
84,PO2,63,4.456,S1O
84,PO2,64,0.549,S1O
84,PO2,65,-1.892,S1O
84,PO2,66,-2.869,S1O
84,PO2,67,-2.380,S1O
84,PO2,68,-0.916,S1O
84,PO2,69,0.549,S1O
84,PO2,70,2.014,S1O
84,PO2,71,3.967,S1O
84,PO2,72,6.409,S1O
84,PO2,73,8.850,S1O
84,PO2,74,10.315,S1O
84,PO2,75,10.315,S1O
84,PO2,76,8.362,S1O
84,PO2,77,5.432,S1O
84,PO2,78,2.502,S1O
84,PO2,79,0.549,S1O
84,PO2,80,-0.916,S1O
84,PO2,81,-1.892,S1O
84,PO2,82,-2.869,S1O
84,PO2,83,-3.357,S1O
84,PO2,84,-3.845,S1O
84,PO2,85,-3.357,S1O
84,PO2,86,-2.869,S1O
84,PO2,87,-2.869,S1O
84,PO2,88,-4.333,S1O
84,PO2,89,-6.287,S1O
84,PO2,90,-7.751,S1O
84,PO2,91,-8.240,S1O
84,PO2,92,-7.263,S1O
84,PO2,93,-5.798,S1O
84,PO2,94,-4.333,S1O
84,PO2,95,-3.357,S1O
84,PO2,96,-2.869,S1O
84,PO2,97,-0.916,S1O
84,PO2,98,1.526,S1O
84,PO2,99,3.479,S1O
84,PO2,100,4.456,S1O
84,PO2,101,3.967,S1O
84,PO2,102,3.479,S1O
84,PO2,103,2.991,S1O
84,PO2,104,2.502,S1O
84,PO2,105,2.014,S1O
84,PO2,106,0.549,S1O
84,PO2,107,-0.916,S1O
84,PO2,108,-2.380,S1O
84,PO2,109,-3.357,S1O
84,PO2,110,-4.333,S1O
84,PO2,111,-5.798,S1O
84,PO2,112,-7.751,S1O
84,PO2,113,-9.216,S1O
84,PO2,114,-9.216,S1O
84,PO2,115,-8.240,S1O
84,PO2,116,-6.775,S1O
84,PO2,117,-6.287,S1O
84,PO2,118,-7.263,S1O
84,PO2,119,-7.751,S1O
84,PO2,120,-7.263,S1O
84,PO2,121,-5.798,S1O
84,PO2,122,-3.845,S1O
84,PO2,123,-3.357,S1O
84,PO2,124,-5.310,S1O
84,PO2,125,-7.751,S1O
84,PO2,126,-10.681,S1O
84,PO2,127,-12.146,S1O
84,PO2,128,-12.146,S1O
84,PO2,129,-12.146,S1O
84,PO2,130,-11.169,S1O
84,PO2,131,-10.681,S1O
84,PO2,132,-9.216,S1O
84,PO2,133,-7.263,S1O
84,PO2,134,-4.822,S1O
84,PO2,135,-2.869,S1O
84,PO2,136,-0.916,S1O
84,PO2,137,1.038,S1O
84,PO2,138,2.991,S1O
84,PO2,139,4.456,S1O
84,PO2,140,3.967,S1O
84,PO2,141,2.014,S1O
84,PO2,142,-0.427,S1O
84,PO2,143,-1.404,S1O
84,PO2,144,-0.427,S1O
84,PO2,145,1.526,S1O
84,PO2,146,2.991,S1O
84,PO2,147,2.502,S1O
84,PO2,148,0.061,S1O
84,PO2,149,-3.357,S1O
84,PO2,150,-5.798,S1O
84,PO2,151,-5.798,S1O
84,PO2,152,-4.333,S1O
84,PO2,153,-2.380,S1O
84,PO2,154,-1.892,S1O
84,PO2,155,-2.380,S1O
84,PO2,156,-4.333,S1O
84,PO2,157,-5.310,S1O
84,PO2,158,-5.798,S1O
84,PO2,159,-5.310,S1O
84,PO2,160,-3.845,S1O
84,PO2,161,-2.869,S1O
84,PO2,162,-2.380,S1O
84,PO2,163,-2.869,S1O
84,PO2,164,-3.845,S1O
84,PO2,165,-4.333,S1O
84,PO2,166,-3.845,S1O
84,PO2,167,-2.869,S1O
84,PO2,168,-2.380,S1O
84,PO2,169,-2.380,S1O
84,PO2,170,-2.869,S1O
84,PO2,171,-3.845,S1O
84,PO2,172,-3.845,S1O
84,PO2,173,-3.357,S1O
84,PO2,174,-3.845,S1O
84,PO2,175,-5.310,S1O
84,PO2,176,-7.751,S1O
84,PO2,177,-9.705,S1O
84,PO2,178,-10.193,S1O
84,PO2,179,-9.216,S1O
84,PO2,180,-6.287,S1O
84,PO2,181,-3.845,S1O
84,PO2,182,-1.892,S1O
84,PO2,183,-0.427,S1O
84,PO2,184,0.549,S1O
84,PO2,185,2.014,S1O
84,PO2,186,2.991,S1O
84,PO2,187,2.991,S1O
84,PO2,188,1.526,S1O
84,PO2,189,-0.427,S1O
84,PO2,190,-2.380,S1O
84,PO2,191,-3.357,S1O
84,PO2,192,-3.357,S1O
84,PO2,193,-2.380,S1O
84,PO2,194,-2.869,S1O
84,PO2,195,-3.357,S1O
84,PO2,196,-3.845,S1O
84,PO2,197,-2.869,S1O
84,PO2,198,-1.892,S1O
84,PO2,199,-0.916,S1O
84,PO2,200,-0.916,S1O
84,PO2,201,-2.869,S1O
84,PO2,202,-5.310,S1O
84,PO2,203,-6.775,S1O
84,PO2,204,-6.775,S1O
84,PO2,205,-4.822,S1O
84,PO2,206,-2.380,S1O
84,PO2,207,-0.427,S1O
84,PO2,208,-0.427,S1O
84,PO2,209,-1.892,S1O
84,PO2,210,-3.357,S1O
84,PO2,211,-4.333,S1O
84,PO2,212,-5.310,S1O
84,PO2,213,-4.822,S1O
84,PO2,214,-4.822,S1O
84,PO2,215,-3.357,S1O
84,PO2,216,-2.869,S1O
84,PO2,217,-1.892,S1O
84,PO2,218,-1.892,S1O
84,PO2,219,-2.869,S1O
84,PO2,220,-4.333,S1O
84,PO2,221,-5.798,S1O
84,PO2,222,-7.751,S1O
84,PO2,223,-8.728,S1O
84,PO2,224,-10.193,S1O
84,PO2,225,-11.169,S1O
84,PO2,226,-11.658,S1O
84,PO2,227,-10.681,S1O
84,PO2,228,-9.216,S1O
84,PO2,229,-6.287,S1O
84,PO2,230,-4.333,S1O
84,PO2,231,-2.380,S1O
84,PO2,232,-1.892,S1O
84,PO2,233,-1.404,S1O
84,PO2,234,-0.427,S1O
84,PO2,235,1.038,S1O
84,PO2,236,2.014,S1O
84,PO2,237,2.014,S1O
84,PO2,238,0.549,S1O
84,PO2,239,-0.916,S1O
84,PO2,240,-1.892,S1O
84,PO2,241,-2.380,S1O
84,PO2,242,-2.380,S1O
84,PO2,243,-2.380,S1O
84,PO2,244,-2.869,S1O
84,PO2,245,-4.333,S1O
84,PO2,246,-4.822,S1O
84,PO2,247,-4.822,S1O
84,PO2,248,-4.333,S1O
84,PO2,249,-2.869,S1O
84,PO2,250,-2.380,S1O
84,PO2,251,-1.404,S1O
84,PO2,252,0.549,S1O
84,PO2,253,3.479,S1O
84,PO2,254,7.385,S1O
84,PO2,255,9.827,S1O
84,PO1,0,-6.561,S1O
84,PO1,1,-5.585,S1O
84,PO1,2,-2.655,S1O
84,PO1,3,0.275,S1O
84,PO1,4,2.716,S1O
84,PO1,5,3.204,S1O
84,PO1,6,1.251,S1O
84,PO1,7,-1.678,S1O
84,PO1,8,-6.073,S1O
84,PO1,9,-9.491,S1O
84,PO1,10,-10.468,S1O
84,PO1,11,-9.003,S1O
84,PO1,12,-6.561,S1O
84,PO1,13,-4.120,S1O
84,PO1,14,-2.655,S1O
84,PO1,15,-1.678,S1O
84,PO1,16,-1.190,S1O
84,PO1,17,0.275,S1O
84,PO1,18,1.251,S1O
84,PO1,19,2.228,S1O
84,PO1,20,3.204,S1O
84,PO1,21,4.181,S1O
84,PO1,22,6.134,S1O
84,PO1,23,9.064,S1O
84,PO1,24,10.529,S1O
84,PO1,25,11.505,S1O
84,PO1,26,10.529,S1O
84,PO1,27,9.552,S1O
84,PO1,28,8.087,S1O
84,PO1,29,7.599,S1O
84,PO1,30,8.087,S1O
84,PO1,31,8.575,S1O
84,PO1,32,9.552,S1O
84,PO1,33,10.040,S1O
84,PO1,34,9.064,S1O
84,PO1,35,8.087,S1O
84,PO1,36,6.622,S1O
84,PO1,37,5.646,S1O
84,PO1,38,5.157,S1O
84,PO1,39,5.646,S1O
84,PO1,40,6.134,S1O
84,PO1,41,5.646,S1O
84,PO1,42,5.157,S1O
84,PO1,43,2.716,S1O
84,PO1,44,-0.702,S1O
84,PO1,45,-5.585,S1O
84,PO1,46,-10.956,S1O
84,PO1,47,-15.350,S1O
84,PO1,48,-17.303,S1O
84,PO1,49,-16.815,S1O
84,PO1,50,-13.885,S1O
84,PO1,51,-10.956,S1O
84,PO1,52,-7.538,S1O
84,PO1,53,-5.585,S1O
84,PO1,54,-3.632,S1O
84,PO1,55,-1.678,S1O
84,PO1,56,0.275,S1O
84,PO1,57,3.204,S1O
84,PO1,58,6.134,S1O
84,PO1,59,9.064,S1O
84,PO1,60,10.529,S1O
84,PO1,61,10.040,S1O
84,PO1,62,8.087,S1O
84,PO1,63,5.646,S1O
84,PO1,64,3.204,S1O
84,PO1,65,1.251,S1O
84,PO1,66,0.275,S1O
84,PO1,67,-0.214,S1O
84,PO1,68,-0.214,S1O
84,PO1,69,1.251,S1O
84,PO1,70,3.693,S1O
84,PO1,71,7.599,S1O
84,PO1,72,11.505,S1O
84,PO1,73,14.435,S1O
84,PO1,74,14.923,S1O
84,PO1,75,11.993,S1O
84,PO1,76,7.599,S1O
84,PO1,77,3.204,S1O
84,PO1,78,0.763,S1O
84,PO1,79,0.275,S1O
84,PO1,80,0.763,S1O
84,PO1,81,1.251,S1O
84,PO1,82,0.275,S1O
84,PO1,83,-0.702,S1O
84,PO1,84,-1.190,S1O
84,PO1,85,-0.214,S1O
84,PO1,86,1.740,S1O
84,PO1,87,3.204,S1O
84,PO1,88,2.228,S1O
84,PO1,89,-1.190,S1O
84,PO1,90,-5.096,S1O
84,PO1,91,-7.538,S1O
84,PO1,92,-6.561,S1O
84,PO1,93,-4.608,S1O
84,PO1,94,-2.655,S1O
84,PO1,95,-2.167,S1O
84,PO1,96,-2.167,S1O
84,PO1,97,-1.190,S1O
84,PO1,98,0.763,S1O
84,PO1,99,3.204,S1O
84,PO1,100,4.181,S1O
84,PO1,101,3.204,S1O
84,PO1,102,0.763,S1O
84,PO1,103,-1.678,S1O
84,PO1,104,-2.167,S1O
84,PO1,105,-1.190,S1O
84,PO1,106,-0.214,S1O
84,PO1,107,0.275,S1O
84,PO1,108,0.275,S1O
84,PO1,109,-0.702,S1O
84,PO1,110,-2.167,S1O
84,PO1,111,-4.120,S1O
84,PO1,112,-6.073,S1O
84,PO1,113,-7.050,S1O
84,PO1,114,-7.050,S1O
84,PO1,115,-6.561,S1O
84,PO1,116,-5.585,S1O
84,PO1,117,-6.073,S1O
84,PO1,118,-7.050,S1O
84,PO1,119,-8.514,S1O
84,PO1,120,-8.514,S1O
84,PO1,121,-7.538,S1O
84,PO1,122,-6.073,S1O
84,PO1,123,-5.585,S1O
84,PO1,124,-7.050,S1O
84,PO1,125,-9.979,S1O
84,PO1,126,-12.421,S1O
84,PO1,127,-13.397,S1O
84,PO1,128,-13.397,S1O
84,PO1,129,-12.909,S1O
84,PO1,130,-11.444,S1O
84,PO1,131,-10.468,S1O
84,PO1,132,-8.514,S1O
84,PO1,133,-6.073,S1O
84,PO1,134,-4.120,S1O
84,PO1,135,-3.143,S1O
84,PO1,136,-3.143,S1O
84,PO1,137,-2.655,S1O
84,PO1,138,-2.167,S1O
84,PO1,139,-0.214,S1O
84,PO1,140,0.275,S1O
84,PO1,141,-0.214,S1O
84,PO1,142,-1.678,S1O
84,PO1,143,-3.143,S1O
84,PO1,144,-3.143,S1O
84,PO1,145,-1.678,S1O
84,PO1,146,-0.702,S1O
84,PO1,147,-2.167,S1O
84,PO1,148,-5.585,S1O
84,PO1,149,-10.468,S1O
84,PO1,150,-13.397,S1O
84,PO1,151,-12.909,S1O
84,PO1,152,-9.491,S1O
84,PO1,153,-5.096,S1O
84,PO1,154,-2.655,S1O
84,PO1,155,-3.143,S1O
84,PO1,156,-5.585,S1O
84,PO1,157,-8.514,S1O
84,PO1,158,-10.468,S1O
84,PO1,159,-10.468,S1O
84,PO1,160,-8.514,S1O
84,PO1,161,-6.073,S1O
84,PO1,162,-3.632,S1O
84,PO1,163,-2.655,S1O
84,PO1,164,-3.632,S1O
84,PO1,165,-4.608,S1O
84,PO1,166,-6.561,S1O
84,PO1,167,-7.538,S1O
84,PO1,168,-8.514,S1O
84,PO1,169,-9.979,S1O
84,PO1,170,-10.468,S1O
84,PO1,171,-10.956,S1O
84,PO1,172,-10.468,S1O
84,PO1,173,-9.003,S1O
84,PO1,174,-8.026,S1O
84,PO1,175,-8.514,S1O
84,PO1,176,-9.491,S1O
84,PO1,177,-9.979,S1O
84,PO1,178,-8.514,S1O
84,PO1,179,-5.585,S1O
84,PO1,180,-2.655,S1O
84,PO1,181,-0.214,S1O
84,PO1,182,0.275,S1O
84,PO1,183,-0.702,S1O
84,PO1,184,-1.190,S1O
84,PO1,185,-1.190,S1O
84,PO1,186,-0.702,S1O
84,PO1,187,-0.702,S1O
84,PO1,188,-2.167,S1O
84,PO1,189,-4.608,S1O
84,PO1,190,-6.561,S1O
84,PO1,191,-7.538,S1O
84,PO1,192,-6.561,S1O
84,PO1,193,-4.608,S1O
84,PO1,194,-3.143,S1O
84,PO1,195,-2.167,S1O
84,PO1,196,-1.678,S1O
84,PO1,197,-1.678,S1O
84,PO1,198,-0.702,S1O
84,PO1,199,0.275,S1O
84,PO1,200,0.763,S1O
84,PO1,201,-0.702,S1O
84,PO1,202,-4.608,S1O
84,PO1,203,-8.514,S1O
84,PO1,204,-11.444,S1O
84,PO1,205,-11.444,S1O
84,PO1,206,-9.491,S1O
84,PO1,207,-7.050,S1O
84,PO1,208,-6.561,S1O
84,PO1,209,-8.026,S1O
84,PO1,210,-9.979,S1O
84,PO1,211,-11.444,S1O
84,PO1,212,-9.979,S1O
84,PO1,213,-7.538,S1O
84,PO1,214,-5.585,S1O
84,PO1,215,-4.120,S1O
84,PO1,216,-4.608,S1O
84,PO1,217,-5.096,S1O
84,PO1,218,-5.585,S1O
84,PO1,219,-6.073,S1O
84,PO1,220,-7.050,S1O
84,PO1,221,-9.003,S1O
84,PO1,222,-11.444,S1O
84,PO1,223,-12.421,S1O
84,PO1,224,-11.444,S1O
84,PO1,225,-8.514,S1O
84,PO1,226,-5.096,S1O
84,PO1,227,-3.143,S1O
84,PO1,228,-2.655,S1O
84,PO1,229,-2.655,S1O
84,PO1,230,-2.167,S1O
84,PO1,231,-1.190,S1O
84,PO1,232,0.763,S1O
84,PO1,233,3.204,S1O
84,PO1,234,4.181,S1O
84,PO1,235,4.669,S1O
84,PO1,236,3.693,S1O
84,PO1,237,2.716,S1O
84,PO1,238,0.275,S1O
84,PO1,239,-1.190,S1O
84,PO1,240,-2.167,S1O
84,PO1,241,-2.167,S1O
84,PO1,242,-0.702,S1O
84,PO1,243,0.763,S1O
84,PO1,244,2.228,S1O
84,PO1,245,3.204,S1O
84,PO1,246,3.204,S1O
84,PO1,247,3.693,S1O
84,PO1,248,4.181,S1O
84,PO1,249,4.181,S1O
84,PO1,250,3.693,S1O
84,PO1,251,3.693,S1O
84,PO1,252,4.181,S1O
84,PO1,253,5.157,S1O
84,PO1,254,6.134,S1O
84,PO1,255,6.134,S1O
84,O2,0,-5.839,S1O
84,O2,1,-6.816,S1O
84,O2,2,-5.839,S1O
84,O2,3,-3.398,S1O
84,O2,4,-0.468,S1O
84,O2,5,0.997,S1O
84,O2,6,0.020,S1O
84,O2,7,-2.421,S1O
84,O2,8,-5.839,S1O
84,O2,9,-7.304,S1O
84,O2,10,-6.327,S1O
84,O2,11,-3.886,S1O
84,O2,12,-1.933,S1O
84,O2,13,-0.956,S1O
84,O2,14,-0.956,S1O
84,O2,15,0.020,S1O
84,O2,16,1.973,S1O
84,O2,17,4.903,S1O
84,O2,18,6.856,S1O
84,O2,19,6.856,S1O
84,O2,20,4.903,S1O
84,O2,21,3.438,S1O
84,O2,22,2.950,S1O
84,O2,23,3.927,S1O
84,O2,24,6.368,S1O
84,O2,25,7.833,S1O
84,O2,26,8.321,S1O
84,O2,27,8.321,S1O
84,O2,28,8.321,S1O
84,O2,29,8.809,S1O
84,O2,30,9.298,S1O
84,O2,31,9.298,S1O
84,O2,32,8.809,S1O
84,O2,33,7.345,S1O
84,O2,34,6.368,S1O
84,O2,35,5.880,S1O
84,O2,36,5.880,S1O
84,O2,37,6.368,S1O
84,O2,38,6.856,S1O
84,O2,39,7.833,S1O
84,O2,40,9.298,S1O
84,O2,41,10.274,S1O
84,O2,42,10.274,S1O
84,O2,43,8.321,S1O
84,O2,44,4.415,S1O
84,O2,45,-0.956,S1O
84,O2,46,-6.816,S1O
84,O2,47,-11.210,S1O
84,O2,48,-13.652,S1O
84,O2,49,-14.140,S1O
84,O2,50,-12.187,S1O
84,O2,51,-9.745,S1O
84,O2,52,-6.327,S1O
84,O2,53,-2.909,S1O
84,O2,54,-0.468,S1O
84,O2,55,0.997,S1O
84,O2,56,2.462,S1O
84,O2,57,3.438,S1O
84,O2,58,4.903,S1O
84,O2,59,6.368,S1O
84,O2,60,6.856,S1O
84,O2,61,6.368,S1O
84,O2,62,3.438,S1O
84,O2,63,-0.468,S1O
84,O2,64,-4.374,S1O
84,O2,65,-6.816,S1O
84,O2,66,-7.304,S1O
84,O2,67,-6.327,S1O
84,O2,68,-3.886,S1O
84,O2,69,-0.468,S1O
84,O2,70,3.438,S1O
84,O2,71,7.833,S1O
84,O2,72,12.716,S1O
84,O2,73,16.622,S1O
84,O2,74,18.087,S1O
84,O2,75,15.645,S1O
84,O2,76,10.763,S1O
84,O2,77,4.903,S1O
84,O2,78,0.020,S1O
84,O2,79,-2.909,S1O
84,O2,80,-4.862,S1O
84,O2,81,-5.839,S1O
84,O2,82,-6.327,S1O
84,O2,83,-6.327,S1O
84,O2,84,-4.862,S1O
84,O2,85,-2.909,S1O
84,O2,86,-0.956,S1O
84,O2,87,-0.956,S1O
84,O2,88,-3.398,S1O
84,O2,89,-6.816,S1O
84,O2,90,-9.745,S1O
84,O2,91,-9.745,S1O
84,O2,92,-8.280,S1O
84,O2,93,-5.839,S1O
84,O2,94,-4.862,S1O
84,O2,95,-4.374,S1O
84,O2,96,-3.886,S1O
84,O2,97,-1.933,S1O
84,O2,98,0.509,S1O
84,O2,99,2.462,S1O
84,O2,100,2.950,S1O
84,O2,101,1.973,S1O
84,O2,102,0.997,S1O
84,O2,103,0.509,S1O
84,O2,104,0.509,S1O
84,O2,105,0.509,S1O
84,O2,106,-0.468,S1O
84,O2,107,-1.444,S1O
84,O2,108,-1.933,S1O
84,O2,109,-1.933,S1O
84,O2,110,-1.933,S1O
84,O2,111,-3.398,S1O
84,O2,112,-6.327,S1O
84,O2,113,-8.280,S1O
84,O2,114,-8.769,S1O
84,O2,115,-7.304,S1O
84,O2,116,-4.862,S1O
84,O2,117,-3.886,S1O
84,O2,118,-4.862,S1O
84,O2,119,-6.327,S1O
84,O2,120,-6.327,S1O
84,O2,121,-5.351,S1O
84,O2,122,-3.886,S1O
84,O2,123,-4.374,S1O
84,O2,124,-6.816,S1O
84,O2,125,-9.745,S1O
84,O2,126,-12.675,S1O
84,O2,127,-13.163,S1O
84,O2,128,-12.675,S1O
84,O2,129,-11.210,S1O
84,O2,130,-10.234,S1O
84,O2,131,-9.257,S1O
84,O2,132,-7.792,S1O
84,O2,133,-5.839,S1O
84,O2,134,-4.374,S1O
84,O2,135,-3.398,S1O
84,O2,136,-2.421,S1O
84,O2,137,-0.956,S1O
84,O2,138,0.509,S1O
84,O2,139,1.485,S1O
84,O2,140,0.997,S1O
84,O2,141,-0.956,S1O
84,O2,142,-2.909,S1O
84,O2,143,-2.909,S1O
84,O2,144,-0.468,S1O
84,O2,145,3.438,S1O
84,O2,146,5.391,S1O
84,O2,147,4.903,S1O
84,O2,148,1.485,S1O
84,O2,149,-2.909,S1O
84,O2,150,-5.839,S1O
84,O2,151,-6.816,S1O
84,O2,152,-6.327,S1O
84,O2,153,-5.351,S1O
84,O2,154,-5.839,S1O
84,O2,155,-6.816,S1O
84,O2,156,-8.280,S1O
84,O2,157,-9.745,S1O
84,O2,158,-9.745,S1O
84,O2,159,-8.769,S1O
84,O2,160,-6.816,S1O
84,O2,161,-4.374,S1O
84,O2,162,-1.933,S1O
84,O2,163,-0.468,S1O
84,O2,164,0.020,S1O
84,O2,165,0.997,S1O
84,O2,166,1.485,S1O
84,O2,167,1.973,S1O
84,O2,168,1.973,S1O
84,O2,169,0.997,S1O
84,O2,170,-0.956,S1O
84,O2,171,-3.886,S1O
84,O2,172,-5.839,S1O
84,O2,173,-7.792,S1O
84,O2,174,-9.745,S1O
84,O2,175,-11.698,S1O
84,O2,176,-13.163,S1O
84,O2,177,-13.652,S1O
84,O2,178,-11.698,S1O
84,O2,179,-7.792,S1O
84,O2,180,-2.421,S1O
84,O2,181,2.462,S1O
84,O2,182,5.880,S1O
84,O2,183,8.321,S1O
84,O2,184,9.298,S1O
84,O2,185,9.786,S1O
84,O2,186,9.298,S1O
84,O2,187,7.345,S1O
84,O2,188,3.927,S1O
84,O2,189,0.509,S1O
84,O2,190,-2.421,S1O
84,O2,191,-3.398,S1O
84,O2,192,-2.421,S1O
84,O2,193,-0.956,S1O
84,O2,194,0.509,S1O
84,O2,195,0.997,S1O
84,O2,196,1.485,S1O
84,O2,197,2.462,S1O
84,O2,198,3.927,S1O
84,O2,199,4.903,S1O
84,O2,200,4.415,S1O
84,O2,201,1.485,S1O
84,O2,202,-2.421,S1O
84,O2,203,-4.862,S1O
84,O2,204,-5.351,S1O
84,O2,205,-2.909,S1O
84,O2,206,0.020,S1O
84,O2,207,0.997,S1O
84,O2,208,0.020,S1O
84,O2,209,-2.909,S1O
84,O2,210,-6.816,S1O
84,O2,211,-10.234,S1O
84,O2,212,-12.675,S1O
84,O2,213,-13.652,S1O
84,O2,214,-13.163,S1O
84,O2,215,-11.210,S1O
84,O2,216,-7.792,S1O
84,O2,217,-4.374,S1O
84,O2,218,-1.444,S1O
84,O2,219,-0.956,S1O
84,O2,220,-1.933,S1O
84,O2,221,-2.909,S1O
84,O2,222,-2.909,S1O
84,O2,223,-1.444,S1O
84,O2,224,-0.468,S1O
84,O2,225,0.020,S1O
84,O2,226,0.020,S1O
84,O2,227,0.509,S1O
84,O2,228,2.462,S1O
84,O2,229,4.903,S1O
84,O2,230,6.368,S1O
84,O2,231,5.391,S1O
84,O2,232,2.950,S1O
84,O2,233,0.997,S1O
84,O2,234,0.020,S1O
84,O2,235,0.020,S1O
84,O2,236,0.509,S1O
84,O2,237,0.020,S1O
84,O2,238,-0.956,S1O
84,O2,239,-1.444,S1O
84,O2,240,0.020,S1O
84,O2,241,1.973,S1O
84,O2,242,4.903,S1O
84,O2,243,5.880,S1O
84,O2,244,4.415,S1O
84,O2,245,2.462,S1O
84,O2,246,1.485,S1O
84,O2,247,1.973,S1O
84,O2,248,3.927,S1O
84,O2,249,4.903,S1O
84,O2,250,4.903,S1O
84,O2,251,3.438,S1O
84,O2,252,2.462,S1O
84,O2,253,3.438,S1O
84,O2,254,5.880,S1O
84,O2,255,8.809,S1O
84,O1,0,-7.019,S1O
84,O1,1,-7.507,S1O
84,O1,2,-6.042,S1O
84,O1,3,-2.136,S1O
84,O1,4,1.282,S1O
84,O1,5,2.747,S1O
84,O1,6,0.793,S1O
84,O1,7,-4.578,S1O
84,O1,8,-10.437,S1O
84,O1,9,-14.343,S1O
84,O1,10,-13.855,S1O
84,O1,11,-9.949,S1O
84,O1,12,-4.578,S1O
84,O1,13,-1.160,S1O
84,O1,14,0.305,S1O
84,O1,15,0.793,S1O
84,O1,16,0.793,S1O
84,O1,17,1.282,S1O
84,O1,18,1.770,S1O
84,O1,19,1.770,S1O
84,O1,20,2.258,S1O
84,O1,21,4.211,S1O
84,O1,22,7.629,S1O
84,O1,23,11.047,S1O
84,O1,24,13.000,S1O
84,O1,25,12.512,S1O
84,O1,26,10.071,S1O
84,O1,27,7.141,S1O
84,O1,28,6.165,S1O
84,O1,29,7.629,S1O
84,O1,30,9.583,S1O
84,O1,31,11.536,S1O
84,O1,32,11.536,S1O
84,O1,33,10.071,S1O
84,O1,34,8.118,S1O
84,O1,35,6.165,S1O
84,O1,36,5.188,S1O
84,O1,37,5.188,S1O
84,O1,38,6.165,S1O
84,O1,39,7.629,S1O
84,O1,40,9.094,S1O
84,O1,41,9.583,S1O
84,O1,42,9.094,S1O
84,O1,43,6.165,S1O
84,O1,44,1.282,S1O
84,O1,45,-5.066,S1O
84,O1,46,-11.414,S1O
84,O1,47,-16.296,S1O
84,O1,48,-18.738,S1O
84,O1,49,-17.761,S1O
84,O1,50,-13.855,S1O
84,O1,51,-10.437,S1O
84,O1,52,-7.019,S1O
84,O1,53,-6.042,S1O
84,O1,54,-6.042,S1O
84,O1,55,-5.554,S1O
84,O1,56,-3.601,S1O
84,O1,57,-0.671,S1O
84,O1,58,2.747,S1O
84,O1,59,4.700,S1O
84,O1,60,4.700,S1O
84,O1,61,3.723,S1O
84,O1,62,1.770,S1O
84,O1,63,-0.671,S1O
84,O1,64,-3.601,S1O
84,O1,65,-6.042,S1O
84,O1,66,-7.507,S1O
84,O1,67,-7.507,S1O
84,O1,68,-5.554,S1O
84,O1,69,-1.160,S1O
84,O1,70,4.700,S1O
84,O1,71,12.024,S1O
84,O1,72,18.860,S1O
84,O1,73,23.254,S1O
84,O1,74,23.254,S1O
84,O1,75,17.883,S1O
84,O1,76,9.094,S1O
84,O1,77,0.793,S1O
84,O1,78,-4.089,S1O
84,O1,79,-4.089,S1O
84,O1,80,-2.136,S1O
84,O1,81,-1.160,S1O
84,O1,82,-2.136,S1O
84,O1,83,-4.578,S1O
84,O1,84,-5.554,S1O
84,O1,85,-3.113,S1O
84,O1,86,1.282,S1O
84,O1,87,4.700,S1O
84,O1,88,3.235,S1O
84,O1,89,-1.160,S1O
84,O1,90,-7.019,S1O
84,O1,91,-9.949,S1O
84,O1,92,-9.460,S1O
84,O1,93,-7.507,S1O
84,O1,94,-6.042,S1O
84,O1,95,-5.066,S1O
84,O1,96,-4.089,S1O
84,O1,97,-1.648,S1O
84,O1,98,0.793,S1O
84,O1,99,2.747,S1O
84,O1,100,2.258,S1O
84,O1,101,0.305,S1O
84,O1,102,-2.136,S1O
84,O1,103,-3.113,S1O
84,O1,104,-3.113,S1O
84,O1,105,-2.136,S1O
84,O1,106,-1.648,S1O
84,O1,107,-0.671,S1O
84,O1,108,0.305,S1O
84,O1,109,0.793,S1O
84,O1,110,-0.183,S1O
84,O1,111,-2.625,S1O
84,O1,112,-6.042,S1O
84,O1,113,-7.507,S1O
84,O1,114,-7.019,S1O
84,O1,115,-5.554,S1O
84,O1,116,-4.578,S1O
84,O1,117,-5.554,S1O
84,O1,118,-8.972,S1O
84,O1,119,-10.925,S1O
84,O1,120,-10.925,S1O
84,O1,121,-8.972,S1O
84,O1,122,-7.019,S1O
84,O1,123,-7.507,S1O
84,O1,124,-10.437,S1O
84,O1,125,-13.367,S1O
84,O1,126,-15.320,S1O
84,O1,127,-14.832,S1O
84,O1,128,-12.878,S1O
84,O1,129,-11.414,S1O
84,O1,130,-10.437,S1O
84,O1,131,-9.949,S1O
84,O1,132,-7.996,S1O
84,O1,133,-6.042,S1O
84,O1,134,-4.089,S1O
84,O1,135,-3.113,S1O
84,O1,136,-3.601,S1O
84,O1,137,-3.601,S1O
84,O1,138,-2.625,S1O
84,O1,139,-1.160,S1O
84,O1,140,-0.183,S1O
84,O1,141,-0.671,S1O
84,O1,142,-2.136,S1O
84,O1,143,-2.625,S1O
84,O1,144,-0.671,S1O
84,O1,145,3.235,S1O
84,O1,146,6.165,S1O
84,O1,147,5.676,S1O
84,O1,148,0.305,S1O
84,O1,149,-7.507,S1O
84,O1,150,-12.878,S1O
84,O1,151,-14.343,S1O
84,O1,152,-10.437,S1O
84,O1,153,-5.066,S1O
84,O1,154,-0.671,S1O
84,O1,155,-0.671,S1O
84,O1,156,-4.089,S1O
84,O1,157,-8.484,S1O
84,O1,158,-10.925,S1O
84,O1,159,-10.925,S1O
84,O1,160,-8.484,S1O
84,O1,161,-5.066,S1O
84,O1,162,-2.136,S1O
84,O1,163,-0.671,S1O
84,O1,164,-1.160,S1O
84,O1,165,-2.136,S1O
84,O1,166,-3.113,S1O
84,O1,167,-3.601,S1O
84,O1,168,-3.113,S1O
84,O1,169,-3.113,S1O
84,O1,170,-3.601,S1O
84,O1,171,-5.554,S1O
84,O1,172,-7.507,S1O
84,O1,173,-9.949,S1O
84,O1,174,-11.902,S1O
84,O1,175,-14.343,S1O
84,O1,176,-16.296,S1O
84,O1,177,-16.296,S1O
84,O1,178,-13.855,S1O
84,O1,179,-9.949,S1O
84,O1,180,-4.089,S1O
84,O1,181,0.793,S1O
84,O1,182,4.211,S1O
84,O1,183,5.676,S1O
84,O1,184,7.141,S1O
84,O1,185,7.629,S1O
84,O1,186,7.629,S1O
84,O1,187,6.653,S1O
84,O1,188,4.211,S1O
84,O1,189,-0.183,S1O
84,O1,190,-4.578,S1O
84,O1,191,-8.484,S1O
84,O1,192,-9.460,S1O
84,O1,193,-8.972,S1O
84,O1,194,-6.531,S1O
84,O1,195,-4.089,S1O
84,O1,196,-2.625,S1O
84,O1,197,-0.671,S1O
84,O1,198,1.282,S1O
84,O1,199,2.747,S1O
84,O1,200,3.723,S1O
84,O1,201,0.793,S1O
84,O1,202,-4.578,S1O
84,O1,203,-10.437,S1O
84,O1,204,-13.855,S1O
84,O1,205,-12.878,S1O
84,O1,206,-8.484,S1O
84,O1,207,-3.601,S1O
84,O1,208,-2.136,S1O
84,O1,209,-5.066,S1O
84,O1,210,-10.437,S1O
84,O1,211,-13.855,S1O
84,O1,212,-14.832,S1O
84,O1,213,-12.878,S1O
84,O1,214,-11.414,S1O
84,O1,215,-11.414,S1O
84,O1,216,-11.902,S1O
84,O1,217,-11.414,S1O
84,O1,218,-9.460,S1O
84,O1,219,-7.019,S1O
84,O1,220,-6.042,S1O
84,O1,221,-7.507,S1O
84,O1,222,-9.949,S1O
84,O1,223,-10.925,S1O
84,O1,224,-8.484,S1O
84,O1,225,-3.601,S1O
84,O1,226,0.793,S1O
84,O1,227,3.235,S1O
84,O1,228,2.747,S1O
84,O1,229,0.305,S1O
84,O1,230,-0.671,S1O
84,O1,231,0.305,S1O
84,O1,232,2.258,S1O
84,O1,233,3.235,S1O
84,O1,234,2.258,S1O
84,O1,235,-0.183,S1O
84,O1,236,-3.601,S1O
84,O1,237,-6.042,S1O
84,O1,238,-7.019,S1O
84,O1,239,-7.019,S1O
84,O1,240,-6.042,S1O
84,O1,241,-4.578,S1O
84,O1,242,-2.136,S1O
84,O1,243,-0.183,S1O
84,O1,244,1.770,S1O
84,O1,245,2.747,S1O
84,O1,246,2.747,S1O
84,O1,247,2.747,S1O
84,O1,248,3.723,S1O
84,O1,249,3.723,S1O
84,O1,250,2.258,S1O
84,O1,251,-0.183,S1O
84,O1,252,-1.648,S1O
84,O1,253,-2.136,S1O
84,O1,254,-0.183,S1O
84,O1,255,1.770,S1O
84,X,0,6.388,S1O
84,X,1,6.388,S1O
84,X,2,4.435,S1O
84,X,3,3.459,S1O
84,X,4,4.435,S1O
84,X,5,7.365,S1O
84,X,6,7.853,S1O
84,X,7,6.877,S1O
84,X,8,4.435,S1O
84,X,9,3.459,S1O
84,X,10,4.435,S1O
84,X,11,5.412,S1O
84,X,12,5.412,S1O
84,X,13,3.459,S1O
84,X,14,2.970,S1O
84,X,15,6.388,S1O
84,X,16,12.736,S1O
84,X,17,18.595,S1O
84,X,18,19.084,S1O
84,X,19,14.689,S1O
84,X,20,8.830,S1O
84,X,21,5.900,S1O
84,X,22,8.341,S1O
84,X,23,13.713,S1O
84,X,24,17.619,S1O
84,X,25,17.131,S1O
84,X,26,12.736,S1O
84,X,27,6.877,S1O
84,X,28,2.482,S1O
84,X,29,1.017,S1O
84,X,30,1.994,S1O
84,X,31,3.459,S1O
84,X,32,3.459,S1O
84,X,33,1.994,S1O
84,X,34,-0.448,S1O
84,X,35,-2.889,S1O
84,X,36,-3.866,S1O
84,X,37,-3.377,S1O
84,X,38,-1.424,S1O
84,X,39,3.459,S1O
84,X,40,10.295,S1O
84,X,41,16.642,S1O
84,X,42,20.060,S1O
84,X,43,18.595,S1O
84,X,44,11.759,S1O
84,X,45,3.459,S1O
84,X,46,-1.912,S1O
84,X,47,-2.889,S1O
84,X,48,-0.936,S1O
84,X,49,1.017,S1O
84,X,50,0.529,S1O
84,X,51,-3.377,S1O
84,X,52,-6.795,S1O
84,X,53,-7.772,S1O
84,X,54,-5.819,S1O
84,X,55,-2.889,S1O
84,X,56,-1.424,S1O
84,X,57,-3.377,S1O
84,X,58,-7.284,S1O
84,X,59,-11.678,S1O
84,X,60,-14.119,S1O
84,X,61,-14.119,S1O
84,X,62,-11.678,S1O
84,X,63,-8.748,S1O
84,X,64,-8.260,S1O
84,X,65,-10.701,S1O
84,X,66,-13.631,S1O
84,X,67,-15.096,S1O
84,X,68,-13.631,S1O
84,X,69,-9.237,S1O
84,X,70,-3.866,S1O
84,X,71,-1.424,S1O
84,X,72,-3.377,S1O
84,X,73,-8.260,S1O
84,X,74,-12.166,S1O
84,X,75,-11.678,S1O
84,X,76,-6.795,S1O
84,X,77,0.529,S1O
84,X,78,5.412,S1O
84,X,79,5.412,S1O
84,X,80,0.529,S1O
84,X,81,-5.819,S1O
84,X,82,-9.237,S1O
84,X,83,-7.284,S1O
84,X,84,-1.912,S1O
84,X,85,2.482,S1O
84,X,86,3.459,S1O
84,X,87,1.017,S1O
84,X,88,-3.377,S1O
84,X,89,-6.795,S1O
84,X,90,-7.284,S1O
84,X,91,-7.284,S1O
84,X,92,-7.284,S1O
84,X,93,-9.725,S1O
84,X,94,-12.166,S1O
84,X,95,-13.631,S1O
84,X,96,-11.678,S1O
84,X,97,-7.284,S1O
84,X,98,-3.866,S1O
84,X,99,-3.377,S1O
84,X,100,-6.795,S1O
84,X,101,-11.190,S1O
84,X,102,-12.655,S1O
84,X,103,-9.725,S1O
84,X,104,-4.842,S1O
84,X,105,-1.424,S1O
84,X,106,-2.401,S1O
84,X,107,-5.819,S1O
84,X,108,-8.748,S1O
84,X,109,-7.284,S1O
84,X,110,-1.912,S1O
84,X,111,2.482,S1O
84,X,112,2.482,S1O
84,X,113,-2.889,S1O
84,X,114,-11.190,S1O
84,X,115,-18.026,S1O
84,X,116,-19.491,S1O
84,X,117,-17.049,S1O
84,X,118,-14.608,S1O
84,X,119,-14.119,S1O
84,X,120,-15.584,S1O
84,X,121,-17.049,S1O
84,X,122,-16.073,S1O
84,X,123,-13.631,S1O
84,X,124,-12.655,S1O
84,X,125,-14.119,S1O
84,X,126,-17.537,S1O
84,X,127,-20.467,S1O
84,X,128,-19.491,S1O
84,X,129,-15.584,S1O
84,X,130,-11.678,S1O
84,X,131,-11.190,S1O
84,X,132,-15.096,S1O
84,X,133,-20.467,S1O
84,X,134,-22.420,S1O
84,X,135,-19.491,S1O
84,X,136,-14.608,S1O
84,X,137,-11.190,S1O
84,X,138,-13.143,S1O
84,X,139,-18.514,S1O
84,X,140,-23.397,S1O
84,X,141,-23.397,S1O
84,X,142,-19.002,S1O
84,X,143,-12.655,S1O
84,X,144,-8.748,S1O
84,X,145,-9.725,S1O
84,X,146,-15.096,S1O
84,X,147,-20.955,S1O
84,X,148,-24.862,S1O
84,X,149,-25.838,S1O
84,X,150,-22.909,S1O
84,X,151,-19.002,S1O
84,X,152,-15.096,S1O
84,X,153,-14.608,S1O
84,X,154,-17.049,S1O
84,X,155,-22.909,S1O
84,X,156,-27.791,S1O
84,X,157,-28.768,S1O
84,X,158,-23.397,S1O
84,X,159,-14.608,S1O
84,X,160,-5.819,S1O
84,X,161,-0.448,S1O
84,X,162,0.529,S1O
84,X,163,-0.448,S1O
84,X,164,-1.424,S1O
84,X,165,-1.912,S1O
84,X,166,-3.377,S1O
84,X,167,-4.842,S1O
84,X,168,-6.795,S1O
84,X,169,-4.354,S1O
84,X,170,1.994,S1O
84,X,171,9.318,S1O
84,X,172,11.271,S1O
84,X,173,5.412,S1O
84,X,174,-4.354,S1O
84,X,175,-11.678,S1O
84,X,176,-10.213,S1O
84,X,177,-1.912,S1O
84,X,178,5.412,S1O
84,X,179,6.877,S1O
84,X,180,1.994,S1O
84,X,181,-1.424,S1O
84,X,182,2.970,S1O
84,X,183,14.689,S1O
84,X,184,26.896,S1O
84,X,185,31.291,S1O
84,X,186,25.920,S1O
84,X,187,15.666,S1O
84,X,188,8.341,S1O
84,X,189,6.877,S1O
84,X,190,9.318,S1O
84,X,191,10.783,S1O
84,X,192,8.341,S1O
84,X,193,3.459,S1O
84,X,194,1.017,S1O
84,X,195,3.459,S1O
84,X,196,7.853,S1O
84,X,197,11.271,S1O
84,X,198,10.295,S1O
84,X,199,6.388,S1O
84,X,200,2.482,S1O
84,X,201,1.994,S1O
84,X,202,5.412,S1O
84,X,203,9.806,S1O
84,X,204,11.271,S1O
84,X,205,9.318,S1O
84,X,206,4.435,S1O
84,X,207,1.017,S1O
84,X,208,1.506,S1O
84,X,209,4.435,S1O
84,X,210,7.853,S1O
84,X,211,6.877,S1O
84,X,212,0.041,S1O
84,X,213,-10.701,S1O
84,X,214,-19.002,S1O
84,X,215,-21.932,S1O
84,X,216,-18.026,S1O
84,X,217,-10.701,S1O
84,X,218,-4.842,S1O
84,X,219,-1.912,S1O
84,X,220,-1.424,S1O
84,X,221,0.529,S1O
84,X,222,4.924,S1O
84,X,223,11.271,S1O
84,X,224,16.642,S1O
84,X,225,18.595,S1O
84,X,226,17.619,S1O
84,X,227,14.689,S1O
84,X,228,12.248,S1O
84,X,229,11.271,S1O
84,X,230,9.806,S1O
84,X,231,6.877,S1O
84,X,232,2.482,S1O
84,X,233,-2.401,S1O
84,X,234,-5.819,S1O
84,X,235,-7.772,S1O
84,X,236,-8.260,S1O
84,X,237,-9.237,S1O
84,X,238,-10.213,S1O
84,X,239,-10.213,S1O
84,X,240,-9.237,S1O
84,X,241,-7.284,S1O
84,X,242,-4.842,S1O
84,X,243,-3.377,S1O
84,X,244,-2.401,S1O
84,X,245,-1.424,S1O
84,X,246,0.529,S1O
84,X,247,2.970,S1O
84,X,248,4.924,S1O
84,X,249,4.924,S1O
84,X,250,2.970,S1O
84,X,251,1.506,S1O
84,X,252,1.506,S1O
84,X,253,4.435,S1O
84,X,254,7.365,S1O
84,X,255,8.341,S1O
84,AF7,0,-6.287,S1O
84,AF7,1,-8.240,S1O
84,AF7,2,-1.404,S1O
84,AF7,3,9.827,S1O
84,AF7,4,16.174,S1O
84,AF7,5,12.268,S1O
84,AF7,6,1.526,S1O
84,AF7,7,-6.287,S1O
84,AF7,8,-3.845,S1O
84,AF7,9,5.432,S1O
84,AF7,10,12.756,S1O
84,AF7,11,12.268,S1O
84,AF7,12,6.409,S1O
84,AF7,13,2.014,S1O
84,AF7,14,2.014,S1O
84,AF7,15,2.502,S1O
84,AF7,16,1.038,S1O
84,AF7,17,0.549,S1O
84,AF7,18,6.409,S1O
84,AF7,19,17.151,S1O
84,AF7,20,25.452,S1O
84,AF7,21,23.010,S1O
84,AF7,22,11.292,S1O
84,AF7,23,0.549,S1O
84,AF7,24,-2.380,S1O
84,AF7,25,2.014,S1O
84,AF7,26,6.897,S1O
84,AF7,27,5.920,S1O
84,AF7,28,2.014,S1O
84,AF7,29,1.038,S1O
84,AF7,30,5.432,S1O
84,AF7,31,7.385,S1O
84,AF7,32,3.479,S1O
84,AF7,33,-5.310,S1O
84,AF7,34,-9.705,S1O
84,AF7,35,-5.310,S1O
84,AF7,36,4.944,S1O
84,AF7,37,13.245,S1O
84,AF7,38,15.686,S1O
84,AF7,39,13.733,S1O
84,AF7,40,12.268,S1O
84,AF7,41,13.245,S1O
84,AF7,42,16.174,S1O
84,AF7,43,18.127,S1O
84,AF7,44,16.174,S1O
84,AF7,45,10.315,S1O
84,AF7,46,1.038,S1O
84,AF7,47,-6.775,S1O
84,AF7,48,-9.705,S1O
84,AF7,49,-5.310,S1O
84,AF7,50,2.991,S1O
84,AF7,51,9.338,S1O
84,AF7,52,10.315,S1O
84,AF7,53,5.920,S1O
84,AF7,54,0.549,S1O
84,AF7,55,-0.916,S1O
84,AF7,56,2.014,S1O
84,AF7,57,6.897,S1O
84,AF7,58,6.897,S1O
84,AF7,59,0.549,S1O
84,AF7,60,-7.751,S1O
84,AF7,61,-12.146,S1O
84,AF7,62,-10.193,S1O
84,AF7,63,-5.310,S1O
84,AF7,64,-3.357,S1O
84,AF7,65,-5.798,S1O
84,AF7,66,-7.263,S1O
84,AF7,67,-2.380,S1O
84,AF7,68,7.385,S1O
84,AF7,69,14.709,S1O
84,AF7,70,12.756,S1O
84,AF7,71,1.526,S1O
84,AF7,72,-11.169,S1O
84,AF7,73,-15.564,S1O
84,AF7,74,-9.705,S1O
84,AF7,75,2.014,S1O
84,AF7,76,10.803,S1O
84,AF7,77,11.780,S1O
84,AF7,78,6.409,S1O
84,AF7,79,-1.404,S1O
84,AF7,80,-6.287,S1O
84,AF7,81,-4.822,S1O
84,AF7,82,2.014,S1O
84,AF7,83,10.803,S1O
84,AF7,84,16.663,S1O
84,AF7,85,15.198,S1O
84,AF7,86,7.874,S1O
84,AF7,87,1.526,S1O
84,AF7,88,1.038,S1O
84,AF7,89,6.409,S1O
84,AF7,90,10.315,S1O
84,AF7,91,8.850,S1O
84,AF7,92,3.967,S1O
84,AF7,93,1.038,S1O
84,AF7,94,3.967,S1O
84,AF7,95,7.874,S1O
84,AF7,96,7.385,S1O
84,AF7,97,1.526,S1O
84,AF7,98,-3.845,S1O
84,AF7,99,-4.822,S1O
84,AF7,100,-2.380,S1O
84,AF7,101,-0.916,S1O
84,AF7,102,0.061,S1O
84,AF7,103,2.014,S1O
84,AF7,104,6.409,S1O
84,AF7,105,8.362,S1O
84,AF7,106,4.944,S1O
84,AF7,107,-0.427,S1O
84,AF7,108,-0.427,S1O
84,AF7,109,7.385,S1O
84,AF7,110,16.174,S1O
84,AF7,111,16.663,S1O
84,AF7,112,8.850,S1O
84,AF7,113,-0.427,S1O
84,AF7,114,-3.357,S1O
84,AF7,115,-1.892,S1O
84,AF7,116,-2.380,S1O
84,AF7,117,-7.751,S1O
84,AF7,118,-11.169,S1O
84,AF7,119,-6.775,S1O
84,AF7,120,2.991,S1O
84,AF7,121,7.385,S1O
84,AF7,122,1.526,S1O
84,AF7,123,-8.728,S1O
84,AF7,124,-12.146,S1O
84,AF7,125,-5.310,S1O
84,AF7,126,2.991,S1O
84,AF7,127,5.432,S1O
84,AF7,128,2.502,S1O
84,AF7,129,0.061,S1O
84,AF7,130,-0.427,S1O
84,AF7,131,-1.404,S1O
84,AF7,132,-6.287,S1O
84,AF7,133,-9.705,S1O
84,AF7,134,-6.287,S1O
84,AF7,135,2.014,S1O
84,AF7,136,6.897,S1O
84,AF7,137,2.502,S1O
84,AF7,138,-4.822,S1O
84,AF7,139,-6.775,S1O
84,AF7,140,-2.869,S1O
84,AF7,141,0.549,S1O
84,AF7,142,-0.427,S1O
84,AF7,143,-3.845,S1O
84,AF7,144,-2.869,S1O
84,AF7,145,2.502,S1O
84,AF7,146,4.456,S1O
84,AF7,147,-0.916,S1O
84,AF7,148,-8.728,S1O
84,AF7,149,-11.658,S1O
84,AF7,150,-7.263,S1O
84,AF7,151,-4.333,S1O
84,AF7,152,-7.751,S1O
84,AF7,153,-16.052,S1O
84,AF7,154,-19.470,S1O
84,AF7,155,-14.587,S1O
84,AF7,156,-5.310,S1O
84,AF7,157,2.502,S1O
84,AF7,158,5.432,S1O
84,AF7,159,5.432,S1O
84,AF7,160,3.967,S1O
84,AF7,161,1.526,S1O
84,AF7,162,-0.427,S1O
84,AF7,163,1.526,S1O
84,AF7,164,8.850,S1O
84,AF7,165,16.663,S1O
84,AF7,166,20.081,S1O
84,AF7,167,16.174,S1O
84,AF7,168,11.292,S1O
84,AF7,169,10.803,S1O
84,AF7,170,13.245,S1O
84,AF7,171,11.780,S1O
84,AF7,172,2.502,S1O
84,AF7,173,-8.728,S1O
84,AF7,174,-13.123,S1O
84,AF7,175,-9.705,S1O
84,AF7,176,-3.845,S1O
84,AF7,177,-1.892,S1O
84,AF7,178,-2.380,S1O
84,AF7,179,1.526,S1O
84,AF7,180,11.292,S1O
84,AF7,181,22.034,S1O
84,AF7,182,26.917,S1O
84,AF7,183,25.940,S1O
84,AF7,184,23.987,S1O
84,AF7,185,23.499,S1O
84,AF7,186,23.010,S1O
84,AF7,187,20.569,S1O
84,AF7,188,16.174,S1O
84,AF7,189,12.756,S1O
84,AF7,190,10.803,S1O
84,AF7,191,8.850,S1O
84,AF7,192,6.897,S1O
84,AF7,193,7.385,S1O
84,AF7,194,11.292,S1O
84,AF7,195,16.174,S1O
84,AF7,196,17.151,S1O
84,AF7,197,12.268,S1O
84,AF7,198,3.967,S1O
84,AF7,199,-0.427,S1O
84,AF7,200,2.502,S1O
84,AF7,201,11.780,S1O
84,AF7,202,19.592,S1O
84,AF7,203,21.057,S1O
84,AF7,204,17.639,S1O
84,AF7,205,12.756,S1O
84,AF7,206,10.803,S1O
84,AF7,207,13.245,S1O
84,AF7,208,16.663,S1O
84,AF7,209,17.151,S1O
84,AF7,210,14.221,S1O
84,AF7,211,7.385,S1O
84,AF7,212,1.038,S1O
84,AF7,213,-1.892,S1O
84,AF7,214,-1.404,S1O
84,AF7,215,-0.427,S1O
84,AF7,216,-1.892,S1O
84,AF7,217,-3.845,S1O
84,AF7,218,-2.380,S1O
84,AF7,219,3.967,S1O
84,AF7,220,12.268,S1O
84,AF7,221,18.616,S1O
84,AF7,222,20.081,S1O
84,AF7,223,19.104,S1O
84,AF7,224,21.057,S1O
84,AF7,225,26.917,S1O
84,AF7,226,32.288,S1O
84,AF7,227,32.776,S1O
84,AF7,228,24.963,S1O
84,AF7,229,13.733,S1O
84,AF7,230,6.897,S1O
84,AF7,231,8.362,S1O
84,AF7,232,14.221,S1O
84,AF7,233,17.151,S1O
84,AF7,234,14.709,S1O
84,AF7,235,10.315,S1O
84,AF7,236,7.874,S1O
84,AF7,237,5.432,S1O
84,AF7,238,-1.892,S1O
84,AF7,239,-12.634,S1O
84,AF7,240,-15.564,S1O
84,AF7,241,-2.869,S1O
84,AF7,242,19.104,S1O
84,AF7,243,34.241,S1O
84,AF7,244,33.264,S1O
84,AF7,245,22.034,S1O
84,AF7,246,15.198,S1O
84,AF7,247,17.151,S1O
84,AF7,248,21.057,S1O
84,AF7,249,17.151,S1O
84,AF7,250,7.874,S1O
84,AF7,251,5.920,S1O
84,AF7,252,16.663,S1O
84,AF7,253,30.823,S1O
84,AF7,254,34.241,S1O
84,AF7,255,24.475,S1O
84,AF8,0,-1.027,S1O
84,AF8,1,-2.492,S1O
84,AF8,2,-0.051,S1O
84,AF8,3,4.832,S1O
84,AF8,4,10.203,S1O
84,AF8,5,13.621,S1O
84,AF8,6,12.644,S1O
84,AF8,7,7.762,S1O
84,AF8,8,2.879,S1O
84,AF8,9,1.414,S1O
84,AF8,10,3.855,S1O
84,AF8,11,6.297,S1O
84,AF8,12,6.785,S1O
84,AF8,13,6.297,S1O
84,AF8,14,5.809,S1O
84,AF8,15,7.762,S1O
84,AF8,16,10.203,S1O
84,AF8,17,11.180,S1O
84,AF8,18,11.668,S1O
84,AF8,19,12.156,S1O
84,AF8,20,12.644,S1O
84,AF8,21,13.133,S1O
84,AF8,22,12.644,S1O
84,AF8,23,10.691,S1O
84,AF8,24,7.762,S1O
84,AF8,25,4.344,S1O
84,AF8,26,0.437,S1O
84,AF8,27,-2.004,S1O
84,AF8,28,-1.516,S1O
84,AF8,29,0.437,S1O
84,AF8,30,1.902,S1O
84,AF8,31,-0.051,S1O
84,AF8,32,-4.445,S1O
84,AF8,33,-8.840,S1O
84,AF8,34,-11.281,S1O
84,AF8,35,-10.305,S1O
84,AF8,36,-7.863,S1O
84,AF8,37,-3.469,S1O
84,AF8,38,2.391,S1O
84,AF8,39,8.738,S1O
84,AF8,40,14.598,S1O
84,AF8,41,16.551,S1O
84,AF8,42,15.086,S1O
84,AF8,43,11.668,S1O
84,AF8,44,9.715,S1O
84,AF8,45,8.738,S1O
84,AF8,46,7.762,S1O
84,AF8,47,6.297,S1O
84,AF8,48,4.344,S1O
84,AF8,49,2.879,S1O
84,AF8,50,0.926,S1O
84,AF8,51,-0.539,S1O
84,AF8,52,-1.027,S1O
84,AF8,53,0.926,S1O
84,AF8,54,2.879,S1O
84,AF8,55,3.367,S1O
84,AF8,56,1.902,S1O
84,AF8,57,-1.516,S1O
84,AF8,58,-3.957,S1O
84,AF8,59,-4.934,S1O
84,AF8,60,-6.399,S1O
84,AF8,61,-10.305,S1O
84,AF8,62,-14.211,S1O
84,AF8,63,-15.676,S1O
84,AF8,64,-12.746,S1O
84,AF8,65,-7.863,S1O
84,AF8,66,-5.910,S1O
84,AF8,67,-7.375,S1O
84,AF8,68,-8.840,S1O
84,AF8,69,-7.863,S1O
84,AF8,70,-2.981,S1O
84,AF8,71,0.437,S1O
84,AF8,72,0.926,S1O
84,AF8,73,-0.539,S1O
84,AF8,74,-0.539,S1O
84,AF8,75,2.879,S1O
84,AF8,76,5.809,S1O
84,AF8,77,6.785,S1O
84,AF8,78,4.832,S1O
84,AF8,79,1.902,S1O
84,AF8,80,0.926,S1O
84,AF8,81,0.437,S1O
84,AF8,82,0.926,S1O
84,AF8,83,0.926,S1O
84,AF8,84,2.391,S1O
84,AF8,85,4.344,S1O
84,AF8,86,4.344,S1O
84,AF8,87,2.879,S1O
84,AF8,88,-0.051,S1O
84,AF8,89,-3.469,S1O
84,AF8,90,-6.887,S1O
84,AF8,91,-8.352,S1O
84,AF8,92,-8.352,S1O
84,AF8,93,-5.910,S1O
84,AF8,94,-3.469,S1O
84,AF8,95,-2.981,S1O
84,AF8,96,-5.422,S1O
84,AF8,97,-8.352,S1O
84,AF8,98,-6.887,S1O
84,AF8,99,-1.516,S1O
84,AF8,100,3.367,S1O
84,AF8,101,4.832,S1O
84,AF8,102,3.855,S1O
84,AF8,103,3.367,S1O
84,AF8,104,6.297,S1O
84,AF8,105,8.738,S1O
84,AF8,106,8.738,S1O
84,AF8,107,4.344,S1O
84,AF8,108,-0.051,S1O
84,AF8,109,-2.492,S1O
84,AF8,110,-2.004,S1O
84,AF8,111,0.437,S1O
84,AF8,112,2.879,S1O
84,AF8,113,4.832,S1O
84,AF8,114,3.855,S1O
84,AF8,115,0.437,S1O
84,AF8,116,-5.910,S1O
84,AF8,117,-12.746,S1O
84,AF8,118,-16.164,S1O
84,AF8,119,-15.188,S1O
84,AF8,120,-11.281,S1O
84,AF8,121,-6.887,S1O
84,AF8,122,-3.469,S1O
84,AF8,123,-0.051,S1O
84,AF8,124,3.367,S1O
84,AF8,125,6.297,S1O
84,AF8,126,3.855,S1O
84,AF8,127,-3.957,S1O
84,AF8,128,-13.234,S1O
84,AF8,129,-17.141,S1O
84,AF8,130,-13.234,S1O
84,AF8,131,-5.910,S1O
84,AF8,132,-1.516,S1O
84,AF8,133,-1.516,S1O
84,AF8,134,-2.981,S1O
84,AF8,135,-2.004,S1O
84,AF8,136,1.414,S1O
84,AF8,137,1.414,S1O
84,AF8,138,-4.445,S1O
84,AF8,139,-11.770,S1O
84,AF8,140,-13.723,S1O
84,AF8,141,-6.887,S1O
84,AF8,142,2.391,S1O
84,AF8,143,6.297,S1O
84,AF8,144,1.902,S1O
84,AF8,145,-3.957,S1O
84,AF8,146,-3.957,S1O
84,AF8,147,2.391,S1O
84,AF8,148,7.762,S1O
84,AF8,149,6.297,S1O
84,AF8,150,-1.027,S1O
84,AF8,151,-8.352,S1O
84,AF8,152,-10.305,S1O
84,AF8,153,-6.887,S1O
84,AF8,154,-3.957,S1O
84,AF8,155,-2.981,S1O
84,AF8,156,-3.957,S1O
84,AF8,157,-2.981,S1O
84,AF8,158,0.437,S1O
84,AF8,159,4.344,S1O
84,AF8,160,7.273,S1O
84,AF8,161,9.715,S1O
84,AF8,162,13.133,S1O
84,AF8,163,17.527,S1O
84,AF8,164,20.457,S1O
84,AF8,165,19.480,S1O
84,AF8,166,16.551,S1O
84,AF8,167,14.598,S1O
84,AF8,168,15.086,S1O
84,AF8,169,16.551,S1O
84,AF8,170,14.598,S1O
84,AF8,171,8.738,S1O
84,AF8,172,1.902,S1O
84,AF8,173,1.414,S1O
84,AF8,174,8.738,S1O
84,AF8,175,18.016,S1O
84,AF8,176,21.922,S1O
84,AF8,177,18.504,S1O
84,AF8,178,14.109,S1O
84,AF8,179,14.598,S1O
84,AF8,180,19.480,S1O
84,AF8,181,22.410,S1O
84,AF8,182,21.922,S1O
84,AF8,183,21.922,S1O
84,AF8,184,26.805,S1O
84,AF8,185,36.570,S1O
84,AF8,186,42.430,S1O
84,AF8,187,39.500,S1O
84,AF8,188,30.223,S1O
84,AF8,189,22.898,S1O
84,AF8,190,20.945,S1O
84,AF8,191,20.945,S1O
84,AF8,192,19.480,S1O
84,AF8,193,15.574,S1O
84,AF8,194,13.133,S1O
84,AF8,195,16.551,S1O
84,AF8,196,22.410,S1O
84,AF8,197,26.316,S1O
84,AF8,198,25.828,S1O
84,AF8,199,22.898,S1O
84,AF8,200,21.922,S1O
84,AF8,201,23.387,S1O
84,AF8,202,24.851,S1O
84,AF8,203,24.363,S1O
84,AF8,204,22.898,S1O
84,AF8,205,23.387,S1O
84,AF8,206,24.851,S1O
84,AF8,207,26.805,S1O
84,AF8,208,26.316,S1O
84,AF8,209,23.387,S1O
84,AF8,210,18.992,S1O
84,AF8,211,13.621,S1O
84,AF8,212,7.273,S1O
84,AF8,213,2.391,S1O
84,AF8,214,1.414,S1O
84,AF8,215,5.809,S1O
84,AF8,216,12.156,S1O
84,AF8,217,17.527,S1O
84,AF8,218,19.480,S1O
84,AF8,219,18.504,S1O
84,AF8,220,18.016,S1O
84,AF8,221,19.480,S1O
84,AF8,222,23.387,S1O
84,AF8,223,27.781,S1O
84,AF8,224,31.687,S1O
84,AF8,225,36.082,S1O
84,AF8,226,40.965,S1O
84,AF8,227,44.871,S1O
84,AF8,228,45.848,S1O
84,AF8,229,40.476,S1O
84,AF8,230,31.199,S1O
84,AF8,231,20.945,S1O
84,AF8,232,14.598,S1O
84,AF8,233,13.133,S1O
84,AF8,234,15.086,S1O
84,AF8,235,17.527,S1O
84,AF8,236,18.504,S1O
84,AF8,237,16.062,S1O
84,AF8,238,12.156,S1O
84,AF8,239,8.250,S1O
84,AF8,240,7.273,S1O
84,AF8,241,9.715,S1O
84,AF8,242,15.574,S1O
84,AF8,243,20.457,S1O
84,AF8,244,22.410,S1O
84,AF8,245,21.434,S1O
84,AF8,246,20.457,S1O
84,AF8,247,22.410,S1O
84,AF8,248,26.316,S1O
84,AF8,249,29.246,S1O
84,AF8,250,28.269,S1O
84,AF8,251,24.851,S1O
84,AF8,252,22.410,S1O
84,AF8,253,23.875,S1O
84,AF8,254,26.316,S1O
84,AF8,255,26.805,S1O
84,F5,0,4.801,S1O
84,F5,1,4.313,S1O
84,F5,2,3.337,S1O
84,F5,3,-0.081,S1O
84,F5,4,-3.499,S1O
84,F5,5,-3.499,S1O
84,F5,6,1.383,S1O
84,F5,7,7.243,S1O
84,F5,8,6.755,S1O
84,F5,9,0.407,S1O
84,F5,10,-6.917,S1O
84,F5,11,-8.382,S1O
84,F5,12,-3.499,S1O
84,F5,13,2.360,S1O
84,F5,14,4.801,S1O
84,F5,15,4.313,S1O
84,F5,16,4.313,S1O
84,F5,17,6.266,S1O
84,F5,18,7.731,S1O
84,F5,19,6.755,S1O
84,F5,20,3.825,S1O
84,F5,21,1.872,S1O
84,F5,22,2.848,S1O
84,F5,23,4.801,S1O
84,F5,24,5.778,S1O
84,F5,25,3.825,S1O
84,F5,26,2.848,S1O
84,F5,27,1.872,S1O
84,F5,28,1.383,S1O
84,F5,29,-0.570,S1O
84,F5,30,-3.011,S1O
84,F5,31,-4.476,S1O
84,F5,32,-3.988,S1O
84,F5,33,-1.546,S1O
84,F5,34,0.895,S1O
84,F5,35,3.337,S1O
84,F5,36,4.313,S1O
84,F5,37,4.801,S1O
84,F5,38,6.755,S1O
84,F5,39,8.708,S1O
84,F5,40,10.661,S1O
84,F5,41,11.149,S1O
84,F5,42,10.173,S1O
84,F5,43,8.708,S1O
84,F5,44,6.266,S1O
84,F5,45,3.337,S1O
84,F5,46,0.407,S1O
84,F5,47,-1.546,S1O
84,F5,48,-2.035,S1O
84,F5,49,-0.570,S1O
84,F5,50,1.383,S1O
84,F5,51,1.872,S1O
84,F5,52,1.383,S1O
84,F5,53,0.407,S1O
84,F5,54,-0.081,S1O
84,F5,55,0.895,S1O
84,F5,56,1.872,S1O
84,F5,57,1.872,S1O
84,F5,58,0.895,S1O
84,F5,59,-0.570,S1O
84,F5,60,-2.035,S1O
84,F5,61,-3.988,S1O
84,F5,62,-5.452,S1O
84,F5,63,-6.429,S1O
84,F5,64,-6.429,S1O
84,F5,65,-5.941,S1O
84,F5,66,-6.429,S1O
84,F5,67,-6.429,S1O
84,F5,68,-5.941,S1O
84,F5,69,-4.476,S1O
84,F5,70,-1.546,S1O
84,F5,71,0.407,S1O
84,F5,72,1.383,S1O
84,F5,73,0.407,S1O
84,F5,74,-3.011,S1O
84,F5,75,-7.894,S1O
84,F5,76,-11.312,S1O
84,F5,77,-11.800,S1O
84,F5,78,-8.870,S1O
84,F5,79,-4.476,S1O
84,F5,80,-2.035,S1O
84,F5,81,-2.035,S1O
84,F5,82,-3.499,S1O
84,F5,83,-3.988,S1O
84,F5,84,-1.546,S1O
84,F5,85,4.313,S1O
84,F5,86,10.173,S1O
84,F5,87,12.614,S1O
84,F5,88,8.219,S1O
84,F5,89,-0.081,S1O
84,F5,90,-6.917,S1O
84,F5,91,-7.894,S1O
84,F5,92,-3.988,S1O
84,F5,93,-0.570,S1O
84,F5,94,-2.035,S1O
84,F5,95,-7.894,S1O
84,F5,96,-12.288,S1O
84,F5,97,-11.312,S1O
84,F5,98,-6.429,S1O
84,F5,99,-2.523,S1O
84,F5,100,-3.011,S1O
84,F5,101,-6.429,S1O
84,F5,102,-8.382,S1O
84,F5,103,-6.917,S1O
84,F5,104,-4.476,S1O
84,F5,105,-2.523,S1O
84,F5,106,-2.035,S1O
84,F5,107,-1.058,S1O
84,F5,108,0.895,S1O
84,F5,109,1.872,S1O
84,F5,110,0.407,S1O
84,F5,111,-2.035,S1O
84,F5,112,-3.499,S1O
84,F5,113,-2.035,S1O
84,F5,114,-0.570,S1O
84,F5,115,-1.058,S1O
84,F5,116,-3.988,S1O
84,F5,117,-7.894,S1O
84,F5,118,-9.847,S1O
84,F5,119,-9.847,S1O
84,F5,120,-8.382,S1O
84,F5,121,-6.917,S1O
84,F5,122,-5.941,S1O
84,F5,123,-3.988,S1O
84,F5,124,-2.523,S1O
84,F5,125,-3.499,S1O
84,F5,126,-7.406,S1O
84,F5,127,-11.800,S1O
84,F5,128,-12.288,S1O
84,F5,129,-8.382,S1O
84,F5,130,-2.035,S1O
84,F5,131,3.337,S1O
84,F5,132,2.848,S1O
84,F5,133,-1.546,S1O
84,F5,134,-7.894,S1O
84,F5,135,-10.824,S1O
84,F5,136,-8.382,S1O
84,F5,137,-2.523,S1O
84,F5,138,1.383,S1O
84,F5,139,0.407,S1O
84,F5,140,-3.011,S1O
84,F5,141,-5.452,S1O
84,F5,142,-4.964,S1O
84,F5,143,-3.988,S1O
84,F5,144,-5.452,S1O
84,F5,145,-9.847,S1O
84,F5,146,-13.753,S1O
84,F5,147,-12.777,S1O
84,F5,148,-7.406,S1O
84,F5,149,-2.035,S1O
84,F5,150,-2.523,S1O
84,F5,151,-8.870,S1O
84,F5,152,-16.195,S1O
84,F5,153,-18.148,S1O
84,F5,154,-14.730,S1O
84,F5,155,-8.382,S1O
84,F5,156,-5.452,S1O
84,F5,157,-4.964,S1O
84,F5,158,-5.941,S1O
84,F5,159,-4.964,S1O
84,F5,160,-1.058,S1O
84,F5,161,2.360,S1O
84,F5,162,2.848,S1O
84,F5,163,-0.570,S1O
84,F5,164,-3.988,S1O
84,F5,165,-4.476,S1O
84,F5,166,-2.523,S1O
84,F5,167,-0.570,S1O
84,F5,168,-0.081,S1O
84,F5,169,-1.546,S1O
84,F5,170,-3.988,S1O
84,F5,171,-6.917,S1O
84,F5,172,-10.335,S1O
84,F5,173,-13.265,S1O
84,F5,174,-13.265,S1O
84,F5,175,-7.406,S1O
84,F5,176,-0.081,S1O
84,F5,177,5.778,S1O
84,F5,178,6.266,S1O
84,F5,179,2.360,S1O
84,F5,180,-0.081,S1O
84,F5,181,0.895,S1O
84,F5,182,5.290,S1O
84,F5,183,10.173,S1O
84,F5,184,12.614,S1O
84,F5,185,14.567,S1O
84,F5,186,15.544,S1O
84,F5,187,16.520,S1O
84,F5,188,14.567,S1O
84,F5,189,9.684,S1O
84,F5,190,3.825,S1O
84,F5,191,-0.081,S1O
84,F5,192,-0.570,S1O
84,F5,193,-0.081,S1O
84,F5,194,-0.570,S1O
84,F5,195,-1.546,S1O
84,F5,196,-2.523,S1O
84,F5,197,-2.035,S1O
84,F5,198,-1.546,S1O
84,F5,199,-1.546,S1O
84,F5,200,-1.058,S1O
84,F5,201,0.895,S1O
84,F5,202,5.290,S1O
84,F5,203,7.731,S1O
84,F5,204,8.219,S1O
84,F5,205,6.266,S1O
84,F5,206,4.313,S1O
84,F5,207,3.825,S1O
84,F5,208,3.825,S1O
84,F5,209,1.872,S1O
84,F5,210,-1.546,S1O
84,F5,211,-5.452,S1O
84,F5,212,-7.894,S1O
84,F5,213,-8.870,S1O
84,F5,214,-10.335,S1O
84,F5,215,-10.824,S1O
84,F5,216,-9.847,S1O
84,F5,217,-6.429,S1O
84,F5,218,-2.523,S1O
84,F5,219,-1.058,S1O
84,F5,220,-0.570,S1O
84,F5,221,-0.570,S1O
84,F5,222,1.383,S1O
84,F5,223,4.313,S1O
84,F5,224,5.778,S1O
84,F5,225,6.755,S1O
84,F5,226,7.731,S1O
84,F5,227,11.149,S1O
84,F5,228,15.055,S1O
84,F5,229,17.497,S1O
84,F5,230,14.079,S1O
84,F5,231,6.266,S1O
84,F5,232,-0.570,S1O
84,F5,233,-3.011,S1O
84,F5,234,-2.523,S1O
84,F5,235,-1.546,S1O
84,F5,236,-3.988,S1O
84,F5,237,-7.894,S1O
84,F5,238,-8.382,S1O
84,F5,239,-4.964,S1O
84,F5,240,-1.546,S1O
84,F5,241,-1.546,S1O
84,F5,242,-4.476,S1O
84,F5,243,-4.476,S1O
84,F5,244,1.383,S1O
84,F5,245,10.661,S1O
84,F5,246,16.032,S1O
84,F5,247,14.567,S1O
84,F5,248,10.661,S1O
84,F5,249,8.708,S1O
84,F5,250,10.173,S1O
84,F5,251,10.661,S1O
84,F5,252,8.708,S1O
84,F5,253,7.243,S1O
84,F5,254,8.219,S1O
84,F5,255,11.149,S1O
84,F6,0,-0.712,S1O
84,F6,1,1.241,S1O
84,F6,2,3.194,S1O
84,F6,3,4.659,S1O
84,F6,4,5.147,S1O
84,F6,5,5.636,S1O
84,F6,6,6.124,S1O
84,F6,7,6.124,S1O
84,F6,8,5.636,S1O
84,F6,9,4.171,S1O
84,F6,10,3.194,S1O
84,F6,11,3.194,S1O
84,F6,12,4.659,S1O
84,F6,13,6.124,S1O
84,F6,14,7.589,S1O
84,F6,15,8.565,S1O
84,F6,16,9.542,S1O
84,F6,17,10.030,S1O
84,F6,18,9.542,S1O
84,F6,19,7.589,S1O
84,F6,20,5.636,S1O
84,F6,21,4.171,S1O
84,F6,22,4.171,S1O
84,F6,23,5.147,S1O
84,F6,24,5.636,S1O
84,F6,25,5.147,S1O
84,F6,26,2.218,S1O
84,F6,27,-0.712,S1O
84,F6,28,-3.642,S1O
84,F6,29,-4.130,S1O
84,F6,30,-4.618,S1O
84,F6,31,-6.083,S1O
84,F6,32,-9.501,S1O
84,F6,33,-12.919,S1O
84,F6,34,-13.896,S1O
84,F6,35,-10.966,S1O
84,F6,36,-5.107,S1O
84,F6,37,1.729,S1O
84,F6,38,8.077,S1O
84,F6,39,12.472,S1O
84,F6,40,15.401,S1O
84,F6,41,16.378,S1O
84,F6,42,15.401,S1O
84,F6,43,13.448,S1O
84,F6,44,11.495,S1O
84,F6,45,11.007,S1O
84,F6,46,10.518,S1O
84,F6,47,9.542,S1O
84,F6,48,8.077,S1O
84,F6,49,6.124,S1O
84,F6,50,4.659,S1O
84,F6,51,4.171,S1O
84,F6,52,3.194,S1O
84,F6,53,2.218,S1O
84,F6,54,1.729,S1O
84,F6,55,1.729,S1O
84,F6,56,1.241,S1O
84,F6,57,-1.200,S1O
84,F6,58,-5.595,S1O
84,F6,59,-9.501,S1O
84,F6,60,-11.943,S1O
84,F6,61,-12.431,S1O
84,F6,62,-11.943,S1O
84,F6,63,-11.943,S1O
84,F6,64,-10.966,S1O
84,F6,65,-9.501,S1O
84,F6,66,-8.036,S1O
84,F6,67,-7.548,S1O
84,F6,68,-7.548,S1O
84,F6,69,-7.548,S1O
84,F6,70,-5.595,S1O
84,F6,71,-2.665,S1O
84,F6,72,0.264,S1O
84,F6,73,1.241,S1O
84,F6,74,0.753,S1O
84,F6,75,-0.224,S1O
84,F6,76,-0.712,S1O
84,F6,77,0.264,S1O
84,F6,78,1.729,S1O
84,F6,79,3.194,S1O
84,F6,80,2.706,S1O
84,F6,81,-0.224,S1O
84,F6,82,-3.153,S1O
84,F6,83,-3.642,S1O
84,F6,84,-0.712,S1O
84,F6,85,3.194,S1O
84,F6,86,4.659,S1O
84,F6,87,2.218,S1O
84,F6,88,-2.177,S1O
84,F6,89,-5.107,S1O
84,F6,90,-5.595,S1O
84,F6,91,-5.107,S1O
84,F6,92,-5.107,S1O
84,F6,93,-5.107,S1O
84,F6,94,-3.642,S1O
84,F6,95,-1.689,S1O
84,F6,96,-0.712,S1O
84,F6,97,-1.200,S1O
84,F6,98,-1.689,S1O
84,F6,99,-0.712,S1O
84,F6,100,2.706,S1O
84,F6,101,5.147,S1O
84,F6,102,6.124,S1O
84,F6,103,4.659,S1O
84,F6,104,2.218,S1O
84,F6,105,1.241,S1O
84,F6,106,1.241,S1O
84,F6,107,1.729,S1O
84,F6,108,2.218,S1O
84,F6,109,1.729,S1O
84,F6,110,0.264,S1O
84,F6,111,-0.712,S1O
84,F6,112,-1.200,S1O
84,F6,113,-1.689,S1O
84,F6,114,-2.177,S1O
84,F6,115,-3.642,S1O
84,F6,116,-5.595,S1O
84,F6,117,-6.571,S1O
84,F6,118,-6.571,S1O
84,F6,119,-5.595,S1O
84,F6,120,-4.618,S1O
84,F6,121,-4.130,S1O
84,F6,122,-3.642,S1O
84,F6,123,-2.177,S1O
84,F6,124,-0.712,S1O
84,F6,125,-0.224,S1O
84,F6,126,-1.200,S1O
84,F6,127,-4.130,S1O
84,F6,128,-7.548,S1O
84,F6,129,-8.036,S1O
84,F6,130,-6.083,S1O
84,F6,131,-3.642,S1O
84,F6,132,-2.177,S1O
84,F6,133,-2.665,S1O
84,F6,134,-5.107,S1O
84,F6,135,-7.548,S1O
84,F6,136,-7.548,S1O
84,F6,137,-6.571,S1O
84,F6,138,-5.595,S1O
84,F6,139,-5.107,S1O
84,F6,140,-5.595,S1O
84,F6,141,-5.107,S1O
84,F6,142,-4.618,S1O
84,F6,143,-3.642,S1O
84,F6,144,-2.665,S1O
84,F6,145,-2.177,S1O
84,F6,146,-2.177,S1O
84,F6,147,-2.665,S1O
84,F6,148,-3.642,S1O
84,F6,149,-3.642,S1O
84,F6,150,-3.642,S1O
84,F6,151,-4.618,S1O
84,F6,152,-7.548,S1O
84,F6,153,-11.454,S1O
84,F6,154,-14.384,S1O
84,F6,155,-12.431,S1O
84,F6,156,-6.083,S1O
84,F6,157,1.729,S1O
84,F6,158,6.124,S1O
84,F6,159,7.100,S1O
84,F6,160,6.124,S1O
84,F6,161,4.659,S1O
84,F6,162,4.659,S1O
84,F6,163,5.636,S1O
84,F6,164,7.589,S1O
84,F6,165,9.542,S1O
84,F6,166,10.030,S1O
84,F6,167,9.542,S1O
84,F6,168,8.565,S1O
84,F6,169,8.077,S1O
84,F6,170,7.589,S1O
84,F6,171,5.147,S1O
84,F6,172,0.753,S1O
84,F6,173,-3.642,S1O
84,F6,174,-4.618,S1O
84,F6,175,-1.689,S1O
84,F6,176,2.218,S1O
84,F6,177,4.171,S1O
84,F6,178,5.147,S1O
84,F6,179,5.636,S1O
84,F6,180,7.100,S1O
84,F6,181,9.054,S1O
84,F6,182,11.495,S1O
84,F6,183,13.936,S1O
84,F6,184,18.331,S1O
84,F6,185,23.214,S1O
84,F6,186,26.632,S1O
84,F6,187,25.655,S1O
84,F6,188,22.237,S1O
84,F6,189,18.331,S1O
84,F6,190,15.889,S1O
84,F6,191,13.936,S1O
84,F6,192,10.030,S1O
84,F6,193,5.147,S1O
84,F6,194,2.218,S1O
84,F6,195,3.194,S1O
84,F6,196,7.589,S1O
84,F6,197,11.983,S1O
84,F6,198,13.936,S1O
84,F6,199,12.960,S1O
84,F6,200,11.007,S1O
84,F6,201,9.054,S1O
84,F6,202,9.542,S1O
84,F6,203,10.518,S1O
84,F6,204,12.472,S1O
84,F6,205,14.425,S1O
84,F6,206,15.889,S1O
84,F6,207,15.889,S1O
84,F6,208,13.936,S1O
84,F6,209,10.518,S1O
84,F6,210,6.124,S1O
84,F6,211,1.241,S1O
84,F6,212,-2.665,S1O
84,F6,213,-5.595,S1O
84,F6,214,-7.548,S1O
84,F6,215,-6.571,S1O
84,F6,216,-4.130,S1O
84,F6,217,0.264,S1O
84,F6,218,5.147,S1O
84,F6,219,9.542,S1O
84,F6,220,11.983,S1O
84,F6,221,12.472,S1O
84,F6,222,11.495,S1O
84,F6,223,11.007,S1O
84,F6,224,11.495,S1O
84,F6,225,15.401,S1O
84,F6,226,20.284,S1O
84,F6,227,24.190,S1O
84,F6,228,24.679,S1O
84,F6,229,22.237,S1O
84,F6,230,17.843,S1O
84,F6,231,13.936,S1O
84,F6,232,11.007,S1O
84,F6,233,8.077,S1O
84,F6,234,4.171,S1O
84,F6,235,0.264,S1O
84,F6,236,-2.665,S1O
84,F6,237,-3.642,S1O
84,F6,238,-3.642,S1O
84,F6,239,-3.642,S1O
84,F6,240,-3.153,S1O
84,F6,241,-2.177,S1O
84,F6,242,0.753,S1O
84,F6,243,4.659,S1O
84,F6,244,7.100,S1O
84,F6,245,8.565,S1O
84,F6,246,8.565,S1O
84,F6,247,8.077,S1O
84,F6,248,8.077,S1O
84,F6,249,7.100,S1O
84,F6,250,7.100,S1O
84,F6,251,7.589,S1O
84,F6,252,8.077,S1O
84,F6,253,8.565,S1O
84,F6,254,9.054,S1O
84,F6,255,9.054,S1O
84,FT7,0,-8.087,S1O
84,FT7,1,-8.575,S1O
84,FT7,2,-8.575,S1O
84,FT7,3,-7.111,S1O
84,FT7,4,-3.693,S1O
84,FT7,5,1.190,S1O
84,FT7,6,3.143,S1O
84,FT7,7,1.678,S1O
84,FT7,8,-3.204,S1O
84,FT7,9,-7.599,S1O
84,FT7,10,-8.087,S1O
84,FT7,11,-5.157,S1O
84,FT7,12,-0.763,S1O
84,FT7,13,2.167,S1O
84,FT7,14,2.655,S1O
84,FT7,15,2.655,S1O
84,FT7,16,3.143,S1O
84,FT7,17,4.120,S1O
84,FT7,18,5.585,S1O
84,FT7,19,5.096,S1O
84,FT7,20,3.143,S1O
84,FT7,21,0.702,S1O
84,FT7,22,-0.275,S1O
84,FT7,23,1.190,S1O
84,FT7,24,2.167,S1O
84,FT7,25,2.167,S1O
84,FT7,26,0.214,S1O
84,FT7,27,-2.228,S1O
84,FT7,28,-1.740,S1O
84,FT7,29,1.678,S1O
84,FT7,30,5.585,S1O
84,FT7,31,7.050,S1O
84,FT7,32,5.096,S1O
84,FT7,33,1.190,S1O
84,FT7,34,-0.763,S1O
84,FT7,35,0.214,S1O
84,FT7,36,3.143,S1O
84,FT7,37,6.073,S1O
84,FT7,38,7.050,S1O
84,FT7,39,6.561,S1O
84,FT7,40,7.538,S1O
84,FT7,41,10.956,S1O
84,FT7,42,14.862,S1O
84,FT7,43,14.862,S1O
84,FT7,44,9.003,S1O
84,FT7,45,-0.763,S1O
84,FT7,46,-10.529,S1O
84,FT7,47,-15.411,S1O
84,FT7,48,-15.411,S1O
84,FT7,49,-12.482,S1O
84,FT7,50,-9.064,S1O
84,FT7,51,-7.111,S1O
84,FT7,52,-4.181,S1O
84,FT7,53,-1.251,S1O
84,FT7,54,1.190,S1O
84,FT7,55,1.678,S1O
84,FT7,56,-0.275,S1O
84,FT7,57,-3.693,S1O
84,FT7,58,-5.646,S1O
84,FT7,59,-5.646,S1O
84,FT7,60,-5.157,S1O
84,FT7,61,-6.134,S1O
84,FT7,62,-8.575,S1O
84,FT7,63,-10.529,S1O
84,FT7,64,-9.552,S1O
84,FT7,65,-5.646,S1O
84,FT7,66,-1.251,S1O
84,FT7,67,1.678,S1O
84,FT7,68,1.190,S1O
84,FT7,69,-0.275,S1O
84,FT7,70,-0.763,S1O
84,FT7,71,0.214,S1O
84,FT7,72,1.190,S1O
84,FT7,73,-0.275,S1O
84,FT7,74,-4.181,S1O
84,FT7,75,-8.575,S1O
84,FT7,76,-10.529,S1O
84,FT7,77,-9.552,S1O
84,FT7,78,-7.111,S1O
84,FT7,79,-6.134,S1O
84,FT7,80,-7.111,S1O
84,FT7,81,-9.064,S1O
84,FT7,82,-9.064,S1O
84,FT7,83,-5.157,S1O
84,FT7,84,0.702,S1O
84,FT7,85,6.561,S1O
84,FT7,86,9.491,S1O
84,FT7,87,8.514,S1O
84,FT7,88,5.096,S1O
84,FT7,89,1.678,S1O
84,FT7,90,0.214,S1O
84,FT7,91,0.214,S1O
84,FT7,92,1.190,S1O
84,FT7,93,0.702,S1O
84,FT7,94,-1.740,S1O
84,FT7,95,-5.157,S1O
84,FT7,96,-7.599,S1O
84,FT7,97,-8.575,S1O
84,FT7,98,-7.599,S1O
84,FT7,99,-7.111,S1O
84,FT7,100,-9.064,S1O
84,FT7,101,-12.482,S1O
84,FT7,102,-15.411,S1O
84,FT7,103,-14.923,S1O
84,FT7,104,-10.040,S1O
84,FT7,105,-2.228,S1O
84,FT7,106,3.143,S1O
84,FT7,107,5.096,S1O
84,FT7,108,2.655,S1O
84,FT7,109,-0.763,S1O
84,FT7,110,-2.228,S1O
84,FT7,111,-1.740,S1O
84,FT7,112,-0.763,S1O
84,FT7,113,-1.251,S1O
84,FT7,114,-4.669,S1O
84,FT7,115,-8.087,S1O
84,FT7,116,-10.040,S1O
84,FT7,117,-10.040,S1O
84,FT7,118,-9.064,S1O
84,FT7,119,-9.064,S1O
84,FT7,120,-10.040,S1O
84,FT7,121,-11.505,S1O
84,FT7,122,-11.505,S1O
84,FT7,123,-10.529,S1O
84,FT7,124,-10.040,S1O
84,FT7,125,-11.017,S1O
84,FT7,126,-11.993,S1O
84,FT7,127,-12.482,S1O
84,FT7,128,-11.505,S1O
84,FT7,129,-9.552,S1O
84,FT7,130,-8.575,S1O
84,FT7,131,-9.552,S1O
84,FT7,132,-11.505,S1O
84,FT7,133,-12.970,S1O
84,FT7,134,-11.505,S1O
84,FT7,135,-6.622,S1O
84,FT7,136,0.214,S1O
84,FT7,137,5.585,S1O
84,FT7,138,7.538,S1O
84,FT7,139,5.096,S1O
84,FT7,140,0.214,S1O
84,FT7,141,-5.157,S1O
84,FT7,142,-8.087,S1O
84,FT7,143,-9.552,S1O
84,FT7,144,-10.040,S1O
84,FT7,145,-10.040,S1O
84,FT7,146,-10.040,S1O
84,FT7,147,-8.575,S1O
84,FT7,148,-7.599,S1O
84,FT7,149,-7.599,S1O
84,FT7,150,-10.040,S1O
84,FT7,151,-13.458,S1O
84,FT7,152,-15.411,S1O
84,FT7,153,-15.900,S1O
84,FT7,154,-15.411,S1O
84,FT7,155,-16.388,S1O
84,FT7,156,-18.341,S1O
84,FT7,157,-19.806,S1O
84,FT7,158,-17.853,S1O
84,FT7,159,-10.529,S1O
84,FT7,160,-1.740,S1O
84,FT7,161,6.561,S1O
84,FT7,162,9.003,S1O
84,FT7,163,6.561,S1O
84,FT7,164,2.655,S1O
84,FT7,165,0.702,S1O
84,FT7,166,1.190,S1O
84,FT7,167,3.632,S1O
84,FT7,168,4.120,S1O
84,FT7,169,2.167,S1O
84,FT7,170,-2.228,S1O
84,FT7,171,-8.087,S1O
84,FT7,172,-13.458,S1O
84,FT7,173,-16.388,S1O
84,FT7,174,-16.388,S1O
84,FT7,175,-12.970,S1O
84,FT7,176,-7.111,S1O
84,FT7,177,-1.251,S1O
84,FT7,178,2.655,S1O
84,FT7,179,4.120,S1O
84,FT7,180,4.120,S1O
84,FT7,181,4.608,S1O
84,FT7,182,7.050,S1O
84,FT7,183,9.491,S1O
84,FT7,184,9.491,S1O
84,FT7,185,7.538,S1O
84,FT7,186,5.585,S1O
84,FT7,187,5.096,S1O
84,FT7,188,8.514,S1O
84,FT7,189,13.397,S1O
84,FT7,190,15.350,S1O
84,FT7,191,12.421,S1O
84,FT7,192,4.608,S1O
84,FT7,193,-3.204,S1O
84,FT7,194,-7.599,S1O
84,FT7,195,-7.599,S1O
84,FT7,196,-4.669,S1O
84,FT7,197,-0.763,S1O
84,FT7,198,1.678,S1O
84,FT7,199,1.678,S1O
84,FT7,200,0.702,S1O
84,FT7,201,-0.275,S1O
84,FT7,202,-0.763,S1O
84,FT7,203,-0.275,S1O
84,FT7,204,0.702,S1O
84,FT7,205,1.190,S1O
84,FT7,206,-0.275,S1O
84,FT7,207,-3.204,S1O
84,FT7,208,-6.622,S1O
84,FT7,209,-7.599,S1O
84,FT7,210,-5.157,S1O
84,FT7,211,-2.716,S1O
84,FT7,212,-2.716,S1O
84,FT7,213,-7.111,S1O
84,FT7,214,-15.411,S1O
84,FT7,215,-21.271,S1O
84,FT7,216,-22.736,S1O
84,FT7,217,-18.829,S1O
84,FT7,218,-13.458,S1O
84,FT7,219,-10.040,S1O
84,FT7,220,-9.064,S1O
84,FT7,221,-7.111,S1O
84,FT7,222,-2.716,S1O
84,FT7,223,3.632,S1O
84,FT7,224,8.514,S1O
84,FT7,225,9.979,S1O
84,FT7,226,7.538,S1O
84,FT7,227,5.585,S1O
84,FT7,228,6.561,S1O
84,FT7,229,8.026,S1O
84,FT7,230,8.514,S1O
84,FT7,231,5.096,S1O
84,FT7,232,-1.251,S1O
84,FT7,233,-6.622,S1O
84,FT7,234,-7.111,S1O
84,FT7,235,-3.693,S1O
84,FT7,236,-0.275,S1O
84,FT7,237,-0.275,S1O
84,FT7,238,-4.669,S1O
84,FT7,239,-9.552,S1O
84,FT7,240,-11.505,S1O
84,FT7,241,-9.552,S1O
84,FT7,242,-4.669,S1O
84,FT7,243,-0.275,S1O
84,FT7,244,3.143,S1O
84,FT7,245,6.561,S1O
84,FT7,246,10.468,S1O
84,FT7,247,14.374,S1O
84,FT7,248,16.815,S1O
84,FT7,249,15.350,S1O
84,FT7,250,11.444,S1O
84,FT7,251,6.561,S1O
84,FT7,252,3.632,S1O
84,FT7,253,4.120,S1O
84,FT7,254,5.096,S1O
84,FT7,255,4.120,S1O
84,FT8,0,-3.815,S1O
84,FT8,1,-6.744,S1O
84,FT8,2,-9.186,S1O
84,FT8,3,-8.698,S1O
84,FT8,4,-5.768,S1O
84,FT8,5,-1.862,S1O
84,FT8,6,1.068,S1O
84,FT8,7,2.045,S1O
84,FT8,8,1.556,S1O
84,FT8,9,1.556,S1O
84,FT8,10,3.021,S1O
84,FT8,11,4.974,S1O
84,FT8,12,6.927,S1O
84,FT8,13,8.392,S1O
84,FT8,14,9.369,S1O
84,FT8,15,11.322,S1O
84,FT8,16,12.787,S1O
84,FT8,17,14.740,S1O
84,FT8,18,14.252,S1O
84,FT8,19,12.787,S1O
84,FT8,20,10.345,S1O
84,FT8,21,8.392,S1O
84,FT8,22,7.416,S1O
84,FT8,23,7.904,S1O
84,FT8,24,7.904,S1O
84,FT8,25,7.416,S1O
84,FT8,26,5.463,S1O
84,FT8,27,2.533,S1O
84,FT8,28,-0.885,S1O
84,FT8,29,-3.815,S1O
84,FT8,30,-5.768,S1O
84,FT8,31,-8.209,S1O
84,FT8,32,-9.674,S1O
84,FT8,33,-10.651,S1O
84,FT8,34,-12.115,S1O
84,FT8,35,-11.627,S1O
84,FT8,36,-10.162,S1O
84,FT8,37,-6.744,S1O
84,FT8,38,-1.373,S1O
84,FT8,39,5.463,S1O
84,FT8,40,11.322,S1O
84,FT8,41,15.717,S1O
84,FT8,42,16.693,S1O
84,FT8,43,15.228,S1O
84,FT8,44,10.834,S1O
84,FT8,45,6.439,S1O
84,FT8,46,2.533,S1O
84,FT8,47,0.580,S1O
84,FT8,48,0.092,S1O
84,FT8,49,-0.397,S1O
84,FT8,50,0.092,S1O
84,FT8,51,0.092,S1O
84,FT8,52,0.580,S1O
84,FT8,53,0.580,S1O
84,FT8,54,0.092,S1O
84,FT8,55,-0.885,S1O
84,FT8,56,-2.350,S1O
84,FT8,57,-3.815,S1O
84,FT8,58,-5.768,S1O
84,FT8,59,-7.721,S1O
84,FT8,60,-9.674,S1O
84,FT8,61,-11.627,S1O
84,FT8,62,-13.092,S1O
84,FT8,63,-14.557,S1O
84,FT8,64,-15.045,S1O
84,FT8,65,-15.045,S1O
84,FT8,66,-14.069,S1O
84,FT8,67,-12.604,S1O
84,FT8,68,-9.674,S1O
84,FT8,69,-6.744,S1O
84,FT8,70,-4.303,S1O
84,FT8,71,-2.838,S1O
84,FT8,72,-2.350,S1O
84,FT8,73,-1.862,S1O
84,FT8,74,-1.373,S1O
84,FT8,75,0.092,S1O
84,FT8,76,1.556,S1O
84,FT8,77,2.533,S1O
84,FT8,78,2.533,S1O
84,FT8,79,1.556,S1O
84,FT8,80,-0.397,S1O
84,FT8,81,-3.326,S1O
84,FT8,82,-6.744,S1O
84,FT8,83,-9.186,S1O
84,FT8,84,-10.651,S1O
84,FT8,85,-10.162,S1O
84,FT8,86,-8.698,S1O
84,FT8,87,-8.209,S1O
84,FT8,88,-9.186,S1O
84,FT8,89,-11.627,S1O
84,FT8,90,-13.580,S1O
84,FT8,91,-14.069,S1O
84,FT8,92,-13.092,S1O
84,FT8,93,-11.139,S1O
84,FT8,94,-9.674,S1O
84,FT8,95,-8.209,S1O
84,FT8,96,-7.721,S1O
84,FT8,97,-7.233,S1O
84,FT8,98,-6.256,S1O
84,FT8,99,-4.791,S1O
84,FT8,100,-3.815,S1O
84,FT8,101,-3.326,S1O
84,FT8,102,-2.350,S1O
84,FT8,103,-1.862,S1O
84,FT8,104,-1.862,S1O
84,FT8,105,-2.350,S1O
84,FT8,106,-3.326,S1O
84,FT8,107,-4.791,S1O
84,FT8,108,-5.768,S1O
84,FT8,109,-6.744,S1O
84,FT8,110,-6.744,S1O
84,FT8,111,-7.233,S1O
84,FT8,112,-8.209,S1O
84,FT8,113,-9.674,S1O
84,FT8,114,-11.627,S1O
84,FT8,115,-13.092,S1O
84,FT8,116,-14.557,S1O
84,FT8,117,-15.045,S1O
84,FT8,118,-15.533,S1O
84,FT8,119,-15.533,S1O
84,FT8,120,-14.069,S1O
84,FT8,121,-11.627,S1O
84,FT8,122,-8.698,S1O
84,FT8,123,-5.280,S1O
84,FT8,124,-3.815,S1O
84,FT8,125,-4.303,S1O
84,FT8,126,-6.744,S1O
84,FT8,127,-9.674,S1O
84,FT8,128,-12.604,S1O
84,FT8,129,-14.557,S1O
84,FT8,130,-14.557,S1O
84,FT8,131,-14.069,S1O
84,FT8,132,-12.604,S1O
84,FT8,133,-12.115,S1O
84,FT8,134,-12.115,S1O
84,FT8,135,-12.115,S1O
84,FT8,136,-11.627,S1O
84,FT8,137,-10.162,S1O
84,FT8,138,-9.186,S1O
84,FT8,139,-9.186,S1O
84,FT8,140,-10.162,S1O
84,FT8,141,-11.139,S1O
84,FT8,142,-12.115,S1O
84,FT8,143,-11.627,S1O
84,FT8,144,-11.139,S1O
84,FT8,145,-11.139,S1O
84,FT8,146,-12.115,S1O
84,FT8,147,-13.092,S1O
84,FT8,148,-14.069,S1O
84,FT8,149,-14.557,S1O
84,FT8,150,-14.557,S1O
84,FT8,151,-14.557,S1O
84,FT8,152,-16.022,S1O
84,FT8,153,-18.463,S1O
84,FT8,154,-21.393,S1O
84,FT8,155,-22.858,S1O
84,FT8,156,-21.881,S1O
84,FT8,157,-18.463,S1O
84,FT8,158,-13.092,S1O
84,FT8,159,-8.209,S1O
84,FT8,160,-4.303,S1O
84,FT8,161,-1.862,S1O
84,FT8,162,0.092,S1O
84,FT8,163,0.580,S1O
84,FT8,164,0.092,S1O
84,FT8,165,-1.373,S1O
84,FT8,166,-3.326,S1O
84,FT8,167,-4.303,S1O
84,FT8,168,-3.326,S1O
84,FT8,169,-1.373,S1O
84,FT8,170,0.092,S1O
84,FT8,171,-0.885,S1O
84,FT8,172,-4.791,S1O
84,FT8,173,-11.139,S1O
84,FT8,174,-16.998,S1O
84,FT8,175,-18.951,S1O
84,FT8,176,-17.487,S1O
84,FT8,177,-14.069,S1O
84,FT8,178,-10.651,S1O
84,FT8,179,-8.698,S1O
84,FT8,180,-6.744,S1O
84,FT8,181,-3.815,S1O
84,FT8,182,1.068,S1O
84,FT8,183,6.439,S1O
84,FT8,184,10.345,S1O
84,FT8,185,12.299,S1O
84,FT8,186,11.810,S1O
84,FT8,187,10.345,S1O
84,FT8,188,7.904,S1O
84,FT8,189,4.974,S1O
84,FT8,190,2.533,S1O
84,FT8,191,-1.373,S1O
84,FT8,192,-4.303,S1O
84,FT8,193,-6.256,S1O
84,FT8,194,-6.256,S1O
84,FT8,195,-3.815,S1O
84,FT8,196,-0.885,S1O
84,FT8,197,1.556,S1O
84,FT8,198,2.045,S1O
84,FT8,199,1.068,S1O
84,FT8,200,-0.397,S1O
84,FT8,201,-2.350,S1O
84,FT8,202,-3.326,S1O
84,FT8,203,-4.303,S1O
84,FT8,204,-4.303,S1O
84,FT8,205,-4.303,S1O
84,FT8,206,-3.326,S1O
84,FT8,207,-2.350,S1O
84,FT8,208,-1.373,S1O
84,FT8,209,-2.350,S1O
84,FT8,210,-5.768,S1O
84,FT8,211,-11.627,S1O
84,FT8,212,-17.487,S1O
84,FT8,213,-21.881,S1O
84,FT8,214,-23.346,S1O
84,FT8,215,-22.369,S1O
84,FT8,216,-19.440,S1O
84,FT8,217,-15.533,S1O
84,FT8,218,-11.139,S1O
84,FT8,219,-7.721,S1O
84,FT8,220,-5.280,S1O
84,FT8,221,-3.815,S1O
84,FT8,222,-3.815,S1O
84,FT8,223,-3.815,S1O
84,FT8,224,-3.326,S1O
84,FT8,225,-0.885,S1O
84,FT8,226,2.045,S1O
84,FT8,227,5.463,S1O
84,FT8,228,6.927,S1O
84,FT8,229,5.951,S1O
84,FT8,230,3.510,S1O
84,FT8,231,-0.885,S1O
84,FT8,232,-4.791,S1O
84,FT8,233,-8.209,S1O
84,FT8,234,-11.139,S1O
84,FT8,235,-13.092,S1O
84,FT8,236,-15.045,S1O
84,FT8,237,-16.998,S1O
84,FT8,238,-18.463,S1O
84,FT8,239,-20.905,S1O
84,FT8,240,-21.881,S1O
84,FT8,241,-21.393,S1O
84,FT8,242,-18.951,S1O
84,FT8,243,-15.533,S1O
84,FT8,244,-12.115,S1O
84,FT8,245,-10.162,S1O
84,FT8,246,-10.162,S1O
84,FT8,247,-10.651,S1O
84,FT8,248,-10.651,S1O
84,FT8,249,-9.674,S1O
84,FT8,250,-8.209,S1O
84,FT8,251,-5.768,S1O
84,FT8,252,-3.326,S1O
84,FT8,253,-1.373,S1O
84,FT8,254,0.092,S1O
84,FT8,255,1.068,S1O
84,FPZ,0,1.841,S1O
84,FPZ,1,1.353,S1O
84,FPZ,2,2.330,S1O
84,FPZ,3,5.259,S1O
84,FPZ,4,9.165,S1O
84,FPZ,5,13.072,S1O
84,FPZ,6,14.048,S1O
84,FPZ,7,11.607,S1O
84,FPZ,8,7.212,S1O
84,FPZ,9,3.306,S1O
84,FPZ,10,2.330,S1O
84,FPZ,11,3.306,S1O
84,FPZ,12,5.259,S1O
84,FPZ,13,6.236,S1O
84,FPZ,14,5.259,S1O
84,FPZ,15,5.259,S1O
84,FPZ,16,6.724,S1O
84,FPZ,17,9.165,S1O
84,FPZ,18,12.095,S1O
84,FPZ,19,12.583,S1O
84,FPZ,20,11.607,S1O
84,FPZ,21,10.142,S1O
84,FPZ,22,9.654,S1O
84,FPZ,23,9.654,S1O
84,FPZ,24,9.165,S1O
84,FPZ,25,7.212,S1O
84,FPZ,26,3.794,S1O
84,FPZ,27,0.376,S1O
84,FPZ,28,-2.553,S1O
84,FPZ,29,-3.530,S1O
84,FPZ,30,-3.530,S1O
84,FPZ,31,-3.042,S1O
84,FPZ,32,-2.065,S1O
84,FPZ,33,-2.065,S1O
84,FPZ,34,-3.042,S1O
84,FPZ,35,-4.506,S1O
84,FPZ,36,-5.971,S1O
84,FPZ,37,-5.483,S1O
84,FPZ,38,-1.577,S1O
84,FPZ,39,3.794,S1O
84,FPZ,40,9.654,S1O
84,FPZ,41,13.560,S1O
84,FPZ,42,14.048,S1O
84,FPZ,43,12.583,S1O
84,FPZ,44,10.142,S1O
84,FPZ,45,8.189,S1O
84,FPZ,46,6.236,S1O
84,FPZ,47,3.794,S1O
84,FPZ,48,0.865,S1O
84,FPZ,49,-0.600,S1O
84,FPZ,50,-0.112,S1O
84,FPZ,51,2.330,S1O
84,FPZ,52,5.747,S1O
84,FPZ,53,6.724,S1O
84,FPZ,54,3.794,S1O
84,FPZ,55,-0.600,S1O
84,FPZ,56,-3.530,S1O
84,FPZ,57,-3.530,S1O
84,FPZ,58,-1.577,S1O
84,FPZ,59,-0.600,S1O
84,FPZ,60,-2.553,S1O
84,FPZ,61,-6.948,S1O
84,FPZ,62,-11.342,S1O
84,FPZ,63,-12.319,S1O
84,FPZ,64,-10.854,S1O
84,FPZ,65,-7.924,S1O
84,FPZ,66,-5.483,S1O
84,FPZ,67,-4.018,S1O
84,FPZ,68,-4.018,S1O
84,FPZ,69,-4.506,S1O
84,FPZ,70,-4.995,S1O
84,FPZ,71,-6.948,S1O
84,FPZ,72,-8.413,S1O
84,FPZ,73,-9.389,S1O
84,FPZ,74,-6.948,S1O
84,FPZ,75,-2.065,S1O
84,FPZ,76,3.794,S1O
84,FPZ,77,7.701,S1O
84,FPZ,78,7.701,S1O
84,FPZ,79,4.283,S1O
84,FPZ,80,0.376,S1O
84,FPZ,81,-2.065,S1O
84,FPZ,82,-2.553,S1O
84,FPZ,83,-1.088,S1O
84,FPZ,84,-0.112,S1O
84,FPZ,85,1.353,S1O
84,FPZ,86,2.818,S1O
84,FPZ,87,4.771,S1O
84,FPZ,88,7.212,S1O
84,FPZ,89,6.724,S1O
84,FPZ,90,4.283,S1O
84,FPZ,91,-0.600,S1O
84,FPZ,92,-6.460,S1O
84,FPZ,93,-10.366,S1O
84,FPZ,94,-10.854,S1O
84,FPZ,95,-7.436,S1O
84,FPZ,96,-3.042,S1O
84,FPZ,97,0.376,S1O
84,FPZ,98,0.865,S1O
84,FPZ,99,-1.088,S1O
84,FPZ,100,-2.553,S1O
84,FPZ,101,-3.042,S1O
84,FPZ,102,-1.577,S1O
84,FPZ,103,0.865,S1O
84,FPZ,104,1.841,S1O
84,FPZ,105,2.330,S1O
84,FPZ,106,1.841,S1O
84,FPZ,107,1.841,S1O
84,FPZ,108,2.818,S1O
84,FPZ,109,3.306,S1O
84,FPZ,110,2.818,S1O
84,FPZ,111,1.353,S1O
84,FPZ,112,-0.112,S1O
84,FPZ,113,-1.088,S1O
84,FPZ,114,-1.577,S1O
84,FPZ,115,-2.065,S1O
84,FPZ,116,-4.506,S1O
84,FPZ,117,-8.413,S1O
84,FPZ,118,-11.342,S1O
84,FPZ,119,-11.831,S1O
84,FPZ,120,-10.366,S1O
84,FPZ,121,-7.924,S1O
84,FPZ,122,-5.971,S1O
84,FPZ,123,-5.971,S1O
84,FPZ,124,-6.460,S1O
84,FPZ,125,-6.460,S1O
84,FPZ,126,-5.483,S1O
84,FPZ,127,-4.018,S1O
84,FPZ,128,-4.018,S1O
84,FPZ,129,-5.483,S1O
84,FPZ,130,-7.924,S1O
84,FPZ,131,-8.901,S1O
84,FPZ,132,-6.948,S1O
84,FPZ,133,-3.530,S1O
84,FPZ,134,-0.600,S1O
84,FPZ,135,-0.600,S1O
84,FPZ,136,-4.018,S1O
84,FPZ,137,-8.413,S1O
84,FPZ,138,-11.342,S1O
84,FPZ,139,-10.366,S1O
84,FPZ,140,-7.436,S1O
84,FPZ,141,-3.530,S1O
84,FPZ,142,-1.577,S1O
84,FPZ,143,-2.065,S1O
84,FPZ,144,-4.506,S1O
84,FPZ,145,-6.460,S1O
84,FPZ,146,-6.460,S1O
84,FPZ,147,-4.506,S1O
84,FPZ,148,-1.088,S1O
84,FPZ,149,1.841,S1O
84,FPZ,150,3.306,S1O
84,FPZ,151,1.353,S1O
84,FPZ,152,-2.553,S1O
84,FPZ,153,-8.901,S1O
84,FPZ,154,-13.784,S1O
84,FPZ,155,-15.249,S1O
84,FPZ,156,-11.831,S1O
84,FPZ,157,-4.506,S1O
84,FPZ,158,3.306,S1O
84,FPZ,159,8.189,S1O
84,FPZ,160,10.142,S1O
84,FPZ,161,9.654,S1O
84,FPZ,162,8.189,S1O
84,FPZ,163,8.189,S1O
84,FPZ,164,9.165,S1O
84,FPZ,165,11.607,S1O
84,FPZ,166,14.048,S1O
84,FPZ,167,16.001,S1O
84,FPZ,168,17.466,S1O
84,FPZ,169,17.955,S1O
84,FPZ,170,17.955,S1O
84,FPZ,171,16.001,S1O
84,FPZ,172,13.072,S1O
84,FPZ,173,8.677,S1O
84,FPZ,174,5.259,S1O
84,FPZ,175,4.283,S1O
84,FPZ,176,6.236,S1O
84,FPZ,177,9.654,S1O
84,FPZ,178,13.072,S1O
84,FPZ,179,15.025,S1O
84,FPZ,180,16.001,S1O
84,FPZ,181,16.978,S1O
84,FPZ,182,18.931,S1O
84,FPZ,183,21.372,S1O
84,FPZ,184,23.814,S1O
84,FPZ,185,26.744,S1O
84,FPZ,186,29.185,S1O
84,FPZ,187,31.626,S1O
84,FPZ,188,33.091,S1O
84,FPZ,189,32.603,S1O
84,FPZ,190,28.697,S1O
84,FPZ,191,21.861,S1O
84,FPZ,192,15.025,S1O
84,FPZ,193,9.165,S1O
84,FPZ,194,7.701,S1O
84,FPZ,195,10.630,S1O
84,FPZ,196,16.490,S1O
84,FPZ,197,23.326,S1O
84,FPZ,198,26.744,S1O
84,FPZ,199,26.255,S1O
84,FPZ,200,21.372,S1O
84,FPZ,201,15.513,S1O
84,FPZ,202,12.095,S1O
84,FPZ,203,13.560,S1O
84,FPZ,204,18.443,S1O
84,FPZ,205,25.279,S1O
84,FPZ,206,29.673,S1O
84,FPZ,207,31.138,S1O
84,FPZ,208,28.697,S1O
84,FPZ,209,24.302,S1O
84,FPZ,210,20.396,S1O
84,FPZ,211,16.978,S1O
84,FPZ,212,14.537,S1O
84,FPZ,213,11.607,S1O
84,FPZ,214,8.677,S1O
84,FPZ,215,6.236,S1O
84,FPZ,216,5.259,S1O
84,FPZ,217,7.701,S1O
84,FPZ,218,13.072,S1O
84,FPZ,219,17.955,S1O
84,FPZ,220,20.884,S1O
84,FPZ,221,20.884,S1O
84,FPZ,222,19.908,S1O
84,FPZ,223,18.931,S1O
84,FPZ,224,20.396,S1O
84,FPZ,225,25.767,S1O
84,FPZ,226,32.603,S1O
84,FPZ,227,39.439,S1O
84,FPZ,228,41.880,S1O
84,FPZ,229,39.439,S1O
84,FPZ,230,32.115,S1O
84,FPZ,231,23.326,S1O
84,FPZ,232,17.466,S1O
84,FPZ,233,15.513,S1O
84,FPZ,234,16.978,S1O
84,FPZ,235,18.931,S1O
84,FPZ,236,17.955,S1O
84,FPZ,237,11.607,S1O
84,FPZ,238,3.306,S1O
84,FPZ,239,-2.065,S1O
84,FPZ,240,-1.577,S1O
84,FPZ,241,4.283,S1O
84,FPZ,242,13.072,S1O
84,FPZ,243,19.419,S1O
84,FPZ,244,21.861,S1O
84,FPZ,245,21.861,S1O
84,FPZ,246,21.861,S1O
84,FPZ,247,23.326,S1O
84,FPZ,248,25.279,S1O
84,FPZ,249,25.767,S1O
84,FPZ,250,23.814,S1O
84,FPZ,251,21.372,S1O
84,FPZ,252,20.396,S1O
84,FPZ,253,21.861,S1O
84,FPZ,254,23.814,S1O
84,FPZ,255,25.279,S1O
84,FC4,0,-1.841,S1O
84,FC4,1,-1.841,S1O
84,FC4,2,-1.353,S1O
84,FC4,3,0.112,S1O
84,FC4,4,1.577,S1O
84,FC4,5,2.553,S1O
84,FC4,6,3.042,S1O
84,FC4,7,3.530,S1O
84,FC4,8,3.042,S1O
84,FC4,9,2.553,S1O
84,FC4,10,3.042,S1O
84,FC4,11,3.530,S1O
84,FC4,12,4.018,S1O
84,FC4,13,4.995,S1O
84,FC4,14,5.971,S1O
84,FC4,15,6.460,S1O
84,FC4,16,6.460,S1O
84,FC4,17,5.971,S1O
84,FC4,18,5.483,S1O
84,FC4,19,4.506,S1O
84,FC4,20,3.042,S1O
84,FC4,21,2.065,S1O
84,FC4,22,1.577,S1O
84,FC4,23,1.577,S1O
84,FC4,24,2.065,S1O
84,FC4,25,2.553,S1O
84,FC4,26,2.065,S1O
84,FC4,27,1.577,S1O
84,FC4,28,0.600,S1O
84,FC4,29,-0.865,S1O
84,FC4,30,-2.330,S1O
84,FC4,31,-3.794,S1O
84,FC4,32,-5.747,S1O
84,FC4,33,-7.212,S1O
84,FC4,34,-8.677,S1O
84,FC4,35,-8.677,S1O
84,FC4,36,-7.701,S1O
84,FC4,37,-4.283,S1O
84,FC4,38,0.112,S1O
84,FC4,39,4.018,S1O
84,FC4,40,6.948,S1O
84,FC4,41,7.924,S1O
84,FC4,42,7.924,S1O
84,FC4,43,6.948,S1O
84,FC4,44,6.460,S1O
84,FC4,45,5.971,S1O
84,FC4,46,5.483,S1O
84,FC4,47,4.506,S1O
84,FC4,48,4.018,S1O
84,FC4,49,3.042,S1O
84,FC4,50,2.065,S1O
84,FC4,51,1.577,S1O
84,FC4,52,1.577,S1O
84,FC4,53,1.577,S1O
84,FC4,54,1.088,S1O
84,FC4,55,1.088,S1O
84,FC4,56,0.600,S1O
84,FC4,57,-0.376,S1O
84,FC4,58,-1.353,S1O
84,FC4,59,-3.306,S1O
84,FC4,60,-5.259,S1O
84,FC4,61,-7.212,S1O
84,FC4,62,-8.189,S1O
84,FC4,63,-8.677,S1O
84,FC4,64,-8.189,S1O
84,FC4,65,-7.212,S1O
84,FC4,66,-6.724,S1O
84,FC4,67,-6.724,S1O
84,FC4,68,-5.747,S1O
84,FC4,69,-5.259,S1O
84,FC4,70,-3.794,S1O
84,FC4,71,-2.818,S1O
84,FC4,72,-1.353,S1O
84,FC4,73,-0.376,S1O
84,FC4,74,0.112,S1O
84,FC4,75,0.600,S1O
84,FC4,76,0.112,S1O
84,FC4,77,0.112,S1O
84,FC4,78,-0.376,S1O
84,FC4,79,0.112,S1O
84,FC4,80,-0.376,S1O
84,FC4,81,-1.353,S1O
84,FC4,82,-3.306,S1O
84,FC4,83,-4.771,S1O
84,FC4,84,-5.747,S1O
84,FC4,85,-5.747,S1O
84,FC4,86,-4.771,S1O
84,FC4,87,-3.794,S1O
84,FC4,88,-3.306,S1O
84,FC4,89,-3.306,S1O
84,FC4,90,-3.794,S1O
84,FC4,91,-4.283,S1O
84,FC4,92,-4.771,S1O
84,FC4,93,-4.771,S1O
84,FC4,94,-4.283,S1O
84,FC4,95,-3.794,S1O
84,FC4,96,-3.306,S1O
84,FC4,97,-2.818,S1O
84,FC4,98,-1.841,S1O
84,FC4,99,-1.841,S1O
84,FC4,100,-1.841,S1O
84,FC4,101,-1.841,S1O
84,FC4,102,-1.353,S1O
84,FC4,103,-1.353,S1O
84,FC4,104,-1.841,S1O
84,FC4,105,-2.330,S1O
84,FC4,106,-3.306,S1O
84,FC4,107,-4.283,S1O
84,FC4,108,-4.283,S1O
84,FC4,109,-2.818,S1O
84,FC4,110,-1.353,S1O
84,FC4,111,-0.376,S1O
84,FC4,112,-0.376,S1O
84,FC4,113,-1.353,S1O
84,FC4,114,-2.818,S1O
84,FC4,115,-3.794,S1O
84,FC4,116,-5.259,S1O
84,FC4,117,-6.236,S1O
84,FC4,118,-6.724,S1O
84,FC4,119,-6.724,S1O
84,FC4,120,-6.236,S1O
84,FC4,121,-5.259,S1O
84,FC4,122,-3.794,S1O
84,FC4,123,-1.841,S1O
84,FC4,124,-1.353,S1O
84,FC4,125,-0.865,S1O
84,FC4,126,-0.865,S1O
84,FC4,127,-1.353,S1O
84,FC4,128,-2.330,S1O
84,FC4,129,-3.306,S1O
84,FC4,130,-3.794,S1O
84,FC4,131,-4.283,S1O
84,FC4,132,-3.794,S1O
84,FC4,133,-3.794,S1O
84,FC4,134,-3.794,S1O
84,FC4,135,-4.283,S1O
84,FC4,136,-4.771,S1O
84,FC4,137,-4.283,S1O
84,FC4,138,-3.306,S1O
84,FC4,139,-2.330,S1O
84,FC4,140,-0.865,S1O
84,FC4,141,-0.865,S1O
84,FC4,142,-1.353,S1O
84,FC4,143,-1.353,S1O
84,FC4,144,-1.841,S1O
84,FC4,145,-1.353,S1O
84,FC4,146,-1.353,S1O
84,FC4,147,-0.376,S1O
84,FC4,148,0.112,S1O
84,FC4,149,0.112,S1O
84,FC4,150,0.112,S1O
84,FC4,151,-0.865,S1O
84,FC4,152,-2.330,S1O
84,FC4,153,-4.771,S1O
84,FC4,154,-6.724,S1O
84,FC4,155,-7.701,S1O
84,FC4,156,-6.724,S1O
84,FC4,157,-3.794,S1O
84,FC4,158,-0.376,S1O
84,FC4,159,2.065,S1O
84,FC4,160,3.042,S1O
84,FC4,161,3.530,S1O
84,FC4,162,3.530,S1O
84,FC4,163,4.018,S1O
84,FC4,164,4.995,S1O
84,FC4,165,5.971,S1O
84,FC4,166,6.948,S1O
84,FC4,167,7.436,S1O
84,FC4,168,7.436,S1O
84,FC4,169,6.948,S1O
84,FC4,170,5.971,S1O
84,FC4,171,4.018,S1O
84,FC4,172,1.577,S1O
84,FC4,173,-0.865,S1O
84,FC4,174,-3.306,S1O
84,FC4,175,-4.283,S1O
84,FC4,176,-3.794,S1O
84,FC4,177,-2.330,S1O
84,FC4,178,-0.376,S1O
84,FC4,179,1.577,S1O
84,FC4,180,3.530,S1O
84,FC4,181,4.995,S1O
84,FC4,182,6.948,S1O
84,FC4,183,9.389,S1O
84,FC4,184,11.831,S1O
84,FC4,185,14.272,S1O
84,FC4,186,16.225,S1O
84,FC4,187,16.713,S1O
84,FC4,188,15.737,S1O
84,FC4,189,14.272,S1O
84,FC4,190,11.831,S1O
84,FC4,191,8.901,S1O
84,FC4,192,6.460,S1O
84,FC4,193,4.018,S1O
84,FC4,194,3.530,S1O
84,FC4,195,3.530,S1O
84,FC4,196,4.995,S1O
84,FC4,197,6.460,S1O
84,FC4,198,7.924,S1O
84,FC4,199,8.901,S1O
84,FC4,200,8.413,S1O
84,FC4,201,7.436,S1O
84,FC4,202,6.948,S1O
84,FC4,203,6.948,S1O
84,FC4,204,7.924,S1O
84,FC4,205,9.878,S1O
84,FC4,206,11.831,S1O
84,FC4,207,12.807,S1O
84,FC4,208,12.807,S1O
84,FC4,209,11.831,S1O
84,FC4,210,9.389,S1O
84,FC4,211,6.460,S1O
84,FC4,212,3.530,S1O
84,FC4,213,1.088,S1O
84,FC4,214,-0.865,S1O
84,FC4,215,-1.841,S1O
84,FC4,216,-2.330,S1O
84,FC4,217,-1.353,S1O
84,FC4,218,0.600,S1O
84,FC4,219,3.042,S1O
84,FC4,220,4.995,S1O
84,FC4,221,6.460,S1O
84,FC4,222,6.948,S1O
84,FC4,223,7.436,S1O
84,FC4,224,7.924,S1O
84,FC4,225,9.389,S1O
84,FC4,226,11.831,S1O
84,FC4,227,14.272,S1O
84,FC4,228,16.225,S1O
84,FC4,229,15.737,S1O
84,FC4,230,14.272,S1O
84,FC4,231,10.854,S1O
84,FC4,232,6.948,S1O
84,FC4,233,4.018,S1O
84,FC4,234,1.577,S1O
84,FC4,235,0.112,S1O
84,FC4,236,-0.865,S1O
84,FC4,237,-1.353,S1O
84,FC4,238,-1.841,S1O
84,FC4,239,-2.330,S1O
84,FC4,240,-1.841,S1O
84,FC4,241,-1.353,S1O
84,FC4,242,-0.376,S1O
84,FC4,243,1.088,S1O
84,FC4,244,3.042,S1O
84,FC4,245,4.018,S1O
84,FC4,246,4.506,S1O
84,FC4,247,4.506,S1O
84,FC4,248,4.506,S1O
84,FC4,249,4.018,S1O
84,FC4,250,4.995,S1O
84,FC4,251,6.460,S1O
84,FC4,252,7.924,S1O
84,FC4,253,9.389,S1O
84,FC4,254,10.366,S1O
84,FC4,255,10.854,S1O
84,FC3,0,-2.401,S1O
84,FC3,1,-3.866,S1O
84,FC3,2,-3.377,S1O
84,FC3,3,-2.401,S1O
84,FC3,4,-0.936,S1O
84,FC3,5,0.041,S1O
84,FC3,6,0.041,S1O
84,FC3,7,0.041,S1O
84,FC3,8,0.041,S1O
84,FC3,9,-0.936,S1O
84,FC3,10,-1.912,S1O
84,FC3,11,-2.889,S1O
84,FC3,12,-2.401,S1O
84,FC3,13,-0.936,S1O
84,FC3,14,1.017,S1O
84,FC3,15,2.970,S1O
84,FC3,16,4.435,S1O
84,FC3,17,5.900,S1O
84,FC3,18,5.900,S1O
84,FC3,19,5.412,S1O
84,FC3,20,3.947,S1O
84,FC3,21,1.994,S1O
84,FC3,22,1.017,S1O
84,FC3,23,1.017,S1O
84,FC3,24,1.017,S1O
84,FC3,25,0.529,S1O
84,FC3,26,-0.448,S1O
84,FC3,27,-0.936,S1O
84,FC3,28,-0.448,S1O
84,FC3,29,0.041,S1O
84,FC3,30,0.529,S1O
84,FC3,31,0.041,S1O
84,FC3,32,-0.936,S1O
84,FC3,33,-1.424,S1O
84,FC3,34,-0.448,S1O
84,FC3,35,1.506,S1O
84,FC3,36,3.459,S1O
84,FC3,37,4.924,S1O
84,FC3,38,5.900,S1O
84,FC3,39,6.388,S1O
84,FC3,40,7.365,S1O
84,FC3,41,7.853,S1O
84,FC3,42,6.877,S1O
84,FC3,43,4.435,S1O
84,FC3,44,1.017,S1O
84,FC3,45,-1.912,S1O
84,FC3,46,-3.866,S1O
84,FC3,47,-4.842,S1O
84,FC3,48,-3.866,S1O
84,FC3,49,-2.889,S1O
84,FC3,50,-1.424,S1O
84,FC3,51,0.041,S1O
84,FC3,52,1.506,S1O
84,FC3,53,1.506,S1O
84,FC3,54,0.529,S1O
84,FC3,55,0.041,S1O
84,FC3,56,-0.448,S1O
84,FC3,57,0.529,S1O
84,FC3,58,1.017,S1O
84,FC3,59,0.529,S1O
84,FC3,60,-0.936,S1O
84,FC3,61,-2.889,S1O
84,FC3,62,-3.377,S1O
84,FC3,63,-2.889,S1O
84,FC3,64,-2.401,S1O
84,FC3,65,-2.889,S1O
84,FC3,66,-3.866,S1O
84,FC3,67,-4.354,S1O
84,FC3,68,-3.866,S1O
84,FC3,69,-1.424,S1O
84,FC3,70,0.529,S1O
84,FC3,71,1.994,S1O
84,FC3,72,1.994,S1O
84,FC3,73,1.017,S1O
84,FC3,74,0.041,S1O
84,FC3,75,-0.936,S1O
84,FC3,76,-1.912,S1O
84,FC3,77,-2.889,S1O
84,FC3,78,-3.377,S1O
84,FC3,79,-3.377,S1O
84,FC3,80,-1.912,S1O
84,FC3,81,-0.936,S1O
84,FC3,82,0.041,S1O
84,FC3,83,1.017,S1O
84,FC3,84,1.994,S1O
84,FC3,85,3.459,S1O
84,FC3,86,5.412,S1O
84,FC3,87,6.877,S1O
84,FC3,88,6.388,S1O
84,FC3,89,4.435,S1O
84,FC3,90,1.994,S1O
84,FC3,91,0.529,S1O
84,FC3,92,0.529,S1O
84,FC3,93,1.017,S1O
84,FC3,94,0.041,S1O
84,FC3,95,-1.424,S1O
84,FC3,96,-2.889,S1O
84,FC3,97,-2.889,S1O
84,FC3,98,-1.912,S1O
84,FC3,99,-0.936,S1O
84,FC3,100,-1.424,S1O
84,FC3,101,-3.866,S1O
84,FC3,102,-4.842,S1O
84,FC3,103,-4.354,S1O
84,FC3,104,-1.424,S1O
84,FC3,105,0.529,S1O
84,FC3,106,1.506,S1O
84,FC3,107,1.994,S1O
84,FC3,108,1.994,S1O
84,FC3,109,2.970,S1O
84,FC3,110,3.947,S1O
84,FC3,111,3.459,S1O
84,FC3,112,1.994,S1O
84,FC3,113,0.529,S1O
84,FC3,114,0.041,S1O
84,FC3,115,-0.448,S1O
84,FC3,116,-1.912,S1O
84,FC3,117,-3.866,S1O
84,FC3,118,-5.330,S1O
84,FC3,119,-5.819,S1O
84,FC3,120,-4.842,S1O
84,FC3,121,-2.889,S1O
84,FC3,122,-0.936,S1O
84,FC3,123,0.041,S1O
84,FC3,124,0.041,S1O
84,FC3,125,-0.936,S1O
84,FC3,126,-2.401,S1O
84,FC3,127,-4.354,S1O
84,FC3,128,-5.330,S1O
84,FC3,129,-5.330,S1O
84,FC3,130,-3.377,S1O
84,FC3,131,-1.424,S1O
84,FC3,132,-0.936,S1O
84,FC3,133,-2.401,S1O
84,FC3,134,-3.866,S1O
84,FC3,135,-3.866,S1O
84,FC3,136,-2.401,S1O
84,FC3,137,-0.448,S1O
84,FC3,138,1.017,S1O
84,FC3,139,0.529,S1O
84,FC3,140,-0.936,S1O
84,FC3,141,-1.912,S1O
84,FC3,142,-1.912,S1O
84,FC3,143,-2.401,S1O
84,FC3,144,-3.866,S1O
84,FC3,145,-5.330,S1O
84,FC3,146,-6.795,S1O
84,FC3,147,-6.795,S1O
84,FC3,148,-6.307,S1O
84,FC3,149,-6.307,S1O
84,FC3,150,-5.819,S1O
84,FC3,151,-6.795,S1O
84,FC3,152,-7.772,S1O
84,FC3,153,-8.260,S1O
84,FC3,154,-9.237,S1O
84,FC3,155,-8.748,S1O
84,FC3,156,-7.772,S1O
84,FC3,157,-5.819,S1O
84,FC3,158,-3.866,S1O
84,FC3,159,-2.401,S1O
84,FC3,160,-0.936,S1O
84,FC3,161,0.041,S1O
84,FC3,162,0.041,S1O
84,FC3,163,-0.936,S1O
84,FC3,164,-1.912,S1O
84,FC3,165,-2.401,S1O
84,FC3,166,-1.912,S1O
84,FC3,167,-1.912,S1O
84,FC3,168,-1.912,S1O
84,FC3,169,-3.377,S1O
84,FC3,170,-4.842,S1O
84,FC3,171,-6.307,S1O
84,FC3,172,-7.772,S1O
84,FC3,173,-9.725,S1O
84,FC3,174,-10.213,S1O
84,FC3,175,-8.748,S1O
84,FC3,176,-5.330,S1O
84,FC3,177,-1.912,S1O
84,FC3,178,-0.448,S1O
84,FC3,179,0.529,S1O
84,FC3,180,1.017,S1O
84,FC3,181,2.482,S1O
84,FC3,182,4.924,S1O
84,FC3,183,5.900,S1O
84,FC3,184,6.388,S1O
84,FC3,185,5.900,S1O
84,FC3,186,6.388,S1O
84,FC3,187,7.365,S1O
84,FC3,188,8.341,S1O
84,FC3,189,6.877,S1O
84,FC3,190,4.435,S1O
84,FC3,191,1.506,S1O
84,FC3,192,0.041,S1O
84,FC3,193,0.041,S1O
84,FC3,194,-0.448,S1O
84,FC3,195,-0.936,S1O
84,FC3,196,-2.401,S1O
84,FC3,197,-2.401,S1O
84,FC3,198,-1.912,S1O
84,FC3,199,-1.912,S1O
84,FC3,200,-1.424,S1O
84,FC3,201,-1.424,S1O
84,FC3,202,-0.448,S1O
84,FC3,203,1.017,S1O
84,FC3,204,1.994,S1O
84,FC3,205,2.482,S1O
84,FC3,206,1.506,S1O
84,FC3,207,0.529,S1O
84,FC3,208,0.041,S1O
84,FC3,209,-0.448,S1O
84,FC3,210,-1.424,S1O
84,FC3,211,-3.866,S1O
84,FC3,212,-6.795,S1O
84,FC3,213,-9.725,S1O
84,FC3,214,-10.701,S1O
84,FC3,215,-9.725,S1O
84,FC3,216,-8.260,S1O
84,FC3,217,-7.284,S1O
84,FC3,218,-6.795,S1O
84,FC3,219,-6.307,S1O
84,FC3,220,-4.842,S1O
84,FC3,221,-3.377,S1O
84,FC3,222,-1.912,S1O
84,FC3,223,-0.936,S1O
84,FC3,224,0.529,S1O
84,FC3,225,1.994,S1O
84,FC3,226,4.435,S1O
84,FC3,227,6.877,S1O
84,FC3,228,7.853,S1O
84,FC3,229,6.388,S1O
84,FC3,230,2.970,S1O
84,FC3,231,0.041,S1O
84,FC3,232,-1.912,S1O
84,FC3,233,-2.889,S1O
84,FC3,234,-3.866,S1O
84,FC3,235,-4.842,S1O
84,FC3,236,-6.307,S1O
84,FC3,237,-7.284,S1O
84,FC3,238,-6.795,S1O
84,FC3,239,-5.330,S1O
84,FC3,240,-3.866,S1O
84,FC3,241,-2.401,S1O
84,FC3,242,-1.424,S1O
84,FC3,243,0.529,S1O
84,FC3,244,3.459,S1O
84,FC3,245,7.853,S1O
84,FC3,246,9.806,S1O
84,FC3,247,10.295,S1O
84,FC3,248,9.318,S1O
84,FC3,249,8.341,S1O
84,FC3,250,7.853,S1O
84,FC3,251,6.388,S1O
84,FC3,252,4.924,S1O
84,FC3,253,2.970,S1O
84,FC3,254,1.506,S1O
84,FC3,255,0.041,S1O
84,C6,0,-3.479,S1O
84,C6,1,-4.456,S1O
84,C6,2,-3.967,S1O
84,C6,3,-2.502,S1O
84,C6,4,-1.038,S1O
84,C6,5,-0.061,S1O
84,C6,6,-0.061,S1O
84,C6,7,-0.549,S1O
84,C6,8,-0.061,S1O
84,C6,9,0.916,S1O
84,C6,10,3.357,S1O
84,C6,11,5.310,S1O
84,C6,12,6.775,S1O
84,C6,13,8.240,S1O
84,C6,14,9.216,S1O
84,C6,15,9.705,S1O
84,C6,16,9.216,S1O
84,C6,17,7.751,S1O
84,C6,18,5.310,S1O
84,C6,19,3.357,S1O
84,C6,20,1.892,S1O
84,C6,21,0.916,S1O
84,C6,22,1.404,S1O
84,C6,23,1.892,S1O
84,C6,24,2.380,S1O
84,C6,25,2.380,S1O
84,C6,26,0.916,S1O
84,C6,27,-1.038,S1O
84,C6,28,-3.967,S1O
84,C6,29,-5.920,S1O
84,C6,30,-7.874,S1O
84,C6,31,-8.850,S1O
84,C6,32,-10.803,S1O
84,C6,33,-12.268,S1O
84,C6,34,-12.756,S1O
84,C6,35,-10.803,S1O
84,C6,36,-6.897,S1O
84,C6,37,-2.502,S1O
84,C6,38,1.892,S1O
84,C6,39,5.310,S1O
84,C6,40,8.240,S1O
84,C6,41,9.216,S1O
84,C6,42,8.728,S1O
84,C6,43,7.263,S1O
84,C6,44,4.333,S1O
84,C6,45,2.380,S1O
84,C6,46,0.427,S1O
84,C6,47,-0.549,S1O
84,C6,48,-1.526,S1O
84,C6,49,-2.014,S1O
84,C6,50,-1.526,S1O
84,C6,51,-1.038,S1O
84,C6,52,-0.061,S1O
84,C6,53,0.916,S1O
84,C6,54,0.427,S1O
84,C6,55,-0.061,S1O
84,C6,56,-0.549,S1O
84,C6,57,-1.038,S1O
84,C6,58,-2.014,S1O
84,C6,59,-4.456,S1O
84,C6,60,-6.409,S1O
84,C6,61,-7.874,S1O
84,C6,62,-8.362,S1O
84,C6,63,-8.362,S1O
84,C6,64,-8.362,S1O
84,C6,65,-8.362,S1O
84,C6,66,-7.385,S1O
84,C6,67,-5.432,S1O
84,C6,68,-2.991,S1O
84,C6,69,-1.526,S1O
84,C6,70,-0.061,S1O
84,C6,71,0.427,S1O
84,C6,72,1.404,S1O
84,C6,73,2.869,S1O
84,C6,74,3.845,S1O
84,C6,75,4.333,S1O
84,C6,76,3.845,S1O
84,C6,77,3.357,S1O
84,C6,78,2.869,S1O
84,C6,79,1.404,S1O
84,C6,80,-1.038,S1O
84,C6,81,-4.456,S1O
84,C6,82,-6.409,S1O
84,C6,83,-6.897,S1O
84,C6,84,-5.920,S1O
84,C6,85,-4.944,S1O
84,C6,86,-4.944,S1O
84,C6,87,-5.432,S1O
84,C6,88,-6.897,S1O
84,C6,89,-7.385,S1O
84,C6,90,-6.409,S1O
84,C6,91,-5.432,S1O
84,C6,92,-3.967,S1O
84,C6,93,-2.991,S1O
84,C6,94,-2.014,S1O
84,C6,95,-0.549,S1O
84,C6,96,1.404,S1O
84,C6,97,2.869,S1O
84,C6,98,3.845,S1O
84,C6,99,3.357,S1O
84,C6,100,2.869,S1O
84,C6,101,2.380,S1O
84,C6,102,2.869,S1O
84,C6,103,2.380,S1O
84,C6,104,1.892,S1O
84,C6,105,-0.061,S1O
84,C6,106,-1.038,S1O
84,C6,107,-1.526,S1O
84,C6,108,-1.038,S1O
84,C6,109,-1.038,S1O
84,C6,110,-1.038,S1O
84,C6,111,-2.502,S1O
84,C6,112,-3.967,S1O
84,C6,113,-4.456,S1O
84,C6,114,-4.944,S1O
84,C6,115,-5.920,S1O
84,C6,116,-7.385,S1O
84,C6,117,-8.362,S1O
84,C6,118,-7.874,S1O
84,C6,119,-5.920,S1O
84,C6,120,-2.991,S1O
84,C6,121,-1.038,S1O
84,C6,122,0.427,S1O
84,C6,123,0.916,S1O
84,C6,124,0.916,S1O
84,C6,125,0.427,S1O
84,C6,126,-0.549,S1O
84,C6,127,-2.991,S1O
84,C6,128,-4.944,S1O
84,C6,129,-6.409,S1O
84,C6,130,-6.897,S1O
84,C6,131,-6.897,S1O
84,C6,132,-6.897,S1O
84,C6,133,-7.385,S1O
84,C6,134,-7.385,S1O
84,C6,135,-6.409,S1O
84,C6,136,-3.967,S1O
84,C6,137,-2.014,S1O
84,C6,138,-0.549,S1O
84,C6,139,-0.549,S1O
84,C6,140,-2.014,S1O
84,C6,141,-2.991,S1O
84,C6,142,-3.479,S1O
84,C6,143,-2.991,S1O
84,C6,144,-2.502,S1O
84,C6,145,-1.526,S1O
84,C6,146,-2.014,S1O
84,C6,147,-2.014,S1O
84,C6,148,-2.991,S1O
84,C6,149,-3.479,S1O
84,C6,150,-4.456,S1O
84,C6,151,-5.920,S1O
84,C6,152,-7.874,S1O
84,C6,153,-10.803,S1O
84,C6,154,-12.268,S1O
84,C6,155,-11.780,S1O
84,C6,156,-8.850,S1O
84,C6,157,-5.432,S1O
84,C6,158,-2.014,S1O
84,C6,159,0.916,S1O
84,C6,160,2.869,S1O
84,C6,161,4.333,S1O
84,C6,162,4.822,S1O
84,C6,163,5.310,S1O
84,C6,164,4.333,S1O
84,C6,165,3.357,S1O
84,C6,166,3.357,S1O
84,C6,167,4.333,S1O
84,C6,168,5.310,S1O
84,C6,169,5.798,S1O
84,C6,170,4.333,S1O
84,C6,171,1.404,S1O
84,C6,172,-2.502,S1O
84,C6,173,-5.920,S1O
84,C6,174,-8.362,S1O
84,C6,175,-8.362,S1O
84,C6,176,-7.385,S1O
84,C6,177,-5.920,S1O
84,C6,178,-3.967,S1O
84,C6,179,-2.014,S1O
84,C6,180,1.892,S1O
84,C6,181,5.310,S1O
84,C6,182,8.728,S1O
84,C6,183,11.169,S1O
84,C6,184,12.634,S1O
84,C6,185,13.611,S1O
84,C6,186,13.123,S1O
84,C6,187,11.658,S1O
84,C6,188,9.705,S1O
84,C6,189,7.751,S1O
84,C6,190,5.798,S1O
84,C6,191,3.357,S1O
84,C6,192,1.404,S1O
84,C6,193,0.916,S1O
84,C6,194,1.404,S1O
84,C6,195,3.357,S1O
84,C6,196,5.310,S1O
84,C6,197,6.775,S1O
84,C6,198,5.798,S1O
84,C6,199,3.845,S1O
84,C6,200,2.869,S1O
84,C6,201,2.380,S1O
84,C6,202,2.380,S1O
84,C6,203,2.869,S1O
84,C6,204,3.357,S1O
84,C6,205,4.822,S1O
84,C6,206,5.798,S1O
84,C6,207,6.775,S1O
84,C6,208,6.775,S1O
84,C6,209,4.333,S1O
84,C6,210,0.916,S1O
84,C6,211,-2.991,S1O
84,C6,212,-6.409,S1O
84,C6,213,-7.874,S1O
84,C6,214,-7.874,S1O
84,C6,215,-6.409,S1O
84,C6,216,-5.432,S1O
84,C6,217,-3.967,S1O
84,C6,218,-2.014,S1O
84,C6,219,-0.061,S1O
84,C6,220,1.404,S1O
84,C6,221,1.892,S1O
84,C6,222,1.404,S1O
84,C6,223,0.916,S1O
84,C6,224,1.404,S1O
84,C6,225,3.845,S1O
84,C6,226,6.287,S1O
84,C6,227,9.216,S1O
84,C6,228,10.681,S1O
84,C6,229,10.193,S1O
84,C6,230,7.751,S1O
84,C6,231,4.822,S1O
84,C6,232,1.892,S1O
84,C6,233,-1.038,S1O
84,C6,234,-3.967,S1O
84,C6,235,-5.920,S1O
84,C6,236,-6.897,S1O
84,C6,237,-6.897,S1O
84,C6,238,-6.897,S1O
84,C6,239,-7.385,S1O
84,C6,240,-7.874,S1O
84,C6,241,-6.897,S1O
84,C6,242,-4.944,S1O
84,C6,243,-2.502,S1O
84,C6,244,-1.526,S1O
84,C6,245,-2.014,S1O
84,C6,246,-3.479,S1O
84,C6,247,-3.967,S1O
84,C6,248,-2.991,S1O
84,C6,249,-1.038,S1O
84,C6,250,0.916,S1O
84,C6,251,2.869,S1O
84,C6,252,5.310,S1O
84,C6,253,7.751,S1O
84,C6,254,10.193,S1O
84,C6,255,10.193,S1O
84,C5,0,-4.608,S1O
84,C5,1,-5.585,S1O
84,C5,2,-4.608,S1O
84,C5,3,-2.167,S1O
84,C5,4,0.275,S1O
84,C5,5,1.251,S1O
84,C5,6,0.763,S1O
84,C5,7,0.275,S1O
84,C5,8,0.275,S1O
84,C5,9,-0.702,S1O
84,C5,10,-1.678,S1O
84,C5,11,-3.143,S1O
84,C5,12,-3.143,S1O
84,C5,13,-1.678,S1O
84,C5,14,0.275,S1O
84,C5,15,3.204,S1O
84,C5,16,5.157,S1O
84,C5,17,6.622,S1O
84,C5,18,6.622,S1O
84,C5,19,5.646,S1O
84,C5,20,3.693,S1O
84,C5,21,1.251,S1O
84,C5,22,0.763,S1O
84,C5,23,1.251,S1O
84,C5,24,2.716,S1O
84,C5,25,3.204,S1O
84,C5,26,2.716,S1O
84,C5,27,2.716,S1O
84,C5,28,3.693,S1O
84,C5,29,5.646,S1O
84,C5,30,6.622,S1O
84,C5,31,5.646,S1O
84,C5,32,4.181,S1O
84,C5,33,3.204,S1O
84,C5,34,4.181,S1O
84,C5,35,6.622,S1O
84,C5,36,8.575,S1O
84,C5,37,9.552,S1O
84,C5,38,9.552,S1O
84,C5,39,10.040,S1O
84,C5,40,11.993,S1O
84,C5,41,12.970,S1O
84,C5,42,11.993,S1O
84,C5,43,7.111,S1O
84,C5,44,0.763,S1O
84,C5,45,-6.073,S1O
84,C5,46,-10.468,S1O
84,C5,47,-11.932,S1O
84,C5,48,-11.932,S1O
84,C5,49,-9.491,S1O
84,C5,50,-6.073,S1O
84,C5,51,-2.655,S1O
84,C5,52,0.275,S1O
84,C5,53,1.251,S1O
84,C5,54,0.275,S1O
84,C5,55,-1.190,S1O
84,C5,56,-0.702,S1O
84,C5,57,1.251,S1O
84,C5,58,3.204,S1O
84,C5,59,3.204,S1O
84,C5,60,0.763,S1O
84,C5,61,-1.190,S1O
84,C5,62,-2.167,S1O
84,C5,63,-1.190,S1O
84,C5,64,0.275,S1O
84,C5,65,0.275,S1O
84,C5,66,-1.190,S1O
84,C5,67,-2.167,S1O
84,C5,68,-1.190,S1O
84,C5,69,1.740,S1O
84,C5,70,4.669,S1O
84,C5,71,6.134,S1O
84,C5,72,5.646,S1O
84,C5,73,4.181,S1O
84,C5,74,2.228,S1O
84,C5,75,0.763,S1O
84,C5,76,-1.678,S1O
84,C5,77,-4.608,S1O
84,C5,78,-6.561,S1O
84,C5,79,-7.538,S1O
84,C5,80,-5.585,S1O
84,C5,81,-2.167,S1O
84,C5,82,1.251,S1O
84,C5,83,3.693,S1O
84,C5,84,5.157,S1O
84,C5,85,7.111,S1O
84,C5,86,9.064,S1O
84,C5,87,10.040,S1O
84,C5,88,9.064,S1O
84,C5,89,6.134,S1O
84,C5,90,3.204,S1O
84,C5,91,1.740,S1O
84,C5,92,1.740,S1O
84,C5,93,0.763,S1O
84,C5,94,-1.190,S1O
84,C5,95,-3.632,S1O
84,C5,96,-4.608,S1O
84,C5,97,-3.632,S1O
84,C5,98,-1.678,S1O
84,C5,99,-0.702,S1O
84,C5,100,-2.655,S1O
84,C5,101,-5.585,S1O
84,C5,102,-7.050,S1O
84,C5,103,-5.096,S1O
84,C5,104,-1.678,S1O
84,C5,105,1.251,S1O
84,C5,106,2.716,S1O
84,C5,107,3.204,S1O
84,C5,108,4.181,S1O
84,C5,109,5.157,S1O
84,C5,110,5.157,S1O
84,C5,111,4.181,S1O
84,C5,112,1.740,S1O
84,C5,113,-0.702,S1O
84,C5,114,-1.678,S1O
84,C5,115,-2.167,S1O
84,C5,116,-2.655,S1O
84,C5,117,-4.120,S1O
84,C5,118,-5.585,S1O
84,C5,119,-6.561,S1O
84,C5,120,-5.585,S1O
84,C5,121,-4.120,S1O
84,C5,122,-2.655,S1O
84,C5,123,-2.655,S1O
84,C5,124,-3.143,S1O
84,C5,125,-4.608,S1O
84,C5,126,-6.561,S1O
84,C5,127,-7.538,S1O
84,C5,128,-7.050,S1O
84,C5,129,-5.585,S1O
84,C5,130,-4.608,S1O
84,C5,131,-4.608,S1O
84,C5,132,-5.096,S1O
84,C5,133,-5.096,S1O
84,C5,134,-4.608,S1O
84,C5,135,-2.167,S1O
84,C5,136,0.275,S1O
84,C5,137,2.228,S1O
84,C5,138,2.716,S1O
84,C5,139,2.228,S1O
84,C5,140,1.740,S1O
84,C5,141,1.251,S1O
84,C5,142,0.275,S1O
84,C5,143,-1.678,S1O
84,C5,144,-4.120,S1O
84,C5,145,-5.585,S1O
84,C5,146,-6.073,S1O
84,C5,147,-7.538,S1O
84,C5,148,-9.003,S1O
84,C5,149,-11.444,S1O
84,C5,150,-11.932,S1O
84,C5,151,-10.956,S1O
84,C5,152,-9.003,S1O
84,C5,153,-8.514,S1O
84,C5,154,-9.979,S1O
84,C5,155,-10.956,S1O
84,C5,156,-10.468,S1O
84,C5,157,-7.050,S1O
84,C5,158,-3.143,S1O
84,C5,159,0.275,S1O
84,C5,160,1.740,S1O
84,C5,161,2.228,S1O
84,C5,162,1.740,S1O
84,C5,163,1.251,S1O
84,C5,164,0.763,S1O
84,C5,165,0.275,S1O
84,C5,166,-0.214,S1O
84,C5,167,-0.702,S1O
84,C5,168,-1.190,S1O
84,C5,169,-2.167,S1O
84,C5,170,-2.655,S1O
84,C5,171,-4.120,S1O
84,C5,172,-6.073,S1O
84,C5,173,-8.514,S1O
84,C5,174,-9.491,S1O
84,C5,175,-8.026,S1O
84,C5,176,-4.608,S1O
84,C5,177,-0.702,S1O
84,C5,178,1.740,S1O
84,C5,179,2.716,S1O
84,C5,180,4.181,S1O
84,C5,181,6.622,S1O
84,C5,182,9.064,S1O
84,C5,183,10.040,S1O
84,C5,184,9.064,S1O
84,C5,185,8.087,S1O
84,C5,186,8.087,S1O
84,C5,187,9.552,S1O
84,C5,188,10.040,S1O
84,C5,189,8.575,S1O
84,C5,190,5.646,S1O
84,C5,191,2.716,S1O
84,C5,192,1.740,S1O
84,C5,193,2.228,S1O
84,C5,194,2.716,S1O
84,C5,195,2.716,S1O
84,C5,196,1.740,S1O
84,C5,197,0.763,S1O
84,C5,198,-0.214,S1O
84,C5,199,-1.190,S1O
84,C5,200,-1.678,S1O
84,C5,201,-1.678,S1O
84,C5,202,0.763,S1O
84,C5,203,3.204,S1O
84,C5,204,4.669,S1O
84,C5,205,3.693,S1O
84,C5,206,1.251,S1O
84,C5,207,-0.702,S1O
84,C5,208,-1.678,S1O
84,C5,209,-1.678,S1O
84,C5,210,-3.143,S1O
84,C5,211,-6.073,S1O
84,C5,212,-9.491,S1O
84,C5,213,-11.444,S1O
84,C5,214,-10.468,S1O
84,C5,215,-8.026,S1O
84,C5,216,-6.561,S1O
84,C5,217,-6.073,S1O
84,C5,218,-6.561,S1O
84,C5,219,-6.561,S1O
84,C5,220,-5.585,S1O
84,C5,221,-4.120,S1O
84,C5,222,-3.143,S1O
84,C5,223,-2.167,S1O
84,C5,224,-0.702,S1O
84,C5,225,2.716,S1O
84,C5,226,6.622,S1O
84,C5,227,9.064,S1O
84,C5,228,9.552,S1O
84,C5,229,7.111,S1O
84,C5,230,4.181,S1O
84,C5,231,1.740,S1O
84,C5,232,1.740,S1O
84,C5,233,1.251,S1O
84,C5,234,0.275,S1O
84,C5,235,-1.190,S1O
84,C5,236,-3.143,S1O
84,C5,237,-3.632,S1O
84,C5,238,-3.143,S1O
84,C5,239,-2.655,S1O
84,C5,240,-2.655,S1O
84,C5,241,-2.167,S1O
84,C5,242,-0.214,S1O
84,C5,243,4.181,S1O
84,C5,244,9.552,S1O
84,C5,245,13.458,S1O
84,C5,246,14.923,S1O
84,C5,247,14.435,S1O
84,C5,248,12.970,S1O
84,C5,249,11.993,S1O
84,C5,250,10.529,S1O
84,C5,251,9.064,S1O
84,C5,252,8.087,S1O
84,C5,253,7.111,S1O
84,C5,254,5.157,S1O
84,C5,255,2.228,S1O
84,F2,0,-1.078,S1O
84,F2,1,-0.590,S1O
84,F2,2,0.387,S1O
84,F2,3,1.851,S1O
84,F2,4,3.316,S1O
84,F2,5,4.293,S1O
84,F2,6,4.781,S1O
84,F2,7,5.269,S1O
84,F2,8,4.293,S1O
84,F2,9,2.828,S1O
84,F2,10,1.851,S1O
84,F2,11,0.875,S1O
84,F2,12,0.387,S1O
84,F2,13,0.387,S1O
84,F2,14,0.875,S1O
84,F2,15,1.851,S1O
84,F2,16,2.828,S1O
84,F2,17,4.293,S1O
84,F2,18,5.269,S1O
84,F2,19,4.781,S1O
84,F2,20,3.805,S1O
84,F2,21,0.875,S1O
84,F2,22,-1.567,S1O
84,F2,23,-3.520,S1O
84,F2,24,-3.520,S1O
84,F2,25,-3.520,S1O
84,F2,26,-3.520,S1O
84,F2,27,-4.985,S1O
84,F2,28,-6.938,S1O
84,F2,29,-8.403,S1O
84,F2,30,-8.891,S1O
84,F2,31,-9.379,S1O
84,F2,32,-11.332,S1O
84,F2,33,-13.285,S1O
84,F2,34,-15.238,S1O
84,F2,35,-14.262,S1O
84,F2,36,-10.844,S1O
84,F2,37,-5.961,S1O
84,F2,38,-0.590,S1O
84,F2,39,2.828,S1O
84,F2,40,4.781,S1O
84,F2,41,5.269,S1O
84,F2,42,5.758,S1O
84,F2,43,6.246,S1O
84,F2,44,5.758,S1O
84,F2,45,4.781,S1O
84,F2,46,3.316,S1O
84,F2,47,1.851,S1O
84,F2,48,0.875,S1O
84,F2,49,0.875,S1O
84,F2,50,0.387,S1O
84,F2,51,-1.078,S1O
84,F2,52,-2.055,S1O
84,F2,53,-4.008,S1O
84,F2,54,-4.496,S1O
84,F2,55,-4.496,S1O
84,F2,56,-4.496,S1O
84,F2,57,-4.985,S1O
84,F2,58,-6.938,S1O
84,F2,59,-9.867,S1O
84,F2,60,-12.309,S1O
84,F2,61,-13.774,S1O
84,F2,62,-13.774,S1O
84,F2,63,-12.797,S1O
84,F2,64,-11.332,S1O
84,F2,65,-9.867,S1O
84,F2,66,-8.891,S1O
84,F2,67,-8.403,S1O
84,F2,68,-7.914,S1O
84,F2,69,-7.914,S1O
84,F2,70,-7.426,S1O
84,F2,71,-6.449,S1O
84,F2,72,-5.473,S1O
84,F2,73,-4.496,S1O
84,F2,74,-4.008,S1O
84,F2,75,-3.520,S1O
84,F2,76,-2.543,S1O
84,F2,77,-1.078,S1O
84,F2,78,0.387,S1O
84,F2,79,0.875,S1O
84,F2,80,-0.102,S1O
84,F2,81,-2.055,S1O
84,F2,82,-3.520,S1O
84,F2,83,-4.496,S1O
84,F2,84,-3.520,S1O
84,F2,85,-2.055,S1O
84,F2,86,-1.078,S1O
84,F2,87,-1.078,S1O
84,F2,88,-1.567,S1O
84,F2,89,-3.031,S1O
84,F2,90,-4.496,S1O
84,F2,91,-5.473,S1O
84,F2,92,-5.961,S1O
84,F2,93,-5.961,S1O
84,F2,94,-5.961,S1O
84,F2,95,-5.473,S1O
84,F2,96,-5.473,S1O
84,F2,97,-5.473,S1O
84,F2,98,-5.961,S1O
84,F2,99,-5.473,S1O
84,F2,100,-4.985,S1O
84,F2,101,-3.520,S1O
84,F2,102,-2.055,S1O
84,F2,103,-2.055,S1O
84,F2,104,-2.055,S1O
84,F2,105,-3.031,S1O
84,F2,106,-3.520,S1O
84,F2,107,-3.520,S1O
84,F2,108,-3.520,S1O
84,F2,109,-3.031,S1O
84,F2,110,-3.031,S1O
84,F2,111,-3.520,S1O
84,F2,112,-3.520,S1O
84,F2,113,-3.520,S1O
84,F2,114,-4.496,S1O
84,F2,115,-5.961,S1O
84,F2,116,-8.403,S1O
84,F2,117,-9.867,S1O
84,F2,118,-10.356,S1O
84,F2,119,-9.867,S1O
84,F2,120,-9.379,S1O
84,F2,121,-8.891,S1O
84,F2,122,-8.891,S1O
84,F2,123,-7.914,S1O
84,F2,124,-6.449,S1O
84,F2,125,-4.985,S1O
84,F2,126,-4.496,S1O
84,F2,127,-5.961,S1O
84,F2,128,-7.914,S1O
84,F2,129,-9.379,S1O
84,F2,130,-8.891,S1O
84,F2,131,-7.914,S1O
84,F2,132,-6.449,S1O
84,F2,133,-6.938,S1O
84,F2,134,-8.403,S1O
84,F2,135,-10.844,S1O
84,F2,136,-12.309,S1O
84,F2,137,-11.820,S1O
84,F2,138,-9.867,S1O
84,F2,139,-8.891,S1O
84,F2,140,-8.891,S1O
84,F2,141,-8.403,S1O
84,F2,142,-7.914,S1O
84,F2,143,-7.426,S1O
84,F2,144,-7.426,S1O
84,F2,145,-7.426,S1O
84,F2,146,-7.914,S1O
84,F2,147,-6.938,S1O
84,F2,148,-4.496,S1O
84,F2,149,-2.055,S1O
84,F2,150,-1.078,S1O
84,F2,151,-3.031,S1O
84,F2,152,-7.914,S1O
84,F2,153,-12.309,S1O
84,F2,154,-14.262,S1O
84,F2,155,-12.797,S1O
84,F2,156,-8.403,S1O
84,F2,157,-4.008,S1O
84,F2,158,-1.567,S1O
84,F2,159,-1.078,S1O
84,F2,160,-1.078,S1O
84,F2,161,-1.567,S1O
84,F2,162,-1.078,S1O
84,F2,163,-0.102,S1O
84,F2,164,1.363,S1O
84,F2,165,3.316,S1O
84,F2,166,5.269,S1O
84,F2,167,6.246,S1O
84,F2,168,5.758,S1O
84,F2,169,3.805,S1O
84,F2,170,0.875,S1O
84,F2,171,-2.543,S1O
84,F2,172,-5.961,S1O
84,F2,173,-8.403,S1O
84,F2,174,-9.379,S1O
84,F2,175,-7.914,S1O
84,F2,176,-4.985,S1O
84,F2,177,-1.567,S1O
84,F2,178,-0.102,S1O
84,F2,179,0.875,S1O
84,F2,180,1.363,S1O
84,F2,181,2.340,S1O
84,F2,182,4.293,S1O
84,F2,183,6.734,S1O
84,F2,184,9.176,S1O
84,F2,185,12.594,S1O
84,F2,186,15.035,S1O
84,F2,187,16.012,S1O
84,F2,188,15.523,S1O
84,F2,189,13.570,S1O
84,F2,190,10.640,S1O
84,F2,191,6.734,S1O
84,F2,192,3.316,S1O
84,F2,193,0.387,S1O
84,F2,194,-1.078,S1O
84,F2,195,-0.590,S1O
84,F2,196,1.363,S1O
84,F2,197,3.805,S1O
84,F2,198,5.758,S1O
84,F2,199,6.246,S1O
84,F2,200,6.246,S1O
84,F2,201,5.758,S1O
84,F2,202,6.246,S1O
84,F2,203,6.734,S1O
84,F2,204,8.199,S1O
84,F2,205,9.664,S1O
84,F2,206,11.617,S1O
84,F2,207,12.105,S1O
84,F2,208,10.640,S1O
84,F2,209,8.687,S1O
84,F2,210,5.758,S1O
84,F2,211,2.340,S1O
84,F2,212,-1.078,S1O
84,F2,213,-4.985,S1O
84,F2,214,-7.914,S1O
84,F2,215,-9.379,S1O
84,F2,216,-8.891,S1O
84,F2,217,-5.961,S1O
84,F2,218,-2.055,S1O
84,F2,219,1.363,S1O
84,F2,220,3.805,S1O
84,F2,221,4.781,S1O
84,F2,222,5.758,S1O
84,F2,223,7.711,S1O
84,F2,224,10.152,S1O
84,F2,225,12.594,S1O
84,F2,226,15.035,S1O
84,F2,227,16.500,S1O
84,F2,228,16.988,S1O
84,F2,229,15.523,S1O
84,F2,230,12.105,S1O
84,F2,231,7.711,S1O
84,F2,232,3.805,S1O
84,F2,233,1.363,S1O
84,F2,234,-1.078,S1O
84,F2,235,-3.031,S1O
84,F2,236,-4.985,S1O
84,F2,237,-6.449,S1O
84,F2,238,-7.426,S1O
84,F2,239,-6.938,S1O
84,F2,240,-5.473,S1O
84,F2,241,-4.496,S1O
84,F2,242,-3.031,S1O
84,F2,243,-0.590,S1O
84,F2,244,2.340,S1O
84,F2,245,4.781,S1O
84,F2,246,6.246,S1O
84,F2,247,6.246,S1O
84,F2,248,5.269,S1O
84,F2,249,4.781,S1O
84,F2,250,5.269,S1O
84,F2,251,6.246,S1O
84,F2,252,6.734,S1O
84,F2,253,5.758,S1O
84,F2,254,4.781,S1O
84,F2,255,4.293,S1O
84,F1,0,1.139,S1O
84,F1,1,0.651,S1O
84,F1,2,-0.326,S1O
84,F1,3,-1.302,S1O
84,F1,4,-0.814,S1O
84,F1,5,0.163,S1O
84,F1,6,1.628,S1O
84,F1,7,2.604,S1O
84,F1,8,2.604,S1O
84,F1,9,1.139,S1O
84,F1,10,-0.326,S1O
84,F1,11,-1.790,S1O
84,F1,12,-2.767,S1O
84,F1,13,-2.767,S1O
84,F1,14,-2.279,S1O
84,F1,15,-0.814,S1O
84,F1,16,1.139,S1O
84,F1,17,3.581,S1O
84,F1,18,5.534,S1O
84,F1,19,6.022,S1O
84,F1,20,5.534,S1O
84,F1,21,3.581,S1O
84,F1,22,1.139,S1O
84,F1,23,-1.302,S1O
84,F1,24,-2.279,S1O
84,F1,25,-2.767,S1O
84,F1,26,-3.255,S1O
84,F1,27,-4.232,S1O
84,F1,28,-5.208,S1O
84,F1,29,-7.161,S1O
84,F1,30,-8.138,S1O
84,F1,31,-9.115,S1O
84,F1,32,-9.115,S1O
84,F1,33,-9.115,S1O
84,F1,34,-9.115,S1O
84,F1,35,-9.115,S1O
84,F1,36,-7.650,S1O
84,F1,37,-5.208,S1O
84,F1,38,-2.279,S1O
84,F1,39,0.651,S1O
84,F1,40,3.092,S1O
84,F1,41,4.069,S1O
84,F1,42,4.557,S1O
84,F1,43,4.557,S1O
84,F1,44,4.069,S1O
84,F1,45,3.581,S1O
84,F1,46,2.116,S1O
84,F1,47,1.139,S1O
84,F1,48,0.163,S1O
84,F1,49,-0.326,S1O
84,F1,50,-0.326,S1O
84,F1,51,0.163,S1O
84,F1,52,0.163,S1O
84,F1,53,-0.326,S1O
84,F1,54,-1.302,S1O
84,F1,55,-2.279,S1O
84,F1,56,-2.767,S1O
84,F1,57,-2.767,S1O
84,F1,58,-2.767,S1O
84,F1,59,-3.255,S1O
84,F1,60,-4.232,S1O
84,F1,61,-6.185,S1O
84,F1,62,-7.161,S1O
84,F1,63,-7.650,S1O
84,F1,64,-7.161,S1O
84,F1,65,-6.185,S1O
84,F1,66,-5.697,S1O
84,F1,67,-5.697,S1O
84,F1,68,-6.185,S1O
84,F1,69,-5.697,S1O
84,F1,70,-5.208,S1O
84,F1,71,-4.232,S1O
84,F1,72,-3.255,S1O
84,F1,73,-2.279,S1O
84,F1,74,-1.790,S1O
84,F1,75,-2.279,S1O
84,F1,76,-2.279,S1O
84,F1,77,-2.279,S1O
84,F1,78,-1.790,S1O
84,F1,79,-0.814,S1O
84,F1,80,0.163,S1O
84,F1,81,0.163,S1O
84,F1,82,0.163,S1O
84,F1,83,-0.326,S1O
84,F1,84,-0.326,S1O
84,F1,85,0.651,S1O
84,F1,86,2.604,S1O
84,F1,87,4.557,S1O
84,F1,88,5.046,S1O
84,F1,89,3.581,S1O
84,F1,90,0.651,S1O
84,F1,91,-2.767,S1O
84,F1,92,-4.720,S1O
84,F1,93,-4.720,S1O
84,F1,94,-4.232,S1O
84,F1,95,-4.232,S1O
84,F1,96,-4.720,S1O
84,F1,97,-6.185,S1O
84,F1,98,-7.161,S1O
84,F1,99,-6.673,S1O
84,F1,100,-5.208,S1O
84,F1,101,-3.743,S1O
84,F1,102,-2.767,S1O
84,F1,103,-2.767,S1O
84,F1,104,-3.255,S1O
84,F1,105,-2.767,S1O
84,F1,106,-2.279,S1O
84,F1,107,-1.302,S1O
84,F1,108,-0.326,S1O
84,F1,109,-0.326,S1O
84,F1,110,-0.814,S1O
84,F1,111,-0.814,S1O
84,F1,112,-1.302,S1O
84,F1,113,-1.302,S1O
84,F1,114,-1.790,S1O
84,F1,115,-2.767,S1O
84,F1,116,-3.743,S1O
84,F1,117,-5.208,S1O
84,F1,118,-6.673,S1O
84,F1,119,-7.650,S1O
84,F1,120,-8.138,S1O
84,F1,121,-8.138,S1O
84,F1,122,-7.161,S1O
84,F1,123,-5.697,S1O
84,F1,124,-4.232,S1O
84,F1,125,-3.255,S1O
84,F1,126,-2.767,S1O
84,F1,127,-3.255,S1O
84,F1,128,-4.232,S1O
84,F1,129,-5.208,S1O
84,F1,130,-4.720,S1O
84,F1,131,-3.255,S1O
84,F1,132,-1.302,S1O
84,F1,133,-0.814,S1O
84,F1,134,-1.790,S1O
84,F1,135,-3.255,S1O
84,F1,136,-5.697,S1O
84,F1,137,-6.185,S1O
84,F1,138,-4.720,S1O
84,F1,139,-2.767,S1O
84,F1,140,-1.302,S1O
84,F1,141,-1.302,S1O
84,F1,142,-1.790,S1O
84,F1,143,-2.767,S1O
84,F1,144,-2.767,S1O
84,F1,145,-2.767,S1O
84,F1,146,-3.255,S1O
84,F1,147,-3.255,S1O
84,F1,148,-2.767,S1O
84,F1,149,-0.326,S1O
84,F1,150,2.116,S1O
84,F1,151,3.092,S1O
84,F1,152,1.139,S1O
84,F1,153,-2.767,S1O
84,F1,154,-7.161,S1O
84,F1,155,-8.626,S1O
84,F1,156,-6.185,S1O
84,F1,157,-1.790,S1O
84,F1,158,2.116,S1O
84,F1,159,3.581,S1O
84,F1,160,3.581,S1O
84,F1,161,2.604,S1O
84,F1,162,3.092,S1O
84,F1,163,4.069,S1O
84,F1,164,5.046,S1O
84,F1,165,5.534,S1O
84,F1,166,5.534,S1O
84,F1,167,6.022,S1O
84,F1,168,7.487,S1O
84,F1,169,8.464,S1O
84,F1,170,7.487,S1O
84,F1,171,5.046,S1O
84,F1,172,1.139,S1O
84,F1,173,-1.790,S1O
84,F1,174,-3.255,S1O
84,F1,175,-1.790,S1O
84,F1,176,1.628,S1O
84,F1,177,5.046,S1O
84,F1,178,7.487,S1O
84,F1,179,8.464,S1O
84,F1,180,8.952,S1O
84,F1,181,8.952,S1O
84,F1,182,9.928,S1O
84,F1,183,11.393,S1O
84,F1,184,13.346,S1O
84,F1,185,15.299,S1O
84,F1,186,16.764,S1O
84,F1,187,18.229,S1O
84,F1,188,18.717,S1O
84,F1,189,17.741,S1O
84,F1,190,15.299,S1O
84,F1,191,12.370,S1O
84,F1,192,8.952,S1O
84,F1,193,6.510,S1O
84,F1,194,5.046,S1O
84,F1,195,4.557,S1O
84,F1,196,5.046,S1O
84,F1,197,6.022,S1O
84,F1,198,6.510,S1O
84,F1,199,7.487,S1O
84,F1,200,8.464,S1O
84,F1,201,9.440,S1O
84,F1,202,10.417,S1O
84,F1,203,11.393,S1O
84,F1,204,12.370,S1O
84,F1,205,13.835,S1O
84,F1,206,14.811,S1O
84,F1,207,15.788,S1O
84,F1,208,15.788,S1O
84,F1,209,14.811,S1O
84,F1,210,12.858,S1O
84,F1,211,9.440,S1O
84,F1,212,6.022,S1O
84,F1,213,2.604,S1O
84,F1,214,-0.326,S1O
84,F1,215,-2.279,S1O
84,F1,216,-2.767,S1O
84,F1,217,-1.302,S1O
84,F1,218,1.139,S1O
84,F1,219,4.069,S1O
84,F1,220,6.999,S1O
84,F1,221,9.440,S1O
84,F1,222,10.905,S1O
84,F1,223,12.370,S1O
84,F1,224,13.346,S1O
84,F1,225,15.788,S1O
84,F1,226,17.253,S1O
84,F1,227,19.206,S1O
84,F1,228,20.182,S1O
84,F1,229,19.694,S1O
84,F1,230,17.741,S1O
84,F1,231,14.323,S1O
84,F1,232,10.417,S1O
84,F1,233,6.510,S1O
84,F1,234,4.557,S1O
84,F1,235,3.092,S1O
84,F1,236,1.628,S1O
84,F1,237,0.163,S1O
84,F1,238,-1.790,S1O
84,F1,239,-2.767,S1O
84,F1,240,-2.279,S1O
84,F1,241,-0.326,S1O
84,F1,242,2.604,S1O
84,F1,243,5.046,S1O
84,F1,244,6.999,S1O
84,F1,245,8.952,S1O
84,F1,246,11.393,S1O
84,F1,247,13.835,S1O
84,F1,248,15.299,S1O
84,F1,249,15.299,S1O
84,F1,250,14.323,S1O
84,F1,251,12.858,S1O
84,F1,252,11.882,S1O
84,F1,253,11.393,S1O
84,F1,254,10.905,S1O
84,F1,255,10.417,S1O
84,TP8,0,-4.639,S1O
84,TP8,1,-5.615,S1O
84,TP8,2,-6.104,S1O
84,TP8,3,-5.615,S1O
84,TP8,4,-4.150,S1O
84,TP8,5,-1.221,S1O
84,TP8,6,0.244,S1O
84,TP8,7,0.732,S1O
84,TP8,8,0.244,S1O
84,TP8,9,-0.732,S1O
84,TP8,10,-0.732,S1O
84,TP8,11,1.221,S1O
84,TP8,12,4.150,S1O
84,TP8,13,7.568,S1O
84,TP8,14,9.521,S1O
84,TP8,15,10.986,S1O
84,TP8,16,10.986,S1O
84,TP8,17,11.475,S1O
84,TP8,18,10.498,S1O
84,TP8,19,8.545,S1O
84,TP8,20,5.615,S1O
84,TP8,21,1.709,S1O
84,TP8,22,-0.732,S1O
84,TP8,23,-1.221,S1O
84,TP8,24,-1.221,S1O
84,TP8,25,0.244,S1O
84,TP8,26,0.244,S1O
84,TP8,27,-0.244,S1O
84,TP8,28,-2.197,S1O
84,TP8,29,-3.662,S1O
84,TP8,30,-4.150,S1O
84,TP8,31,-4.150,S1O
84,TP8,32,-4.150,S1O
84,TP8,33,-4.639,S1O
84,TP8,34,-5.615,S1O
84,TP8,35,-5.615,S1O
84,TP8,36,-4.639,S1O
84,TP8,37,-1.221,S1O
84,TP8,38,3.174,S1O
84,TP8,39,7.568,S1O
84,TP8,40,11.475,S1O
84,TP8,41,13.428,S1O
84,TP8,42,13.428,S1O
84,TP8,43,11.475,S1O
84,TP8,44,7.568,S1O
84,TP8,45,3.174,S1O
84,TP8,46,-0.732,S1O
84,TP8,47,-2.686,S1O
84,TP8,48,-3.662,S1O
84,TP8,49,-3.662,S1O
84,TP8,50,-2.686,S1O
84,TP8,51,-2.197,S1O
84,TP8,52,-0.732,S1O
84,TP8,53,0.732,S1O
84,TP8,54,2.686,S1O
84,TP8,55,5.127,S1O
84,TP8,56,6.104,S1O
84,TP8,57,6.104,S1O
84,TP8,58,5.127,S1O
84,TP8,59,2.686,S1O
84,TP8,60,0.732,S1O
84,TP8,61,-1.709,S1O
84,TP8,62,-3.174,S1O
84,TP8,63,-4.150,S1O
84,TP8,64,-4.639,S1O
84,TP8,65,-3.662,S1O
84,TP8,66,-2.197,S1O
84,TP8,67,-0.244,S1O
84,TP8,68,2.197,S1O
84,TP8,69,3.662,S1O
84,TP8,70,4.639,S1O
84,TP8,71,4.639,S1O
84,TP8,72,4.639,S1O
84,TP8,73,5.615,S1O
84,TP8,74,7.080,S1O
84,TP8,75,9.033,S1O
84,TP8,76,10.010,S1O
84,TP8,77,9.521,S1O
84,TP8,78,7.568,S1O
84,TP8,79,5.127,S1O
84,TP8,80,2.197,S1O
84,TP8,81,0.244,S1O
84,TP8,82,-1.221,S1O
84,TP8,83,-1.709,S1O
84,TP8,84,-1.221,S1O
84,TP8,85,-0.732,S1O
84,TP8,86,-0.732,S1O
84,TP8,87,-1.709,S1O
84,TP8,88,-3.662,S1O
84,TP8,89,-5.615,S1O
84,TP8,90,-6.104,S1O
84,TP8,91,-4.639,S1O
84,TP8,92,-1.709,S1O
84,TP8,93,1.221,S1O
84,TP8,94,3.174,S1O
84,TP8,95,4.639,S1O
84,TP8,96,5.615,S1O
84,TP8,97,6.592,S1O
84,TP8,98,7.568,S1O
84,TP8,99,7.568,S1O
84,TP8,100,7.080,S1O
84,TP8,101,6.592,S1O
84,TP8,102,7.080,S1O
84,TP8,103,8.057,S1O
84,TP8,104,8.545,S1O
84,TP8,105,8.057,S1O
84,TP8,106,5.615,S1O
84,TP8,107,3.174,S1O
84,TP8,108,2.197,S1O
84,TP8,109,3.174,S1O
84,TP8,110,5.127,S1O
84,TP8,111,6.104,S1O
84,TP8,112,4.639,S1O
84,TP8,113,1.221,S1O
84,TP8,114,-1.709,S1O
84,TP8,115,-3.174,S1O
84,TP8,116,-2.686,S1O
84,TP8,117,-0.244,S1O
84,TP8,118,1.709,S1O
84,TP8,119,2.686,S1O
84,TP8,120,4.150,S1O
84,TP8,121,5.127,S1O
84,TP8,122,7.080,S1O
84,TP8,123,8.057,S1O
84,TP8,124,8.057,S1O
84,TP8,125,6.592,S1O
84,TP8,126,3.662,S1O
84,TP8,127,1.221,S1O
84,TP8,128,-0.244,S1O
84,TP8,129,-0.244,S1O
84,TP8,130,-0.244,S1O
84,TP8,131,-0.244,S1O
84,TP8,132,-0.732,S1O
84,TP8,133,-1.709,S1O
84,TP8,134,-1.709,S1O
84,TP8,135,-0.732,S1O
84,TP8,136,0.732,S1O
84,TP8,137,2.686,S1O
84,TP8,138,4.150,S1O
84,TP8,139,3.662,S1O
84,TP8,140,2.686,S1O
84,TP8,141,1.709,S1O
84,TP8,142,1.221,S1O
84,TP8,143,2.197,S1O
84,TP8,144,4.150,S1O
84,TP8,145,6.104,S1O
84,TP8,146,6.592,S1O
84,TP8,147,5.615,S1O
84,TP8,148,3.662,S1O
84,TP8,149,2.197,S1O
84,TP8,150,1.221,S1O
84,TP8,151,0.732,S1O
84,TP8,152,-0.244,S1O
84,TP8,153,-1.709,S1O
84,TP8,154,-4.150,S1O
84,TP8,155,-6.592,S1O
84,TP8,156,-7.080,S1O
84,TP8,157,-5.127,S1O
84,TP8,158,-1.221,S1O
84,TP8,159,3.662,S1O
84,TP8,160,7.568,S1O
84,TP8,161,10.010,S1O
84,TP8,162,11.963,S1O
84,TP8,163,11.963,S1O
84,TP8,164,11.475,S1O
84,TP8,165,11.475,S1O
84,TP8,166,10.986,S1O
84,TP8,167,10.986,S1O
84,TP8,168,11.475,S1O
84,TP8,169,10.986,S1O
84,TP8,170,9.521,S1O
84,TP8,171,7.568,S1O
84,TP8,172,4.150,S1O
84,TP8,173,0.244,S1O
84,TP8,174,-3.662,S1O
84,TP8,175,-6.104,S1O
84,TP8,176,-6.592,S1O
84,TP8,177,-5.615,S1O
84,TP8,178,-2.197,S1O
84,TP8,179,1.709,S1O
84,TP8,180,7.080,S1O
84,TP8,181,12.451,S1O
84,TP8,182,17.334,S1O
84,TP8,183,21.240,S1O
84,TP8,184,23.193,S1O
84,TP8,185,23.193,S1O
84,TP8,186,21.729,S1O
84,TP8,187,19.287,S1O
84,TP8,188,16.846,S1O
84,TP8,189,14.404,S1O
84,TP8,190,11.963,S1O
84,TP8,191,10.498,S1O
84,TP8,192,9.033,S1O
84,TP8,193,7.568,S1O
84,TP8,194,8.057,S1O
84,TP8,195,9.521,S1O
84,TP8,196,12.451,S1O
84,TP8,197,15.381,S1O
84,TP8,198,16.846,S1O
84,TP8,199,15.869,S1O
84,TP8,200,12.939,S1O
84,TP8,201,10.010,S1O
84,TP8,202,8.057,S1O
84,TP8,203,8.545,S1O
84,TP8,204,9.521,S1O
84,TP8,205,12.451,S1O
84,TP8,206,13.916,S1O
84,TP8,207,14.404,S1O
84,TP8,208,13.428,S1O
84,TP8,209,10.498,S1O
84,TP8,210,7.080,S1O
84,TP8,211,3.174,S1O
84,TP8,212,-0.732,S1O
84,TP8,213,-2.686,S1O
84,TP8,214,-2.197,S1O
84,TP8,215,0.244,S1O
84,TP8,216,4.150,S1O
84,TP8,217,8.057,S1O
84,TP8,218,11.475,S1O
84,TP8,219,12.939,S1O
84,TP8,220,13.916,S1O
84,TP8,221,14.404,S1O
84,TP8,222,14.893,S1O
84,TP8,223,14.893,S1O
84,TP8,224,14.893,S1O
84,TP8,225,15.381,S1O
84,TP8,226,17.334,S1O
84,TP8,227,20.752,S1O
84,TP8,228,24.170,S1O
84,TP8,229,25.635,S1O
84,TP8,230,24.658,S1O
84,TP8,231,21.240,S1O
84,TP8,232,17.822,S1O
84,TP8,233,14.404,S1O
84,TP8,234,12.939,S1O
84,TP8,235,11.475,S1O
84,TP8,236,10.010,S1O
84,TP8,237,8.057,S1O
84,TP8,238,5.615,S1O
84,TP8,239,4.150,S1O
84,TP8,240,3.662,S1O
84,TP8,241,4.639,S1O
84,TP8,242,6.592,S1O
84,TP8,243,9.033,S1O
84,TP8,244,10.986,S1O
84,TP8,245,12.451,S1O
84,TP8,246,12.451,S1O
84,TP8,247,11.963,S1O
84,TP8,248,11.963,S1O
84,TP8,249,12.451,S1O
84,TP8,250,14.404,S1O
84,TP8,251,16.846,S1O
84,TP8,252,19.775,S1O
84,TP8,253,22.217,S1O
84,TP8,254,24.170,S1O
84,TP8,255,25.146,S1O
84,TP7,0,-9.033,S1O
84,TP7,1,-6.592,S1O
84,TP7,2,-5.127,S1O
84,TP7,3,-5.127,S1O
84,TP7,4,-5.127,S1O
84,TP7,5,-3.662,S1O
84,TP7,6,-0.732,S1O
84,TP7,7,3.662,S1O
84,TP7,8,6.592,S1O
84,TP7,9,6.104,S1O
84,TP7,10,2.686,S1O
84,TP7,11,-1.709,S1O
84,TP7,12,-4.150,S1O
84,TP7,13,-3.662,S1O
84,TP7,14,-1.221,S1O
84,TP7,15,2.197,S1O
84,TP7,16,4.639,S1O
84,TP7,17,6.104,S1O
84,TP7,18,6.104,S1O
84,TP7,19,6.104,S1O
84,TP7,20,5.615,S1O
84,TP7,21,4.639,S1O
84,TP7,22,4.150,S1O
84,TP7,23,3.662,S1O
84,TP7,24,4.150,S1O
84,TP7,25,6.104,S1O
84,TP7,26,8.057,S1O
84,TP7,27,9.033,S1O
84,TP7,28,9.521,S1O
84,TP7,29,9.521,S1O
84,TP7,30,9.033,S1O
84,TP7,31,10.010,S1O
84,TP7,32,11.475,S1O
84,TP7,33,12.939,S1O
84,TP7,34,13.916,S1O
84,TP7,35,14.404,S1O
84,TP7,36,13.916,S1O
84,TP7,37,13.428,S1O
84,TP7,38,13.428,S1O
84,TP7,39,13.916,S1O
84,TP7,40,14.893,S1O
84,TP7,41,15.869,S1O
84,TP7,42,15.381,S1O
84,TP7,43,12.451,S1O
84,TP7,44,6.104,S1O
84,TP7,45,-1.709,S1O
84,TP7,46,-10.010,S1O
84,TP7,47,-15.869,S1O
84,TP7,48,-18.799,S1O
84,TP7,49,-18.311,S1O
84,TP7,50,-15.381,S1O
84,TP7,51,-10.498,S1O
84,TP7,52,-5.127,S1O
84,TP7,53,-0.732,S1O
84,TP7,54,1.709,S1O
84,TP7,55,2.686,S1O
84,TP7,56,2.686,S1O
84,TP7,57,2.686,S1O
84,TP7,58,3.174,S1O
84,TP7,59,3.662,S1O
84,TP7,60,4.150,S1O
84,TP7,61,3.662,S1O
84,TP7,62,3.662,S1O
84,TP7,63,4.150,S1O
84,TP7,64,5.615,S1O
84,TP7,65,7.080,S1O
84,TP7,66,7.080,S1O
84,TP7,67,5.127,S1O
84,TP7,68,2.686,S1O
84,TP7,69,2.686,S1O
84,TP7,70,6.104,S1O
84,TP7,71,11.963,S1O
84,TP7,72,18.311,S1O
84,TP7,73,21.240,S1O
84,TP7,74,19.775,S1O
84,TP7,75,14.404,S1O
84,TP7,76,7.568,S1O
84,TP7,77,0.732,S1O
84,TP7,78,-4.639,S1O
84,TP7,79,-8.057,S1O
84,TP7,80,-8.545,S1O
84,TP7,81,-5.615,S1O
84,TP7,82,-0.732,S1O
84,TP7,83,6.104,S1O
84,TP7,84,12.451,S1O
84,TP7,85,16.357,S1O
84,TP7,86,17.822,S1O
84,TP7,87,17.334,S1O
84,TP7,88,15.869,S1O
84,TP7,89,13.916,S1O
84,TP7,90,12.451,S1O
84,TP7,91,11.475,S1O
84,TP7,92,10.986,S1O
84,TP7,93,10.498,S1O
84,TP7,94,8.545,S1O
84,TP7,95,5.615,S1O
84,TP7,96,2.686,S1O
84,TP7,97,1.709,S1O
84,TP7,98,3.662,S1O
84,TP7,99,7.080,S1O
84,TP7,100,9.521,S1O
84,TP7,101,9.033,S1O
84,TP7,102,5.615,S1O
84,TP7,103,1.221,S1O
84,TP7,104,-0.244,S1O
84,TP7,105,2.686,S1O
84,TP7,106,7.568,S1O
84,TP7,107,11.475,S1O
84,TP7,108,13.428,S1O
84,TP7,109,11.475,S1O
84,TP7,110,8.057,S1O
84,TP7,111,5.127,S1O
84,TP7,112,4.150,S1O
84,TP7,113,4.639,S1O
84,TP7,114,5.615,S1O
84,TP7,115,5.615,S1O
84,TP7,116,4.150,S1O
84,TP7,117,1.221,S1O
84,TP7,118,-1.709,S1O
84,TP7,119,-4.150,S1O
84,TP7,120,-4.639,S1O
84,TP7,121,-4.150,S1O
84,TP7,122,-2.686,S1O
84,TP7,123,-1.709,S1O
84,TP7,124,-1.221,S1O
84,TP7,125,-1.221,S1O
84,TP7,126,-1.709,S1O
84,TP7,127,-1.709,S1O
84,TP7,128,-1.709,S1O
84,TP7,129,-2.197,S1O
84,TP7,130,-3.662,S1O
84,TP7,131,-4.639,S1O
84,TP7,132,-4.639,S1O
84,TP7,133,-3.174,S1O
84,TP7,134,-0.732,S1O
84,TP7,135,1.709,S1O
84,TP7,136,3.662,S1O
84,TP7,137,5.127,S1O
84,TP7,138,6.592,S1O
84,TP7,139,8.545,S1O
84,TP7,140,10.986,S1O
84,TP7,141,11.475,S1O
84,TP7,142,10.986,S1O
84,TP7,143,9.033,S1O
84,TP7,144,6.104,S1O
84,TP7,145,3.662,S1O
84,TP7,146,1.221,S1O
84,TP7,147,-1.221,S1O
84,TP7,148,-4.639,S1O
84,TP7,149,-8.545,S1O
84,TP7,150,-11.963,S1O
84,TP7,151,-12.451,S1O
84,TP7,152,-10.010,S1O
84,TP7,153,-6.104,S1O
84,TP7,154,-3.662,S1O
84,TP7,155,-4.150,S1O
84,TP7,156,-6.104,S1O
84,TP7,157,-7.080,S1O
84,TP7,158,-6.104,S1O
84,TP7,159,-2.197,S1O
84,TP7,160,2.686,S1O
84,TP7,161,6.104,S1O
84,TP7,162,7.080,S1O
84,TP7,163,5.615,S1O
84,TP7,164,3.174,S1O
84,TP7,165,1.709,S1O
84,TP7,166,-0.244,S1O
84,TP7,167,-1.221,S1O
84,TP7,168,-2.686,S1O
84,TP7,169,-4.150,S1O
84,TP7,170,-4.150,S1O
84,TP7,171,-3.662,S1O
84,TP7,172,-3.662,S1O
84,TP7,173,-4.639,S1O
84,TP7,174,-7.080,S1O
84,TP7,175,-9.033,S1O
84,TP7,176,-8.057,S1O
84,TP7,177,-4.639,S1O
84,TP7,178,0.732,S1O
84,TP7,179,6.104,S1O
84,TP7,180,9.521,S1O
84,TP7,181,11.475,S1O
84,TP7,182,12.939,S1O
84,TP7,183,13.428,S1O
84,TP7,184,12.451,S1O
84,TP7,185,10.986,S1O
84,TP7,186,9.033,S1O
84,TP7,187,8.057,S1O
84,TP7,188,8.057,S1O
84,TP7,189,8.057,S1O
84,TP7,190,6.592,S1O
84,TP7,191,4.150,S1O
84,TP7,192,1.709,S1O
84,TP7,193,0.732,S1O
84,TP7,194,1.709,S1O
84,TP7,195,2.686,S1O
84,TP7,196,2.686,S1O
84,TP7,197,1.221,S1O
84,TP7,198,-1.221,S1O
84,TP7,199,-2.686,S1O
84,TP7,200,-1.221,S1O
84,TP7,201,1.709,S1O
84,TP7,202,4.639,S1O
84,TP7,203,6.592,S1O
84,TP7,204,6.592,S1O
84,TP7,205,5.615,S1O
84,TP7,206,4.150,S1O
84,TP7,207,1.709,S1O
84,TP7,208,-1.221,S1O
84,TP7,209,-4.639,S1O
84,TP7,210,-7.568,S1O
84,TP7,211,-9.033,S1O
84,TP7,212,-10.010,S1O
84,TP7,213,-10.498,S1O
84,TP7,214,-11.475,S1O
84,TP7,215,-11.963,S1O
84,TP7,216,-11.475,S1O
84,TP7,217,-9.033,S1O
84,TP7,218,-5.615,S1O
84,TP7,219,-2.686,S1O
84,TP7,220,-1.221,S1O
84,TP7,221,-2.197,S1O
84,TP7,222,-2.686,S1O
84,TP7,223,-2.197,S1O
84,TP7,224,0.244,S1O
84,TP7,225,3.662,S1O
84,TP7,226,6.592,S1O
84,TP7,227,9.521,S1O
84,TP7,228,11.475,S1O
84,TP7,229,12.939,S1O
84,TP7,230,12.939,S1O
84,TP7,231,11.475,S1O
84,TP7,232,10.498,S1O
84,TP7,233,7.568,S1O
84,TP7,234,5.615,S1O
84,TP7,235,4.150,S1O
84,TP7,236,3.174,S1O
84,TP7,237,2.197,S1O
84,TP7,238,1.709,S1O
84,TP7,239,-0.244,S1O
84,TP7,240,-1.709,S1O
84,TP7,241,-2.686,S1O
84,TP7,242,-2.197,S1O
84,TP7,243,0.732,S1O
84,TP7,244,6.104,S1O
84,TP7,245,11.963,S1O
84,TP7,246,16.846,S1O
84,TP7,247,19.775,S1O
84,TP7,248,19.775,S1O
84,TP7,249,17.822,S1O
84,TP7,250,14.893,S1O
84,TP7,251,11.475,S1O
84,TP7,252,9.521,S1O
84,TP7,253,8.545,S1O
84,TP7,254,7.080,S1O
84,TP7,255,5.615,S1O
84,AFZ,0,1.790,S1O
84,AFZ,1,1.302,S1O
84,AFZ,2,1.790,S1O
84,AFZ,3,3.255,S1O
84,AFZ,4,5.697,S1O
84,AFZ,5,8.626,S1O
84,AFZ,6,10.579,S1O
84,AFZ,7,11.068,S1O
84,AFZ,8,9.603,S1O
84,AFZ,9,7.161,S1O
84,AFZ,10,4.720,S1O
84,AFZ,11,3.255,S1O
84,AFZ,12,3.743,S1O
84,AFZ,13,4.232,S1O
84,AFZ,14,5.208,S1O
84,AFZ,15,6.673,S1O
84,AFZ,16,8.138,S1O
84,AFZ,17,10.091,S1O
84,AFZ,18,11.556,S1O
84,AFZ,19,12.044,S1O
84,AFZ,20,11.556,S1O
84,AFZ,21,9.115,S1O
84,AFZ,22,7.161,S1O
84,AFZ,23,5.697,S1O
84,AFZ,24,5.208,S1O
84,AFZ,25,4.720,S1O
84,AFZ,26,3.255,S1O
84,AFZ,27,1.302,S1O
84,AFZ,28,-1.628,S1O
84,AFZ,29,-4.069,S1O
84,AFZ,30,-4.557,S1O
84,AFZ,31,-4.557,S1O
84,AFZ,32,-4.069,S1O
84,AFZ,33,-4.557,S1O
84,AFZ,34,-5.046,S1O
84,AFZ,35,-5.534,S1O
84,AFZ,36,-4.557,S1O
84,AFZ,37,-1.139,S1O
84,AFZ,38,3.743,S1O
84,AFZ,39,8.138,S1O
84,AFZ,40,11.068,S1O
84,AFZ,41,12.533,S1O
84,AFZ,42,12.533,S1O
84,AFZ,43,12.044,S1O
84,AFZ,44,11.556,S1O
84,AFZ,45,11.068,S1O
84,AFZ,46,9.603,S1O
84,AFZ,47,7.650,S1O
84,AFZ,48,6.185,S1O
84,AFZ,49,5.208,S1O
84,AFZ,50,5.208,S1O
84,AFZ,51,5.208,S1O
84,AFZ,52,5.208,S1O
84,AFZ,53,3.743,S1O
84,AFZ,54,1.790,S1O
84,AFZ,55,0.814,S1O
84,AFZ,56,1.302,S1O
84,AFZ,57,2.279,S1O
84,AFZ,58,2.767,S1O
84,AFZ,59,1.302,S1O
84,AFZ,60,-1.628,S1O
84,AFZ,61,-5.534,S1O
84,AFZ,62,-7.487,S1O
84,AFZ,63,-7.487,S1O
84,AFZ,64,-6.510,S1O
84,AFZ,65,-5.046,S1O
84,AFZ,66,-4.069,S1O
84,AFZ,67,-3.092,S1O
84,AFZ,68,-2.116,S1O
84,AFZ,69,-1.139,S1O
84,AFZ,70,-0.651,S1O
84,AFZ,71,-1.139,S1O
84,AFZ,72,-1.139,S1O
84,AFZ,73,-0.163,S1O
84,AFZ,74,1.302,S1O
84,AFZ,75,3.743,S1O
84,AFZ,76,5.697,S1O
84,AFZ,77,7.650,S1O
84,AFZ,78,8.138,S1O
84,AFZ,79,8.626,S1O
84,AFZ,80,8.626,S1O
84,AFZ,81,8.138,S1O
84,AFZ,82,7.650,S1O
84,AFZ,83,6.673,S1O
84,AFZ,84,6.185,S1O
84,AFZ,85,7.161,S1O
84,AFZ,86,9.115,S1O
84,AFZ,87,11.556,S1O
84,AFZ,88,12.044,S1O
84,AFZ,89,10.579,S1O
84,AFZ,90,7.161,S1O
84,AFZ,91,3.255,S1O
84,AFZ,92,0.326,S1O
84,AFZ,93,-0.163,S1O
84,AFZ,94,0.814,S1O
84,AFZ,95,1.790,S1O
84,AFZ,96,2.767,S1O
84,AFZ,97,2.767,S1O
84,AFZ,98,2.279,S1O
84,AFZ,99,2.279,S1O
84,AFZ,100,3.255,S1O
84,AFZ,101,5.208,S1O
84,AFZ,102,7.161,S1O
84,AFZ,103,8.138,S1O
84,AFZ,104,8.626,S1O
84,AFZ,105,7.650,S1O
84,AFZ,106,7.161,S1O
84,AFZ,107,6.673,S1O
84,AFZ,108,6.673,S1O
84,AFZ,109,6.673,S1O
84,AFZ,110,6.185,S1O
84,AFZ,111,6.185,S1O
84,AFZ,112,6.185,S1O
84,AFZ,113,6.673,S1O
84,AFZ,114,6.673,S1O
84,AFZ,115,4.720,S1O
84,AFZ,116,1.790,S1O
84,AFZ,117,-1.628,S1O
84,AFZ,118,-4.069,S1O
84,AFZ,119,-5.046,S1O
84,AFZ,120,-3.581,S1O
84,AFZ,121,-1.628,S1O
84,AFZ,122,-0.163,S1O
84,AFZ,123,0.814,S1O
84,AFZ,124,1.302,S1O
84,AFZ,125,1.790,S1O
84,AFZ,126,2.279,S1O
84,AFZ,127,2.767,S1O
84,AFZ,128,1.790,S1O
84,AFZ,129,0.326,S1O
84,AFZ,130,-0.163,S1O
84,AFZ,131,0.326,S1O
84,AFZ,132,2.279,S1O
84,AFZ,133,4.232,S1O
84,AFZ,134,5.208,S1O
84,AFZ,135,3.743,S1O
84,AFZ,136,1.302,S1O
84,AFZ,137,-0.163,S1O
84,AFZ,138,-0.163,S1O
84,AFZ,139,1.790,S1O
84,AFZ,140,3.255,S1O
84,AFZ,141,3.743,S1O
84,AFZ,142,3.743,S1O
84,AFZ,143,2.767,S1O
84,AFZ,144,2.767,S1O
84,AFZ,145,3.255,S1O
84,AFZ,146,4.232,S1O
84,AFZ,147,4.720,S1O
84,AFZ,148,6.185,S1O
84,AFZ,149,8.138,S1O
84,AFZ,150,10.091,S1O
84,AFZ,151,10.091,S1O
84,AFZ,152,7.161,S1O
84,AFZ,153,1.790,S1O
84,AFZ,154,-3.092,S1O
84,AFZ,155,-4.557,S1O
84,AFZ,156,-1.139,S1O
84,AFZ,157,4.720,S1O
84,AFZ,158,10.579,S1O
84,AFZ,159,13.509,S1O
84,AFZ,160,13.021,S1O
84,AFZ,161,11.556,S1O
84,AFZ,162,11.068,S1O
84,AFZ,163,11.556,S1O
84,AFZ,164,13.509,S1O
84,AFZ,165,15.951,S1O
84,AFZ,166,18.392,S1O
84,AFZ,167,20.345,S1O
84,AFZ,168,22.298,S1O
84,AFZ,169,22.786,S1O
84,AFZ,170,21.322,S1O
84,AFZ,171,17.904,S1O
84,AFZ,172,13.509,S1O
84,AFZ,173,9.603,S1O
84,AFZ,174,8.138,S1O
84,AFZ,175,9.115,S1O
84,AFZ,176,12.533,S1O
84,AFZ,177,16.439,S1O
84,AFZ,178,19.857,S1O
84,AFZ,179,21.810,S1O
84,AFZ,180,23.275,S1O
84,AFZ,181,23.763,S1O
84,AFZ,182,24.251,S1O
84,AFZ,183,25.228,S1O
84,AFZ,184,27.181,S1O
84,AFZ,185,30.111,S1O
84,AFZ,186,33.529,S1O
84,AFZ,187,35.970,S1O
84,AFZ,188,36.947,S1O
84,AFZ,189,35.482,S1O
84,AFZ,190,32.064,S1O
84,AFZ,191,28.158,S1O
84,AFZ,192,24.740,S1O
84,AFZ,193,21.322,S1O
84,AFZ,194,19.857,S1O
84,AFZ,195,19.368,S1O
84,AFZ,196,20.345,S1O
84,AFZ,197,22.786,S1O
84,AFZ,198,25.228,S1O
84,AFZ,199,27.669,S1O
84,AFZ,200,27.669,S1O
84,AFZ,201,26.693,S1O
84,AFZ,202,25.716,S1O
84,AFZ,203,25.716,S1O
84,AFZ,204,28.158,S1O
84,AFZ,205,31.576,S1O
84,AFZ,206,34.017,S1O
84,AFZ,207,34.993,S1O
84,AFZ,208,33.529,S1O
84,AFZ,209,31.087,S1O
84,AFZ,210,27.669,S1O
84,AFZ,211,24.740,S1O
84,AFZ,212,22.298,S1O
84,AFZ,213,19.368,S1O
84,AFZ,214,15.951,S1O
84,AFZ,215,13.021,S1O
84,AFZ,216,11.556,S1O
84,AFZ,217,13.021,S1O
84,AFZ,218,16.439,S1O
84,AFZ,219,20.833,S1O
84,AFZ,220,24.251,S1O
84,AFZ,221,25.716,S1O
84,AFZ,222,26.204,S1O
84,AFZ,223,26.693,S1O
84,AFZ,224,28.646,S1O
84,AFZ,225,32.064,S1O
84,AFZ,226,35.970,S1O
84,AFZ,227,40.365,S1O
84,AFZ,228,42.318,S1O
84,AFZ,229,41.829,S1O
84,AFZ,230,38.900,S1O
84,AFZ,231,33.529,S1O
84,AFZ,232,28.158,S1O
84,AFZ,233,24.740,S1O
84,AFZ,234,22.786,S1O
84,AFZ,235,22.298,S1O
84,AFZ,236,20.833,S1O
84,AFZ,237,18.392,S1O
84,AFZ,238,14.974,S1O
84,AFZ,239,12.533,S1O
84,AFZ,240,13.021,S1O
84,AFZ,241,15.462,S1O
84,AFZ,242,19.368,S1O
84,AFZ,243,23.275,S1O
84,AFZ,244,25.716,S1O
84,AFZ,245,28.158,S1O
84,AFZ,246,29.622,S1O
84,AFZ,247,32.064,S1O
84,AFZ,248,33.040,S1O
84,AFZ,249,32.552,S1O
84,AFZ,250,31.087,S1O
84,AFZ,251,29.622,S1O
84,AFZ,252,29.134,S1O
84,AFZ,253,29.622,S1O
84,AFZ,254,30.599,S1O
84,AFZ,255,30.599,S1O
84,CP3,0,-3.174,S1O
84,CP3,1,-1.709,S1O
84,CP3,2,-1.221,S1O
84,CP3,3,-0.244,S1O
84,CP3,4,0.244,S1O
84,CP3,5,0.732,S1O
84,CP3,6,0.244,S1O
84,CP3,7,-0.732,S1O
84,CP3,8,-2.686,S1O
84,CP3,9,-5.127,S1O
84,CP3,10,-6.592,S1O
84,CP3,11,-7.080,S1O
84,CP3,12,-6.104,S1O
84,CP3,13,-5.127,S1O
84,CP3,14,-3.662,S1O
84,CP3,15,-2.686,S1O
84,CP3,16,-1.221,S1O
84,CP3,17,0.732,S1O
84,CP3,18,4.150,S1O
84,CP3,19,8.057,S1O
84,CP3,20,12.939,S1O
84,CP3,21,17.822,S1O
84,CP3,22,21.729,S1O
84,CP3,23,23.682,S1O
84,CP3,24,22.705,S1O
84,CP3,25,20.264,S1O
84,CP3,26,18.311,S1O
84,CP3,27,16.846,S1O
84,CP3,28,17.334,S1O
84,CP3,29,17.334,S1O
84,CP3,30,17.334,S1O
84,CP3,31,15.869,S1O
84,CP3,32,14.893,S1O
84,CP3,33,14.893,S1O
84,CP3,34,15.381,S1O
84,CP3,35,15.869,S1O
84,CP3,36,15.869,S1O
84,CP3,37,14.404,S1O
84,CP3,38,11.963,S1O
84,CP3,39,10.010,S1O
84,CP3,40,9.033,S1O
84,CP3,41,8.545,S1O
84,CP3,42,7.568,S1O
84,CP3,43,4.639,S1O
84,CP3,44,0.732,S1O
84,CP3,45,-3.662,S1O
84,CP3,46,-8.057,S1O
84,CP3,47,-10.498,S1O
84,CP3,48,-10.498,S1O
84,CP3,49,-9.033,S1O
84,CP3,50,-6.592,S1O
84,CP3,51,-4.150,S1O
84,CP3,52,-1.709,S1O
84,CP3,53,0.244,S1O
84,CP3,54,1.709,S1O
84,CP3,55,3.174,S1O
84,CP3,56,4.639,S1O
84,CP3,57,5.615,S1O
84,CP3,58,7.080,S1O
84,CP3,59,8.545,S1O
84,CP3,60,9.521,S1O
84,CP3,61,9.033,S1O
84,CP3,62,8.545,S1O
84,CP3,63,7.080,S1O
84,CP3,64,6.104,S1O
84,CP3,65,5.127,S1O
84,CP3,66,4.639,S1O
84,CP3,67,4.150,S1O
84,CP3,68,3.662,S1O
84,CP3,69,4.150,S1O
84,CP3,70,5.615,S1O
84,CP3,71,8.057,S1O
84,CP3,72,10.498,S1O
84,CP3,73,11.963,S1O
84,CP3,74,11.475,S1O
84,CP3,75,9.521,S1O
84,CP3,76,7.568,S1O
84,CP3,77,5.615,S1O
84,CP3,78,4.639,S1O
84,CP3,79,4.639,S1O
84,CP3,80,4.639,S1O
84,CP3,81,5.127,S1O
84,CP3,82,5.615,S1O
84,CP3,83,7.080,S1O
84,CP3,84,7.568,S1O
84,CP3,85,8.545,S1O
84,CP3,86,9.521,S1O
84,CP3,87,9.521,S1O
84,CP3,88,9.033,S1O
84,CP3,89,7.568,S1O
84,CP3,90,6.104,S1O
84,CP3,91,5.127,S1O
84,CP3,92,5.127,S1O
84,CP3,93,5.127,S1O
84,CP3,94,4.639,S1O
84,CP3,95,3.662,S1O
84,CP3,96,2.686,S1O
84,CP3,97,3.174,S1O
84,CP3,98,5.127,S1O
84,CP3,99,6.592,S1O
84,CP3,100,7.080,S1O
84,CP3,101,5.127,S1O
84,CP3,102,2.686,S1O
84,CP3,103,1.221,S1O
84,CP3,104,1.709,S1O
84,CP3,105,3.662,S1O
84,CP3,106,5.615,S1O
84,CP3,107,6.592,S1O
84,CP3,108,6.592,S1O
84,CP3,109,5.615,S1O
84,CP3,110,4.639,S1O
84,CP3,111,4.150,S1O
84,CP3,112,3.662,S1O
84,CP3,113,3.174,S1O
84,CP3,114,3.174,S1O
84,CP3,115,2.197,S1O
84,CP3,116,1.221,S1O
84,CP3,117,-0.244,S1O
84,CP3,118,-0.732,S1O
84,CP3,119,-1.221,S1O
84,CP3,120,-0.732,S1O
84,CP3,121,0.244,S1O
84,CP3,122,1.709,S1O
84,CP3,123,2.197,S1O
84,CP3,124,1.221,S1O
84,CP3,125,-0.244,S1O
84,CP3,126,-1.709,S1O
84,CP3,127,-3.174,S1O
84,CP3,128,-4.150,S1O
84,CP3,129,-4.150,S1O
84,CP3,130,-3.662,S1O
84,CP3,131,-3.174,S1O
84,CP3,132,-1.709,S1O
84,CP3,133,-0.244,S1O
84,CP3,134,1.221,S1O
84,CP3,135,1.709,S1O
84,CP3,136,2.197,S1O
84,CP3,137,2.686,S1O
84,CP3,138,3.174,S1O
84,CP3,139,4.150,S1O
84,CP3,140,4.639,S1O
84,CP3,141,4.150,S1O
84,CP3,142,3.174,S1O
84,CP3,143,2.197,S1O
84,CP3,144,1.709,S1O
84,CP3,145,0.732,S1O
84,CP3,146,0.732,S1O
84,CP3,147,-0.244,S1O
84,CP3,148,-2.686,S1O
84,CP3,149,-4.639,S1O
84,CP3,150,-5.615,S1O
84,CP3,151,-4.639,S1O
84,CP3,152,-2.197,S1O
84,CP3,153,0.732,S1O
84,CP3,154,2.197,S1O
84,CP3,155,1.709,S1O
84,CP3,156,-0.244,S1O
84,CP3,157,-1.709,S1O
84,CP3,158,-1.221,S1O
84,CP3,159,0.244,S1O
84,CP3,160,2.197,S1O
84,CP3,161,4.150,S1O
84,CP3,162,4.150,S1O
84,CP3,163,3.662,S1O
84,CP3,164,2.686,S1O
84,CP3,165,1.221,S1O
84,CP3,166,0.244,S1O
84,CP3,167,-0.732,S1O
84,CP3,168,-2.197,S1O
84,CP3,169,-3.174,S1O
84,CP3,170,-4.150,S1O
84,CP3,171,-4.150,S1O
84,CP3,172,-3.174,S1O
84,CP3,173,-2.197,S1O
84,CP3,174,-1.221,S1O
84,CP3,175,-1.221,S1O
84,CP3,176,-0.732,S1O
84,CP3,177,0.732,S1O
84,CP3,178,3.174,S1O
84,CP3,179,5.127,S1O
84,CP3,180,6.592,S1O
84,CP3,181,6.592,S1O
84,CP3,182,6.104,S1O
84,CP3,183,5.127,S1O
84,CP3,184,4.150,S1O
84,CP3,185,3.662,S1O
84,CP3,186,3.662,S1O
84,CP3,187,3.174,S1O
84,CP3,188,3.174,S1O
84,CP3,189,3.174,S1O
84,CP3,190,3.174,S1O
84,CP3,191,3.662,S1O
84,CP3,192,4.150,S1O
84,CP3,193,4.639,S1O
84,CP3,194,5.615,S1O
84,CP3,195,6.104,S1O
84,CP3,196,6.592,S1O
84,CP3,197,6.104,S1O
84,CP3,198,5.127,S1O
84,CP3,199,4.150,S1O
84,CP3,200,3.174,S1O
84,CP3,201,2.197,S1O
84,CP3,202,1.221,S1O
84,CP3,203,0.244,S1O
84,CP3,204,-0.732,S1O
84,CP3,205,-1.709,S1O
84,CP3,206,-2.686,S1O
84,CP3,207,-3.662,S1O
84,CP3,208,-4.150,S1O
84,CP3,209,-4.150,S1O
84,CP3,210,-3.174,S1O
84,CP3,211,-0.732,S1O
84,CP3,212,1.221,S1O
84,CP3,213,2.686,S1O
84,CP3,214,3.174,S1O
84,CP3,215,3.662,S1O
84,CP3,216,3.174,S1O
84,CP3,217,2.686,S1O
84,CP3,218,1.221,S1O
84,CP3,219,-0.732,S1O
84,CP3,220,-3.174,S1O
84,CP3,221,-4.639,S1O
84,CP3,222,-5.127,S1O
84,CP3,223,-5.127,S1O
84,CP3,224,-3.662,S1O
84,CP3,225,-2.197,S1O
84,CP3,226,0.244,S1O
84,CP3,227,2.686,S1O
84,CP3,228,4.639,S1O
84,CP3,229,6.104,S1O
84,CP3,230,6.104,S1O
84,CP3,231,5.615,S1O
84,CP3,232,5.615,S1O
84,CP3,233,6.592,S1O
84,CP3,234,7.568,S1O
84,CP3,235,8.545,S1O
84,CP3,236,7.568,S1O
84,CP3,237,6.592,S1O
84,CP3,238,5.127,S1O
84,CP3,239,3.662,S1O
84,CP3,240,2.686,S1O
84,CP3,241,2.197,S1O
84,CP3,242,3.174,S1O
84,CP3,243,4.639,S1O
84,CP3,244,7.080,S1O
84,CP3,245,10.010,S1O
84,CP3,246,11.475,S1O
84,CP3,247,12.451,S1O
84,CP3,248,12.451,S1O
84,CP3,249,12.451,S1O
84,CP3,250,12.451,S1O
84,CP3,251,12.451,S1O
84,CP3,252,11.963,S1O
84,CP3,253,11.475,S1O
84,CP3,254,10.010,S1O
84,CP3,255,7.568,S1O
84,CP4,0,-4.191,S1O
84,CP4,1,-3.703,S1O
84,CP4,2,-3.215,S1O
84,CP4,3,-2.238,S1O
84,CP4,4,-1.261,S1O
84,CP4,5,-0.285,S1O
84,CP4,6,-0.285,S1O
84,CP4,7,-0.773,S1O
84,CP4,8,-1.261,S1O
84,CP4,9,-1.261,S1O
84,CP4,10,-0.773,S1O
84,CP4,11,1.180,S1O
84,CP4,12,2.645,S1O
84,CP4,13,3.621,S1O
84,CP4,14,4.110,S1O
84,CP4,15,4.110,S1O
84,CP4,16,3.133,S1O
84,CP4,17,2.157,S1O
84,CP4,18,0.203,S1O
84,CP4,19,-2.726,S1O
84,CP4,20,-4.679,S1O
84,CP4,21,-4.679,S1O
84,CP4,22,-2.726,S1O
84,CP4,23,0.203,S1O
84,CP4,24,2.157,S1O
84,CP4,25,3.133,S1O
84,CP4,26,2.645,S1O
84,CP4,27,1.180,S1O
84,CP4,28,0.203,S1O
84,CP4,29,-1.261,S1O
84,CP4,30,-2.238,S1O
84,CP4,31,-2.726,S1O
84,CP4,32,-3.703,S1O
84,CP4,33,-4.191,S1O
84,CP4,34,-4.679,S1O
84,CP4,35,-4.679,S1O
84,CP4,36,-3.703,S1O
84,CP4,37,-2.726,S1O
84,CP4,38,-0.773,S1O
84,CP4,39,0.203,S1O
84,CP4,40,1.180,S1O
84,CP4,41,1.180,S1O
84,CP4,42,0.203,S1O
84,CP4,43,-0.773,S1O
84,CP4,44,-2.238,S1O
84,CP4,45,-4.191,S1O
84,CP4,46,-5.656,S1O
84,CP4,47,-7.121,S1O
84,CP4,48,-7.609,S1O
84,CP4,49,-6.632,S1O
84,CP4,50,-4.679,S1O
84,CP4,51,-2.726,S1O
84,CP4,52,0.203,S1O
84,CP4,53,2.157,S1O
84,CP4,54,3.621,S1O
84,CP4,55,4.598,S1O
84,CP4,56,4.598,S1O
84,CP4,57,5.086,S1O
84,CP4,58,5.086,S1O
84,CP4,59,4.598,S1O
84,CP4,60,3.621,S1O
84,CP4,61,2.157,S1O
84,CP4,62,0.692,S1O
84,CP4,63,-0.773,S1O
84,CP4,64,-1.750,S1O
84,CP4,65,-1.750,S1O
84,CP4,66,-1.261,S1O
84,CP4,67,0.203,S1O
84,CP4,68,1.668,S1O
84,CP4,69,2.645,S1O
84,CP4,70,4.110,S1O
84,CP4,71,5.086,S1O
84,CP4,72,6.063,S1O
84,CP4,73,7.039,S1O
84,CP4,74,7.039,S1O
84,CP4,75,7.039,S1O
84,CP4,76,7.528,S1O
84,CP4,77,7.528,S1O
84,CP4,78,7.039,S1O
84,CP4,79,6.063,S1O
84,CP4,80,4.110,S1O
84,CP4,81,2.157,S1O
84,CP4,82,0.203,S1O
84,CP4,83,-1.261,S1O
84,CP4,84,-1.261,S1O
84,CP4,85,-0.285,S1O
84,CP4,86,0.203,S1O
84,CP4,87,0.203,S1O
84,CP4,88,-0.773,S1O
84,CP4,89,-1.750,S1O
84,CP4,90,-1.750,S1O
84,CP4,91,-0.773,S1O
84,CP4,92,0.692,S1O
84,CP4,93,2.157,S1O
84,CP4,94,3.133,S1O
84,CP4,95,4.110,S1O
84,CP4,96,5.575,S1O
84,CP4,97,7.528,S1O
84,CP4,98,8.504,S1O
84,CP4,99,8.993,S1O
84,CP4,100,8.504,S1O
84,CP4,101,7.528,S1O
84,CP4,102,7.039,S1O
84,CP4,103,7.039,S1O
84,CP4,104,6.551,S1O
84,CP4,105,5.575,S1O
84,CP4,106,3.621,S1O
84,CP4,107,2.157,S1O
84,CP4,108,1.668,S1O
84,CP4,109,1.668,S1O
84,CP4,110,1.668,S1O
84,CP4,111,0.692,S1O
84,CP4,112,-0.285,S1O
84,CP4,113,-1.750,S1O
84,CP4,114,-3.215,S1O
84,CP4,115,-3.703,S1O
84,CP4,116,-4.679,S1O
84,CP4,117,-5.656,S1O
84,CP4,118,-5.656,S1O
84,CP4,119,-5.168,S1O
84,CP4,120,-2.726,S1O
84,CP4,121,0.203,S1O
84,CP4,122,2.157,S1O
84,CP4,123,3.133,S1O
84,CP4,124,2.157,S1O
84,CP4,125,0.692,S1O
84,CP4,126,-0.773,S1O
84,CP4,127,-1.750,S1O
84,CP4,128,-2.238,S1O
84,CP4,129,-2.238,S1O
84,CP4,130,-2.726,S1O
84,CP4,131,-2.726,S1O
84,CP4,132,-2.726,S1O
84,CP4,133,-2.726,S1O
84,CP4,134,-1.750,S1O
84,CP4,135,-0.285,S1O
84,CP4,136,2.157,S1O
84,CP4,137,4.110,S1O
84,CP4,138,6.063,S1O
84,CP4,139,6.063,S1O
84,CP4,140,4.598,S1O
84,CP4,141,2.157,S1O
84,CP4,142,0.203,S1O
84,CP4,143,-0.285,S1O
84,CP4,144,0.692,S1O
84,CP4,145,2.157,S1O
84,CP4,146,2.645,S1O
84,CP4,147,2.157,S1O
84,CP4,148,0.692,S1O
84,CP4,149,-0.285,S1O
84,CP4,150,-0.773,S1O
84,CP4,151,-0.285,S1O
84,CP4,152,0.692,S1O
84,CP4,153,1.180,S1O
84,CP4,154,0.692,S1O
84,CP4,155,0.203,S1O
84,CP4,156,-0.285,S1O
84,CP4,157,0.203,S1O
84,CP4,158,1.668,S1O
84,CP4,159,3.621,S1O
84,CP4,160,5.575,S1O
84,CP4,161,7.039,S1O
84,CP4,162,8.016,S1O
84,CP4,163,7.528,S1O
84,CP4,164,7.039,S1O
84,CP4,165,6.551,S1O
84,CP4,166,6.063,S1O
84,CP4,167,6.063,S1O
84,CP4,168,6.551,S1O
84,CP4,169,7.039,S1O
84,CP4,170,6.551,S1O
84,CP4,171,6.551,S1O
84,CP4,172,6.063,S1O
84,CP4,173,5.086,S1O
84,CP4,174,4.110,S1O
84,CP4,175,3.133,S1O
84,CP4,176,2.157,S1O
84,CP4,177,2.157,S1O
84,CP4,178,3.133,S1O
84,CP4,179,4.110,S1O
84,CP4,180,5.086,S1O
84,CP4,181,6.063,S1O
84,CP4,182,7.039,S1O
84,CP4,183,8.016,S1O
84,CP4,184,9.969,S1O
84,CP4,185,11.434,S1O
84,CP4,186,12.410,S1O
84,CP4,187,11.922,S1O
84,CP4,188,10.946,S1O
84,CP4,189,9.481,S1O
84,CP4,190,8.016,S1O
84,CP4,191,7.039,S1O
84,CP4,192,7.039,S1O
84,CP4,193,6.551,S1O
84,CP4,194,6.063,S1O
84,CP4,195,5.575,S1O
84,CP4,196,6.063,S1O
84,CP4,197,6.063,S1O
84,CP4,198,6.551,S1O
84,CP4,199,5.086,S1O
84,CP4,200,3.621,S1O
84,CP4,201,1.668,S1O
84,CP4,202,0.692,S1O
84,CP4,203,1.180,S1O
84,CP4,204,2.645,S1O
84,CP4,205,5.086,S1O
84,CP4,206,7.039,S1O
84,CP4,207,7.528,S1O
84,CP4,208,7.528,S1O
84,CP4,209,7.039,S1O
84,CP4,210,6.063,S1O
84,CP4,211,5.086,S1O
84,CP4,212,4.598,S1O
84,CP4,213,3.133,S1O
84,CP4,214,3.133,S1O
84,CP4,215,3.621,S1O
84,CP4,216,4.598,S1O
84,CP4,217,5.575,S1O
84,CP4,218,6.551,S1O
84,CP4,219,6.063,S1O
84,CP4,220,5.575,S1O
84,CP4,221,4.110,S1O
84,CP4,222,2.645,S1O
84,CP4,223,1.180,S1O
84,CP4,224,0.203,S1O
84,CP4,225,0.692,S1O
84,CP4,226,2.157,S1O
84,CP4,227,5.086,S1O
84,CP4,228,8.016,S1O
84,CP4,229,9.969,S1O
84,CP4,230,10.457,S1O
84,CP4,231,9.969,S1O
84,CP4,232,9.481,S1O
84,CP4,233,8.993,S1O
84,CP4,234,8.504,S1O
84,CP4,235,8.504,S1O
84,CP4,236,8.016,S1O
84,CP4,237,7.528,S1O
84,CP4,238,7.039,S1O
84,CP4,239,6.063,S1O
84,CP4,240,5.086,S1O
84,CP4,241,4.110,S1O
84,CP4,242,4.110,S1O
84,CP4,243,4.110,S1O
84,CP4,244,4.110,S1O
84,CP4,245,4.598,S1O
84,CP4,246,4.110,S1O
84,CP4,247,3.621,S1O
84,CP4,248,3.133,S1O
84,CP4,249,4.110,S1O
84,CP4,250,6.063,S1O
84,CP4,251,8.504,S1O
84,CP4,252,11.922,S1O
84,CP4,253,15.828,S1O
84,CP4,254,18.758,S1O
84,CP4,255,20.711,S1O
84,P5,0,-4.710,S1O
84,P5,1,-2.757,S1O
84,P5,2,-1.780,S1O
84,P5,3,-1.292,S1O
84,P5,4,-0.804,S1O
84,P5,5,0.173,S1O
84,P5,6,0.173,S1O
84,P5,7,-0.315,S1O
84,P5,8,-2.757,S1O
84,P5,9,-5.198,S1O
84,P5,10,-7.151,S1O
84,P5,11,-7.151,S1O
84,P5,12,-5.198,S1O
84,P5,13,-3.245,S1O
84,P5,14,-1.780,S1O
84,P5,15,-0.804,S1O
84,P5,16,0.173,S1O
84,P5,17,2.126,S1O
84,P5,18,4.079,S1O
84,P5,19,6.032,S1O
84,P5,20,7.497,S1O
84,P5,21,8.474,S1O
84,P5,22,10.427,S1O
84,P5,23,12.380,S1O
84,P5,24,14.821,S1O
84,P5,25,16.286,S1O
84,P5,26,15.798,S1O
84,P5,27,13.845,S1O
84,P5,28,11.892,S1O
84,P5,29,10.915,S1O
84,P5,30,10.915,S1O
84,P5,31,11.892,S1O
84,P5,32,12.868,S1O
84,P5,33,13.845,S1O
84,P5,34,13.357,S1O
84,P5,35,12.868,S1O
84,P5,36,11.892,S1O
84,P5,37,10.915,S1O
84,P5,38,9.939,S1O
84,P5,39,8.474,S1O
84,P5,40,6.521,S1O
84,P5,41,4.567,S1O
84,P5,42,2.614,S1O
84,P5,43,-0.804,S1O
84,P5,44,-5.686,S1O
84,P5,45,-10.569,S1O
84,P5,46,-15.940,S1O
84,P5,47,-19.847,S1O
84,P5,48,-21.311,S1O
84,P5,49,-19.847,S1O
84,P5,50,-15.940,S1O
84,P5,51,-12.034,S1O
84,P5,52,-7.640,S1O
84,P5,53,-3.733,S1O
84,P5,54,-0.315,S1O
84,P5,55,2.614,S1O
84,P5,56,5.056,S1O
84,P5,57,7.497,S1O
84,P5,58,9.450,S1O
84,P5,59,10.915,S1O
84,P5,60,11.403,S1O
84,P5,61,10.915,S1O
84,P5,62,9.450,S1O
84,P5,63,7.497,S1O
84,P5,64,6.032,S1O
84,P5,65,5.056,S1O
84,P5,66,5.056,S1O
84,P5,67,5.056,S1O
84,P5,68,6.521,S1O
84,P5,69,7.985,S1O
84,P5,70,11.403,S1O
84,P5,71,15.798,S1O
84,P5,72,20.192,S1O
84,P5,73,22.634,S1O
84,P5,74,22.146,S1O
84,P5,75,18.239,S1O
84,P5,76,12.380,S1O
84,P5,77,7.497,S1O
84,P5,78,4.079,S1O
84,P5,79,3.591,S1O
84,P5,80,4.567,S1O
84,P5,81,5.544,S1O
84,P5,82,6.521,S1O
84,P5,83,7.497,S1O
84,P5,84,8.962,S1O
84,P5,85,11.403,S1O
84,P5,86,13.357,S1O
84,P5,87,13.845,S1O
84,P5,88,12.380,S1O
84,P5,89,9.450,S1O
84,P5,90,7.009,S1O
84,P5,91,6.032,S1O
84,P5,92,6.521,S1O
84,P5,93,7.009,S1O
84,P5,94,6.032,S1O
84,P5,95,4.567,S1O
84,P5,96,3.591,S1O
84,P5,97,5.056,S1O
84,P5,98,7.985,S1O
84,P5,99,10.427,S1O
84,P5,100,9.939,S1O
84,P5,101,6.521,S1O
84,P5,102,2.126,S1O
84,P5,103,0.173,S1O
84,P5,104,1.149,S1O
84,P5,105,5.056,S1O
84,P5,106,7.985,S1O
84,P5,107,8.962,S1O
84,P5,108,7.985,S1O
84,P5,109,5.544,S1O
84,P5,110,4.079,S1O
84,P5,111,3.591,S1O
84,P5,112,4.079,S1O
84,P5,113,4.079,S1O
84,P5,114,3.591,S1O
84,P5,115,1.638,S1O
84,P5,116,-0.804,S1O
84,P5,117,-2.757,S1O
84,P5,118,-4.222,S1O
84,P5,119,-3.733,S1O
84,P5,120,-2.268,S1O
84,P5,121,-1.292,S1O
84,P5,122,-0.804,S1O
84,P5,123,-1.780,S1O
84,P5,124,-3.733,S1O
84,P5,125,-5.686,S1O
84,P5,126,-6.663,S1O
84,P5,127,-7.151,S1O
84,P5,128,-6.663,S1O
84,P5,129,-6.663,S1O
84,P5,130,-5.686,S1O
84,P5,131,-4.222,S1O
84,P5,132,-1.780,S1O
84,P5,133,0.173,S1O
84,P5,134,1.149,S1O
84,P5,135,0.661,S1O
84,P5,136,-0.315,S1O
84,P5,137,-0.315,S1O
84,P5,138,0.173,S1O
84,P5,139,1.149,S1O
84,P5,140,2.126,S1O
84,P5,141,2.126,S1O
84,P5,142,1.149,S1O
84,P5,143,0.173,S1O
84,P5,144,-0.315,S1O
84,P5,145,1.149,S1O
84,P5,146,1.638,S1O
84,P5,147,0.173,S1O
84,P5,148,-4.222,S1O
84,P5,149,-9.104,S1O
84,P5,150,-11.546,S1O
84,P5,151,-10.081,S1O
84,P5,152,-5.686,S1O
84,P5,153,-0.804,S1O
84,P5,154,1.149,S1O
84,P5,155,0.173,S1O
84,P5,156,-2.757,S1O
84,P5,157,-4.710,S1O
84,P5,158,-5.198,S1O
84,P5,159,-3.733,S1O
84,P5,160,-1.292,S1O
84,P5,161,0.661,S1O
84,P5,162,2.126,S1O
84,P5,163,1.638,S1O
84,P5,164,1.149,S1O
84,P5,165,-0.804,S1O
84,P5,166,-2.757,S1O
84,P5,167,-5.198,S1O
84,P5,168,-6.663,S1O
84,P5,169,-7.151,S1O
84,P5,170,-7.151,S1O
84,P5,171,-7.151,S1O
84,P5,172,-7.640,S1O
84,P5,173,-8.128,S1O
84,P5,174,-8.616,S1O
84,P5,175,-8.128,S1O
84,P5,176,-7.151,S1O
84,P5,177,-4.710,S1O
84,P5,178,-1.292,S1O
84,P5,179,1.638,S1O
84,P5,180,4.079,S1O
84,P5,181,4.079,S1O
84,P5,182,3.591,S1O
84,P5,183,2.614,S1O
84,P5,184,2.126,S1O
84,P5,185,2.614,S1O
84,P5,186,3.591,S1O
84,P5,187,4.079,S1O
84,P5,188,3.103,S1O
84,P5,189,2.126,S1O
84,P5,190,1.149,S1O
84,P5,191,1.149,S1O
84,P5,192,2.126,S1O
84,P5,193,3.103,S1O
84,P5,194,3.591,S1O
84,P5,195,2.614,S1O
84,P5,196,1.149,S1O
84,P5,197,-0.315,S1O
84,P5,198,-0.804,S1O
84,P5,199,-0.804,S1O
84,P5,200,-1.292,S1O
84,P5,201,-2.757,S1O
84,P5,202,-4.222,S1O
84,P5,203,-6.175,S1O
84,P5,204,-7.640,S1O
84,P5,205,-8.128,S1O
84,P5,206,-8.616,S1O
84,P5,207,-9.593,S1O
84,P5,208,-10.569,S1O
84,P5,209,-10.569,S1O
84,P5,210,-9.593,S1O
84,P5,211,-7.640,S1O
84,P5,212,-5.686,S1O
84,P5,213,-3.733,S1O
84,P5,214,-1.780,S1O
84,P5,215,-0.315,S1O
84,P5,216,0.173,S1O
84,P5,217,-0.315,S1O
84,P5,218,-2.268,S1O
84,P5,219,-6.175,S1O
84,P5,220,-10.081,S1O
84,P5,221,-13.011,S1O
84,P5,222,-14.964,S1O
84,P5,223,-14.476,S1O
84,P5,224,-12.522,S1O
84,P5,225,-8.128,S1O
84,P5,226,-3.245,S1O
84,P5,227,2.126,S1O
84,P5,228,6.521,S1O
84,P5,229,8.474,S1O
84,P5,230,8.474,S1O
84,P5,231,7.985,S1O
84,P5,232,7.985,S1O
84,P5,233,7.985,S1O
84,P5,234,8.474,S1O
84,P5,235,7.497,S1O
84,P5,236,6.032,S1O
84,P5,237,4.079,S1O
84,P5,238,2.126,S1O
84,P5,239,-0.315,S1O
84,P5,240,-2.268,S1O
84,P5,241,-4.222,S1O
84,P5,242,-3.733,S1O
84,P5,243,-0.804,S1O
84,P5,244,4.079,S1O
84,P5,245,8.962,S1O
84,P5,246,11.892,S1O
84,P5,247,13.845,S1O
84,P5,248,14.333,S1O
84,P5,249,14.333,S1O
84,P5,250,14.333,S1O
84,P5,251,14.333,S1O
84,P5,252,12.868,S1O
84,P5,253,10.915,S1O
84,P5,254,8.962,S1O
84,P5,255,6.032,S1O
84,P6,0,-6.297,S1O
84,P6,1,-7.273,S1O
84,P6,2,-6.785,S1O
84,P6,3,-4.344,S1O
84,P6,4,-1.902,S1O
84,P6,5,0.051,S1O
84,P6,6,0.051,S1O
84,P6,7,-0.926,S1O
84,P6,8,-1.414,S1O
84,P6,9,-1.414,S1O
84,P6,10,0.539,S1O
84,P6,11,2.004,S1O
84,P6,12,2.492,S1O
84,P6,13,2.492,S1O
84,P6,14,2.004,S1O
84,P6,15,2.004,S1O
84,P6,16,1.516,S1O
84,P6,17,1.027,S1O
84,P6,18,-0.437,S1O
84,P6,19,-2.391,S1O
84,P6,20,-3.367,S1O
84,P6,21,-2.879,S1O
84,P6,22,0.539,S1O
84,P6,23,4.445,S1O
84,P6,24,8.352,S1O
84,P6,25,10.793,S1O
84,P6,26,11.281,S1O
84,P6,27,10.305,S1O
84,P6,28,9.328,S1O
84,P6,29,7.863,S1O
84,P6,30,6.887,S1O
84,P6,31,5.910,S1O
84,P6,32,5.910,S1O
84,P6,33,5.422,S1O
84,P6,34,5.422,S1O
84,P6,35,5.910,S1O
84,P6,36,5.910,S1O
84,P6,37,6.399,S1O
84,P6,38,6.399,S1O
84,P6,39,5.910,S1O
84,P6,40,5.422,S1O
84,P6,41,4.445,S1O
84,P6,42,2.981,S1O
84,P6,43,1.027,S1O
84,P6,44,-1.414,S1O
84,P6,45,-4.344,S1O
84,P6,46,-7.762,S1O
84,P6,47,-9.715,S1O
84,P6,48,-11.180,S1O
84,P6,49,-10.203,S1O
84,P6,50,-7.273,S1O
84,P6,51,-3.855,S1O
84,P6,52,0.539,S1O
84,P6,53,4.445,S1O
84,P6,54,7.375,S1O
84,P6,55,9.328,S1O
84,P6,56,10.793,S1O
84,P6,57,11.770,S1O
84,P6,58,13.234,S1O
84,P6,59,13.723,S1O
84,P6,60,13.723,S1O
84,P6,61,11.770,S1O
84,P6,62,9.328,S1O
84,P6,63,6.399,S1O
84,P6,64,3.469,S1O
84,P6,65,2.492,S1O
84,P6,66,2.492,S1O
84,P6,67,3.957,S1O
84,P6,68,5.422,S1O
84,P6,69,6.399,S1O
84,P6,70,7.375,S1O
84,P6,71,8.352,S1O
84,P6,72,9.816,S1O
84,P6,73,11.770,S1O
84,P6,74,13.234,S1O
84,P6,75,14.211,S1O
84,P6,76,13.723,S1O
84,P6,77,12.258,S1O
84,P6,78,9.816,S1O
84,P6,79,7.375,S1O
84,P6,80,4.934,S1O
84,P6,81,2.981,S1O
84,P6,82,1.516,S1O
84,P6,83,0.539,S1O
84,P6,84,0.539,S1O
84,P6,85,0.539,S1O
84,P6,86,0.539,S1O
84,P6,87,0.539,S1O
84,P6,88,-0.437,S1O
84,P6,89,-1.902,S1O
84,P6,90,-1.902,S1O
84,P6,91,-1.414,S1O
84,P6,92,0.051,S1O
84,P6,93,2.004,S1O
84,P6,94,2.981,S1O
84,P6,95,4.445,S1O
84,P6,96,5.910,S1O
84,P6,97,7.863,S1O
84,P6,98,8.840,S1O
84,P6,99,8.840,S1O
84,P6,100,7.863,S1O
84,P6,101,6.887,S1O
84,P6,102,6.887,S1O
84,P6,103,6.887,S1O
84,P6,104,6.399,S1O
84,P6,105,4.934,S1O
84,P6,106,2.492,S1O
84,P6,107,1.516,S1O
84,P6,108,1.516,S1O
84,P6,109,2.492,S1O
84,P6,110,2.981,S1O
84,P6,111,1.516,S1O
84,P6,112,-0.926,S1O
84,P6,113,-2.879,S1O
84,P6,114,-3.855,S1O
84,P6,115,-3.367,S1O
84,P6,116,-3.367,S1O
84,P6,117,-3.855,S1O
84,P6,118,-4.344,S1O
84,P6,119,-4.344,S1O
84,P6,120,-2.879,S1O
84,P6,121,-0.437,S1O
84,P6,122,0.539,S1O
84,P6,123,0.051,S1O
84,P6,124,-2.391,S1O
84,P6,125,-5.320,S1O
84,P6,126,-7.762,S1O
84,P6,127,-8.738,S1O
84,P6,128,-8.738,S1O
84,P6,129,-8.250,S1O
84,P6,130,-7.762,S1O
84,P6,131,-6.785,S1O
84,P6,132,-6.297,S1O
84,P6,133,-4.832,S1O
84,P6,134,-4.344,S1O
84,P6,135,-3.367,S1O
84,P6,136,-1.414,S1O
84,P6,137,1.516,S1O
84,P6,138,4.445,S1O
84,P6,139,4.934,S1O
84,P6,140,2.981,S1O
84,P6,141,0.051,S1O
84,P6,142,-2.391,S1O
84,P6,143,-2.391,S1O
84,P6,144,0.051,S1O
84,P6,145,2.981,S1O
84,P6,146,4.445,S1O
84,P6,147,3.957,S1O
84,P6,148,2.004,S1O
84,P6,149,0.051,S1O
84,P6,150,-0.926,S1O
84,P6,151,-0.926,S1O
84,P6,152,-0.926,S1O
84,P6,153,-1.902,S1O
84,P6,154,-2.879,S1O
84,P6,155,-3.855,S1O
84,P6,156,-3.855,S1O
84,P6,157,-2.391,S1O
84,P6,158,-0.437,S1O
84,P6,159,1.027,S1O
84,P6,160,2.492,S1O
84,P6,161,2.492,S1O
84,P6,162,2.492,S1O
84,P6,163,2.492,S1O
84,P6,164,2.004,S1O
84,P6,165,2.492,S1O
84,P6,166,2.981,S1O
84,P6,167,3.957,S1O
84,P6,168,4.934,S1O
84,P6,169,4.934,S1O
84,P6,170,3.469,S1O
84,P6,171,2.492,S1O
84,P6,172,1.516,S1O
84,P6,173,1.027,S1O
84,P6,174,0.051,S1O
84,P6,175,-1.414,S1O
84,P6,176,-4.344,S1O
84,P6,177,-5.809,S1O
84,P6,178,-5.809,S1O
84,P6,179,-3.855,S1O
84,P6,180,-0.437,S1O
84,P6,181,2.492,S1O
84,P6,182,5.422,S1O
84,P6,183,7.375,S1O
84,P6,184,8.840,S1O
84,P6,185,10.305,S1O
84,P6,186,11.281,S1O
84,P6,187,11.281,S1O
84,P6,188,9.816,S1O
84,P6,189,8.352,S1O
84,P6,190,7.375,S1O
84,P6,191,6.887,S1O
84,P6,192,6.887,S1O
84,P6,193,7.375,S1O
84,P6,194,6.399,S1O
84,P6,195,5.910,S1O
84,P6,196,5.910,S1O
84,P6,197,6.399,S1O
84,P6,198,6.887,S1O
84,P6,199,6.399,S1O
84,P6,200,5.422,S1O
84,P6,201,3.957,S1O
84,P6,202,3.469,S1O
84,P6,203,3.469,S1O
84,P6,204,5.422,S1O
84,P6,205,7.375,S1O
84,P6,206,9.328,S1O
84,P6,207,9.816,S1O
84,P6,208,9.328,S1O
84,P6,209,7.375,S1O
84,P6,210,4.934,S1O
84,P6,211,2.981,S1O
84,P6,212,1.027,S1O
84,P6,213,0.539,S1O
84,P6,214,1.027,S1O
84,P6,215,2.981,S1O
84,P6,216,4.934,S1O
84,P6,217,6.887,S1O
84,P6,218,7.375,S1O
84,P6,219,7.375,S1O
84,P6,220,6.887,S1O
84,P6,221,5.910,S1O
84,P6,222,4.445,S1O
84,P6,223,2.004,S1O
84,P6,224,0.051,S1O
84,P6,225,-1.414,S1O
84,P6,226,-0.437,S1O
84,P6,227,2.492,S1O
84,P6,228,6.399,S1O
84,P6,229,10.305,S1O
84,P6,230,12.258,S1O
84,P6,231,12.746,S1O
84,P6,232,12.258,S1O
84,P6,233,11.770,S1O
84,P6,234,11.770,S1O
84,P6,235,12.258,S1O
84,P6,236,12.258,S1O
84,P6,237,11.770,S1O
84,P6,238,10.305,S1O
84,P6,239,8.840,S1O
84,P6,240,6.887,S1O
84,P6,241,5.422,S1O
84,P6,242,4.934,S1O
84,P6,243,4.445,S1O
84,P6,244,4.445,S1O
84,P6,245,4.445,S1O
84,P6,246,3.957,S1O
84,P6,247,3.957,S1O
84,P6,248,4.934,S1O
84,P6,249,6.399,S1O
84,P6,250,8.840,S1O
84,P6,251,11.770,S1O
84,P6,252,16.164,S1O
84,P6,253,21.047,S1O
84,P6,254,25.441,S1O
84,P6,255,27.883,S1O
84,C1,0,-0.356,S1O
84,C1,1,-0.356,S1O
84,C1,2,-0.356,S1O
84,C1,3,-0.356,S1O
84,C1,4,0.132,S1O
84,C1,5,0.132,S1O
84,C1,6,0.132,S1O
84,C1,7,-0.844,S1O
84,C1,8,-1.821,S1O
84,C1,9,-2.797,S1O
84,C1,10,-3.286,S1O
84,C1,11,-3.774,S1O
84,C1,12,-2.797,S1O
84,C1,13,-2.309,S1O
84,C1,14,-1.821,S1O
84,C1,15,-1.333,S1O
84,C1,16,-0.356,S1O
84,C1,17,0.621,S1O
84,C1,18,1.597,S1O
84,C1,19,2.085,S1O
84,C1,20,2.085,S1O
84,C1,21,1.109,S1O
84,C1,22,0.621,S1O
84,C1,23,0.621,S1O
84,C1,24,0.132,S1O
84,C1,25,-0.356,S1O
84,C1,26,-0.356,S1O
84,C1,27,-0.844,S1O
84,C1,28,-0.356,S1O
84,C1,29,0.132,S1O
84,C1,30,0.621,S1O
84,C1,31,0.621,S1O
84,C1,32,1.109,S1O
84,C1,33,1.109,S1O
84,C1,34,1.109,S1O
84,C1,35,1.597,S1O
84,C1,36,2.085,S1O
84,C1,37,2.085,S1O
84,C1,38,2.085,S1O
84,C1,39,2.085,S1O
84,C1,40,2.085,S1O
84,C1,41,2.085,S1O
84,C1,42,2.085,S1O
84,C1,43,0.621,S1O
84,C1,44,-0.844,S1O
84,C1,45,-2.309,S1O
84,C1,46,-4.262,S1O
84,C1,47,-5.239,S1O
84,C1,48,-5.239,S1O
84,C1,49,-4.751,S1O
84,C1,50,-3.774,S1O
84,C1,51,-3.286,S1O
84,C1,52,-2.797,S1O
84,C1,53,-2.309,S1O
84,C1,54,-1.821,S1O
84,C1,55,-1.333,S1O
84,C1,56,-1.333,S1O
84,C1,57,-1.333,S1O
84,C1,58,-0.356,S1O
84,C1,59,0.132,S1O
84,C1,60,0.621,S1O
84,C1,61,0.132,S1O
84,C1,62,-0.356,S1O
84,C1,63,-0.844,S1O
84,C1,64,-0.844,S1O
84,C1,65,-1.333,S1O
84,C1,66,-1.821,S1O
84,C1,67,-2.309,S1O
84,C1,68,-2.797,S1O
84,C1,69,-3.286,S1O
84,C1,70,-2.309,S1O
84,C1,71,-1.821,S1O
84,C1,72,-1.333,S1O
84,C1,73,-0.844,S1O
84,C1,74,-0.844,S1O
84,C1,75,-1.333,S1O
84,C1,76,-1.821,S1O
84,C1,77,-1.821,S1O
84,C1,78,-1.821,S1O
84,C1,79,-2.309,S1O
84,C1,80,-2.309,S1O
84,C1,81,-2.309,S1O
84,C1,82,-1.821,S1O
84,C1,83,-1.821,S1O
84,C1,84,-1.333,S1O
84,C1,85,-0.844,S1O
84,C1,86,-0.356,S1O
84,C1,87,0.132,S1O
84,C1,88,0.132,S1O
84,C1,89,-0.356,S1O
84,C1,90,-1.333,S1O
84,C1,91,-2.309,S1O
84,C1,92,-2.309,S1O
84,C1,93,-1.821,S1O
84,C1,94,-2.309,S1O
84,C1,95,-2.309,S1O
84,C1,96,-3.286,S1O
84,C1,97,-3.774,S1O
84,C1,98,-3.774,S1O
84,C1,99,-3.286,S1O
84,C1,100,-2.797,S1O
84,C1,101,-3.286,S1O
84,C1,102,-3.286,S1O
84,C1,103,-3.774,S1O
84,C1,104,-3.286,S1O
84,C1,105,-2.797,S1O
84,C1,106,-1.821,S1O
84,C1,107,-1.333,S1O
84,C1,108,-1.333,S1O
84,C1,109,-1.821,S1O
84,C1,110,-2.309,S1O
84,C1,111,-2.797,S1O
84,C1,112,-2.797,S1O
84,C1,113,-2.797,S1O
84,C1,114,-3.286,S1O
84,C1,115,-3.774,S1O
84,C1,116,-4.262,S1O
84,C1,117,-4.751,S1O
84,C1,118,-5.239,S1O
84,C1,119,-5.727,S1O
84,C1,120,-5.727,S1O
84,C1,121,-5.239,S1O
84,C1,122,-4.262,S1O
84,C1,123,-3.774,S1O
84,C1,124,-3.286,S1O
84,C1,125,-3.286,S1O
84,C1,126,-4.751,S1O
84,C1,127,-5.727,S1O
84,C1,128,-6.215,S1O
84,C1,129,-6.215,S1O
84,C1,130,-5.239,S1O
84,C1,131,-4.262,S1O
84,C1,132,-3.286,S1O
84,C1,133,-3.286,S1O
84,C1,134,-3.286,S1O
84,C1,135,-3.286,S1O
84,C1,136,-3.286,S1O
84,C1,137,-2.309,S1O
84,C1,138,-1.821,S1O
84,C1,139,-1.821,S1O
84,C1,140,-1.821,S1O
84,C1,141,-2.309,S1O
84,C1,142,-2.797,S1O
84,C1,143,-3.286,S1O
84,C1,144,-3.286,S1O
84,C1,145,-3.286,S1O
84,C1,146,-4.262,S1O
84,C1,147,-4.751,S1O
84,C1,148,-5.239,S1O
84,C1,149,-5.727,S1O
84,C1,150,-5.727,S1O
84,C1,151,-5.239,S1O
84,C1,152,-4.751,S1O
84,C1,153,-4.751,S1O
84,C1,154,-4.751,S1O
84,C1,155,-4.751,S1O
84,C1,156,-4.751,S1O
84,C1,157,-4.751,S1O
84,C1,158,-3.774,S1O
84,C1,159,-3.286,S1O
84,C1,160,-2.797,S1O
84,C1,161,-2.309,S1O
84,C1,162,-1.821,S1O
84,C1,163,-1.821,S1O
84,C1,164,-2.309,S1O
84,C1,165,-3.286,S1O
84,C1,166,-4.262,S1O
84,C1,167,-4.751,S1O
84,C1,168,-5.239,S1O
84,C1,169,-5.239,S1O
84,C1,170,-5.727,S1O
84,C1,171,-5.727,S1O
84,C1,172,-5.727,S1O
84,C1,173,-5.727,S1O
84,C1,174,-6.215,S1O
84,C1,175,-5.727,S1O
84,C1,176,-5.239,S1O
84,C1,177,-3.286,S1O
84,C1,178,-1.821,S1O
84,C1,179,-0.356,S1O
84,C1,180,0.132,S1O
84,C1,181,-0.356,S1O
84,C1,182,-1.333,S1O
84,C1,183,-1.333,S1O
84,C1,184,-1.333,S1O
84,C1,185,-1.333,S1O
84,C1,186,-0.844,S1O
84,C1,187,-0.356,S1O
84,C1,188,0.132,S1O
84,C1,189,-0.356,S1O
84,C1,190,-0.844,S1O
84,C1,191,-1.333,S1O
84,C1,192,-1.821,S1O
84,C1,193,-1.821,S1O
84,C1,194,-1.821,S1O
84,C1,195,-1.821,S1O
84,C1,196,-1.821,S1O
84,C1,197,-1.821,S1O
84,C1,198,-2.309,S1O
84,C1,199,-2.797,S1O
84,C1,200,-2.797,S1O
84,C1,201,-2.797,S1O
84,C1,202,-2.797,S1O
84,C1,203,-2.797,S1O
84,C1,204,-2.797,S1O
84,C1,205,-2.797,S1O
84,C1,206,-3.286,S1O
84,C1,207,-3.286,S1O
84,C1,208,-3.774,S1O
84,C1,209,-3.774,S1O
84,C1,210,-3.286,S1O
84,C1,211,-3.286,S1O
84,C1,212,-3.286,S1O
84,C1,213,-3.774,S1O
84,C1,214,-4.751,S1O
84,C1,215,-4.751,S1O
84,C1,216,-4.751,S1O
84,C1,217,-3.774,S1O
84,C1,218,-3.774,S1O
84,C1,219,-4.262,S1O
84,C1,220,-5.239,S1O
84,C1,221,-5.239,S1O
84,C1,222,-4.751,S1O
84,C1,223,-4.262,S1O
84,C1,224,-3.286,S1O
84,C1,225,-3.286,S1O
84,C1,226,-2.797,S1O
84,C1,227,-2.309,S1O
84,C1,228,-2.309,S1O
84,C1,229,-1.821,S1O
84,C1,230,-2.309,S1O
84,C1,231,-2.309,S1O
84,C1,232,-2.309,S1O
84,C1,233,-2.309,S1O
84,C1,234,-2.309,S1O
84,C1,235,-2.309,S1O
84,C1,236,-2.797,S1O
84,C1,237,-3.286,S1O
84,C1,238,-3.286,S1O
84,C1,239,-3.286,S1O
84,C1,240,-2.797,S1O
84,C1,241,-2.309,S1O
84,C1,242,-2.309,S1O
84,C1,243,-1.821,S1O
84,C1,244,-1.333,S1O
84,C1,245,-0.356,S1O
84,C1,246,0.621,S1O
84,C1,247,1.597,S1O
84,C1,248,1.597,S1O
84,C1,249,1.597,S1O
84,C1,250,1.109,S1O
84,C1,251,0.621,S1O
84,C1,252,0.132,S1O
84,C1,253,-0.356,S1O
84,C1,254,-1.821,S1O
84,C1,255,-2.309,S1O
84,C2,0,-0.722,S1O
84,C2,1,-0.234,S1O
84,C2,2,0.254,S1O
84,C2,3,0.254,S1O
84,C2,4,0.254,S1O
84,C2,5,-0.234,S1O
84,C2,6,-0.234,S1O
84,C2,7,-0.722,S1O
84,C2,8,-0.234,S1O
84,C2,9,0.254,S1O
84,C2,10,0.743,S1O
84,C2,11,1.719,S1O
84,C2,12,2.207,S1O
84,C2,13,2.696,S1O
84,C2,14,2.696,S1O
84,C2,15,2.696,S1O
84,C2,16,1.231,S1O
84,C2,17,-0.234,S1O
84,C2,18,-1.699,S1O
84,C2,19,-2.675,S1O
84,C2,20,-2.675,S1O
84,C2,21,-2.675,S1O
84,C2,22,-2.187,S1O
84,C2,23,-1.211,S1O
84,C2,24,-0.722,S1O
84,C2,25,0.254,S1O
84,C2,26,-0.234,S1O
84,C2,27,-0.234,S1O
84,C2,28,-1.211,S1O
84,C2,29,-2.187,S1O
84,C2,30,-3.164,S1O
84,C2,31,-3.652,S1O
84,C2,32,-4.140,S1O
84,C2,33,-4.628,S1O
84,C2,34,-5.117,S1O
84,C2,35,-5.117,S1O
84,C2,36,-5.117,S1O
84,C2,37,-4.140,S1O
84,C2,38,-2.675,S1O
84,C2,39,-2.187,S1O
84,C2,40,-1.699,S1O
84,C2,41,-2.187,S1O
84,C2,42,-1.699,S1O
84,C2,43,-1.699,S1O
84,C2,44,-1.211,S1O
84,C2,45,-1.211,S1O
84,C2,46,-1.699,S1O
84,C2,47,-2.675,S1O
84,C2,48,-3.164,S1O
84,C2,49,-3.164,S1O
84,C2,50,-2.675,S1O
84,C2,51,-1.699,S1O
84,C2,52,-1.211,S1O
84,C2,53,-0.722,S1O
84,C2,54,-1.211,S1O
84,C2,55,-1.211,S1O
84,C2,56,-1.699,S1O
84,C2,57,-1.699,S1O
84,C2,58,-1.699,S1O
84,C2,59,-1.699,S1O
84,C2,60,-2.675,S1O
84,C2,61,-3.164,S1O
84,C2,62,-3.652,S1O
84,C2,63,-3.652,S1O
84,C2,64,-4.140,S1O
84,C2,65,-3.652,S1O
84,C2,66,-3.652,S1O
84,C2,67,-3.164,S1O
84,C2,68,-2.675,S1O
84,C2,69,-2.187,S1O
84,C2,70,-1.699,S1O
84,C2,71,-1.699,S1O
84,C2,72,-1.211,S1O
84,C2,73,-0.722,S1O
84,C2,74,-0.234,S1O
84,C2,75,0.254,S1O
84,C2,76,0.743,S1O
84,C2,77,1.231,S1O
84,C2,78,1.231,S1O
84,C2,79,1.231,S1O
84,C2,80,0.743,S1O
84,C2,81,-0.234,S1O
84,C2,82,-1.699,S1O
84,C2,83,-2.187,S1O
84,C2,84,-2.187,S1O
84,C2,85,-2.187,S1O
84,C2,86,-2.187,S1O
84,C2,87,-2.187,S1O
84,C2,88,-2.675,S1O
84,C2,89,-2.187,S1O
84,C2,90,-2.187,S1O
84,C2,91,-2.187,S1O
84,C2,92,-1.699,S1O
84,C2,93,-1.699,S1O
84,C2,94,-1.699,S1O
84,C2,95,-1.699,S1O
84,C2,96,-1.699,S1O
84,C2,97,-1.211,S1O
84,C2,98,-1.211,S1O
84,C2,99,-1.699,S1O
84,C2,100,-1.699,S1O
84,C2,101,-1.211,S1O
84,C2,102,-0.722,S1O
84,C2,103,-0.234,S1O
84,C2,104,-0.234,S1O
84,C2,105,-0.722,S1O
84,C2,106,-1.699,S1O
84,C2,107,-2.187,S1O
84,C2,108,-2.675,S1O
84,C2,109,-2.187,S1O
84,C2,110,-1.699,S1O
84,C2,111,-1.699,S1O
84,C2,112,-1.699,S1O
84,C2,113,-1.699,S1O
84,C2,114,-2.187,S1O
84,C2,115,-2.675,S1O
84,C2,116,-3.652,S1O
84,C2,117,-3.652,S1O
84,C2,118,-4.140,S1O
84,C2,119,-3.652,S1O
84,C2,120,-3.652,S1O
84,C2,121,-2.675,S1O
84,C2,122,-1.699,S1O
84,C2,123,-1.211,S1O
84,C2,124,-0.722,S1O
84,C2,125,-0.722,S1O
84,C2,126,-1.211,S1O
84,C2,127,-1.699,S1O
84,C2,128,-1.699,S1O
84,C2,129,-2.187,S1O
84,C2,130,-2.187,S1O
84,C2,131,-2.187,S1O
84,C2,132,-2.187,S1O
84,C2,133,-2.187,S1O
84,C2,134,-2.187,S1O
84,C2,135,-1.699,S1O
84,C2,136,-0.722,S1O
84,C2,137,0.254,S1O
84,C2,138,1.231,S1O
84,C2,139,1.719,S1O
84,C2,140,1.231,S1O
84,C2,141,0.743,S1O
84,C2,142,0.254,S1O
84,C2,143,0.254,S1O
84,C2,144,0.254,S1O
84,C2,145,0.743,S1O
84,C2,146,1.231,S1O
84,C2,147,1.231,S1O
84,C2,148,1.231,S1O
84,C2,149,1.231,S1O
84,C2,150,1.231,S1O
84,C2,151,0.743,S1O
84,C2,152,-0.234,S1O
84,C2,153,-0.722,S1O
84,C2,154,-1.211,S1O
84,C2,155,-1.699,S1O
84,C2,156,-1.699,S1O
84,C2,157,-1.211,S1O
84,C2,158,-0.234,S1O
84,C2,159,0.743,S1O
84,C2,160,1.719,S1O
84,C2,161,2.696,S1O
84,C2,162,2.696,S1O
84,C2,163,3.184,S1O
84,C2,164,3.184,S1O
84,C2,165,3.184,S1O
84,C2,166,3.184,S1O
84,C2,167,3.184,S1O
84,C2,168,3.184,S1O
84,C2,169,3.184,S1O
84,C2,170,3.184,S1O
84,C2,171,2.696,S1O
84,C2,172,2.696,S1O
84,C2,173,2.207,S1O
84,C2,174,1.231,S1O
84,C2,175,0.254,S1O
84,C2,176,-0.234,S1O
84,C2,177,-0.234,S1O
84,C2,178,0.254,S1O
84,C2,179,1.231,S1O
84,C2,180,2.207,S1O
84,C2,181,3.184,S1O
84,C2,182,4.161,S1O
84,C2,183,5.137,S1O
84,C2,184,5.625,S1O
84,C2,185,6.114,S1O
84,C2,186,6.114,S1O
84,C2,187,6.114,S1O
84,C2,188,6.114,S1O
84,C2,189,5.625,S1O
84,C2,190,5.137,S1O
84,C2,191,4.161,S1O
84,C2,192,2.696,S1O
84,C2,193,1.231,S1O
84,C2,194,0.254,S1O
84,C2,195,0.254,S1O
84,C2,196,1.231,S1O
84,C2,197,2.207,S1O
84,C2,198,3.184,S1O
84,C2,199,2.696,S1O
84,C2,200,2.207,S1O
84,C2,201,1.231,S1O
84,C2,202,0.743,S1O
84,C2,203,0.743,S1O
84,C2,204,1.719,S1O
84,C2,205,2.696,S1O
84,C2,206,3.672,S1O
84,C2,207,3.672,S1O
84,C2,208,3.672,S1O
84,C2,209,3.184,S1O
84,C2,210,3.184,S1O
84,C2,211,2.207,S1O
84,C2,212,1.719,S1O
84,C2,213,1.231,S1O
84,C2,214,0.743,S1O
84,C2,215,0.254,S1O
84,C2,216,0.254,S1O
84,C2,217,0.254,S1O
84,C2,218,0.743,S1O
84,C2,219,1.231,S1O
84,C2,220,0.743,S1O
84,C2,221,1.231,S1O
84,C2,222,1.231,S1O
84,C2,223,1.231,S1O
84,C2,224,1.231,S1O
84,C2,225,1.719,S1O
84,C2,226,2.696,S1O
84,C2,227,4.161,S1O
84,C2,228,5.137,S1O
84,C2,229,5.137,S1O
84,C2,230,5.137,S1O
84,C2,231,4.161,S1O
84,C2,232,3.184,S1O
84,C2,233,2.207,S1O
84,C2,234,1.719,S1O
84,C2,235,1.231,S1O
84,C2,236,1.231,S1O
84,C2,237,0.743,S1O
84,C2,238,0.743,S1O
84,C2,239,0.254,S1O
84,C2,240,0.254,S1O
84,C2,241,-0.234,S1O
84,C2,242,-0.234,S1O
84,C2,243,0.254,S1O
84,C2,244,1.231,S1O
84,C2,245,1.231,S1O
84,C2,246,1.231,S1O
84,C2,247,0.743,S1O
84,C2,248,0.743,S1O
84,C2,249,1.231,S1O
84,C2,250,2.207,S1O
84,C2,251,3.672,S1O
84,C2,252,4.649,S1O
84,C2,253,5.137,S1O
84,C2,254,6.114,S1O
84,C2,255,6.602,S1O
84,PO7,0,-6.683,S1O
84,PO7,1,-5.219,S1O
84,PO7,2,-4.242,S1O
84,PO7,3,-3.754,S1O
84,PO7,4,-3.265,S1O
84,PO7,5,-2.777,S1O
84,PO7,6,-2.777,S1O
84,PO7,7,-4.242,S1O
84,PO7,8,-7.172,S1O
84,PO7,9,-9.613,S1O
84,PO7,10,-9.125,S1O
84,PO7,11,-6.195,S1O
84,PO7,12,-2.289,S1O
84,PO7,13,0.153,S1O
84,PO7,14,0.641,S1O
84,PO7,15,-0.824,S1O
84,PO7,16,-0.824,S1O
84,PO7,17,0.641,S1O
84,PO7,18,3.082,S1O
84,PO7,19,5.035,S1O
84,PO7,20,5.524,S1O
84,PO7,21,5.524,S1O
84,PO7,22,6.989,S1O
84,PO7,23,9.918,S1O
84,PO7,24,13.336,S1O
84,PO7,25,15.778,S1O
84,PO7,26,15.289,S1O
84,PO7,27,13.824,S1O
84,PO7,28,11.871,S1O
84,PO7,29,11.383,S1O
84,PO7,30,12.848,S1O
84,PO7,31,14.801,S1O
84,PO7,32,15.289,S1O
84,PO7,33,13.824,S1O
84,PO7,34,10.895,S1O
84,PO7,35,8.942,S1O
84,PO7,36,7.477,S1O
84,PO7,37,7.477,S1O
84,PO7,38,8.453,S1O
84,PO7,39,7.965,S1O
84,PO7,40,7.477,S1O
84,PO7,41,5.524,S1O
84,PO7,42,3.571,S1O
84,PO7,43,0.641,S1O
84,PO7,44,-3.265,S1O
84,PO7,45,-8.148,S1O
84,PO7,46,-13.519,S1O
84,PO7,47,-19.379,S1O
84,PO7,48,-22.308,S1O
84,PO7,49,-22.308,S1O
84,PO7,50,-18.890,S1O
84,PO7,51,-13.519,S1O
84,PO7,52,-8.636,S1O
84,PO7,53,-5.219,S1O
84,PO7,54,-3.265,S1O
84,PO7,55,-1.312,S1O
84,PO7,56,0.153,S1O
84,PO7,57,2.106,S1O
84,PO7,58,3.571,S1O
84,PO7,59,4.547,S1O
84,PO7,60,5.035,S1O
84,PO7,61,4.547,S1O
84,PO7,62,4.059,S1O
84,PO7,63,2.594,S1O
84,PO7,64,0.153,S1O
84,PO7,65,-2.777,S1O
84,PO7,66,-3.754,S1O
84,PO7,67,-2.777,S1O
84,PO7,68,0.641,S1O
84,PO7,69,6.012,S1O
84,PO7,70,12.360,S1O
84,PO7,71,19.196,S1O
84,PO7,72,24.567,S1O
84,PO7,73,27.496,S1O
84,PO7,74,25.543,S1O
84,PO7,75,18.219,S1O
84,PO7,76,8.942,S1O
84,PO7,77,0.153,S1O
84,PO7,78,-4.242,S1O
84,PO7,79,-4.242,S1O
84,PO7,80,-1.801,S1O
84,PO7,81,-0.336,S1O
84,PO7,82,-0.336,S1O
84,PO7,83,-0.824,S1O
84,PO7,84,0.153,S1O
84,PO7,85,4.059,S1O
84,PO7,86,6.989,S1O
84,PO7,87,7.477,S1O
84,PO7,88,4.547,S1O
84,PO7,89,-0.336,S1O
84,PO7,90,-3.265,S1O
84,PO7,91,-2.777,S1O
84,PO7,92,0.153,S1O
84,PO7,93,2.594,S1O
84,PO7,94,2.594,S1O
84,PO7,95,1.129,S1O
84,PO7,96,0.153,S1O
84,PO7,97,1.129,S1O
84,PO7,98,3.082,S1O
84,PO7,99,4.059,S1O
84,PO7,100,2.594,S1O
84,PO7,101,0.153,S1O
84,PO7,102,-2.289,S1O
84,PO7,103,-3.265,S1O
84,PO7,104,-2.289,S1O
84,PO7,105,-1.312,S1O
84,PO7,106,0.153,S1O
84,PO7,107,1.617,S1O
84,PO7,108,2.106,S1O
84,PO7,109,2.106,S1O
84,PO7,110,0.641,S1O
84,PO7,111,-1.801,S1O
84,PO7,112,-3.265,S1O
84,PO7,113,-3.265,S1O
84,PO7,114,-1.801,S1O
84,PO7,115,-1.312,S1O
84,PO7,116,-2.777,S1O
84,PO7,117,-6.683,S1O
84,PO7,118,-10.101,S1O
84,PO7,119,-11.078,S1O
84,PO7,120,-9.125,S1O
84,PO7,121,-6.195,S1O
84,PO7,122,-4.242,S1O
84,PO7,123,-4.730,S1O
84,PO7,124,-7.172,S1O
84,PO7,125,-10.101,S1O
84,PO7,126,-13.031,S1O
84,PO7,127,-13.519,S1O
84,PO7,128,-12.054,S1O
84,PO7,129,-10.101,S1O
84,PO7,130,-7.660,S1O
84,PO7,131,-5.707,S1O
84,PO7,132,-3.754,S1O
84,PO7,133,-2.289,S1O
84,PO7,134,-1.312,S1O
84,PO7,135,-0.336,S1O
84,PO7,136,0.153,S1O
84,PO7,137,1.617,S1O
84,PO7,138,2.594,S1O
84,PO7,139,3.082,S1O
84,PO7,140,2.594,S1O
84,PO7,141,1.617,S1O
84,PO7,142,0.641,S1O
84,PO7,143,1.617,S1O
84,PO7,144,3.571,S1O
84,PO7,145,5.035,S1O
84,PO7,146,5.035,S1O
84,PO7,147,2.106,S1O
84,PO7,148,-2.777,S1O
84,PO7,149,-6.683,S1O
84,PO7,150,-8.148,S1O
84,PO7,151,-6.683,S1O
84,PO7,152,-3.265,S1O
84,PO7,153,0.153,S1O
84,PO7,154,1.129,S1O
84,PO7,155,-0.336,S1O
84,PO7,156,-3.754,S1O
84,PO7,157,-6.683,S1O
84,PO7,158,-7.660,S1O
84,PO7,159,-6.683,S1O
84,PO7,160,-3.754,S1O
84,PO7,161,-0.336,S1O
84,PO7,162,2.106,S1O
84,PO7,163,2.106,S1O
84,PO7,164,0.641,S1O
84,PO7,165,-1.312,S1O
84,PO7,166,-2.289,S1O
84,PO7,167,-2.289,S1O
84,PO7,168,-0.824,S1O
84,PO7,169,-0.824,S1O
84,PO7,170,-1.801,S1O
84,PO7,171,-4.730,S1O
84,PO7,172,-7.660,S1O
84,PO7,173,-10.590,S1O
84,PO7,174,-12.543,S1O
84,PO7,175,-12.543,S1O
84,PO7,176,-12.054,S1O
84,PO7,177,-10.101,S1O
84,PO7,178,-7.172,S1O
84,PO7,179,-3.265,S1O
84,PO7,180,0.641,S1O
84,PO7,181,4.059,S1O
84,PO7,182,6.989,S1O
84,PO7,183,8.942,S1O
84,PO7,184,10.406,S1O
84,PO7,185,10.895,S1O
84,PO7,186,9.918,S1O
84,PO7,187,6.989,S1O
84,PO7,188,4.059,S1O
84,PO7,189,-0.336,S1O
84,PO7,190,-3.265,S1O
84,PO7,191,-4.242,S1O
84,PO7,192,-3.265,S1O
84,PO7,193,-1.312,S1O
84,PO7,194,-0.336,S1O
84,PO7,195,-0.824,S1O
84,PO7,196,-2.289,S1O
84,PO7,197,-1.801,S1O
84,PO7,198,0.153,S1O
84,PO7,199,2.594,S1O
84,PO7,200,3.082,S1O
84,PO7,201,-0.336,S1O
84,PO7,202,-5.707,S1O
84,PO7,203,-10.101,S1O
84,PO7,204,-10.590,S1O
84,PO7,205,-7.660,S1O
84,PO7,206,-4.242,S1O
84,PO7,207,-3.265,S1O
84,PO7,208,-5.707,S1O
84,PO7,209,-9.613,S1O
84,PO7,210,-12.543,S1O
84,PO7,211,-13.519,S1O
84,PO7,212,-12.543,S1O
84,PO7,213,-11.566,S1O
84,PO7,214,-10.590,S1O
84,PO7,215,-9.613,S1O
84,PO7,216,-7.660,S1O
84,PO7,217,-5.707,S1O
84,PO7,218,-4.730,S1O
84,PO7,219,-5.707,S1O
84,PO7,220,-7.660,S1O
84,PO7,221,-8.636,S1O
84,PO7,222,-9.125,S1O
84,PO7,223,-8.148,S1O
84,PO7,224,-5.707,S1O
84,PO7,225,-2.777,S1O
84,PO7,226,1.129,S1O
84,PO7,227,5.035,S1O
84,PO7,228,7.477,S1O
84,PO7,229,7.965,S1O
84,PO7,230,6.500,S1O
84,PO7,231,5.524,S1O
84,PO7,232,5.524,S1O
84,PO7,233,6.012,S1O
84,PO7,234,6.500,S1O
84,PO7,235,5.035,S1O
84,PO7,236,2.106,S1O
84,PO7,237,-1.312,S1O
84,PO7,238,-3.754,S1O
84,PO7,239,-4.730,S1O
84,PO7,240,-5.219,S1O
84,PO7,241,-3.754,S1O
84,PO7,242,-1.312,S1O
84,PO7,243,3.082,S1O
84,PO7,244,6.989,S1O
84,PO7,245,9.918,S1O
84,PO7,246,10.406,S1O
84,PO7,247,10.406,S1O
84,PO7,248,9.918,S1O
84,PO7,249,10.406,S1O
84,PO7,250,11.383,S1O
84,PO7,251,10.895,S1O
84,PO7,252,9.430,S1O
84,PO7,253,6.500,S1O
84,PO7,254,3.571,S1O
84,PO7,255,2.106,S1O
84,PO8,0,-6.042,S1O
84,PO8,1,-7.507,S1O
84,PO8,2,-6.531,S1O
84,PO8,3,-3.113,S1O
84,PO8,4,0.305,S1O
84,PO8,5,1.770,S1O
84,PO8,6,0.793,S1O
84,PO8,7,-2.136,S1O
84,PO8,8,-4.089,S1O
84,PO8,9,-3.113,S1O
84,PO8,10,-0.183,S1O
84,PO8,11,2.258,S1O
84,PO8,12,3.235,S1O
84,PO8,13,2.258,S1O
84,PO8,14,1.770,S1O
84,PO8,15,2.747,S1O
84,PO8,16,4.700,S1O
84,PO8,17,6.653,S1O
84,PO8,18,7.629,S1O
84,PO8,19,6.653,S1O
84,PO8,20,4.700,S1O
84,PO8,21,3.723,S1O
84,PO8,22,3.723,S1O
84,PO8,23,4.700,S1O
84,PO8,24,6.165,S1O
84,PO8,25,7.629,S1O
84,PO8,26,9.094,S1O
84,PO8,27,10.071,S1O
84,PO8,28,10.071,S1O
84,PO8,29,10.071,S1O
84,PO8,30,9.583,S1O
84,PO8,31,9.583,S1O
84,PO8,32,10.071,S1O
84,PO8,33,10.071,S1O
84,PO8,34,9.583,S1O
84,PO8,35,9.583,S1O
84,PO8,36,9.583,S1O
84,PO8,37,10.071,S1O
84,PO8,38,11.536,S1O
84,PO8,39,13.489,S1O
84,PO8,40,14.465,S1O
84,PO8,41,13.977,S1O
84,PO8,42,12.024,S1O
84,PO8,43,9.094,S1O
84,PO8,44,4.211,S1O
84,PO8,45,-1.160,S1O
84,PO8,46,-6.042,S1O
84,PO8,47,-9.460,S1O
84,PO8,48,-10.437,S1O
84,PO8,49,-9.949,S1O
84,PO8,50,-6.531,S1O
84,PO8,51,-3.113,S1O
84,PO8,52,0.305,S1O
84,PO8,53,2.747,S1O
84,PO8,54,5.188,S1O
84,PO8,55,7.629,S1O
84,PO8,56,9.094,S1O
84,PO8,57,10.559,S1O
84,PO8,58,11.536,S1O
84,PO8,59,12.024,S1O
84,PO8,60,11.047,S1O
84,PO8,61,9.094,S1O
84,PO8,62,6.165,S1O
84,PO8,63,2.747,S1O
84,PO8,64,-0.183,S1O
84,PO8,65,-1.160,S1O
84,PO8,66,-0.183,S1O
84,PO8,67,2.258,S1O
84,PO8,68,4.700,S1O
84,PO8,69,7.141,S1O
84,PO8,70,9.583,S1O
84,PO8,71,12.512,S1O
84,PO8,72,15.930,S1O
84,PO8,73,18.372,S1O
84,PO8,74,19.348,S1O
84,PO8,75,18.372,S1O
84,PO8,76,15.442,S1O
84,PO8,77,11.536,S1O
84,PO8,78,7.629,S1O
84,PO8,79,3.723,S1O
84,PO8,80,0.793,S1O
84,PO8,81,-1.160,S1O
84,PO8,82,-1.160,S1O
84,PO8,83,0.305,S1O
84,PO8,84,2.747,S1O
84,PO8,85,4.700,S1O
84,PO8,86,4.700,S1O
84,PO8,87,2.258,S1O
84,PO8,88,-1.648,S1O
84,PO8,89,-4.578,S1O
84,PO8,90,-4.578,S1O
84,PO8,91,-2.625,S1O
84,PO8,92,0.793,S1O
84,PO8,93,2.747,S1O
84,PO8,94,3.235,S1O
84,PO8,95,3.723,S1O
84,PO8,96,4.700,S1O
84,PO8,97,7.141,S1O
84,PO8,98,9.583,S1O
84,PO8,99,9.583,S1O
84,PO8,100,8.606,S1O
84,PO8,101,7.141,S1O
84,PO8,102,7.629,S1O
84,PO8,103,9.094,S1O
84,PO8,104,9.583,S1O
84,PO8,105,8.118,S1O
84,PO8,106,5.188,S1O
84,PO8,107,2.747,S1O
84,PO8,108,2.747,S1O
84,PO8,109,4.211,S1O
84,PO8,110,4.700,S1O
84,PO8,111,3.723,S1O
84,PO8,112,0.793,S1O
84,PO8,113,-1.648,S1O
84,PO8,114,-1.648,S1O
84,PO8,115,-0.183,S1O
84,PO8,116,2.258,S1O
84,PO8,117,2.747,S1O
84,PO8,118,2.258,S1O
84,PO8,119,1.770,S1O
84,PO8,120,3.235,S1O
84,PO8,121,5.188,S1O
84,PO8,122,5.188,S1O
84,PO8,123,3.723,S1O
84,PO8,124,0.305,S1O
84,PO8,125,-2.625,S1O
84,PO8,126,-4.089,S1O
84,PO8,127,-4.089,S1O
84,PO8,128,-4.089,S1O
84,PO8,129,-4.089,S1O
84,PO8,130,-3.601,S1O
84,PO8,131,-2.625,S1O
84,PO8,132,-0.671,S1O
84,PO8,133,1.282,S1O
84,PO8,134,2.258,S1O
84,PO8,135,3.235,S1O
84,PO8,136,5.188,S1O
84,PO8,137,8.118,S1O
84,PO8,138,10.071,S1O
84,PO8,139,10.071,S1O
84,PO8,140,7.629,S1O
84,PO8,141,4.211,S1O
84,PO8,142,3.723,S1O
84,PO8,143,5.676,S1O
84,PO8,144,9.583,S1O
84,PO8,145,12.512,S1O
84,PO8,146,13.489,S1O
84,PO8,147,11.047,S1O
84,PO8,148,7.141,S1O
84,PO8,149,4.700,S1O
84,PO8,150,2.747,S1O
84,PO8,151,1.282,S1O
84,PO8,152,0.793,S1O
84,PO8,153,-0.183,S1O
84,PO8,154,-0.671,S1O
84,PO8,155,-0.183,S1O
84,PO8,156,0.305,S1O
84,PO8,157,0.793,S1O
84,PO8,158,1.282,S1O
84,PO8,159,1.770,S1O
84,PO8,160,2.747,S1O
84,PO8,161,4.700,S1O
84,PO8,162,6.653,S1O
84,PO8,163,8.118,S1O
84,PO8,164,9.094,S1O
84,PO8,165,10.071,S1O
84,PO8,166,11.536,S1O
84,PO8,167,12.512,S1O
84,PO8,168,12.512,S1O
84,PO8,169,11.047,S1O
84,PO8,170,8.606,S1O
84,PO8,171,6.165,S1O
84,PO8,172,3.723,S1O
84,PO8,173,1.282,S1O
84,PO8,174,-1.648,S1O
84,PO8,175,-5.066,S1O
84,PO8,176,-6.531,S1O
84,PO8,177,-5.554,S1O
84,PO8,178,-2.136,S1O
84,PO8,179,2.747,S1O
84,PO8,180,7.629,S1O
84,PO8,181,11.047,S1O
84,PO8,182,14.465,S1O
84,PO8,183,16.907,S1O
84,PO8,184,18.372,S1O
84,PO8,185,19.348,S1O
84,PO8,186,17.883,S1O
84,PO8,187,14.465,S1O
84,PO8,188,10.559,S1O
84,PO8,189,7.629,S1O
84,PO8,190,6.165,S1O
84,PO8,191,6.165,S1O
84,PO8,192,7.629,S1O
84,PO8,193,8.606,S1O
84,PO8,194,9.094,S1O
84,PO8,195,9.583,S1O
84,PO8,196,11.047,S1O
84,PO8,197,13.000,S1O
84,PO8,198,14.954,S1O
84,PO8,199,13.977,S1O
84,PO8,200,11.047,S1O
84,PO8,201,6.653,S1O
84,PO8,202,3.235,S1O
84,PO8,203,3.235,S1O
84,PO8,204,5.676,S1O
84,PO8,205,8.606,S1O
84,PO8,206,10.071,S1O
84,PO8,207,9.094,S1O
84,PO8,208,7.141,S1O
84,PO8,209,4.700,S1O
84,PO8,210,2.258,S1O
84,PO8,211,-0.183,S1O
84,PO8,212,-3.113,S1O
84,PO8,213,-5.554,S1O
84,PO8,214,-5.066,S1O
84,PO8,215,-1.160,S1O
84,PO8,216,3.723,S1O
84,PO8,217,7.629,S1O
84,PO8,218,8.606,S1O
84,PO8,219,7.141,S1O
84,PO8,220,6.165,S1O
84,PO8,221,6.653,S1O
84,PO8,222,8.118,S1O
84,PO8,223,9.583,S1O
84,PO8,224,8.606,S1O
84,PO8,225,7.629,S1O
84,PO8,226,7.629,S1O
84,PO8,227,10.559,S1O
84,PO8,228,14.465,S1O
84,PO8,229,17.395,S1O
84,PO8,230,16.418,S1O
84,PO8,231,13.000,S1O
84,PO8,232,10.071,S1O
84,PO8,233,8.606,S1O
84,PO8,234,9.094,S1O
84,PO8,235,9.583,S1O
84,PO8,236,9.583,S1O
84,PO8,237,8.606,S1O
84,PO8,238,7.629,S1O
84,PO8,239,7.629,S1O
84,PO8,240,8.118,S1O
84,PO8,241,9.094,S1O
84,PO8,242,9.583,S1O
84,PO8,243,9.094,S1O
84,PO8,244,8.606,S1O
84,PO8,245,8.606,S1O
84,PO8,246,8.118,S1O
84,PO8,247,8.606,S1O
84,PO8,248,9.583,S1O
84,PO8,249,10.071,S1O
84,PO8,250,10.559,S1O
84,PO8,251,11.536,S1O
84,PO8,252,13.489,S1O
84,PO8,253,17.395,S1O
84,PO8,254,21.790,S1O
84,PO8,255,24.231,S1O
84,FCZ,0,1.801,S1O
84,FCZ,1,1.801,S1O
84,FCZ,2,1.801,S1O
84,FCZ,3,1.312,S1O
84,FCZ,4,0.824,S1O
84,FCZ,5,0.824,S1O
84,FCZ,6,1.312,S1O
84,FCZ,7,2.777,S1O
84,FCZ,8,4.242,S1O
84,FCZ,9,5.219,S1O
84,FCZ,10,4.730,S1O
84,FCZ,11,3.265,S1O
84,FCZ,12,1.801,S1O
84,FCZ,13,0.336,S1O
84,FCZ,14,-0.153,S1O
84,FCZ,15,0.824,S1O
84,FCZ,16,1.801,S1O
84,FCZ,17,3.754,S1O
84,FCZ,18,5.219,S1O
84,FCZ,19,6.195,S1O
84,FCZ,20,6.683,S1O
84,FCZ,21,5.707,S1O
84,FCZ,22,4.242,S1O
84,FCZ,23,2.289,S1O
84,FCZ,24,0.824,S1O
84,FCZ,25,0.336,S1O
84,FCZ,26,0.336,S1O
84,FCZ,27,-0.153,S1O
84,FCZ,28,-0.153,S1O
84,FCZ,29,-1.129,S1O
84,FCZ,30,-2.106,S1O
84,FCZ,31,-2.594,S1O
84,FCZ,32,-2.594,S1O
84,FCZ,33,-2.594,S1O
84,FCZ,34,-3.082,S1O
84,FCZ,35,-3.571,S1O
84,FCZ,36,-3.571,S1O
84,FCZ,37,-3.082,S1O
84,FCZ,38,-1.129,S1O
84,FCZ,39,0.824,S1O
84,FCZ,40,2.777,S1O
84,FCZ,41,4.242,S1O
84,FCZ,42,4.730,S1O
84,FCZ,43,4.730,S1O
84,FCZ,44,5.219,S1O
84,FCZ,45,6.195,S1O
84,FCZ,46,6.683,S1O
84,FCZ,47,7.172,S1O
84,FCZ,48,7.172,S1O
84,FCZ,49,6.195,S1O
84,FCZ,50,5.219,S1O
84,FCZ,51,4.242,S1O
84,FCZ,52,3.265,S1O
84,FCZ,53,2.289,S1O
84,FCZ,54,1.312,S1O
84,FCZ,55,0.824,S1O
84,FCZ,56,0.824,S1O
84,FCZ,57,0.824,S1O
84,FCZ,58,0.336,S1O
84,FCZ,59,-0.153,S1O
84,FCZ,60,-1.129,S1O
84,FCZ,61,-2.594,S1O
84,FCZ,62,-3.082,S1O
84,FCZ,63,-3.082,S1O
84,FCZ,64,-2.594,S1O
84,FCZ,65,-1.617,S1O
84,FCZ,66,-1.617,S1O
84,FCZ,67,-1.129,S1O
84,FCZ,68,-1.617,S1O
84,FCZ,69,-2.106,S1O
84,FCZ,70,-1.617,S1O
84,FCZ,71,-1.129,S1O
84,FCZ,72,-0.641,S1O
84,FCZ,73,-0.153,S1O
84,FCZ,74,-0.153,S1O
84,FCZ,75,0.336,S1O
84,FCZ,76,1.312,S1O
84,FCZ,77,2.289,S1O
84,FCZ,78,2.777,S1O
84,FCZ,79,3.265,S1O
84,FCZ,80,2.777,S1O
84,FCZ,81,2.289,S1O
84,FCZ,82,2.289,S1O
84,FCZ,83,2.777,S1O
84,FCZ,84,3.754,S1O
84,FCZ,85,4.242,S1O
84,FCZ,86,4.242,S1O
84,FCZ,87,4.242,S1O
84,FCZ,88,3.754,S1O
84,FCZ,89,4.242,S1O
84,FCZ,90,4.730,S1O
84,FCZ,91,4.730,S1O
84,FCZ,92,3.754,S1O
84,FCZ,93,2.777,S1O
84,FCZ,94,1.312,S1O
84,FCZ,95,0.824,S1O
84,FCZ,96,0.336,S1O
84,FCZ,97,0.336,S1O
84,FCZ,98,-0.153,S1O
84,FCZ,99,-0.641,S1O
84,FCZ,100,-0.641,S1O
84,FCZ,101,-0.153,S1O
84,FCZ,102,0.336,S1O
84,FCZ,103,0.824,S1O
84,FCZ,104,0.336,S1O
84,FCZ,105,0.336,S1O
84,FCZ,106,0.336,S1O
84,FCZ,107,1.801,S1O
84,FCZ,108,2.777,S1O
84,FCZ,109,3.754,S1O
84,FCZ,110,4.242,S1O
84,FCZ,111,3.754,S1O
84,FCZ,112,3.265,S1O
84,FCZ,113,3.265,S1O
84,FCZ,114,3.265,S1O
84,FCZ,115,3.754,S1O
84,FCZ,116,3.754,S1O
84,FCZ,117,3.754,S1O
84,FCZ,118,3.754,S1O
84,FCZ,119,3.265,S1O
84,FCZ,120,3.265,S1O
84,FCZ,121,2.777,S1O
84,FCZ,122,2.777,S1O
84,FCZ,123,3.265,S1O
84,FCZ,124,4.242,S1O
84,FCZ,125,5.219,S1O
84,FCZ,126,6.683,S1O
84,FCZ,127,7.172,S1O
84,FCZ,128,6.683,S1O
84,FCZ,129,6.195,S1O
84,FCZ,130,5.707,S1O
84,FCZ,131,5.707,S1O
84,FCZ,132,6.195,S1O
84,FCZ,133,6.195,S1O
84,FCZ,134,6.195,S1O
84,FCZ,135,5.219,S1O
84,FCZ,136,4.242,S1O
84,FCZ,137,3.754,S1O
84,FCZ,138,4.242,S1O
84,FCZ,139,5.219,S1O
84,FCZ,140,6.683,S1O
84,FCZ,141,7.172,S1O
84,FCZ,142,7.172,S1O
84,FCZ,143,6.683,S1O
84,FCZ,144,6.683,S1O
84,FCZ,145,6.683,S1O
84,FCZ,146,7.172,S1O
84,FCZ,147,8.636,S1O
84,FCZ,148,10.101,S1O
84,FCZ,149,11.566,S1O
84,FCZ,150,12.054,S1O
84,FCZ,151,12.054,S1O
84,FCZ,152,11.078,S1O
84,FCZ,153,8.636,S1O
84,FCZ,154,7.172,S1O
84,FCZ,155,7.172,S1O
84,FCZ,156,8.148,S1O
84,FCZ,157,10.101,S1O
84,FCZ,158,12.054,S1O
84,FCZ,159,12.543,S1O
84,FCZ,160,12.543,S1O
84,FCZ,161,12.543,S1O
84,FCZ,162,12.543,S1O
84,FCZ,163,13.519,S1O
84,FCZ,164,14.496,S1O
84,FCZ,165,15.472,S1O
84,FCZ,166,16.449,S1O
84,FCZ,167,16.449,S1O
84,FCZ,168,16.937,S1O
84,FCZ,169,17.426,S1O
84,FCZ,170,16.937,S1O
84,FCZ,171,15.472,S1O
84,FCZ,172,14.008,S1O
84,FCZ,173,12.543,S1O
84,FCZ,174,11.566,S1O
84,FCZ,175,12.054,S1O
84,FCZ,176,12.543,S1O
84,FCZ,177,13.519,S1O
84,FCZ,178,14.496,S1O
84,FCZ,179,15.472,S1O
84,FCZ,180,16.449,S1O
84,FCZ,181,16.937,S1O
84,FCZ,182,17.914,S1O
84,FCZ,183,18.890,S1O
84,FCZ,184,20.355,S1O
84,FCZ,185,21.332,S1O
84,FCZ,186,22.308,S1O
84,FCZ,187,22.797,S1O
84,FCZ,188,23.285,S1O
84,FCZ,189,22.308,S1O
84,FCZ,190,21.332,S1O
84,FCZ,191,20.355,S1O
84,FCZ,192,18.890,S1O
84,FCZ,193,18.402,S1O
84,FCZ,194,17.914,S1O
84,FCZ,195,17.914,S1O
84,FCZ,196,17.914,S1O
84,FCZ,197,18.402,S1O
84,FCZ,198,18.402,S1O
84,FCZ,199,18.890,S1O
84,FCZ,200,19.867,S1O
84,FCZ,201,20.355,S1O
84,FCZ,202,20.844,S1O
84,FCZ,203,20.355,S1O
84,FCZ,204,20.355,S1O
84,FCZ,205,20.844,S1O
84,FCZ,206,21.332,S1O
84,FCZ,207,21.820,S1O
84,FCZ,208,22.797,S1O
84,FCZ,209,22.797,S1O
84,FCZ,210,21.820,S1O
84,FCZ,211,19.867,S1O
84,FCZ,212,16.937,S1O
84,FCZ,213,14.496,S1O
84,FCZ,214,12.543,S1O
84,FCZ,215,11.566,S1O
84,FCZ,216,12.054,S1O
84,FCZ,217,13.519,S1O
84,FCZ,218,15.472,S1O
84,FCZ,219,17.426,S1O
84,FCZ,220,18.890,S1O
84,FCZ,221,19.867,S1O
84,FCZ,222,20.844,S1O
84,FCZ,223,22.308,S1O
84,FCZ,224,23.285,S1O
84,FCZ,225,24.750,S1O
84,FCZ,226,25.726,S1O
84,FCZ,227,26.215,S1O
84,FCZ,228,26.215,S1O
84,FCZ,229,25.726,S1O
84,FCZ,230,25.238,S1O
84,FCZ,231,24.261,S1O
84,FCZ,232,22.797,S1O
84,FCZ,233,20.844,S1O
84,FCZ,234,19.379,S1O
84,FCZ,235,17.426,S1O
84,FCZ,236,15.961,S1O
84,FCZ,237,14.984,S1O
84,FCZ,238,14.496,S1O
84,FCZ,239,14.984,S1O
84,FCZ,240,15.961,S1O
84,FCZ,241,16.937,S1O
84,FCZ,242,17.426,S1O
84,FCZ,243,18.402,S1O
84,FCZ,244,18.890,S1O
84,FCZ,245,19.867,S1O
84,FCZ,246,20.844,S1O
84,FCZ,247,22.308,S1O
84,FCZ,248,22.797,S1O
84,FCZ,249,23.285,S1O
84,FCZ,250,22.797,S1O
84,FCZ,251,21.820,S1O
84,FCZ,252,21.332,S1O
84,FCZ,253,20.844,S1O
84,FCZ,254,20.844,S1O
84,FCZ,255,20.844,S1O
84,POZ,0,-6.104,S1O
84,POZ,1,-5.127,S1O
84,POZ,2,-3.174,S1O
84,POZ,3,-0.244,S1O
84,POZ,4,2.197,S1O
84,POZ,5,2.686,S1O
84,POZ,6,0.732,S1O
84,POZ,7,-3.174,S1O
84,POZ,8,-7.080,S1O
84,POZ,9,-9.033,S1O
84,POZ,10,-9.033,S1O
84,POZ,11,-7.568,S1O
84,POZ,12,-5.615,S1O
84,POZ,13,-4.639,S1O
84,POZ,14,-4.150,S1O
84,POZ,15,-4.150,S1O
84,POZ,16,-3.174,S1O
84,POZ,17,-1.709,S1O
84,POZ,18,-1.221,S1O
84,POZ,19,-1.221,S1O
84,POZ,20,-1.709,S1O
84,POZ,21,-1.221,S1O
84,POZ,22,0.732,S1O
84,POZ,23,4.150,S1O
84,POZ,24,7.080,S1O
84,POZ,25,9.033,S1O
84,POZ,26,9.033,S1O
84,POZ,27,7.568,S1O
84,POZ,28,6.592,S1O
84,POZ,29,6.104,S1O
84,POZ,30,6.592,S1O
84,POZ,31,7.568,S1O
84,POZ,32,7.568,S1O
84,POZ,33,7.080,S1O
84,POZ,34,6.104,S1O
84,POZ,35,5.127,S1O
84,POZ,36,4.150,S1O
84,POZ,37,3.174,S1O
84,POZ,38,2.686,S1O
84,POZ,39,2.197,S1O
84,POZ,40,2.686,S1O
84,POZ,41,3.174,S1O
84,POZ,42,3.174,S1O
84,POZ,43,2.197,S1O
84,POZ,44,-1.221,S1O
84,POZ,45,-5.615,S1O
84,POZ,46,-10.986,S1O
84,POZ,47,-14.893,S1O
84,POZ,48,-16.846,S1O
84,POZ,49,-16.357,S1O
84,POZ,50,-14.404,S1O
84,POZ,51,-11.475,S1O
84,POZ,52,-9.033,S1O
84,POZ,53,-6.592,S1O
84,POZ,54,-4.639,S1O
84,POZ,55,-2.686,S1O
84,POZ,56,-0.732,S1O
84,POZ,57,2.197,S1O
84,POZ,58,4.639,S1O
84,POZ,59,6.592,S1O
84,POZ,60,8.057,S1O
84,POZ,61,7.568,S1O
84,POZ,62,6.104,S1O
84,POZ,63,3.174,S1O
84,POZ,64,0.244,S1O
84,POZ,65,-1.709,S1O
84,POZ,66,-3.174,S1O
84,POZ,67,-3.174,S1O
84,POZ,68,-3.174,S1O
84,POZ,69,-2.197,S1O
84,POZ,70,-0.732,S1O
84,POZ,71,1.709,S1O
84,POZ,72,4.639,S1O
84,POZ,73,7.568,S1O
84,POZ,74,8.545,S1O
84,POZ,75,7.080,S1O
84,POZ,76,3.662,S1O
84,POZ,77,0.732,S1O
84,POZ,78,-1.221,S1O
84,POZ,79,-1.709,S1O
84,POZ,80,-0.732,S1O
84,POZ,81,-0.732,S1O
84,POZ,82,-1.709,S1O
84,POZ,83,-3.174,S1O
84,POZ,84,-4.150,S1O
84,POZ,85,-3.174,S1O
84,POZ,86,-2.686,S1O
84,POZ,87,-2.686,S1O
84,POZ,88,-4.150,S1O
84,POZ,89,-7.080,S1O
84,POZ,90,-10.010,S1O
84,POZ,91,-11.475,S1O
84,POZ,92,-10.498,S1O
84,POZ,93,-8.545,S1O
84,POZ,94,-7.568,S1O
84,POZ,95,-7.080,S1O
84,POZ,96,-6.592,S1O
84,POZ,97,-4.639,S1O
84,POZ,98,-2.686,S1O
84,POZ,99,-0.732,S1O
84,POZ,100,0.244,S1O
84,POZ,101,-0.732,S1O
84,POZ,102,-1.709,S1O
84,POZ,103,-2.197,S1O
84,POZ,104,-2.197,S1O
84,POZ,105,-2.197,S1O
84,POZ,106,-3.174,S1O
84,POZ,107,-3.662,S1O
84,POZ,108,-4.639,S1O
84,POZ,109,-5.615,S1O
84,POZ,110,-7.080,S1O
84,POZ,111,-9.033,S1O
84,POZ,112,-11.475,S1O
84,POZ,113,-12.451,S1O
84,POZ,114,-11.475,S1O
84,POZ,115,-9.521,S1O
84,POZ,116,-8.057,S1O
84,POZ,117,-8.545,S1O
84,POZ,118,-10.010,S1O
84,POZ,119,-11.475,S1O
84,POZ,120,-11.475,S1O
84,POZ,121,-9.521,S1O
84,POZ,122,-8.057,S1O
84,POZ,123,-8.057,S1O
84,POZ,124,-10.010,S1O
84,POZ,125,-12.451,S1O
84,POZ,126,-15.381,S1O
84,POZ,127,-16.357,S1O
84,POZ,128,-16.357,S1O
84,POZ,129,-15.869,S1O
84,POZ,130,-14.893,S1O
84,POZ,131,-14.404,S1O
84,POZ,132,-12.939,S1O
84,POZ,133,-10.986,S1O
84,POZ,134,-9.033,S1O
84,POZ,135,-7.568,S1O
84,POZ,136,-6.592,S1O
84,POZ,137,-5.127,S1O
84,POZ,138,-3.662,S1O
84,POZ,139,-2.197,S1O
84,POZ,140,-1.709,S1O
84,POZ,141,-3.174,S1O
84,POZ,142,-4.639,S1O
84,POZ,143,-6.104,S1O
84,POZ,144,-6.104,S1O
84,POZ,145,-5.615,S1O
84,POZ,146,-5.127,S1O
84,POZ,147,-6.104,S1O
84,POZ,148,-9.521,S1O
84,POZ,149,-12.939,S1O
84,POZ,150,-14.893,S1O
84,POZ,151,-14.404,S1O
84,POZ,152,-10.986,S1O
84,POZ,153,-7.568,S1O
84,POZ,154,-5.615,S1O
84,POZ,155,-6.104,S1O
84,POZ,156,-9.033,S1O
84,POZ,157,-11.963,S1O
84,POZ,158,-13.428,S1O
84,POZ,159,-13.428,S1O
84,POZ,160,-11.475,S1O
84,POZ,161,-9.033,S1O
84,POZ,162,-7.568,S1O
84,POZ,163,-7.568,S1O
84,POZ,164,-9.033,S1O
84,POZ,165,-10.010,S1O
84,POZ,166,-10.986,S1O
84,POZ,167,-10.986,S1O
84,POZ,168,-10.986,S1O
84,POZ,169,-10.986,S1O
84,POZ,170,-11.475,S1O
84,POZ,171,-11.963,S1O
84,POZ,172,-10.986,S1O
84,POZ,173,-10.010,S1O
84,POZ,174,-9.521,S1O
84,POZ,175,-10.010,S1O
84,POZ,176,-11.963,S1O
84,POZ,177,-13.428,S1O
84,POZ,178,-13.428,S1O
84,POZ,179,-11.475,S1O
84,POZ,180,-9.033,S1O
84,POZ,181,-7.080,S1O
84,POZ,182,-6.104,S1O
84,POZ,183,-6.104,S1O
84,POZ,184,-6.104,S1O
84,POZ,185,-5.615,S1O
84,POZ,186,-4.639,S1O
84,POZ,187,-4.639,S1O
84,POZ,188,-5.615,S1O
84,POZ,189,-8.057,S1O
84,POZ,190,-10.010,S1O
84,POZ,191,-10.986,S1O
84,POZ,192,-10.010,S1O
84,POZ,193,-8.545,S1O
84,POZ,194,-7.568,S1O
84,POZ,195,-7.568,S1O
84,POZ,196,-8.057,S1O
84,POZ,197,-7.568,S1O
84,POZ,198,-6.592,S1O
84,POZ,199,-5.615,S1O
84,POZ,200,-5.615,S1O
84,POZ,201,-7.080,S1O
84,POZ,202,-9.521,S1O
84,POZ,203,-11.963,S1O
84,POZ,204,-12.939,S1O
84,POZ,205,-12.451,S1O
84,POZ,206,-10.498,S1O
84,POZ,207,-9.521,S1O
84,POZ,208,-9.033,S1O
84,POZ,209,-10.498,S1O
84,POZ,210,-11.475,S1O
84,POZ,211,-11.475,S1O
84,POZ,212,-10.498,S1O
84,POZ,213,-9.521,S1O
84,POZ,214,-8.545,S1O
84,POZ,215,-8.057,S1O
84,POZ,216,-8.057,S1O
84,POZ,217,-7.568,S1O
84,POZ,218,-8.057,S1O
84,POZ,219,-8.545,S1O
84,POZ,220,-10.498,S1O
84,POZ,221,-12.451,S1O
84,POZ,222,-13.916,S1O
84,POZ,223,-14.893,S1O
84,POZ,224,-14.404,S1O
84,POZ,225,-12.939,S1O
84,POZ,226,-11.963,S1O
84,POZ,227,-11.475,S1O
84,POZ,228,-10.498,S1O
84,POZ,229,-9.521,S1O
84,POZ,230,-8.545,S1O
84,POZ,231,-7.080,S1O
84,POZ,232,-5.127,S1O
84,POZ,233,-3.662,S1O
84,POZ,234,-3.174,S1O
84,POZ,235,-2.686,S1O
84,POZ,236,-3.174,S1O
84,POZ,237,-4.150,S1O
84,POZ,238,-5.615,S1O
84,POZ,239,-7.080,S1O
84,POZ,240,-7.568,S1O
84,POZ,241,-7.568,S1O
84,POZ,242,-6.592,S1O
84,POZ,243,-6.104,S1O
84,POZ,244,-6.104,S1O
84,POZ,245,-6.592,S1O
84,POZ,246,-7.080,S1O
84,POZ,247,-7.080,S1O
84,POZ,248,-6.592,S1O
84,POZ,249,-6.104,S1O
84,POZ,250,-5.615,S1O
84,POZ,251,-5.615,S1O
84,POZ,252,-5.127,S1O
84,POZ,253,-3.174,S1O
84,POZ,254,-1.221,S1O
84,POZ,255,0.732,S1O
84,OZ,0,-6.510,S1O
84,OZ,1,-6.999,S1O
84,OZ,2,-5.534,S1O
84,OZ,3,-2.116,S1O
84,OZ,4,1.302,S1O
84,OZ,5,2.767,S1O
84,OZ,6,0.814,S1O
84,OZ,7,-3.581,S1O
84,OZ,8,-8.464,S1O
84,OZ,9,-10.905,S1O
84,OZ,10,-9.928,S1O
84,OZ,11,-6.510,S1O
84,OZ,12,-3.092,S1O
84,OZ,13,-1.139,S1O
84,OZ,14,-0.651,S1O
84,OZ,15,0.326,S1O
84,OZ,16,1.790,S1O
84,OZ,17,3.255,S1O
84,OZ,18,4.232,S1O
84,OZ,19,3.743,S1O
84,OZ,20,3.255,S1O
84,OZ,21,2.767,S1O
84,OZ,22,4.720,S1O
84,OZ,23,7.650,S1O
84,OZ,24,9.603,S1O
84,OZ,25,9.603,S1O
84,OZ,26,8.138,S1O
84,OZ,27,6.673,S1O
84,OZ,28,6.673,S1O
84,OZ,29,8.138,S1O
84,OZ,30,9.603,S1O
84,OZ,31,10.091,S1O
84,OZ,32,9.603,S1O
84,OZ,33,8.138,S1O
84,OZ,34,7.161,S1O
84,OZ,35,6.673,S1O
84,OZ,36,6.185,S1O
84,OZ,37,6.185,S1O
84,OZ,38,6.673,S1O
84,OZ,39,7.650,S1O
84,OZ,40,9.603,S1O
84,OZ,41,11.068,S1O
84,OZ,42,11.556,S1O
84,OZ,43,9.115,S1O
84,OZ,44,3.743,S1O
84,OZ,45,-3.092,S1O
84,OZ,46,-9.928,S1O
84,OZ,47,-14.323,S1O
84,OZ,48,-15.788,S1O
84,OZ,49,-14.811,S1O
84,OZ,50,-11.882,S1O
84,OZ,51,-7.975,S1O
84,OZ,52,-5.046,S1O
84,OZ,53,-3.581,S1O
84,OZ,54,-2.116,S1O
84,OZ,55,-1.139,S1O
84,OZ,56,0.326,S1O
84,OZ,57,2.767,S1O
84,OZ,58,4.720,S1O
84,OZ,59,7.161,S1O
84,OZ,60,7.650,S1O
84,OZ,61,6.673,S1O
84,OZ,62,4.720,S1O
84,OZ,63,1.790,S1O
84,OZ,64,-1.628,S1O
84,OZ,65,-4.069,S1O
84,OZ,66,-4.557,S1O
84,OZ,67,-4.069,S1O
84,OZ,68,-2.116,S1O
84,OZ,69,1.790,S1O
84,OZ,70,6.673,S1O
84,OZ,71,12.044,S1O
84,OZ,72,18.392,S1O
84,OZ,73,22.298,S1O
84,OZ,74,22.786,S1O
84,OZ,75,18.880,S1O
84,OZ,76,12.044,S1O
84,OZ,77,4.720,S1O
84,OZ,78,0.814,S1O
84,OZ,79,-0.651,S1O
84,OZ,80,0.326,S1O
84,OZ,81,0.814,S1O
84,OZ,82,-0.651,S1O
84,OZ,83,-2.116,S1O
84,OZ,84,-2.116,S1O
84,OZ,85,0.326,S1O
84,OZ,86,3.743,S1O
84,OZ,87,5.208,S1O
84,OZ,88,3.255,S1O
84,OZ,89,-1.139,S1O
84,OZ,90,-5.046,S1O
84,OZ,91,-6.999,S1O
84,OZ,92,-6.022,S1O
84,OZ,93,-4.069,S1O
84,OZ,94,-3.092,S1O
84,OZ,95,-2.604,S1O
84,OZ,96,-1.628,S1O
84,OZ,97,0.814,S1O
84,OZ,98,3.743,S1O
84,OZ,99,5.697,S1O
84,OZ,100,5.208,S1O
84,OZ,101,3.255,S1O
84,OZ,102,1.302,S1O
84,OZ,103,0.814,S1O
84,OZ,104,1.302,S1O
84,OZ,105,2.279,S1O
84,OZ,106,2.279,S1O
84,OZ,107,1.790,S1O
84,OZ,108,1.790,S1O
84,OZ,109,2.279,S1O
84,OZ,110,1.790,S1O
84,OZ,111,-0.163,S1O
84,OZ,112,-3.581,S1O
84,OZ,113,-6.022,S1O
84,OZ,114,-5.534,S1O
84,OZ,115,-2.604,S1O
84,OZ,116,-0.163,S1O
84,OZ,117,-0.163,S1O
84,OZ,118,-2.116,S1O
84,OZ,119,-4.557,S1O
84,OZ,120,-5.046,S1O
84,OZ,121,-3.092,S1O
84,OZ,122,-1.139,S1O
84,OZ,123,-1.628,S1O
84,OZ,124,-4.557,S1O
84,OZ,125,-8.464,S1O
84,OZ,126,-10.905,S1O
84,OZ,127,-10.417,S1O
84,OZ,128,-8.464,S1O
84,OZ,129,-6.999,S1O
84,OZ,130,-6.510,S1O
84,OZ,131,-6.022,S1O
84,OZ,132,-4.557,S1O
84,OZ,133,-2.604,S1O
84,OZ,134,-0.651,S1O
84,OZ,135,0.326,S1O
84,OZ,136,0.326,S1O
84,OZ,137,0.814,S1O
84,OZ,138,1.790,S1O
84,OZ,139,3.255,S1O
84,OZ,140,3.743,S1O
84,OZ,141,3.255,S1O
84,OZ,142,1.790,S1O
84,OZ,143,1.302,S1O
84,OZ,144,3.255,S1O
84,OZ,145,6.673,S1O
84,OZ,146,8.626,S1O
84,OZ,147,8.138,S1O
84,OZ,148,3.743,S1O
84,OZ,149,-2.116,S1O
84,OZ,150,-6.022,S1O
84,OZ,151,-6.510,S1O
84,OZ,152,-4.069,S1O
84,OZ,153,-0.163,S1O
84,OZ,154,1.790,S1O
84,OZ,155,1.302,S1O
84,OZ,156,-1.628,S1O
84,OZ,157,-4.557,S1O
84,OZ,158,-6.022,S1O
84,OZ,159,-6.022,S1O
84,OZ,160,-3.581,S1O
84,OZ,161,-0.651,S1O
84,OZ,162,1.790,S1O
84,OZ,163,2.767,S1O
84,OZ,164,2.767,S1O
84,OZ,165,2.767,S1O
84,OZ,166,2.767,S1O
84,OZ,167,3.255,S1O
84,OZ,168,3.255,S1O
84,OZ,169,2.767,S1O
84,OZ,170,0.814,S1O
84,OZ,171,-1.628,S1O
84,OZ,172,-3.092,S1O
84,OZ,173,-4.557,S1O
84,OZ,174,-6.022,S1O
84,OZ,175,-7.975,S1O
84,OZ,176,-10.905,S1O
84,OZ,177,-11.882,S1O
84,OZ,178,-9.928,S1O
84,OZ,179,-5.046,S1O
84,OZ,180,0.326,S1O
84,OZ,181,5.208,S1O
84,OZ,182,8.138,S1O
84,OZ,183,9.115,S1O
84,OZ,184,9.603,S1O
84,OZ,185,10.579,S1O
84,OZ,186,11.068,S1O
84,OZ,187,10.091,S1O
84,OZ,188,7.161,S1O
84,OZ,189,2.767,S1O
84,OZ,190,-0.651,S1O
84,OZ,191,-3.581,S1O
84,OZ,192,-3.581,S1O
84,OZ,193,-2.116,S1O
84,OZ,194,-0.163,S1O
84,OZ,195,1.302,S1O
84,OZ,196,2.767,S1O
84,OZ,197,5.208,S1O
84,OZ,198,7.161,S1O
84,OZ,199,8.626,S1O
84,OZ,200,8.138,S1O
84,OZ,201,4.720,S1O
84,OZ,202,-0.163,S1O
84,OZ,203,-4.557,S1O
84,OZ,204,-5.534,S1O
84,OZ,205,-3.581,S1O
84,OZ,206,0.326,S1O
84,OZ,207,3.743,S1O
84,OZ,208,3.743,S1O
84,OZ,209,0.326,S1O
84,OZ,210,-4.069,S1O
84,OZ,211,-7.975,S1O
84,OZ,212,-9.440,S1O
84,OZ,213,-9.440,S1O
84,OZ,214,-8.464,S1O
84,OZ,215,-7.487,S1O
84,OZ,216,-6.022,S1O
84,OZ,217,-4.069,S1O
84,OZ,218,-1.628,S1O
84,OZ,219,-0.163,S1O
84,OZ,220,0.326,S1O
84,OZ,221,-1.139,S1O
84,OZ,222,-2.116,S1O
84,OZ,223,-1.628,S1O
84,OZ,224,0.814,S1O
84,OZ,225,4.232,S1O
84,OZ,226,6.185,S1O
84,OZ,227,7.161,S1O
84,OZ,228,6.673,S1O
84,OZ,229,6.185,S1O
84,OZ,230,6.185,S1O
84,OZ,231,6.673,S1O
84,OZ,232,6.673,S1O
84,OZ,233,6.185,S1O
84,OZ,234,5.208,S1O
84,OZ,235,3.743,S1O
84,OZ,236,2.767,S1O
84,OZ,237,1.790,S1O
84,OZ,238,1.302,S1O
84,OZ,239,0.814,S1O
84,OZ,240,1.790,S1O
84,OZ,241,3.255,S1O
84,OZ,242,5.697,S1O
84,OZ,243,7.650,S1O
84,OZ,244,8.138,S1O
84,OZ,245,7.650,S1O
84,OZ,246,6.673,S1O
84,OZ,247,6.673,S1O
84,OZ,248,7.650,S1O
84,OZ,249,8.138,S1O
84,OZ,250,7.650,S1O
84,OZ,251,6.185,S1O
84,OZ,252,4.720,S1O
84,OZ,253,5.208,S1O
84,OZ,254,7.161,S1O
84,OZ,255,9.603,S1O
84,P2,0,-5.493,S1O
84,P2,1,-5.005,S1O
84,P2,2,-3.540,S1O
84,P2,3,-1.099,S1O
84,P2,4,0.854,S1O
84,P2,5,2.319,S1O
84,P2,6,1.831,S1O
84,P2,7,-0.122,S1O
84,P2,8,-2.563,S1O
84,P2,9,-4.517,S1O
84,P2,10,-5.005,S1O
84,P2,11,-4.028,S1O
84,P2,12,-2.563,S1O
84,P2,13,-2.075,S1O
84,P2,14,-2.075,S1O
84,P2,15,-3.052,S1O
84,P2,16,-3.540,S1O
84,P2,17,-4.517,S1O
84,P2,18,-5.005,S1O
84,P2,19,-5.981,S1O
84,P2,20,-6.470,S1O
84,P2,21,-5.981,S1O
84,P2,22,-3.540,S1O
84,P2,23,0.366,S1O
84,P2,24,4.272,S1O
84,P2,25,7.202,S1O
84,P2,26,8.179,S1O
84,P2,27,7.202,S1O
84,P2,28,6.226,S1O
84,P2,29,5.249,S1O
84,P2,30,5.249,S1O
84,P2,31,6.226,S1O
84,P2,32,6.714,S1O
84,P2,33,7.202,S1O
84,P2,34,6.226,S1O
84,P2,35,4.761,S1O
84,P2,36,3.296,S1O
84,P2,37,1.831,S1O
84,P2,38,0.366,S1O
84,P2,39,-1.587,S1O
84,P2,40,-2.563,S1O
84,P2,41,-3.052,S1O
84,P2,42,-3.052,S1O
84,P2,43,-3.540,S1O
84,P2,44,-4.517,S1O
84,P2,45,-5.981,S1O
84,P2,46,-8.911,S1O
84,P2,47,-10.864,S1O
84,P2,48,-12.329,S1O
84,P2,49,-12.817,S1O
84,P2,50,-11.353,S1O
84,P2,51,-9.399,S1O
84,P2,52,-6.470,S1O
84,P2,53,-4.028,S1O
84,P2,54,-1.587,S1O
84,P2,55,0.366,S1O
84,P2,56,2.319,S1O
84,P2,57,4.761,S1O
84,P2,58,7.202,S1O
84,P2,59,9.155,S1O
84,P2,60,10.620,S1O
84,P2,61,10.132,S1O
84,P2,62,8.667,S1O
84,P2,63,5.737,S1O
84,P2,64,2.808,S1O
84,P2,65,1.343,S1O
84,P2,66,1.343,S1O
84,P2,67,1.831,S1O
84,P2,68,2.319,S1O
84,P2,69,1.831,S1O
84,P2,70,1.343,S1O
84,P2,71,0.854,S1O
84,P2,72,1.831,S1O
84,P2,73,3.296,S1O
84,P2,74,5.737,S1O
84,P2,75,7.202,S1O
84,P2,76,7.690,S1O
84,P2,77,7.690,S1O
84,P2,78,7.202,S1O
84,P2,79,6.714,S1O
84,P2,80,5.737,S1O
84,P2,81,4.761,S1O
84,P2,82,3.296,S1O
84,P2,83,1.343,S1O
84,P2,84,0.366,S1O
84,P2,85,-0.610,S1O
84,P2,86,-1.099,S1O
84,P2,87,-1.587,S1O
84,P2,88,-2.563,S1O
84,P2,89,-3.540,S1O
84,P2,90,-4.517,S1O
84,P2,91,-4.517,S1O
84,P2,92,-3.540,S1O
84,P2,93,-2.563,S1O
84,P2,94,-1.587,S1O
84,P2,95,-0.122,S1O
84,P2,96,0.366,S1O
84,P2,97,1.831,S1O
84,P2,98,2.808,S1O
84,P2,99,3.296,S1O
84,P2,100,3.784,S1O
84,P2,101,3.296,S1O
84,P2,102,3.784,S1O
84,P2,103,3.784,S1O
84,P2,104,3.784,S1O
84,P2,105,3.296,S1O
84,P2,106,2.319,S1O
84,P2,107,1.343,S1O
84,P2,108,0.366,S1O
84,P2,109,-1.099,S1O
84,P2,110,-2.563,S1O
84,P2,111,-4.517,S1O
84,P2,112,-6.958,S1O
84,P2,113,-8.423,S1O
84,P2,114,-8.423,S1O
84,P2,115,-7.446,S1O
84,P2,116,-6.470,S1O
84,P2,117,-6.470,S1O
84,P2,118,-6.958,S1O
84,P2,119,-7.446,S1O
84,P2,120,-6.470,S1O
84,P2,121,-5.005,S1O
84,P2,122,-3.052,S1O
84,P2,123,-2.563,S1O
84,P2,124,-3.540,S1O
84,P2,125,-5.005,S1O
84,P2,126,-6.958,S1O
84,P2,127,-8.423,S1O
84,P2,128,-9.399,S1O
84,P2,129,-10.376,S1O
84,P2,130,-10.864,S1O
84,P2,131,-10.376,S1O
84,P2,132,-9.399,S1O
84,P2,133,-7.935,S1O
84,P2,134,-6.470,S1O
84,P2,135,-4.517,S1O
84,P2,136,-2.075,S1O
84,P2,137,0.854,S1O
84,P2,138,2.808,S1O
84,P2,139,3.784,S1O
84,P2,140,2.808,S1O
84,P2,141,0.366,S1O
84,P2,142,-2.563,S1O
84,P2,143,-4.028,S1O
84,P2,144,-4.517,S1O
84,P2,145,-4.028,S1O
84,P2,146,-3.540,S1O
84,P2,147,-4.517,S1O
84,P2,148,-5.981,S1O
84,P2,149,-7.446,S1O
84,P2,150,-7.935,S1O
84,P2,151,-6.470,S1O
84,P2,152,-4.517,S1O
84,P2,153,-1.587,S1O
84,P2,154,-0.610,S1O
84,P2,155,-0.610,S1O
84,P2,156,-1.587,S1O
84,P2,157,-2.563,S1O
84,P2,158,-3.052,S1O
84,P2,159,-2.563,S1O
84,P2,160,-1.587,S1O
84,P2,161,-1.587,S1O
84,P2,162,-2.563,S1O
84,P2,163,-4.028,S1O
84,P2,164,-5.493,S1O
84,P2,165,-6.958,S1O
84,P2,166,-7.446,S1O
84,P2,167,-6.958,S1O
84,P2,168,-5.981,S1O
84,P2,169,-5.005,S1O
84,P2,170,-3.540,S1O
84,P2,171,-1.587,S1O
84,P2,172,0.366,S1O
84,P2,173,2.319,S1O
84,P2,174,2.808,S1O
84,P2,175,1.343,S1O
84,P2,176,-0.610,S1O
84,P2,177,-3.052,S1O
84,P2,178,-4.517,S1O
84,P2,179,-5.493,S1O
84,P2,180,-5.493,S1O
84,P2,181,-5.981,S1O
84,P2,182,-6.470,S1O
84,P2,183,-6.470,S1O
84,P2,184,-5.981,S1O
84,P2,185,-4.517,S1O
84,P2,186,-2.563,S1O
84,P2,187,-0.610,S1O
84,P2,188,0.366,S1O
84,P2,189,0.366,S1O
84,P2,190,-0.610,S1O
84,P2,191,-0.610,S1O
84,P2,192,-1.099,S1O
84,P2,193,-1.099,S1O
84,P2,194,-2.075,S1O
84,P2,195,-3.052,S1O
84,P2,196,-4.028,S1O
84,P2,197,-4.517,S1O
84,P2,198,-4.517,S1O
84,P2,199,-4.028,S1O
84,P2,200,-4.517,S1O
84,P2,201,-5.493,S1O
84,P2,202,-6.470,S1O
84,P2,203,-7.446,S1O
84,P2,204,-6.958,S1O
84,P2,205,-5.493,S1O
84,P2,206,-4.517,S1O
84,P2,207,-3.540,S1O
84,P2,208,-3.540,S1O
84,P2,209,-4.028,S1O
84,P2,210,-3.052,S1O
84,P2,211,-1.587,S1O
84,P2,212,0.366,S1O
84,P2,213,2.319,S1O
84,P2,214,3.296,S1O
84,P2,215,3.296,S1O
84,P2,216,2.808,S1O
84,P2,217,2.319,S1O
84,P2,218,0.854,S1O
84,P2,219,-0.122,S1O
84,P2,220,-2.075,S1O
84,P2,221,-4.517,S1O
84,P2,222,-6.958,S1O
84,P2,223,-9.399,S1O
84,P2,224,-10.864,S1O
84,P2,225,-11.841,S1O
84,P2,226,-11.841,S1O
84,P2,227,-11.353,S1O
84,P2,228,-10.376,S1O
84,P2,229,-8.911,S1O
84,P2,230,-6.958,S1O
84,P2,231,-5.005,S1O
84,P2,232,-2.563,S1O
84,P2,233,0.366,S1O
84,P2,234,3.296,S1O
84,P2,235,6.226,S1O
84,P2,236,8.179,S1O
84,P2,237,8.179,S1O
84,P2,238,6.714,S1O
84,P2,239,4.272,S1O
84,P2,240,1.831,S1O
84,P2,241,0.366,S1O
84,P2,242,-0.122,S1O
84,P2,243,-0.122,S1O
84,P2,244,-0.122,S1O
84,P2,245,-1.099,S1O
84,P2,246,-2.563,S1O
84,P2,247,-3.540,S1O
84,P2,248,-4.028,S1O
84,P2,249,-4.028,S1O
84,P2,250,-3.540,S1O
84,P2,251,-1.587,S1O
84,P2,252,1.343,S1O
84,P2,253,4.761,S1O
84,P2,254,8.179,S1O
84,P2,255,10.620,S1O
84,P1,0,-4.222,S1O
84,P1,1,-2.268,S1O
84,P1,2,0.661,S1O
84,P1,3,2.614,S1O
84,P1,4,3.591,S1O
84,P1,5,3.591,S1O
84,P1,6,2.126,S1O
84,P1,7,-0.804,S1O
84,P1,8,-4.222,S1O
84,P1,9,-7.151,S1O
84,P1,10,-8.616,S1O
84,P1,11,-8.616,S1O
84,P1,12,-7.151,S1O
84,P1,13,-6.175,S1O
84,P1,14,-5.198,S1O
84,P1,15,-4.710,S1O
84,P1,16,-3.733,S1O
84,P1,17,-2.268,S1O
84,P1,18,-0.315,S1O
84,P1,19,1.638,S1O
84,P1,20,3.103,S1O
84,P1,21,4.079,S1O
84,P1,22,6.032,S1O
84,P1,23,7.985,S1O
84,P1,24,9.939,S1O
84,P1,25,10.915,S1O
84,P1,26,10.427,S1O
84,P1,27,9.450,S1O
84,P1,28,8.474,S1O
84,P1,29,7.985,S1O
84,P1,30,8.962,S1O
84,P1,31,9.939,S1O
84,P1,32,10.915,S1O
84,P1,33,11.403,S1O
84,P1,34,11.403,S1O
84,P1,35,11.892,S1O
84,P1,36,11.403,S1O
84,P1,37,10.427,S1O
84,P1,38,9.450,S1O
84,P1,39,7.985,S1O
84,P1,40,7.009,S1O
84,P1,41,6.521,S1O
84,P1,42,5.544,S1O
84,P1,43,3.591,S1O
84,P1,44,0.173,S1O
84,P1,45,-4.222,S1O
84,P1,46,-8.616,S1O
84,P1,47,-12.034,S1O
84,P1,48,-13.011,S1O
84,P1,49,-12.522,S1O
84,P1,50,-10.081,S1O
84,P1,51,-8.128,S1O
84,P1,52,-6.175,S1O
84,P1,53,-3.733,S1O
84,P1,54,-1.780,S1O
84,P1,55,1.149,S1O
84,P1,56,4.079,S1O
84,P1,57,7.009,S1O
84,P1,58,9.939,S1O
84,P1,59,12.868,S1O
84,P1,60,15.310,S1O
84,P1,61,15.798,S1O
84,P1,62,14.821,S1O
84,P1,63,12.380,S1O
84,P1,64,9.450,S1O
84,P1,65,7.497,S1O
84,P1,66,6.032,S1O
84,P1,67,5.544,S1O
84,P1,68,5.544,S1O
84,P1,69,5.056,S1O
84,P1,70,5.544,S1O
84,P1,71,6.521,S1O
84,P1,72,8.962,S1O
84,P1,73,11.403,S1O
84,P1,74,12.868,S1O
84,P1,75,12.380,S1O
84,P1,76,10.427,S1O
84,P1,77,8.962,S1O
84,P1,78,8.474,S1O
84,P1,79,9.450,S1O
84,P1,80,10.427,S1O
84,P1,81,10.427,S1O
84,P1,82,9.450,S1O
84,P1,83,7.985,S1O
84,P1,84,7.009,S1O
84,P1,85,7.009,S1O
84,P1,86,7.985,S1O
84,P1,87,7.985,S1O
84,P1,88,7.009,S1O
84,P1,89,4.567,S1O
84,P1,90,2.614,S1O
84,P1,91,1.638,S1O
84,P1,92,2.126,S1O
84,P1,93,3.103,S1O
84,P1,94,4.079,S1O
84,P1,95,4.079,S1O
84,P1,96,4.079,S1O
84,P1,97,5.544,S1O
84,P1,98,7.497,S1O
84,P1,99,9.939,S1O
84,P1,100,10.427,S1O
84,P1,101,9.450,S1O
84,P1,102,7.497,S1O
84,P1,103,5.544,S1O
84,P1,104,4.567,S1O
84,P1,105,5.056,S1O
84,P1,106,5.544,S1O
84,P1,107,6.032,S1O
84,P1,108,5.544,S1O
84,P1,109,4.567,S1O
84,P1,110,3.103,S1O
84,P1,111,1.149,S1O
84,P1,112,0.173,S1O
84,P1,113,-0.804,S1O
84,P1,114,-0.804,S1O
84,P1,115,-0.315,S1O
84,P1,116,-0.315,S1O
84,P1,117,-0.804,S1O
84,P1,118,-1.292,S1O
84,P1,119,-0.804,S1O
84,P1,120,0.173,S1O
84,P1,121,1.149,S1O
84,P1,122,2.126,S1O
84,P1,123,2.126,S1O
84,P1,124,-0.315,S1O
84,P1,125,-2.757,S1O
84,P1,126,-6.175,S1O
84,P1,127,-8.616,S1O
84,P1,128,-10.081,S1O
84,P1,129,-10.569,S1O
84,P1,130,-10.081,S1O
84,P1,131,-8.616,S1O
84,P1,132,-6.663,S1O
84,P1,133,-3.733,S1O
84,P1,134,-1.292,S1O
84,P1,135,0.173,S1O
84,P1,136,1.638,S1O
84,P1,137,2.614,S1O
84,P1,138,3.591,S1O
84,P1,139,4.567,S1O
84,P1,140,5.544,S1O
84,P1,141,4.567,S1O
84,P1,142,2.614,S1O
84,P1,143,1.149,S1O
84,P1,144,0.173,S1O
84,P1,145,-0.315,S1O
84,P1,146,-0.804,S1O
84,P1,147,-2.268,S1O
84,P1,148,-4.710,S1O
84,P1,149,-7.640,S1O
84,P1,150,-9.104,S1O
84,P1,151,-8.128,S1O
84,P1,152,-4.222,S1O
84,P1,153,-0.315,S1O
84,P1,154,1.638,S1O
84,P1,155,1.149,S1O
84,P1,156,-1.292,S1O
84,P1,157,-3.245,S1O
84,P1,158,-3.733,S1O
84,P1,159,-2.757,S1O
84,P1,160,-0.804,S1O
84,P1,161,0.661,S1O
84,P1,162,1.149,S1O
84,P1,163,0.661,S1O
84,P1,164,-1.292,S1O
84,P1,165,-3.733,S1O
84,P1,166,-5.686,S1O
84,P1,167,-8.128,S1O
84,P1,168,-9.593,S1O
84,P1,169,-11.058,S1O
84,P1,170,-11.058,S1O
84,P1,171,-10.081,S1O
84,P1,172,-7.151,S1O
84,P1,173,-4.222,S1O
84,P1,174,-2.268,S1O
84,P1,175,-1.292,S1O
84,P1,176,-1.292,S1O
84,P1,177,-0.804,S1O
84,P1,178,0.173,S1O
84,P1,179,1.638,S1O
84,P1,180,2.614,S1O
84,P1,181,2.126,S1O
84,P1,182,0.661,S1O
84,P1,183,-1.780,S1O
84,P1,184,-4.222,S1O
84,P1,185,-5.686,S1O
84,P1,186,-6.175,S1O
84,P1,187,-6.663,S1O
84,P1,188,-7.151,S1O
84,P1,189,-7.640,S1O
84,P1,190,-6.663,S1O
84,P1,191,-5.198,S1O
84,P1,192,-1.780,S1O
84,P1,193,1.149,S1O
84,P1,194,3.103,S1O
84,P1,195,4.079,S1O
84,P1,196,3.103,S1O
84,P1,197,2.614,S1O
84,P1,198,2.126,S1O
84,P1,199,2.126,S1O
84,P1,200,0.661,S1O
84,P1,201,-1.780,S1O
84,P1,202,-4.710,S1O
84,P1,203,-8.128,S1O
84,P1,204,-10.081,S1O
84,P1,205,-11.546,S1O
84,P1,206,-12.522,S1O
84,P1,207,-13.499,S1O
84,P1,208,-13.499,S1O
84,P1,209,-12.522,S1O
84,P1,210,-10.081,S1O
84,P1,211,-6.175,S1O
84,P1,212,-1.292,S1O
84,P1,213,2.614,S1O
84,P1,214,5.544,S1O
84,P1,215,6.521,S1O
84,P1,216,6.032,S1O
84,P1,217,4.567,S1O
84,P1,218,2.614,S1O
84,P1,219,-0.315,S1O
84,P1,220,-3.733,S1O
84,P1,221,-6.663,S1O
84,P1,222,-8.616,S1O
84,P1,223,-9.593,S1O
84,P1,224,-8.616,S1O
84,P1,225,-7.640,S1O
84,P1,226,-6.663,S1O
84,P1,227,-5.198,S1O
84,P1,228,-3.733,S1O
84,P1,229,-2.757,S1O
84,P1,230,-1.292,S1O
84,P1,231,0.661,S1O
84,P1,232,3.103,S1O
84,P1,233,5.544,S1O
84,P1,234,7.985,S1O
84,P1,235,9.450,S1O
84,P1,236,9.450,S1O
84,P1,237,8.474,S1O
84,P1,238,6.032,S1O
84,P1,239,3.591,S1O
84,P1,240,1.638,S1O
84,P1,241,1.149,S1O
84,P1,242,1.149,S1O
84,P1,243,2.126,S1O
84,P1,244,3.591,S1O
84,P1,245,4.567,S1O
84,P1,246,5.544,S1O
84,P1,247,6.032,S1O
84,P1,248,7.009,S1O
84,P1,249,7.497,S1O
84,P1,250,8.474,S1O
84,P1,251,9.450,S1O
84,P1,252,9.939,S1O
84,P1,253,9.939,S1O
84,P1,254,9.939,S1O
84,P1,255,8.962,S1O
84,CPZ,0,-0.834,S1O
84,CPZ,1,-0.346,S1O
84,CPZ,2,0.142,S1O
84,CPZ,3,0.631,S1O
84,CPZ,4,1.119,S1O
84,CPZ,5,1.119,S1O
84,CPZ,6,0.631,S1O
84,CPZ,7,-0.834,S1O
84,CPZ,8,-2.299,S1O
84,CPZ,9,-3.764,S1O
84,CPZ,10,-4.252,S1O
84,CPZ,11,-4.252,S1O
84,CPZ,12,-2.787,S1O
84,CPZ,13,-1.811,S1O
84,CPZ,14,-1.811,S1O
84,CPZ,15,-1.811,S1O
84,CPZ,16,-2.787,S1O
84,CPZ,17,-2.787,S1O
84,CPZ,18,-3.276,S1O
84,CPZ,19,-3.764,S1O
84,CPZ,20,-4.252,S1O
84,CPZ,21,-4.252,S1O
84,CPZ,22,-3.276,S1O
84,CPZ,23,-1.322,S1O
84,CPZ,24,0.631,S1O
84,CPZ,25,2.096,S1O
84,CPZ,26,2.096,S1O
84,CPZ,27,1.607,S1O
84,CPZ,28,1.119,S1O
84,CPZ,29,1.607,S1O
84,CPZ,30,3.072,S1O
84,CPZ,31,4.537,S1O
84,CPZ,32,5.514,S1O
84,CPZ,33,6.002,S1O
84,CPZ,34,5.025,S1O
84,CPZ,35,4.537,S1O
84,CPZ,36,3.560,S1O
84,CPZ,37,2.584,S1O
84,CPZ,38,1.607,S1O
84,CPZ,39,0.142,S1O
84,CPZ,40,-0.346,S1O
84,CPZ,41,-0.834,S1O
84,CPZ,42,-0.346,S1O
84,CPZ,43,0.142,S1O
84,CPZ,44,-1.322,S1O
84,CPZ,45,-3.276,S1O
84,CPZ,46,-5.229,S1O
84,CPZ,47,-6.694,S1O
84,CPZ,48,-7.182,S1O
84,CPZ,49,-6.694,S1O
84,CPZ,50,-5.717,S1O
84,CPZ,51,-4.740,S1O
84,CPZ,52,-3.764,S1O
84,CPZ,53,-2.787,S1O
84,CPZ,54,-1.322,S1O
84,CPZ,55,0.142,S1O
84,CPZ,56,1.119,S1O
84,CPZ,57,1.607,S1O
84,CPZ,58,2.584,S1O
84,CPZ,59,4.049,S1O
84,CPZ,60,6.002,S1O
84,CPZ,61,6.978,S1O
84,CPZ,62,6.490,S1O
84,CPZ,63,5.025,S1O
84,CPZ,64,3.072,S1O
84,CPZ,65,2.096,S1O
84,CPZ,66,1.119,S1O
84,CPZ,67,1.119,S1O
84,CPZ,68,1.607,S1O
84,CPZ,69,1.607,S1O
84,CPZ,70,1.119,S1O
84,CPZ,71,0.631,S1O
84,CPZ,72,0.631,S1O
84,CPZ,73,1.119,S1O
84,CPZ,74,2.096,S1O
84,CPZ,75,2.584,S1O
84,CPZ,76,3.072,S1O
84,CPZ,77,3.560,S1O
84,CPZ,78,4.049,S1O
84,CPZ,79,4.537,S1O
84,CPZ,80,5.025,S1O
84,CPZ,81,4.537,S1O
84,CPZ,82,3.560,S1O
84,CPZ,83,2.584,S1O
84,CPZ,84,1.607,S1O
84,CPZ,85,1.607,S1O
84,CPZ,86,1.607,S1O
84,CPZ,87,2.096,S1O
84,CPZ,88,1.607,S1O
84,CPZ,89,0.631,S1O
84,CPZ,90,-0.346,S1O
84,CPZ,91,-0.834,S1O
84,CPZ,92,0.142,S1O
84,CPZ,93,1.119,S1O
84,CPZ,94,2.096,S1O
84,CPZ,95,2.096,S1O
84,CPZ,96,2.584,S1O
84,CPZ,97,2.584,S1O
84,CPZ,98,3.072,S1O
84,CPZ,99,4.049,S1O
84,CPZ,100,4.049,S1O
84,CPZ,101,4.049,S1O
84,CPZ,102,4.049,S1O
84,CPZ,103,4.049,S1O
84,CPZ,104,4.049,S1O
84,CPZ,105,4.049,S1O
84,CPZ,106,4.049,S1O
84,CPZ,107,4.049,S1O
84,CPZ,108,3.072,S1O
84,CPZ,109,2.584,S1O
84,CPZ,110,1.607,S1O
84,CPZ,111,0.631,S1O
84,CPZ,112,-0.346,S1O
84,CPZ,113,-0.834,S1O
84,CPZ,114,-1.322,S1O
84,CPZ,115,-1.322,S1O
84,CPZ,116,-1.322,S1O
84,CPZ,117,-1.322,S1O
84,CPZ,118,-1.811,S1O
84,CPZ,119,-1.322,S1O
84,CPZ,120,-0.346,S1O
84,CPZ,121,1.119,S1O
84,CPZ,122,3.072,S1O
84,CPZ,123,4.049,S1O
84,CPZ,124,4.049,S1O
84,CPZ,125,3.072,S1O
84,CPZ,126,1.607,S1O
84,CPZ,127,0.142,S1O
84,CPZ,128,-0.834,S1O
84,CPZ,129,-1.811,S1O
84,CPZ,130,-1.811,S1O
84,CPZ,131,-1.811,S1O
84,CPZ,132,-0.834,S1O
84,CPZ,133,0.142,S1O
84,CPZ,134,1.607,S1O
84,CPZ,135,2.584,S1O
84,CPZ,136,4.049,S1O
84,CPZ,137,5.025,S1O
84,CPZ,138,6.490,S1O
84,CPZ,139,6.978,S1O
84,CPZ,140,6.978,S1O
84,CPZ,141,6.490,S1O
84,CPZ,142,6.002,S1O
84,CPZ,143,5.514,S1O
84,CPZ,144,4.537,S1O
84,CPZ,145,4.537,S1O
84,CPZ,146,4.049,S1O
84,CPZ,147,3.072,S1O
84,CPZ,148,1.607,S1O
84,CPZ,149,0.631,S1O
84,CPZ,150,0.631,S1O
84,CPZ,151,2.096,S1O
84,CPZ,152,4.537,S1O
84,CPZ,153,6.490,S1O
84,CPZ,154,7.955,S1O
84,CPZ,155,7.467,S1O
84,CPZ,156,6.490,S1O
84,CPZ,157,5.025,S1O
84,CPZ,158,4.537,S1O
84,CPZ,159,4.537,S1O
84,CPZ,160,4.537,S1O
84,CPZ,161,5.025,S1O
84,CPZ,162,4.537,S1O
84,CPZ,163,3.560,S1O
84,CPZ,164,2.584,S1O
84,CPZ,165,1.119,S1O
84,CPZ,166,0.142,S1O
84,CPZ,167,-0.834,S1O
84,CPZ,168,-0.834,S1O
84,CPZ,169,-0.346,S1O
84,CPZ,170,0.631,S1O
84,CPZ,171,2.584,S1O
84,CPZ,172,5.025,S1O
84,CPZ,173,7.467,S1O
84,CPZ,174,8.443,S1O
84,CPZ,175,7.955,S1O
84,CPZ,176,6.490,S1O
84,CPZ,177,5.514,S1O
84,CPZ,178,4.537,S1O
84,CPZ,179,4.049,S1O
84,CPZ,180,3.560,S1O
84,CPZ,181,3.072,S1O
84,CPZ,182,2.096,S1O
84,CPZ,183,0.631,S1O
84,CPZ,184,0.142,S1O
84,CPZ,185,0.631,S1O
84,CPZ,186,1.119,S1O
84,CPZ,187,2.096,S1O
84,CPZ,188,2.584,S1O
84,CPZ,189,2.584,S1O
84,CPZ,190,2.584,S1O
84,CPZ,191,3.072,S1O
84,CPZ,192,3.560,S1O
84,CPZ,193,4.049,S1O
84,CPZ,194,4.049,S1O
84,CPZ,195,3.560,S1O
84,CPZ,196,3.072,S1O
84,CPZ,197,2.584,S1O
84,CPZ,198,2.096,S1O
84,CPZ,199,2.096,S1O
84,CPZ,200,2.096,S1O
84,CPZ,201,2.096,S1O
84,CPZ,202,2.096,S1O
84,CPZ,203,1.607,S1O
84,CPZ,204,1.607,S1O
84,CPZ,205,1.607,S1O
84,CPZ,206,1.119,S1O
84,CPZ,207,0.631,S1O
84,CPZ,208,0.631,S1O
84,CPZ,209,0.631,S1O
84,CPZ,210,2.096,S1O
84,CPZ,211,4.049,S1O
84,CPZ,212,6.002,S1O
84,CPZ,213,7.955,S1O
84,CPZ,214,8.931,S1O
84,CPZ,215,8.931,S1O
84,CPZ,216,8.443,S1O
84,CPZ,217,7.467,S1O
84,CPZ,218,6.490,S1O
84,CPZ,219,5.514,S1O
84,CPZ,220,4.537,S1O
84,CPZ,221,3.072,S1O
84,CPZ,222,1.607,S1O
84,CPZ,223,0.631,S1O
84,CPZ,224,0.142,S1O
84,CPZ,225,0.142,S1O
84,CPZ,226,0.142,S1O
84,CPZ,227,0.142,S1O
84,CPZ,228,0.631,S1O
84,CPZ,229,1.119,S1O
84,CPZ,230,2.096,S1O
84,CPZ,231,2.584,S1O
84,CPZ,232,4.049,S1O
84,CPZ,233,6.002,S1O
84,CPZ,234,7.955,S1O
84,CPZ,235,9.420,S1O
84,CPZ,236,10.885,S1O
84,CPZ,237,10.396,S1O
84,CPZ,238,9.420,S1O
84,CPZ,239,7.955,S1O
84,CPZ,240,6.002,S1O
84,CPZ,241,5.025,S1O
84,CPZ,242,4.537,S1O
84,CPZ,243,5.025,S1O
84,CPZ,244,5.025,S1O
84,CPZ,245,5.025,S1O
84,CPZ,246,4.537,S1O
84,CPZ,247,4.537,S1O
84,CPZ,248,4.537,S1O
84,CPZ,249,5.025,S1O
84,CPZ,250,5.514,S1O
84,CPZ,251,5.514,S1O
84,CPZ,252,6.002,S1O
84,CPZ,253,6.978,S1O
84,CPZ,254,7.467,S1O
84,CPZ,255,7.955,S1O
84,nd,0,-4.476,S1O
84,nd,1,-4.964,S1O
84,nd,2,-5.452,S1O
84,nd,3,-4.476,S1O
84,nd,4,-1.546,S1O
84,nd,5,1.872,S1O
84,nd,6,2.360,S1O
84,nd,7,-0.081,S1O
84,nd,8,-3.988,S1O
84,nd,9,-4.964,S1O
84,nd,10,-3.499,S1O
84,nd,11,-1.058,S1O
84,nd,12,-0.081,S1O
84,nd,13,-1.058,S1O
84,nd,14,-3.499,S1O
84,nd,15,-3.499,S1O
84,nd,16,-0.570,S1O
84,nd,17,4.313,S1O
84,nd,18,8.219,S1O
84,nd,19,9.684,S1O
84,nd,20,9.196,S1O
84,nd,21,8.708,S1O
84,nd,22,7.243,S1O
84,nd,23,4.801,S1O
84,nd,24,1.872,S1O
84,nd,25,-1.058,S1O
84,nd,26,-1.546,S1O
84,nd,27,0.895,S1O
84,nd,28,5.290,S1O
84,nd,29,8.219,S1O
84,nd,30,8.219,S1O
84,nd,31,4.801,S1O
84,nd,32,0.407,S1O
84,nd,33,-3.011,S1O
84,nd,34,-3.988,S1O
84,nd,35,-3.011,S1O
84,nd,36,-0.570,S1O
84,nd,37,1.872,S1O
84,nd,38,4.801,S1O
84,nd,39,7.731,S1O
84,nd,40,10.661,S1O
84,nd,41,12.614,S1O
84,nd,42,12.614,S1O
84,nd,43,10.661,S1O
84,nd,44,6.266,S1O
84,nd,45,0.895,S1O
84,nd,46,-4.964,S1O
84,nd,47,-9.847,S1O
84,nd,48,-12.288,S1O
84,nd,49,-12.777,S1O
84,nd,50,-11.312,S1O
84,nd,51,-8.870,S1O
84,nd,52,-5.452,S1O
84,nd,53,-3.011,S1O
84,nd,54,-2.523,S1O
84,nd,55,-3.988,S1O
84,nd,56,-6.917,S1O
84,nd,57,-9.847,S1O
84,nd,58,-11.800,S1O
84,nd,59,-12.288,S1O
84,nd,60,-11.312,S1O
84,nd,61,-10.824,S1O
84,nd,62,-10.824,S1O
84,nd,63,-11.312,S1O
84,nd,64,-12.288,S1O
84,nd,65,-12.777,S1O
84,nd,66,-11.800,S1O
84,nd,67,-8.870,S1O
84,nd,68,-4.476,S1O
84,nd,69,-0.081,S1O
84,nd,70,2.360,S1O
84,nd,71,1.383,S1O
84,nd,72,-2.523,S1O
84,nd,73,-6.917,S1O
84,nd,74,-10.824,S1O
84,nd,75,-11.800,S1O
84,nd,76,-10.335,S1O
84,nd,77,-7.406,S1O
84,nd,78,-5.941,S1O
84,nd,79,-5.941,S1O
84,nd,80,-6.917,S1O
84,nd,81,-7.406,S1O
84,nd,82,-7.406,S1O
84,nd,83,-5.941,S1O
84,nd,84,-3.499,S1O
84,nd,85,-0.570,S1O
84,nd,86,1.872,S1O
84,nd,87,3.337,S1O
84,nd,88,2.848,S1O
84,nd,89,0.407,S1O
84,nd,90,-3.499,S1O
84,nd,91,-6.429,S1O
84,nd,92,-8.382,S1O
84,nd,93,-9.359,S1O
84,nd,94,-10.335,S1O
84,nd,95,-10.335,S1O
84,nd,96,-10.824,S1O
84,nd,97,-10.824,S1O
84,nd,98,-10.335,S1O
84,nd,99,-10.824,S1O
84,nd,100,-13.265,S1O
84,nd,101,-15.706,S1O
84,nd,102,-16.683,S1O
84,nd,103,-14.730,S1O
84,nd,104,-10.335,S1O
84,nd,105,-4.476,S1O
84,nd,106,-1.058,S1O
84,nd,107,-0.570,S1O
84,nd,108,-2.035,S1O
84,nd,109,-3.988,S1O
84,nd,110,-4.476,S1O
84,nd,111,-4.476,S1O
84,nd,112,-4.964,S1O
84,nd,113,-6.917,S1O
84,nd,114,-10.824,S1O
84,nd,115,-13.753,S1O
84,nd,116,-14.730,S1O
84,nd,117,-14.730,S1O
84,nd,118,-14.242,S1O
84,nd,119,-14.730,S1O
84,nd,120,-16.683,S1O
84,nd,121,-18.148,S1O
84,nd,122,-18.636,S1O
84,nd,123,-17.171,S1O
84,nd,124,-15.706,S1O
84,nd,125,-15.706,S1O
84,nd,126,-17.660,S1O
84,nd,127,-20.101,S1O
84,nd,128,-20.101,S1O
84,nd,129,-17.171,S1O
84,nd,130,-12.777,S1O
84,nd,131,-9.847,S1O
84,nd,132,-9.847,S1O
84,nd,133,-12.288,S1O
84,nd,134,-15.218,S1O
84,nd,135,-15.218,S1O
84,nd,136,-12.777,S1O
84,nd,137,-8.870,S1O
84,nd,138,-5.941,S1O
84,nd,139,-5.452,S1O
84,nd,140,-6.429,S1O
84,nd,141,-7.894,S1O
84,nd,142,-8.870,S1O
84,nd,143,-9.359,S1O
84,nd,144,-10.335,S1O
84,nd,145,-11.312,S1O
84,nd,146,-11.800,S1O
84,nd,147,-12.777,S1O
84,nd,148,-14.242,S1O
84,nd,149,-17.171,S1O
84,nd,150,-20.589,S1O
84,nd,151,-23.031,S1O
84,nd,152,-23.031,S1O
84,nd,153,-21.077,S1O
84,nd,154,-20.101,S1O
84,nd,155,-20.589,S1O
84,nd,156,-22.054,S1O
84,nd,157,-22.054,S1O
84,nd,158,-18.148,S1O
84,nd,159,-11.312,S1O
84,nd,160,-4.476,S1O
84,nd,161,-0.570,S1O
84,nd,162,-0.081,S1O
84,nd,163,-1.058,S1O
84,nd,164,-1.058,S1O
84,nd,165,-0.081,S1O
84,nd,166,1.383,S1O
84,nd,167,1.383,S1O
84,nd,168,-0.081,S1O
84,nd,169,-2.035,S1O
84,nd,170,-3.011,S1O
84,nd,171,-3.988,S1O
84,nd,172,-6.429,S1O
84,nd,173,-11.312,S1O
84,nd,174,-16.195,S1O
84,nd,175,-17.660,S1O
84,nd,176,-13.753,S1O
84,nd,177,-6.917,S1O
84,nd,178,-2.035,S1O
84,nd,179,-0.081,S1O
84,nd,180,-0.570,S1O
84,nd,181,0.407,S1O
84,nd,182,4.801,S1O
84,nd,183,10.661,S1O
84,nd,184,14.567,S1O
84,nd,185,14.567,S1O
84,nd,186,13.102,S1O
84,nd,187,12.126,S1O
84,nd,188,13.102,S1O
84,nd,189,13.590,S1O
84,nd,190,10.661,S1O
84,nd,191,3.337,S1O
84,nd,192,-3.988,S1O
84,nd,193,-8.382,S1O
84,nd,194,-6.917,S1O
84,nd,195,-2.035,S1O
84,nd,196,3.337,S1O
84,nd,197,4.801,S1O
84,nd,198,2.360,S1O
84,nd,199,-1.058,S1O
84,nd,200,-3.499,S1O
84,nd,201,-3.988,S1O
84,nd,202,-2.523,S1O
84,nd,203,-1.058,S1O
84,nd,204,-0.081,S1O
84,nd,205,-0.570,S1O
84,nd,206,-1.058,S1O
84,nd,207,-2.523,S1O
84,nd,208,-3.499,S1O
84,nd,209,-4.476,S1O
84,nd,210,-6.429,S1O
84,nd,211,-9.847,S1O
84,nd,212,-14.242,S1O
84,nd,213,-19.124,S1O
84,nd,214,-22.542,S1O
84,nd,215,-23.519,S1O
84,nd,216,-21.077,S1O
84,nd,217,-16.683,S1O
84,nd,218,-12.288,S1O
84,nd,219,-9.847,S1O
84,nd,220,-7.894,S1O
84,nd,221,-6.917,S1O
84,nd,222,-3.988,S1O
84,nd,223,-1.058,S1O
84,nd,224,1.872,S1O
84,nd,225,4.801,S1O
84,nd,226,5.778,S1O
84,nd,227,6.755,S1O
84,nd,228,7.731,S1O
84,nd,229,6.755,S1O
84,nd,230,4.801,S1O
84,nd,231,0.895,S1O
84,nd,232,-3.499,S1O
84,nd,233,-6.429,S1O
84,nd,234,-8.382,S1O
84,nd,235,-9.359,S1O
84,nd,236,-9.847,S1O
84,nd,237,-11.312,S1O
84,nd,238,-13.753,S1O
84,nd,239,-14.730,S1O
84,nd,240,-14.242,S1O
84,nd,241,-10.824,S1O
84,nd,242,-6.429,S1O
84,nd,243,-2.035,S1O
84,nd,244,1.383,S1O
84,nd,245,3.337,S1O
84,nd,246,2.848,S1O
84,nd,247,1.383,S1O
84,nd,248,-0.081,S1O
84,nd,249,-1.546,S1O
84,nd,250,-1.058,S1O
84,nd,251,0.895,S1O
84,nd,252,3.337,S1O
84,nd,253,5.290,S1O
84,nd,254,4.801,S1O
84,nd,255,0.895,S1O
84,Y,0,-4.690,S1O
84,Y,1,-5.178,S1O
84,Y,2,-5.666,S1O
84,Y,3,-4.690,S1O
84,Y,4,-1.272,S1O
84,Y,5,1.658,S1O
84,Y,6,2.146,S1O
84,Y,7,-0.783,S1O
84,Y,8,-4.201,S1O
84,Y,9,-5.666,S1O
84,Y,10,-3.713,S1O
84,Y,11,-0.783,S1O
84,Y,12,0.193,S1O
84,Y,13,-1.760,S1O
84,Y,14,-3.713,S1O
84,Y,15,-3.713,S1O
84,Y,16,-0.295,S1O
84,Y,17,4.588,S1O
84,Y,18,8.494,S1O
84,Y,19,9.959,S1O
84,Y,20,9.471,S1O
84,Y,21,8.982,S1O
84,Y,22,7.517,S1O
84,Y,23,5.076,S1O
84,Y,24,1.658,S1O
84,Y,25,-1.272,S1O
84,Y,26,-1.760,S1O
84,Y,27,1.170,S1O
84,Y,28,6.053,S1O
84,Y,29,8.982,S1O
84,Y,30,8.982,S1O
84,Y,31,5.564,S1O
84,Y,32,0.682,S1O
84,Y,33,-3.225,S1O
84,Y,34,-4.690,S1O
84,Y,35,-3.225,S1O
84,Y,36,-0.783,S1O
84,Y,37,2.146,S1O
84,Y,38,5.076,S1O
84,Y,39,8.006,S1O
84,Y,40,10.935,S1O
84,Y,41,12.889,S1O
84,Y,42,12.889,S1O
84,Y,43,10.935,S1O
84,Y,44,6.541,S1O
84,Y,45,0.682,S1O
84,Y,46,-5.178,S1O
84,Y,47,-10.061,S1O
84,Y,48,-12.990,S1O
84,Y,49,-13.479,S1O
84,Y,50,-12.502,S1O
84,Y,51,-9.084,S1O
84,Y,52,-5.666,S1O
84,Y,53,-2.736,S1O
84,Y,54,-2.248,S1O
84,Y,55,-4.201,S1O
84,Y,56,-7.131,S1O
84,Y,57,-10.549,S1O
84,Y,58,-12.502,S1O
84,Y,59,-12.502,S1O
84,Y,60,-12.014,S1O
84,Y,61,-11.525,S1O
84,Y,62,-11.037,S1O
84,Y,63,-12.014,S1O
84,Y,64,-12.990,S1O
84,Y,65,-13.479,S1O
84,Y,66,-12.502,S1O
84,Y,67,-9.572,S1O
84,Y,68,-5.178,S1O
84,Y,69,-0.295,S1O
84,Y,70,2.146,S1O
84,Y,71,1.658,S1O
84,Y,72,-2.736,S1O
84,Y,73,-7.619,S1O
84,Y,74,-12.014,S1O
84,Y,75,-12.502,S1O
84,Y,76,-11.037,S1O
84,Y,77,-8.596,S1O
84,Y,78,-6.643,S1O
84,Y,79,-6.643,S1O
84,Y,80,-7.619,S1O
84,Y,81,-8.596,S1O
84,Y,82,-8.596,S1O
84,Y,83,-6.643,S1O
84,Y,84,-4.201,S1O
84,Y,85,-0.783,S1O
84,Y,86,2.146,S1O
84,Y,87,3.611,S1O
84,Y,88,2.635,S1O
84,Y,89,0.193,S1O
84,Y,90,-3.713,S1O
84,Y,91,-6.643,S1O
84,Y,92,-9.084,S1O
84,Y,93,-10.549,S1O
84,Y,94,-11.037,S1O
84,Y,95,-11.525,S1O
84,Y,96,-11.525,S1O
84,Y,97,-11.037,S1O
84,Y,98,-11.037,S1O
84,Y,99,-12.014,S1O
84,Y,100,-13.967,S1O
84,Y,101,-16.897,S1O
84,Y,102,-18.361,S1O
84,Y,103,-16.408,S1O
84,Y,104,-11.037,S1O
84,Y,105,-5.178,S1O
84,Y,106,-1.272,S1O
84,Y,107,-0.295,S1O
84,Y,108,-1.760,S1O
84,Y,109,-3.713,S1O
84,Y,110,-4.690,S1O
84,Y,111,-4.690,S1O
84,Y,112,-5.666,S1O
84,Y,113,-8.108,S1O
84,Y,114,-11.525,S1O
84,Y,115,-14.943,S1O
84,Y,116,-15.920,S1O
84,Y,117,-15.432,S1O
84,Y,118,-14.943,S1O
84,Y,119,-15.432,S1O
84,Y,120,-17.385,S1O
84,Y,121,-19.338,S1O
84,Y,122,-19.338,S1O
84,Y,123,-17.873,S1O
84,Y,124,-16.408,S1O
84,Y,125,-16.897,S1O
84,Y,126,-18.850,S1O
84,Y,127,-20.803,S1O
84,Y,128,-20.803,S1O
84,Y,129,-18.361,S1O
84,Y,130,-13.967,S1O
84,Y,131,-10.549,S1O
84,Y,132,-10.549,S1O
84,Y,133,-12.990,S1O
84,Y,134,-15.920,S1O
84,Y,135,-15.920,S1O
84,Y,136,-13.479,S1O
84,Y,137,-9.084,S1O
84,Y,138,-6.643,S1O
84,Y,139,-5.666,S1O
84,Y,140,-7.131,S1O
84,Y,141,-8.596,S1O
84,Y,142,-9.572,S1O
84,Y,143,-10.061,S1O
84,Y,144,-11.037,S1O
84,Y,145,-12.014,S1O
84,Y,146,-12.990,S1O
84,Y,147,-13.479,S1O
84,Y,148,-15.432,S1O
84,Y,149,-18.361,S1O
84,Y,150,-21.779,S1O
84,Y,151,-24.709,S1O
84,Y,152,-24.221,S1O
84,Y,153,-22.268,S1O
84,Y,154,-21.291,S1O
84,Y,155,-21.779,S1O
84,Y,156,-23.244,S1O
84,Y,157,-23.244,S1O
84,Y,158,-19.338,S1O
84,Y,159,-12.014,S1O
84,Y,160,-4.690,S1O
84,Y,161,-0.783,S1O
84,Y,162,0.193,S1O
84,Y,163,-0.783,S1O
84,Y,164,-1.272,S1O
84,Y,165,0.193,S1O
84,Y,166,1.658,S1O
84,Y,167,1.170,S1O
84,Y,168,-0.295,S1O
84,Y,169,-2.248,S1O
84,Y,170,-3.225,S1O
84,Y,171,-4.690,S1O
84,Y,172,-7.619,S1O
84,Y,173,-12.990,S1O
84,Y,174,-17.873,S1O
84,Y,175,-19.338,S1O
84,Y,176,-14.943,S1O
84,Y,177,-7.619,S1O
84,Y,178,-1.760,S1O
84,Y,179,-0.295,S1O
84,Y,180,-0.783,S1O
84,Y,181,0.682,S1O
84,Y,182,5.076,S1O
84,Y,183,10.935,S1O
84,Y,184,14.842,S1O
84,Y,185,15.330,S1O
84,Y,186,13.377,S1O
84,Y,187,12.400,S1O
84,Y,188,13.377,S1O
84,Y,189,13.865,S1O
84,Y,190,10.447,S1O
84,Y,191,3.123,S1O
84,Y,192,-4.690,S1O
84,Y,193,-9.084,S1O
84,Y,194,-7.131,S1O
84,Y,195,-1.760,S1O
84,Y,196,3.123,S1O
84,Y,197,4.588,S1O
84,Y,198,2.635,S1O
84,Y,199,-1.272,S1O
84,Y,200,-3.713,S1O
84,Y,201,-3.713,S1O
84,Y,202,-2.736,S1O
84,Y,203,-1.272,S1O
84,Y,204,-0.783,S1O
84,Y,205,-0.783,S1O
84,Y,206,-1.760,S1O
84,Y,207,-2.736,S1O
84,Y,208,-3.713,S1O
84,Y,209,-5.178,S1O
84,Y,210,-7.131,S1O
84,Y,211,-10.549,S1O
84,Y,212,-14.943,S1O
84,Y,213,-20.315,S1O
84,Y,214,-23.733,S1O
84,Y,215,-24.709,S1O
84,Y,216,-21.779,S1O
84,Y,217,-17.385,S1O
84,Y,218,-12.990,S1O
84,Y,219,-10.061,S1O
84,Y,220,-8.108,S1O
84,Y,221,-6.643,S1O
84,Y,222,-4.201,S1O
84,Y,223,-0.783,S1O
84,Y,224,2.635,S1O
84,Y,225,4.588,S1O
84,Y,226,6.053,S1O
84,Y,227,7.517,S1O
84,Y,228,8.006,S1O
84,Y,229,8.006,S1O
84,Y,230,5.564,S1O
84,Y,231,1.170,S1O
84,Y,232,-3.713,S1O
84,Y,233,-7.131,S1O
84,Y,234,-9.084,S1O
84,Y,235,-9.572,S1O
84,Y,236,-10.549,S1O
84,Y,237,-12.502,S1O
84,Y,238,-14.455,S1O
84,Y,239,-15.920,S1O
84,Y,240,-14.943,S1O
84,Y,241,-11.525,S1O
84,Y,242,-6.643,S1O
84,Y,243,-1.760,S1O
84,Y,244,2.146,S1O
84,Y,245,3.611,S1O
84,Y,246,3.611,S1O
84,Y,247,2.146,S1O
84,Y,248,0.193,S1O
84,Y,249,-0.783,S1O
84,Y,250,-0.783,S1O
84,Y,251,1.170,S1O
84,Y,252,3.611,S1O
84,Y,253,5.564,S1O
84,Y,254,5.076,S1O
84,Y,255,0.682,S1O
