Trial no,Sensor position,Sample No,Sensor val,Matching condition
114,FP1,0,-6.429,S1O
114,FP1,1,-6.429,S1O
114,FP1,2,-5.941,S1O
114,FP1,3,-4.964,S1O
114,FP1,4,-4.964,S1O
114,FP1,5,-4.964,S1O
114,FP1,6,-4.964,S1O
114,FP1,7,-3.988,S1O
114,FP1,8,-2.523,S1O
114,FP1,9,-1.546,S1O
114,FP1,10,-1.058,S1O
114,FP1,11,-1.546,S1O
114,FP1,12,-2.035,S1O
114,FP1,13,-2.035,S1O
114,FP1,14,-1.546,S1O
114,FP1,15,-2.035,S1O
114,FP1,16,-2.523,S1O
114,FP1,17,-4.476,S1O
114,FP1,18,-5.941,S1O
114,FP1,19,-7.894,S1O
114,FP1,20,-9.359,S1O
114,FP1,21,-10.824,S1O
114,FP1,22,-12.288,S1O
114,FP1,23,-13.265,S1O
114,FP1,24,-13.265,S1O
114,FP1,25,-13.265,S1O
114,FP1,26,-12.777,S1O
114,FP1,27,-14.242,S1O
114,FP1,28,-16.683,S1O
114,FP1,29,-19.613,S1O
114,FP1,30,-21.077,S1O
114,FP1,31,-21.077,S1O
114,FP1,32,-18.148,S1O
114,FP1,33,-14.242,S1O
114,FP1,34,-10.335,S1O
114,FP1,35,-7.894,S1O
114,FP1,36,-6.917,S1O
114,FP1,37,-6.917,S1O
114,FP1,38,-7.894,S1O
114,FP1,39,-8.382,S1O
114,FP1,40,-7.894,S1O
114,FP1,41,-6.429,S1O
114,FP1,42,-3.988,S1O
114,FP1,43,-3.011,S1O
114,FP1,44,-2.035,S1O
114,FP1,45,-2.523,S1O
114,FP1,46,-2.035,S1O
114,FP1,47,-1.546,S1O
114,FP1,48,-1.058,S1O
114,FP1,49,-1.058,S1O
114,FP1,50,-2.523,S1O
114,FP1,51,-3.988,S1O
114,FP1,52,-4.964,S1O
114,FP1,53,-5.941,S1O
114,FP1,54,-6.917,S1O
114,FP1,55,-8.382,S1O
114,FP1,56,-10.824,S1O
114,FP1,57,-13.265,S1O
114,FP1,58,-14.242,S1O
114,FP1,59,-13.753,S1O
114,FP1,60,-13.265,S1O
114,FP1,61,-13.265,S1O
114,FP1,62,-15.218,S1O
114,FP1,63,-16.683,S1O
114,FP1,64,-18.148,S1O
114,FP1,65,-17.660,S1O
114,FP1,66,-16.195,S1O
114,FP1,67,-14.242,S1O
114,FP1,68,-13.753,S1O
114,FP1,69,-15.218,S1O
114,FP1,70,-17.660,S1O
114,FP1,71,-20.101,S1O
114,FP1,72,-21.077,S1O
114,FP1,73,-20.101,S1O
114,FP1,74,-19.124,S1O
114,FP1,75,-19.124,S1O
114,FP1,76,-20.101,S1O
114,FP1,77,-22.542,S1O
114,FP1,78,-24.495,S1O
114,FP1,79,-25.472,S1O
114,FP1,80,-24.495,S1O
114,FP1,81,-23.031,S1O
114,FP1,82,-20.589,S1O
114,FP1,83,-18.636,S1O
114,FP1,84,-16.683,S1O
114,FP1,85,-15.218,S1O
114,FP1,86,-14.242,S1O
114,FP1,87,-13.753,S1O
114,FP1,88,-13.753,S1O
114,FP1,89,-13.753,S1O
114,FP1,90,-13.265,S1O
114,FP1,91,-12.288,S1O
114,FP1,92,-11.312,S1O
114,FP1,93,-11.312,S1O
114,FP1,94,-12.288,S1O
114,FP1,95,-13.753,S1O
114,FP1,96,-14.242,S1O
114,FP1,97,-14.242,S1O
114,FP1,98,-13.265,S1O
114,FP1,99,-12.777,S1O
114,FP1,100,-12.288,S1O
114,FP1,101,-12.288,S1O
114,FP1,102,-12.288,S1O
114,FP1,103,-11.800,S1O
114,FP1,104,-10.335,S1O
114,FP1,105,-8.870,S1O
114,FP1,106,-8.382,S1O
114,FP1,107,-8.870,S1O
114,FP1,108,-9.847,S1O
114,FP1,109,-11.312,S1O
114,FP1,110,-12.288,S1O
114,FP1,111,-12.288,S1O
114,FP1,112,-12.777,S1O
114,FP1,113,-12.777,S1O
114,FP1,114,-12.777,S1O
114,FP1,115,-12.777,S1O
114,FP1,116,-13.265,S1O
114,FP1,117,-12.777,S1O
114,FP1,118,-12.777,S1O
114,FP1,119,-11.800,S1O
114,FP1,120,-10.824,S1O
114,FP1,121,-9.359,S1O
114,FP1,122,-8.382,S1O
114,FP1,123,-7.406,S1O
114,FP1,124,-6.917,S1O
114,FP1,125,-6.917,S1O
114,FP1,126,-6.917,S1O
114,FP1,127,-7.406,S1O
114,FP1,128,-8.870,S1O
114,FP1,129,-10.335,S1O
114,FP1,130,-12.288,S1O
114,FP1,131,-13.753,S1O
114,FP1,132,-13.753,S1O
114,FP1,133,-12.777,S1O
114,FP1,134,-10.335,S1O
114,FP1,135,-7.894,S1O
114,FP1,136,-6.917,S1O
114,FP1,137,-7.406,S1O
114,FP1,138,-8.382,S1O
114,FP1,139,-9.359,S1O
114,FP1,140,-9.359,S1O
114,FP1,141,-9.847,S1O
114,FP1,142,-11.312,S1O
114,FP1,143,-13.753,S1O
114,FP1,144,-16.683,S1O
114,FP1,145,-18.636,S1O
114,FP1,146,-18.148,S1O
114,FP1,147,-16.195,S1O
114,FP1,148,-14.242,S1O
114,FP1,149,-13.265,S1O
114,FP1,150,-13.265,S1O
114,FP1,151,-14.242,S1O
114,FP1,152,-14.242,S1O
114,FP1,153,-14.242,S1O
114,FP1,154,-13.753,S1O
114,FP1,155,-14.242,S1O
114,FP1,156,-15.706,S1O
114,FP1,157,-18.148,S1O
114,FP1,158,-20.589,S1O
114,FP1,159,-22.054,S1O
114,FP1,160,-23.031,S1O
114,FP1,161,-22.542,S1O
114,FP1,162,-21.077,S1O
114,FP1,163,-20.101,S1O
114,FP1,164,-18.636,S1O
114,FP1,165,-19.124,S1O
114,FP1,166,-20.589,S1O
114,FP1,167,-23.031,S1O
114,FP1,168,-24.495,S1O
114,FP1,169,-24.007,S1O
114,FP1,170,-21.566,S1O
114,FP1,171,-18.148,S1O
114,FP1,172,-16.683,S1O
114,FP1,173,-18.148,S1O
114,FP1,174,-22.542,S1O
114,FP1,175,-26.449,S1O
114,FP1,176,-27.913,S1O
114,FP1,177,-26.449,S1O
114,FP1,178,-22.542,S1O
114,FP1,179,-19.124,S1O
114,FP1,180,-17.660,S1O
114,FP1,181,-17.660,S1O
114,FP1,182,-18.148,S1O
114,FP1,183,-17.171,S1O
114,FP1,184,-15.218,S1O
114,FP1,185,-12.288,S1O
114,FP1,186,-8.870,S1O
114,FP1,187,-7.406,S1O
114,FP1,188,-7.406,S1O
114,FP1,189,-7.406,S1O
114,FP1,190,-7.406,S1O
114,FP1,191,-6.917,S1O
114,FP1,192,-6.917,S1O
114,FP1,193,-7.894,S1O
114,FP1,194,-9.359,S1O
114,FP1,195,-10.335,S1O
114,FP1,196,-10.824,S1O
114,FP1,197,-11.312,S1O
114,FP1,198,-11.312,S1O
114,FP1,199,-11.800,S1O
114,FP1,200,-13.265,S1O
114,FP1,201,-14.730,S1O
114,FP1,202,-16.683,S1O
114,FP1,203,-17.171,S1O
114,FP1,204,-16.683,S1O
114,FP1,205,-15.706,S1O
114,FP1,206,-14.242,S1O
114,FP1,207,-13.265,S1O
114,FP1,208,-14.242,S1O
114,FP1,209,-16.683,S1O
114,FP1,210,-20.589,S1O
114,FP1,211,-24.007,S1O
114,FP1,212,-25.960,S1O
114,FP1,213,-25.472,S1O
114,FP1,214,-24.495,S1O
114,FP1,215,-22.542,S1O
114,FP1,216,-22.542,S1O
114,FP1,217,-23.519,S1O
114,FP1,218,-24.495,S1O
114,FP1,219,-24.007,S1O
114,FP1,220,-21.566,S1O
114,FP1,221,-19.124,S1O
114,FP1,222,-17.171,S1O
114,FP1,223,-17.171,S1O
114,FP1,224,-18.636,S1O
114,FP1,225,-21.077,S1O
114,FP1,226,-22.542,S1O
114,FP1,227,-22.542,S1O
114,FP1,228,-22.054,S1O
114,FP1,229,-20.589,S1O
114,FP1,230,-20.101,S1O
114,FP1,231,-20.101,S1O
114,FP1,232,-21.077,S1O
114,FP1,233,-22.542,S1O
114,FP1,234,-22.542,S1O
114,FP1,235,-21.566,S1O
114,FP1,236,-19.613,S1O
114,FP1,237,-16.195,S1O
114,FP1,238,-13.753,S1O
114,FP1,239,-11.800,S1O
114,FP1,240,-11.312,S1O
114,FP1,241,-12.288,S1O
114,FP1,242,-14.730,S1O
114,FP1,243,-16.683,S1O
114,FP1,244,-17.660,S1O
114,FP1,245,-17.171,S1O
114,FP1,246,-16.195,S1O
114,FP1,247,-15.218,S1O
114,FP1,248,-15.218,S1O
114,FP1,249,-15.218,S1O
114,FP1,250,-15.218,S1O
114,FP1,251,-14.242,S1O
114,FP1,252,-12.777,S1O
114,FP1,253,-12.777,S1O
114,FP1,254,-13.753,S1O
114,FP1,255,-16.195,S1O
114,FP2,0,-3.184,S1O
114,FP2,1,-4.161,S1O
114,FP2,2,-3.184,S1O
114,FP2,3,-2.696,S1O
114,FP2,4,-2.207,S1O
114,FP2,5,-2.207,S1O
114,FP2,6,-2.207,S1O
114,FP2,7,-1.231,S1O
114,FP2,8,1.211,S1O
114,FP2,9,4.140,S1O
114,FP2,10,5.605,S1O
114,FP2,11,6.093,S1O
114,FP2,12,4.628,S1O
114,FP2,13,2.187,S1O
114,FP2,14,1.211,S1O
114,FP2,15,0.234,S1O
114,FP2,16,0.234,S1O
114,FP2,17,0.722,S1O
114,FP2,18,0.722,S1O
114,FP2,19,-0.254,S1O
114,FP2,20,-1.719,S1O
114,FP2,21,-4.161,S1O
114,FP2,22,-6.602,S1O
114,FP2,23,-8.067,S1O
114,FP2,24,-8.555,S1O
114,FP2,25,-8.067,S1O
114,FP2,26,-8.067,S1O
114,FP2,27,-9.043,S1O
114,FP2,28,-11.973,S1O
114,FP2,29,-14.414,S1O
114,FP2,30,-15.879,S1O
114,FP2,31,-14.903,S1O
114,FP2,32,-11.973,S1O
114,FP2,33,-7.579,S1O
114,FP2,34,-4.161,S1O
114,FP2,35,-2.207,S1O
114,FP2,36,-1.719,S1O
114,FP2,37,-2.207,S1O
114,FP2,38,-2.207,S1O
114,FP2,39,-2.207,S1O
114,FP2,40,-1.719,S1O
114,FP2,41,-0.743,S1O
114,FP2,42,0.234,S1O
114,FP2,43,0.722,S1O
114,FP2,44,1.211,S1O
114,FP2,45,1.211,S1O
114,FP2,46,1.211,S1O
114,FP2,47,1.211,S1O
114,FP2,48,1.211,S1O
114,FP2,49,0.722,S1O
114,FP2,50,0.234,S1O
114,FP2,51,-0.254,S1O
114,FP2,52,-0.743,S1O
114,FP2,53,-0.743,S1O
114,FP2,54,-1.231,S1O
114,FP2,55,-2.696,S1O
114,FP2,56,-6.114,S1O
114,FP2,57,-8.555,S1O
114,FP2,58,-10.508,S1O
114,FP2,59,-10.997,S1O
114,FP2,60,-10.020,S1O
114,FP2,61,-9.532,S1O
114,FP2,62,-10.508,S1O
114,FP2,63,-12.461,S1O
114,FP2,64,-14.414,S1O
114,FP2,65,-14.414,S1O
114,FP2,66,-12.461,S1O
114,FP2,67,-9.532,S1O
114,FP2,68,-7.579,S1O
114,FP2,69,-7.579,S1O
114,FP2,70,-9.532,S1O
114,FP2,71,-11.973,S1O
114,FP2,72,-12.950,S1O
114,FP2,73,-11.485,S1O
114,FP2,74,-10.020,S1O
114,FP2,75,-9.532,S1O
114,FP2,76,-11.485,S1O
114,FP2,77,-13.926,S1O
114,FP2,78,-14.903,S1O
114,FP2,79,-13.438,S1O
114,FP2,80,-10.508,S1O
114,FP2,81,-7.579,S1O
114,FP2,82,-6.114,S1O
114,FP2,83,-5.625,S1O
114,FP2,84,-5.625,S1O
114,FP2,85,-4.649,S1O
114,FP2,86,-2.696,S1O
114,FP2,87,-1.231,S1O
114,FP2,88,-0.254,S1O
114,FP2,89,-1.231,S1O
114,FP2,90,-2.696,S1O
114,FP2,91,-3.672,S1O
114,FP2,92,-4.161,S1O
114,FP2,93,-4.161,S1O
114,FP2,94,-3.184,S1O
114,FP2,95,-1.719,S1O
114,FP2,96,0.234,S1O
114,FP2,97,1.211,S1O
114,FP2,98,1.699,S1O
114,FP2,99,0.722,S1O
114,FP2,100,-1.719,S1O
114,FP2,101,-2.207,S1O
114,FP2,102,-2.207,S1O
114,FP2,103,-0.254,S1O
114,FP2,104,2.187,S1O
114,FP2,105,3.652,S1O
114,FP2,106,3.164,S1O
114,FP2,107,0.722,S1O
114,FP2,108,-1.719,S1O
114,FP2,109,-2.696,S1O
114,FP2,110,-2.696,S1O
114,FP2,111,-1.719,S1O
114,FP2,112,-1.719,S1O
114,FP2,113,-1.231,S1O
114,FP2,114,-1.719,S1O
114,FP2,115,-1.719,S1O
114,FP2,116,-1.231,S1O
114,FP2,117,-0.743,S1O
114,FP2,118,-1.231,S1O
114,FP2,119,-1.231,S1O
114,FP2,120,-0.743,S1O
114,FP2,121,0.722,S1O
114,FP2,122,2.675,S1O
114,FP2,123,4.628,S1O
114,FP2,124,4.628,S1O
114,FP2,125,4.628,S1O
114,FP2,126,3.652,S1O
114,FP2,127,3.652,S1O
114,FP2,128,3.164,S1O
114,FP2,129,2.187,S1O
114,FP2,130,0.722,S1O
114,FP2,131,-1.231,S1O
114,FP2,132,-1.719,S1O
114,FP2,133,-0.254,S1O
114,FP2,134,2.187,S1O
114,FP2,135,5.117,S1O
114,FP2,136,6.093,S1O
114,FP2,137,5.117,S1O
114,FP2,138,3.164,S1O
114,FP2,139,1.699,S1O
114,FP2,140,1.211,S1O
114,FP2,141,0.722,S1O
114,FP2,142,-0.743,S1O
114,FP2,143,-3.184,S1O
114,FP2,144,-5.625,S1O
114,FP2,145,-7.090,S1O
114,FP2,146,-6.114,S1O
114,FP2,147,-4.161,S1O
114,FP2,148,-2.696,S1O
114,FP2,149,-2.207,S1O
114,FP2,150,-2.696,S1O
114,FP2,151,-3.184,S1O
114,FP2,152,-3.184,S1O
114,FP2,153,-2.696,S1O
114,FP2,154,-3.184,S1O
114,FP2,155,-5.137,S1O
114,FP2,156,-7.579,S1O
114,FP2,157,-9.532,S1O
114,FP2,158,-10.508,S1O
114,FP2,159,-10.997,S1O
114,FP2,160,-10.508,S1O
114,FP2,161,-10.020,S1O
114,FP2,162,-9.532,S1O
114,FP2,163,-8.555,S1O
114,FP2,164,-8.067,S1O
114,FP2,165,-8.067,S1O
114,FP2,166,-9.532,S1O
114,FP2,167,-12.461,S1O
114,FP2,168,-14.414,S1O
114,FP2,169,-13.926,S1O
114,FP2,170,-10.508,S1O
114,FP2,171,-6.114,S1O
114,FP2,172,-3.184,S1O
114,FP2,173,-3.672,S1O
114,FP2,174,-6.602,S1O
114,FP2,175,-10.020,S1O
114,FP2,176,-11.973,S1O
114,FP2,177,-11.485,S1O
114,FP2,178,-9.532,S1O
114,FP2,179,-7.579,S1O
114,FP2,180,-7.090,S1O
114,FP2,181,-7.579,S1O
114,FP2,182,-8.067,S1O
114,FP2,183,-7.579,S1O
114,FP2,184,-6.114,S1O
114,FP2,185,-3.184,S1O
114,FP2,186,-0.743,S1O
114,FP2,187,1.211,S1O
114,FP2,188,2.187,S1O
114,FP2,189,2.675,S1O
114,FP2,190,2.675,S1O
114,FP2,191,2.675,S1O
114,FP2,192,1.699,S1O
114,FP2,193,0.234,S1O
114,FP2,194,-1.719,S1O
114,FP2,195,-3.672,S1O
114,FP2,196,-4.649,S1O
114,FP2,197,-4.161,S1O
114,FP2,198,-2.207,S1O
114,FP2,199,-0.743,S1O
114,FP2,200,-0.743,S1O
114,FP2,201,-1.719,S1O
114,FP2,202,-3.672,S1O
114,FP2,203,-5.137,S1O
114,FP2,204,-6.114,S1O
114,FP2,205,-5.137,S1O
114,FP2,206,-3.672,S1O
114,FP2,207,-2.207,S1O
114,FP2,208,-2.696,S1O
114,FP2,209,-4.649,S1O
114,FP2,210,-8.067,S1O
114,FP2,211,-11.485,S1O
114,FP2,212,-13.926,S1O
114,FP2,213,-14.414,S1O
114,FP2,214,-12.950,S1O
114,FP2,215,-10.508,S1O
114,FP2,216,-8.555,S1O
114,FP2,217,-8.067,S1O
114,FP2,218,-8.067,S1O
114,FP2,219,-8.555,S1O
114,FP2,220,-8.555,S1O
114,FP2,221,-8.067,S1O
114,FP2,222,-7.090,S1O
114,FP2,223,-6.602,S1O
114,FP2,224,-7.090,S1O
114,FP2,225,-7.579,S1O
114,FP2,226,-8.555,S1O
114,FP2,227,-9.043,S1O
114,FP2,228,-8.555,S1O
114,FP2,229,-7.579,S1O
114,FP2,230,-7.090,S1O
114,FP2,231,-8.067,S1O
114,FP2,232,-9.532,S1O
114,FP2,233,-10.997,S1O
114,FP2,234,-10.997,S1O
114,FP2,235,-9.043,S1O
114,FP2,236,-5.625,S1O
114,FP2,237,-1.719,S1O
114,FP2,238,0.234,S1O
114,FP2,239,0.722,S1O
114,FP2,240,-0.254,S1O
114,FP2,241,-2.696,S1O
114,FP2,242,-4.161,S1O
114,FP2,243,-5.137,S1O
114,FP2,244,-5.137,S1O
114,FP2,245,-4.649,S1O
114,FP2,246,-4.161,S1O
114,FP2,247,-3.672,S1O
114,FP2,248,-3.184,S1O
114,FP2,249,-2.696,S1O
114,FP2,250,-2.207,S1O
114,FP2,251,-2.207,S1O
114,FP2,252,-3.184,S1O
114,FP2,253,-4.161,S1O
114,FP2,254,-4.649,S1O
114,FP2,255,-5.625,S1O
114,F7,0,-4.527,S1O
114,F7,1,-5.503,S1O
114,F7,2,-5.015,S1O
114,F7,3,-5.015,S1O
114,F7,4,-5.015,S1O
114,F7,5,-4.527,S1O
114,F7,6,-4.527,S1O
114,F7,7,-4.527,S1O
114,F7,8,-5.503,S1O
114,F7,9,-5.992,S1O
114,F7,10,-5.992,S1O
114,F7,11,-5.015,S1O
114,F7,12,-4.038,S1O
114,F7,13,-2.574,S1O
114,F7,14,-2.085,S1O
114,F7,15,-2.574,S1O
114,F7,16,-4.038,S1O
114,F7,17,-5.015,S1O
114,F7,18,-5.503,S1O
114,F7,19,-5.503,S1O
114,F7,20,-6.480,S1O
114,F7,21,-7.456,S1O
114,F7,22,-9.410,S1O
114,F7,23,-10.874,S1O
114,F7,24,-10.874,S1O
114,F7,25,-9.410,S1O
114,F7,26,-8.921,S1O
114,F7,27,-9.898,S1O
114,F7,28,-13.316,S1O
114,F7,29,-17.222,S1O
114,F7,30,-21.128,S1O
114,F7,31,-21.617,S1O
114,F7,32,-20.152,S1O
114,F7,33,-16.734,S1O
114,F7,34,-13.804,S1O
114,F7,35,-12.339,S1O
114,F7,36,-12.828,S1O
114,F7,37,-15.757,S1O
114,F7,38,-17.710,S1O
114,F7,39,-19.663,S1O
114,F7,40,-19.663,S1O
114,F7,41,-17.710,S1O
114,F7,42,-15.269,S1O
114,F7,43,-13.804,S1O
114,F7,44,-13.316,S1O
114,F7,45,-13.316,S1O
114,F7,46,-13.316,S1O
114,F7,47,-13.804,S1O
114,F7,48,-12.828,S1O
114,F7,49,-11.851,S1O
114,F7,50,-10.874,S1O
114,F7,51,-9.410,S1O
114,F7,52,-7.456,S1O
114,F7,53,-5.992,S1O
114,F7,54,-5.503,S1O
114,F7,55,-6.968,S1O
114,F7,56,-9.410,S1O
114,F7,57,-11.851,S1O
114,F7,58,-12.339,S1O
114,F7,59,-11.363,S1O
114,F7,60,-9.898,S1O
114,F7,61,-8.921,S1O
114,F7,62,-8.921,S1O
114,F7,63,-8.921,S1O
114,F7,64,-9.410,S1O
114,F7,65,-9.898,S1O
114,F7,66,-10.386,S1O
114,F7,67,-11.851,S1O
114,F7,68,-14.292,S1O
114,F7,69,-17.222,S1O
114,F7,70,-20.152,S1O
114,F7,71,-21.617,S1O
114,F7,72,-22.593,S1O
114,F7,73,-22.593,S1O
114,F7,74,-23.570,S1O
114,F7,75,-24.546,S1O
114,F7,76,-26.499,S1O
114,F7,77,-28.453,S1O
114,F7,78,-29.429,S1O
114,F7,79,-29.429,S1O
114,F7,80,-29.429,S1O
114,F7,81,-28.941,S1O
114,F7,82,-28.941,S1O
114,F7,83,-28.941,S1O
114,F7,84,-28.453,S1O
114,F7,85,-27.476,S1O
114,F7,86,-26.499,S1O
114,F7,87,-25.035,S1O
114,F7,88,-23.570,S1O
114,F7,89,-22.593,S1O
114,F7,90,-21.617,S1O
114,F7,91,-20.640,S1O
114,F7,92,-19.663,S1O
114,F7,93,-20.152,S1O
114,F7,94,-21.128,S1O
114,F7,95,-22.593,S1O
114,F7,96,-23.570,S1O
114,F7,97,-23.570,S1O
114,F7,98,-22.593,S1O
114,F7,99,-21.128,S1O
114,F7,100,-20.640,S1O
114,F7,101,-20.640,S1O
114,F7,102,-20.640,S1O
114,F7,103,-20.640,S1O
114,F7,104,-19.175,S1O
114,F7,105,-16.734,S1O
114,F7,106,-15.269,S1O
114,F7,107,-14.292,S1O
114,F7,108,-14.292,S1O
114,F7,109,-14.781,S1O
114,F7,110,-15.757,S1O
114,F7,111,-16.734,S1O
114,F7,112,-17.222,S1O
114,F7,113,-17.710,S1O
114,F7,114,-17.710,S1O
114,F7,115,-17.710,S1O
114,F7,116,-16.734,S1O
114,F7,117,-16.734,S1O
114,F7,118,-16.734,S1O
114,F7,119,-17.222,S1O
114,F7,120,-17.710,S1O
114,F7,121,-17.222,S1O
114,F7,122,-16.246,S1O
114,F7,123,-14.781,S1O
114,F7,124,-14.292,S1O
114,F7,125,-14.781,S1O
114,F7,126,-16.734,S1O
114,F7,127,-18.199,S1O
114,F7,128,-19.663,S1O
114,F7,129,-19.175,S1O
114,F7,130,-19.175,S1O
114,F7,131,-19.175,S1O
114,F7,132,-19.663,S1O
114,F7,133,-19.663,S1O
114,F7,134,-18.199,S1O
114,F7,135,-15.757,S1O
114,F7,136,-13.804,S1O
114,F7,137,-12.339,S1O
114,F7,138,-11.851,S1O
114,F7,139,-11.363,S1O
114,F7,140,-10.874,S1O
114,F7,141,-9.410,S1O
114,F7,142,-9.410,S1O
114,F7,143,-10.386,S1O
114,F7,144,-11.851,S1O
114,F7,145,-12.828,S1O
114,F7,146,-11.851,S1O
114,F7,147,-9.410,S1O
114,F7,148,-7.456,S1O
114,F7,149,-6.480,S1O
114,F7,150,-6.480,S1O
114,F7,151,-6.480,S1O
114,F7,152,-5.992,S1O
114,F7,153,-4.527,S1O
114,F7,154,-3.550,S1O
114,F7,155,-4.527,S1O
114,F7,156,-6.968,S1O
114,F7,157,-10.874,S1O
114,F7,158,-14.292,S1O
114,F7,159,-16.246,S1O
114,F7,160,-16.246,S1O
114,F7,161,-15.757,S1O
114,F7,162,-14.292,S1O
114,F7,163,-13.804,S1O
114,F7,164,-13.804,S1O
114,F7,165,-14.292,S1O
114,F7,166,-15.757,S1O
114,F7,167,-17.710,S1O
114,F7,168,-18.687,S1O
114,F7,169,-19.175,S1O
114,F7,170,-18.199,S1O
114,F7,171,-17.222,S1O
114,F7,172,-16.734,S1O
114,F7,173,-19.175,S1O
114,F7,174,-22.593,S1O
114,F7,175,-25.523,S1O
114,F7,176,-26.499,S1O
114,F7,177,-23.570,S1O
114,F7,178,-19.175,S1O
114,F7,179,-15.757,S1O
114,F7,180,-14.292,S1O
114,F7,181,-14.781,S1O
114,F7,182,-15.757,S1O
114,F7,183,-15.269,S1O
114,F7,184,-11.851,S1O
114,F7,185,-7.945,S1O
114,F7,186,-4.527,S1O
114,F7,187,-1.597,S1O
114,F7,188,-0.132,S1O
114,F7,189,1.333,S1O
114,F7,190,1.821,S1O
114,F7,191,1.821,S1O
114,F7,192,-0.132,S1O
114,F7,193,-3.062,S1O
114,F7,194,-6.480,S1O
114,F7,195,-8.921,S1O
114,F7,196,-9.898,S1O
114,F7,197,-9.898,S1O
114,F7,198,-10.386,S1O
114,F7,199,-12.339,S1O
114,F7,200,-15.269,S1O
114,F7,201,-18.687,S1O
114,F7,202,-21.617,S1O
114,F7,203,-23.081,S1O
114,F7,204,-22.593,S1O
114,F7,205,-21.128,S1O
114,F7,206,-19.175,S1O
114,F7,207,-18.199,S1O
114,F7,208,-19.175,S1O
114,F7,209,-21.617,S1O
114,F7,210,-24.546,S1O
114,F7,211,-26.988,S1O
114,F7,212,-26.988,S1O
114,F7,213,-25.035,S1O
114,F7,214,-23.081,S1O
114,F7,215,-22.105,S1O
114,F7,216,-21.617,S1O
114,F7,217,-21.128,S1O
114,F7,218,-21.128,S1O
114,F7,219,-20.152,S1O
114,F7,220,-18.687,S1O
114,F7,221,-17.222,S1O
114,F7,222,-15.757,S1O
114,F7,223,-15.757,S1O
114,F7,224,-15.757,S1O
114,F7,225,-17.222,S1O
114,F7,226,-19.663,S1O
114,F7,227,-21.617,S1O
114,F7,228,-21.617,S1O
114,F7,229,-20.152,S1O
114,F7,230,-18.199,S1O
114,F7,231,-17.222,S1O
114,F7,232,-17.710,S1O
114,F7,233,-19.663,S1O
114,F7,234,-21.617,S1O
114,F7,235,-22.105,S1O
114,F7,236,-20.152,S1O
114,F7,237,-16.734,S1O
114,F7,238,-12.828,S1O
114,F7,239,-10.386,S1O
114,F7,240,-8.921,S1O
114,F7,241,-8.433,S1O
114,F7,242,-8.921,S1O
114,F7,243,-9.410,S1O
114,F7,244,-9.898,S1O
114,F7,245,-9.898,S1O
114,F7,246,-9.898,S1O
114,F7,247,-9.410,S1O
114,F7,248,-8.921,S1O
114,F7,249,-7.945,S1O
114,F7,250,-5.992,S1O
114,F7,251,-4.527,S1O
114,F7,252,-3.550,S1O
114,F7,253,-4.527,S1O
114,F7,254,-5.992,S1O
114,F7,255,-7.945,S1O
114,F8,0,-2.869,S1O
114,F8,1,-2.869,S1O
114,F8,2,-2.869,S1O
114,F8,3,-3.357,S1O
114,F8,4,-4.333,S1O
114,F8,5,-4.822,S1O
114,F8,6,-4.333,S1O
114,F8,7,-2.869,S1O
114,F8,8,-0.916,S1O
114,F8,9,1.526,S1O
114,F8,10,3.967,S1O
114,F8,11,5.432,S1O
114,F8,12,5.920,S1O
114,F8,13,5.432,S1O
114,F8,14,3.967,S1O
114,F8,15,2.991,S1O
114,F8,16,2.502,S1O
114,F8,17,2.502,S1O
114,F8,18,2.991,S1O
114,F8,19,2.991,S1O
114,F8,20,1.526,S1O
114,F8,21,-0.916,S1O
114,F8,22,-3.357,S1O
114,F8,23,-3.845,S1O
114,F8,24,-3.357,S1O
114,F8,25,-2.380,S1O
114,F8,26,-2.869,S1O
114,F8,27,-5.310,S1O
114,F8,28,-8.728,S1O
114,F8,29,-12.146,S1O
114,F8,30,-13.611,S1O
114,F8,31,-13.123,S1O
114,F8,32,-10.681,S1O
114,F8,33,-7.751,S1O
114,F8,34,-4.822,S1O
114,F8,35,-2.869,S1O
114,F8,36,-2.380,S1O
114,F8,37,-3.357,S1O
114,F8,38,-5.310,S1O
114,F8,39,-6.287,S1O
114,F8,40,-6.775,S1O
114,F8,41,-5.798,S1O
114,F8,42,-4.822,S1O
114,F8,43,-4.822,S1O
114,F8,44,-5.798,S1O
114,F8,45,-8.240,S1O
114,F8,46,-9.705,S1O
114,F8,47,-10.193,S1O
114,F8,48,-9.705,S1O
114,F8,49,-8.728,S1O
114,F8,50,-7.751,S1O
114,F8,51,-6.775,S1O
114,F8,52,-5.798,S1O
114,F8,53,-4.822,S1O
114,F8,54,-4.822,S1O
114,F8,55,-5.798,S1O
114,F8,56,-7.751,S1O
114,F8,57,-9.216,S1O
114,F8,58,-9.705,S1O
114,F8,59,-8.728,S1O
114,F8,60,-7.751,S1O
114,F8,61,-7.263,S1O
114,F8,62,-8.240,S1O
114,F8,63,-9.216,S1O
114,F8,64,-9.216,S1O
114,F8,65,-7.751,S1O
114,F8,66,-3.845,S1O
114,F8,67,0.549,S1O
114,F8,68,2.502,S1O
114,F8,69,2.502,S1O
114,F8,70,0.061,S1O
114,F8,71,-2.380,S1O
114,F8,72,-3.845,S1O
114,F8,73,-3.845,S1O
114,F8,74,-4.333,S1O
114,F8,75,-5.798,S1O
114,F8,76,-8.240,S1O
114,F8,77,-9.705,S1O
114,F8,78,-9.216,S1O
114,F8,79,-6.287,S1O
114,F8,80,-2.380,S1O
114,F8,81,-0.916,S1O
114,F8,82,-1.404,S1O
114,F8,83,-3.357,S1O
114,F8,84,-4.333,S1O
114,F8,85,-3.357,S1O
114,F8,86,-1.404,S1O
114,F8,87,-0.427,S1O
114,F8,88,-1.404,S1O
114,F8,89,-4.333,S1O
114,F8,90,-6.775,S1O
114,F8,91,-8.240,S1O
114,F8,92,-8.240,S1O
114,F8,93,-7.263,S1O
114,F8,94,-6.287,S1O
114,F8,95,-4.333,S1O
114,F8,96,-1.892,S1O
114,F8,97,0.549,S1O
114,F8,98,2.014,S1O
114,F8,99,2.014,S1O
114,F8,100,0.061,S1O
114,F8,101,-1.404,S1O
114,F8,102,-1.892,S1O
114,F8,103,-0.427,S1O
114,F8,104,1.526,S1O
114,F8,105,2.502,S1O
114,F8,106,2.014,S1O
114,F8,107,0.061,S1O
114,F8,108,-1.404,S1O
114,F8,109,-1.892,S1O
114,F8,110,-1.404,S1O
114,F8,111,-0.427,S1O
114,F8,112,0.061,S1O
114,F8,113,-0.427,S1O
114,F8,114,-1.404,S1O
114,F8,115,-1.404,S1O
114,F8,116,-0.427,S1O
114,F8,117,0.549,S1O
114,F8,118,1.038,S1O
114,F8,119,0.549,S1O
114,F8,120,1.038,S1O
114,F8,121,1.526,S1O
114,F8,122,2.502,S1O
114,F8,123,2.991,S1O
114,F8,124,2.502,S1O
114,F8,125,1.038,S1O
114,F8,126,-0.427,S1O
114,F8,127,-0.916,S1O
114,F8,128,-0.427,S1O
114,F8,129,0.061,S1O
114,F8,130,-0.916,S1O
114,F8,131,-1.892,S1O
114,F8,132,-2.869,S1O
114,F8,133,-1.892,S1O
114,F8,134,0.061,S1O
114,F8,135,2.502,S1O
114,F8,136,2.991,S1O
114,F8,137,2.014,S1O
114,F8,138,-0.427,S1O
114,F8,139,-2.380,S1O
114,F8,140,-3.357,S1O
114,F8,141,-3.357,S1O
114,F8,142,-4.333,S1O
114,F8,143,-6.775,S1O
114,F8,144,-8.728,S1O
114,F8,145,-9.705,S1O
114,F8,146,-9.216,S1O
114,F8,147,-7.263,S1O
114,F8,148,-6.287,S1O
114,F8,149,-6.287,S1O
114,F8,150,-7.263,S1O
114,F8,151,-7.751,S1O
114,F8,152,-7.751,S1O
114,F8,153,-7.263,S1O
114,F8,154,-6.775,S1O
114,F8,155,-7.263,S1O
114,F8,156,-8.240,S1O
114,F8,157,-9.216,S1O
114,F8,158,-9.705,S1O
114,F8,159,-10.193,S1O
114,F8,160,-10.681,S1O
114,F8,161,-10.681,S1O
114,F8,162,-9.705,S1O
114,F8,163,-7.751,S1O
114,F8,164,-7.263,S1O
114,F8,165,-7.751,S1O
114,F8,166,-10.193,S1O
114,F8,167,-12.634,S1O
114,F8,168,-13.611,S1O
114,F8,169,-12.634,S1O
114,F8,170,-9.705,S1O
114,F8,171,-6.287,S1O
114,F8,172,-4.333,S1O
114,F8,173,-3.845,S1O
114,F8,174,-4.822,S1O
114,F8,175,-5.798,S1O
114,F8,176,-6.287,S1O
114,F8,177,-5.798,S1O
114,F8,178,-5.310,S1O
114,F8,179,-5.798,S1O
114,F8,180,-7.263,S1O
114,F8,181,-8.240,S1O
114,F8,182,-8.240,S1O
114,F8,183,-7.751,S1O
114,F8,184,-5.798,S1O
114,F8,185,-4.333,S1O
114,F8,186,-1.892,S1O
114,F8,187,-0.427,S1O
114,F8,188,0.549,S1O
114,F8,189,0.549,S1O
114,F8,190,0.061,S1O
114,F8,191,-0.427,S1O
114,F8,192,-0.916,S1O
114,F8,193,-0.916,S1O
114,F8,194,-0.916,S1O
114,F8,195,-0.916,S1O
114,F8,196,-0.916,S1O
114,F8,197,0.549,S1O
114,F8,198,2.014,S1O
114,F8,199,3.967,S1O
114,F8,200,4.456,S1O
114,F8,201,2.991,S1O
114,F8,202,0.549,S1O
114,F8,203,-1.404,S1O
114,F8,204,-2.380,S1O
114,F8,205,-1.404,S1O
114,F8,206,0.061,S1O
114,F8,207,1.038,S1O
114,F8,208,0.061,S1O
114,F8,209,-2.380,S1O
114,F8,210,-6.775,S1O
114,F8,211,-10.193,S1O
114,F8,212,-12.634,S1O
114,F8,213,-12.146,S1O
114,F8,214,-10.681,S1O
114,F8,215,-7.751,S1O
114,F8,216,-5.310,S1O
114,F8,217,-4.333,S1O
114,F8,218,-4.822,S1O
114,F8,219,-6.775,S1O
114,F8,220,-8.240,S1O
114,F8,221,-8.728,S1O
114,F8,222,-7.751,S1O
114,F8,223,-5.798,S1O
114,F8,224,-4.822,S1O
114,F8,225,-5.310,S1O
114,F8,226,-6.775,S1O
114,F8,227,-7.751,S1O
114,F8,228,-7.751,S1O
114,F8,229,-7.263,S1O
114,F8,230,-7.263,S1O
114,F8,231,-8.728,S1O
114,F8,232,-11.658,S1O
114,F8,233,-14.099,S1O
114,F8,234,-14.587,S1O
114,F8,235,-12.146,S1O
114,F8,236,-8.728,S1O
114,F8,237,-5.310,S1O
114,F8,238,-3.357,S1O
114,F8,239,-3.357,S1O
114,F8,240,-4.333,S1O
114,F8,241,-5.310,S1O
114,F8,242,-6.287,S1O
114,F8,243,-7.263,S1O
114,F8,244,-8.240,S1O
114,F8,245,-8.728,S1O
114,F8,246,-7.263,S1O
114,F8,247,-6.287,S1O
114,F8,248,-4.333,S1O
114,F8,249,-2.869,S1O
114,F8,250,-3.357,S1O
114,F8,251,-5.310,S1O
114,F8,252,-7.751,S1O
114,F8,253,-9.216,S1O
114,F8,254,-9.216,S1O
114,F8,255,-8.240,S1O
114,AF1,0,-3.215,S1O
114,AF1,1,-3.215,S1O
114,AF1,2,-1.750,S1O
114,AF1,3,-0.285,S1O
114,AF1,4,0.203,S1O
114,AF1,5,0.203,S1O
114,AF1,6,-0.773,S1O
114,AF1,7,-0.285,S1O
114,AF1,8,0.203,S1O
114,AF1,9,1.180,S1O
114,AF1,10,2.157,S1O
114,AF1,11,2.645,S1O
114,AF1,12,2.157,S1O
114,AF1,13,1.180,S1O
114,AF1,14,0.203,S1O
114,AF1,15,-0.773,S1O
114,AF1,16,-1.261,S1O
114,AF1,17,-1.261,S1O
114,AF1,18,-1.261,S1O
114,AF1,19,-1.750,S1O
114,AF1,20,-3.215,S1O
114,AF1,21,-5.168,S1O
114,AF1,22,-7.121,S1O
114,AF1,23,-8.586,S1O
114,AF1,24,-8.586,S1O
114,AF1,25,-7.121,S1O
114,AF1,26,-6.144,S1O
114,AF1,27,-6.632,S1O
114,AF1,28,-9.074,S1O
114,AF1,29,-11.515,S1O
114,AF1,30,-13.468,S1O
114,AF1,31,-13.468,S1O
114,AF1,32,-11.027,S1O
114,AF1,33,-7.121,S1O
114,AF1,34,-4.191,S1O
114,AF1,35,-2.726,S1O
114,AF1,36,-2.726,S1O
114,AF1,37,-3.215,S1O
114,AF1,38,-3.703,S1O
114,AF1,39,-3.703,S1O
114,AF1,40,-2.726,S1O
114,AF1,41,-0.773,S1O
114,AF1,42,1.180,S1O
114,AF1,43,2.157,S1O
114,AF1,44,1.668,S1O
114,AF1,45,1.180,S1O
114,AF1,46,1.180,S1O
114,AF1,47,1.180,S1O
114,AF1,48,0.692,S1O
114,AF1,49,0.203,S1O
114,AF1,50,-0.773,S1O
114,AF1,51,-1.750,S1O
114,AF1,52,-2.726,S1O
114,AF1,53,-2.726,S1O
114,AF1,54,-3.215,S1O
114,AF1,55,-5.168,S1O
114,AF1,56,-7.609,S1O
114,AF1,57,-10.050,S1O
114,AF1,58,-11.515,S1O
114,AF1,59,-11.515,S1O
114,AF1,60,-10.539,S1O
114,AF1,61,-10.050,S1O
114,AF1,62,-10.539,S1O
114,AF1,63,-12.004,S1O
114,AF1,64,-12.980,S1O
114,AF1,65,-12.980,S1O
114,AF1,66,-12.004,S1O
114,AF1,67,-11.027,S1O
114,AF1,68,-11.027,S1O
114,AF1,69,-11.515,S1O
114,AF1,70,-12.492,S1O
114,AF1,71,-12.980,S1O
114,AF1,72,-11.515,S1O
114,AF1,73,-10.050,S1O
114,AF1,74,-8.586,S1O
114,AF1,75,-8.097,S1O
114,AF1,76,-9.074,S1O
114,AF1,77,-10.539,S1O
114,AF1,78,-12.004,S1O
114,AF1,79,-12.004,S1O
114,AF1,80,-11.515,S1O
114,AF1,81,-10.539,S1O
114,AF1,82,-9.562,S1O
114,AF1,83,-8.097,S1O
114,AF1,84,-7.121,S1O
114,AF1,85,-5.656,S1O
114,AF1,86,-4.679,S1O
114,AF1,87,-3.703,S1O
114,AF1,88,-3.703,S1O
114,AF1,89,-4.191,S1O
114,AF1,90,-4.679,S1O
114,AF1,91,-5.168,S1O
114,AF1,92,-5.656,S1O
114,AF1,93,-6.144,S1O
114,AF1,94,-6.632,S1O
114,AF1,95,-7.121,S1O
114,AF1,96,-6.632,S1O
114,AF1,97,-6.144,S1O
114,AF1,98,-5.168,S1O
114,AF1,99,-4.679,S1O
114,AF1,100,-5.168,S1O
114,AF1,101,-5.656,S1O
114,AF1,102,-6.144,S1O
114,AF1,103,-5.168,S1O
114,AF1,104,-3.703,S1O
114,AF1,105,-2.238,S1O
114,AF1,106,-1.261,S1O
114,AF1,107,-1.261,S1O
114,AF1,108,-1.750,S1O
114,AF1,109,-2.238,S1O
114,AF1,110,-2.238,S1O
114,AF1,111,-2.238,S1O
114,AF1,112,-2.238,S1O
114,AF1,113,-2.238,S1O
114,AF1,114,-3.215,S1O
114,AF1,115,-4.191,S1O
114,AF1,116,-5.168,S1O
114,AF1,117,-5.168,S1O
114,AF1,118,-4.679,S1O
114,AF1,119,-4.191,S1O
114,AF1,120,-3.703,S1O
114,AF1,121,-2.726,S1O
114,AF1,122,-1.750,S1O
114,AF1,123,-0.773,S1O
114,AF1,124,-0.285,S1O
114,AF1,125,-0.285,S1O
114,AF1,126,-0.773,S1O
114,AF1,127,-1.750,S1O
114,AF1,128,-2.726,S1O
114,AF1,129,-3.703,S1O
114,AF1,130,-3.703,S1O
114,AF1,131,-4.191,S1O
114,AF1,132,-4.191,S1O
114,AF1,133,-3.215,S1O
114,AF1,134,-2.238,S1O
114,AF1,135,-0.773,S1O
114,AF1,136,-0.773,S1O
114,AF1,137,-1.261,S1O
114,AF1,138,-2.238,S1O
114,AF1,139,-2.726,S1O
114,AF1,140,-2.726,S1O
114,AF1,141,-2.726,S1O
114,AF1,142,-2.726,S1O
114,AF1,143,-4.191,S1O
114,AF1,144,-5.656,S1O
114,AF1,145,-6.632,S1O
114,AF1,146,-6.632,S1O
114,AF1,147,-4.679,S1O
114,AF1,148,-2.726,S1O
114,AF1,149,-1.750,S1O
114,AF1,150,-1.750,S1O
114,AF1,151,-2.726,S1O
114,AF1,152,-3.703,S1O
114,AF1,153,-4.191,S1O
114,AF1,154,-4.191,S1O
114,AF1,155,-4.191,S1O
114,AF1,156,-4.679,S1O
114,AF1,157,-5.656,S1O
114,AF1,158,-7.609,S1O
114,AF1,159,-9.074,S1O
114,AF1,160,-10.050,S1O
114,AF1,161,-10.050,S1O
114,AF1,162,-9.074,S1O
114,AF1,163,-7.121,S1O
114,AF1,164,-6.144,S1O
114,AF1,165,-6.144,S1O
114,AF1,166,-8.097,S1O
114,AF1,167,-10.050,S1O
114,AF1,168,-11.515,S1O
114,AF1,169,-11.027,S1O
114,AF1,170,-8.586,S1O
114,AF1,171,-5.656,S1O
114,AF1,172,-4.191,S1O
114,AF1,173,-5.168,S1O
114,AF1,174,-7.121,S1O
114,AF1,175,-9.562,S1O
114,AF1,176,-11.027,S1O
114,AF1,177,-10.050,S1O
114,AF1,178,-8.097,S1O
114,AF1,179,-6.632,S1O
114,AF1,180,-6.632,S1O
114,AF1,181,-7.609,S1O
114,AF1,182,-8.097,S1O
114,AF1,183,-7.121,S1O
114,AF1,184,-5.168,S1O
114,AF1,185,-2.238,S1O
114,AF1,186,0.692,S1O
114,AF1,187,1.668,S1O
114,AF1,188,2.157,S1O
114,AF1,189,1.180,S1O
114,AF1,190,1.180,S1O
114,AF1,191,1.180,S1O
114,AF1,192,1.180,S1O
114,AF1,193,1.180,S1O
114,AF1,194,-0.285,S1O
114,AF1,195,-2.238,S1O
114,AF1,196,-4.191,S1O
114,AF1,197,-5.168,S1O
114,AF1,198,-5.168,S1O
114,AF1,199,-4.679,S1O
114,AF1,200,-4.191,S1O
114,AF1,201,-4.679,S1O
114,AF1,202,-6.144,S1O
114,AF1,203,-7.609,S1O
114,AF1,204,-7.609,S1O
114,AF1,205,-6.632,S1O
114,AF1,206,-4.679,S1O
114,AF1,207,-3.703,S1O
114,AF1,208,-4.191,S1O
114,AF1,209,-6.144,S1O
114,AF1,210,-10.050,S1O
114,AF1,211,-12.980,S1O
114,AF1,212,-14.445,S1O
114,AF1,213,-13.957,S1O
114,AF1,214,-12.004,S1O
114,AF1,215,-10.050,S1O
114,AF1,216,-9.074,S1O
114,AF1,217,-9.074,S1O
114,AF1,218,-9.562,S1O
114,AF1,219,-9.074,S1O
114,AF1,220,-8.586,S1O
114,AF1,221,-7.121,S1O
114,AF1,222,-6.144,S1O
114,AF1,223,-6.632,S1O
114,AF1,224,-7.121,S1O
114,AF1,225,-9.074,S1O
114,AF1,226,-10.539,S1O
114,AF1,227,-11.027,S1O
114,AF1,228,-10.539,S1O
114,AF1,229,-8.586,S1O
114,AF1,230,-6.144,S1O
114,AF1,231,-5.168,S1O
114,AF1,232,-4.679,S1O
114,AF1,233,-5.656,S1O
114,AF1,234,-6.632,S1O
114,AF1,235,-7.121,S1O
114,AF1,236,-6.144,S1O
114,AF1,237,-4.191,S1O
114,AF1,238,-2.238,S1O
114,AF1,239,-1.261,S1O
114,AF1,240,-0.773,S1O
114,AF1,241,-2.238,S1O
114,AF1,242,-3.703,S1O
114,AF1,243,-5.168,S1O
114,AF1,244,-5.656,S1O
114,AF1,245,-5.656,S1O
114,AF1,246,-5.168,S1O
114,AF1,247,-4.191,S1O
114,AF1,248,-3.703,S1O
114,AF1,249,-3.215,S1O
114,AF1,250,-3.215,S1O
114,AF1,251,-2.726,S1O
114,AF1,252,-2.726,S1O
114,AF1,253,-3.215,S1O
114,AF1,254,-3.703,S1O
114,AF1,255,-4.679,S1O
114,AF2,0,-2.675,S1O
114,AF2,1,-2.675,S1O
114,AF2,2,-1.699,S1O
114,AF2,3,-0.234,S1O
114,AF2,4,0.254,S1O
114,AF2,5,0.254,S1O
114,AF2,6,-0.234,S1O
114,AF2,7,0.254,S1O
114,AF2,8,1.719,S1O
114,AF2,9,3.672,S1O
114,AF2,10,5.625,S1O
114,AF2,11,6.114,S1O
114,AF2,12,5.625,S1O
114,AF2,13,3.672,S1O
114,AF2,14,1.719,S1O
114,AF2,15,0.743,S1O
114,AF2,16,0.743,S1O
114,AF2,17,1.719,S1O
114,AF2,18,2.207,S1O
114,AF2,19,2.207,S1O
114,AF2,20,0.254,S1O
114,AF2,21,-2.187,S1O
114,AF2,22,-5.117,S1O
114,AF2,23,-6.093,S1O
114,AF2,24,-6.093,S1O
114,AF2,25,-5.117,S1O
114,AF2,26,-4.628,S1O
114,AF2,27,-5.605,S1O
114,AF2,28,-7.558,S1O
114,AF2,29,-10.000,S1O
114,AF2,30,-11.953,S1O
114,AF2,31,-11.953,S1O
114,AF2,32,-9.511,S1O
114,AF2,33,-6.093,S1O
114,AF2,34,-2.675,S1O
114,AF2,35,-0.234,S1O
114,AF2,36,0.254,S1O
114,AF2,37,0.254,S1O
114,AF2,38,-0.722,S1O
114,AF2,39,-0.722,S1O
114,AF2,40,-0.234,S1O
114,AF2,41,0.743,S1O
114,AF2,42,1.719,S1O
114,AF2,43,2.207,S1O
114,AF2,44,2.207,S1O
114,AF2,45,1.719,S1O
114,AF2,46,1.231,S1O
114,AF2,47,1.231,S1O
114,AF2,48,0.743,S1O
114,AF2,49,0.254,S1O
114,AF2,50,-0.722,S1O
114,AF2,51,-1.699,S1O
114,AF2,52,-2.187,S1O
114,AF2,53,-2.675,S1O
114,AF2,54,-3.652,S1O
114,AF2,55,-5.605,S1O
114,AF2,56,-8.535,S1O
114,AF2,57,-10.976,S1O
114,AF2,58,-11.953,S1O
114,AF2,59,-11.464,S1O
114,AF2,60,-10.976,S1O
114,AF2,61,-10.488,S1O
114,AF2,62,-11.464,S1O
114,AF2,63,-12.929,S1O
114,AF2,64,-13.906,S1O
114,AF2,65,-13.906,S1O
114,AF2,66,-12.441,S1O
114,AF2,67,-10.976,S1O
114,AF2,68,-10.000,S1O
114,AF2,69,-9.511,S1O
114,AF2,70,-10.000,S1O
114,AF2,71,-10.000,S1O
114,AF2,72,-9.023,S1O
114,AF2,73,-8.046,S1O
114,AF2,74,-6.582,S1O
114,AF2,75,-6.582,S1O
114,AF2,76,-7.070,S1O
114,AF2,77,-8.046,S1O
114,AF2,78,-8.535,S1O
114,AF2,79,-8.046,S1O
114,AF2,80,-6.582,S1O
114,AF2,81,-5.117,S1O
114,AF2,82,-4.140,S1O
114,AF2,83,-3.164,S1O
114,AF2,84,-2.187,S1O
114,AF2,85,-1.211,S1O
114,AF2,86,-0.234,S1O
114,AF2,87,-0.234,S1O
114,AF2,88,-0.722,S1O
114,AF2,89,-2.187,S1O
114,AF2,90,-3.164,S1O
114,AF2,91,-3.652,S1O
114,AF2,92,-4.140,S1O
114,AF2,93,-4.628,S1O
114,AF2,94,-4.628,S1O
114,AF2,95,-4.628,S1O
114,AF2,96,-3.652,S1O
114,AF2,97,-2.187,S1O
114,AF2,98,-0.722,S1O
114,AF2,99,-0.722,S1O
114,AF2,100,-1.699,S1O
114,AF2,101,-3.164,S1O
114,AF2,102,-3.652,S1O
114,AF2,103,-3.164,S1O
114,AF2,104,-2.187,S1O
114,AF2,105,-0.722,S1O
114,AF2,106,-0.722,S1O
114,AF2,107,-1.211,S1O
114,AF2,108,-2.187,S1O
114,AF2,109,-3.164,S1O
114,AF2,110,-3.164,S1O
114,AF2,111,-2.187,S1O
114,AF2,112,-1.699,S1O
114,AF2,113,-1.211,S1O
114,AF2,114,-1.699,S1O
114,AF2,115,-2.675,S1O
114,AF2,116,-3.164,S1O
114,AF2,117,-3.652,S1O
114,AF2,118,-3.164,S1O
114,AF2,119,-2.675,S1O
114,AF2,120,-1.699,S1O
114,AF2,121,-1.211,S1O
114,AF2,122,-0.234,S1O
114,AF2,123,0.743,S1O
114,AF2,124,0.743,S1O
114,AF2,125,0.254,S1O
114,AF2,126,-0.234,S1O
114,AF2,127,-0.722,S1O
114,AF2,128,-1.211,S1O
114,AF2,129,-1.699,S1O
114,AF2,130,-2.675,S1O
114,AF2,131,-3.164,S1O
114,AF2,132,-3.652,S1O
114,AF2,133,-2.675,S1O
114,AF2,134,-1.211,S1O
114,AF2,135,0.743,S1O
114,AF2,136,1.231,S1O
114,AF2,137,0.254,S1O
114,AF2,138,-1.211,S1O
114,AF2,139,-2.675,S1O
114,AF2,140,-3.652,S1O
114,AF2,141,-4.140,S1O
114,AF2,142,-4.628,S1O
114,AF2,143,-5.605,S1O
114,AF2,144,-7.558,S1O
114,AF2,145,-8.046,S1O
114,AF2,146,-7.558,S1O
114,AF2,147,-5.605,S1O
114,AF2,148,-3.652,S1O
114,AF2,149,-3.164,S1O
114,AF2,150,-4.140,S1O
114,AF2,151,-5.605,S1O
114,AF2,152,-7.070,S1O
114,AF2,153,-7.558,S1O
114,AF2,154,-7.070,S1O
114,AF2,155,-6.582,S1O
114,AF2,156,-7.070,S1O
114,AF2,157,-8.046,S1O
114,AF2,158,-10.000,S1O
114,AF2,159,-11.464,S1O
114,AF2,160,-12.441,S1O
114,AF2,161,-11.953,S1O
114,AF2,162,-10.976,S1O
114,AF2,163,-9.023,S1O
114,AF2,164,-8.046,S1O
114,AF2,165,-7.558,S1O
114,AF2,166,-9.023,S1O
114,AF2,167,-10.976,S1O
114,AF2,168,-12.441,S1O
114,AF2,169,-12.441,S1O
114,AF2,170,-10.000,S1O
114,AF2,171,-7.070,S1O
114,AF2,172,-4.628,S1O
114,AF2,173,-4.140,S1O
114,AF2,174,-5.605,S1O
114,AF2,175,-7.558,S1O
114,AF2,176,-9.023,S1O
114,AF2,177,-8.535,S1O
114,AF2,178,-7.558,S1O
114,AF2,179,-6.582,S1O
114,AF2,180,-7.070,S1O
114,AF2,181,-8.046,S1O
114,AF2,182,-10.000,S1O
114,AF2,183,-10.000,S1O
114,AF2,184,-8.046,S1O
114,AF2,185,-5.117,S1O
114,AF2,186,-2.187,S1O
114,AF2,187,-0.234,S1O
114,AF2,188,-0.234,S1O
114,AF2,189,-1.211,S1O
114,AF2,190,-2.675,S1O
114,AF2,191,-3.164,S1O
114,AF2,192,-3.164,S1O
114,AF2,193,-2.675,S1O
114,AF2,194,-3.164,S1O
114,AF2,195,-4.140,S1O
114,AF2,196,-5.117,S1O
114,AF2,197,-5.605,S1O
114,AF2,198,-5.117,S1O
114,AF2,199,-3.652,S1O
114,AF2,200,-3.164,S1O
114,AF2,201,-3.164,S1O
114,AF2,202,-4.628,S1O
114,AF2,203,-5.605,S1O
114,AF2,204,-6.582,S1O
114,AF2,205,-6.093,S1O
114,AF2,206,-4.140,S1O
114,AF2,207,-2.675,S1O
114,AF2,208,-2.675,S1O
114,AF2,209,-4.140,S1O
114,AF2,210,-7.558,S1O
114,AF2,211,-11.464,S1O
114,AF2,212,-13.906,S1O
114,AF2,213,-13.906,S1O
114,AF2,214,-11.953,S1O
114,AF2,215,-9.023,S1O
114,AF2,216,-7.070,S1O
114,AF2,217,-6.582,S1O
114,AF2,218,-7.070,S1O
114,AF2,219,-8.046,S1O
114,AF2,220,-8.046,S1O
114,AF2,221,-7.070,S1O
114,AF2,222,-6.093,S1O
114,AF2,223,-5.605,S1O
114,AF2,224,-5.605,S1O
114,AF2,225,-7.070,S1O
114,AF2,226,-8.046,S1O
114,AF2,227,-9.023,S1O
114,AF2,228,-8.535,S1O
114,AF2,229,-7.070,S1O
114,AF2,230,-6.093,S1O
114,AF2,231,-5.605,S1O
114,AF2,232,-5.605,S1O
114,AF2,233,-6.582,S1O
114,AF2,234,-7.558,S1O
114,AF2,235,-7.070,S1O
114,AF2,236,-5.605,S1O
114,AF2,237,-3.652,S1O
114,AF2,238,-1.699,S1O
114,AF2,239,-0.722,S1O
114,AF2,240,-0.722,S1O
114,AF2,241,-1.699,S1O
114,AF2,242,-3.164,S1O
114,AF2,243,-4.628,S1O
114,AF2,244,-6.093,S1O
114,AF2,245,-6.093,S1O
114,AF2,246,-5.605,S1O
114,AF2,247,-4.628,S1O
114,AF2,248,-3.652,S1O
114,AF2,249,-4.140,S1O
114,AF2,250,-4.628,S1O
114,AF2,251,-5.605,S1O
114,AF2,252,-6.093,S1O
114,AF2,253,-6.093,S1O
114,AF2,254,-6.093,S1O
114,AF2,255,-6.093,S1O
114,FZ,0,-2.696,S1O
114,FZ,1,-2.207,S1O
114,FZ,2,-1.231,S1O
114,FZ,3,-0.254,S1O
114,FZ,4,0.234,S1O
114,FZ,5,-0.254,S1O
114,FZ,6,-0.743,S1O
114,FZ,7,-0.743,S1O
114,FZ,8,-0.254,S1O
114,FZ,9,0.722,S1O
114,FZ,10,1.699,S1O
114,FZ,11,2.187,S1O
114,FZ,12,1.699,S1O
114,FZ,13,0.234,S1O
114,FZ,14,-1.231,S1O
114,FZ,15,-1.719,S1O
114,FZ,16,-1.719,S1O
114,FZ,17,-1.231,S1O
114,FZ,18,-0.743,S1O
114,FZ,19,-1.231,S1O
114,FZ,20,-2.207,S1O
114,FZ,21,-4.649,S1O
114,FZ,22,-6.602,S1O
114,FZ,23,-7.579,S1O
114,FZ,24,-7.579,S1O
114,FZ,25,-5.625,S1O
114,FZ,26,-4.649,S1O
114,FZ,27,-4.649,S1O
114,FZ,28,-6.114,S1O
114,FZ,29,-8.067,S1O
114,FZ,30,-9.532,S1O
114,FZ,31,-9.532,S1O
114,FZ,32,-8.067,S1O
114,FZ,33,-5.137,S1O
114,FZ,34,-2.207,S1O
114,FZ,35,-0.254,S1O
114,FZ,36,0.234,S1O
114,FZ,37,0.234,S1O
114,FZ,38,-0.254,S1O
114,FZ,39,-0.254,S1O
114,FZ,40,0.722,S1O
114,FZ,41,2.187,S1O
114,FZ,42,4.140,S1O
114,FZ,43,4.628,S1O
114,FZ,44,5.117,S1O
114,FZ,45,4.140,S1O
114,FZ,46,3.652,S1O
114,FZ,47,3.164,S1O
114,FZ,48,2.675,S1O
114,FZ,49,2.187,S1O
114,FZ,50,0.722,S1O
114,FZ,51,-0.254,S1O
114,FZ,52,-1.231,S1O
114,FZ,53,-1.719,S1O
114,FZ,54,-2.696,S1O
114,FZ,55,-4.161,S1O
114,FZ,56,-6.114,S1O
114,FZ,57,-8.067,S1O
114,FZ,58,-8.555,S1O
114,FZ,59,-8.067,S1O
114,FZ,60,-7.090,S1O
114,FZ,61,-6.602,S1O
114,FZ,62,-7.090,S1O
114,FZ,63,-8.067,S1O
114,FZ,64,-9.043,S1O
114,FZ,65,-9.043,S1O
114,FZ,66,-8.067,S1O
114,FZ,67,-6.602,S1O
114,FZ,68,-6.114,S1O
114,FZ,69,-6.114,S1O
114,FZ,70,-6.602,S1O
114,FZ,71,-6.114,S1O
114,FZ,72,-5.137,S1O
114,FZ,73,-3.184,S1O
114,FZ,74,-1.719,S1O
114,FZ,75,-0.743,S1O
114,FZ,76,-1.231,S1O
114,FZ,77,-2.207,S1O
114,FZ,78,-3.184,S1O
114,FZ,79,-3.672,S1O
114,FZ,80,-3.184,S1O
114,FZ,81,-2.696,S1O
114,FZ,82,-1.719,S1O
114,FZ,83,-0.743,S1O
114,FZ,84,0.722,S1O
114,FZ,85,1.699,S1O
114,FZ,86,2.187,S1O
114,FZ,87,2.675,S1O
114,FZ,88,2.187,S1O
114,FZ,89,1.699,S1O
114,FZ,90,1.211,S1O
114,FZ,91,0.234,S1O
114,FZ,92,-0.743,S1O
114,FZ,93,-2.207,S1O
114,FZ,94,-2.696,S1O
114,FZ,95,-3.184,S1O
114,FZ,96,-2.696,S1O
114,FZ,97,-1.231,S1O
114,FZ,98,-0.254,S1O
114,FZ,99,-0.254,S1O
114,FZ,100,-0.743,S1O
114,FZ,101,-1.719,S1O
114,FZ,102,-2.207,S1O
114,FZ,103,-2.207,S1O
114,FZ,104,-1.231,S1O
114,FZ,105,0.234,S1O
114,FZ,106,0.722,S1O
114,FZ,107,0.722,S1O
114,FZ,108,0.234,S1O
114,FZ,109,-0.254,S1O
114,FZ,110,0.234,S1O
114,FZ,111,1.211,S1O
114,FZ,112,1.699,S1O
114,FZ,113,1.699,S1O
114,FZ,114,1.211,S1O
114,FZ,115,0.234,S1O
114,FZ,116,-0.743,S1O
114,FZ,117,-1.231,S1O
114,FZ,118,-0.743,S1O
114,FZ,119,-0.743,S1O
114,FZ,120,-0.254,S1O
114,FZ,121,0.722,S1O
114,FZ,122,1.211,S1O
114,FZ,123,1.699,S1O
114,FZ,124,1.699,S1O
114,FZ,125,1.211,S1O
114,FZ,126,0.722,S1O
114,FZ,127,0.234,S1O
114,FZ,128,-0.254,S1O
114,FZ,129,-0.743,S1O
114,FZ,130,-0.743,S1O
114,FZ,131,-1.231,S1O
114,FZ,132,-0.743,S1O
114,FZ,133,-0.254,S1O
114,FZ,134,0.234,S1O
114,FZ,135,1.211,S1O
114,FZ,136,1.211,S1O
114,FZ,137,0.234,S1O
114,FZ,138,-1.231,S1O
114,FZ,139,-2.207,S1O
114,FZ,140,-2.696,S1O
114,FZ,141,-2.696,S1O
114,FZ,142,-2.696,S1O
114,FZ,143,-3.184,S1O
114,FZ,144,-4.161,S1O
114,FZ,145,-4.649,S1O
114,FZ,146,-4.161,S1O
114,FZ,147,-2.696,S1O
114,FZ,148,-1.231,S1O
114,FZ,149,-0.743,S1O
114,FZ,150,-0.743,S1O
114,FZ,151,-2.207,S1O
114,FZ,152,-3.184,S1O
114,FZ,153,-3.672,S1O
114,FZ,154,-3.184,S1O
114,FZ,155,-3.184,S1O
114,FZ,156,-3.184,S1O
114,FZ,157,-3.672,S1O
114,FZ,158,-5.137,S1O
114,FZ,159,-6.602,S1O
114,FZ,160,-7.579,S1O
114,FZ,161,-7.579,S1O
114,FZ,162,-6.602,S1O
114,FZ,163,-5.137,S1O
114,FZ,164,-4.161,S1O
114,FZ,165,-4.649,S1O
114,FZ,166,-5.137,S1O
114,FZ,167,-7.090,S1O
114,FZ,168,-7.579,S1O
114,FZ,169,-7.090,S1O
114,FZ,170,-4.649,S1O
114,FZ,171,-2.696,S1O
114,FZ,172,-1.719,S1O
114,FZ,173,-2.207,S1O
114,FZ,174,-4.161,S1O
114,FZ,175,-5.625,S1O
114,FZ,176,-6.114,S1O
114,FZ,177,-5.625,S1O
114,FZ,178,-4.649,S1O
114,FZ,179,-4.161,S1O
114,FZ,180,-4.649,S1O
114,FZ,181,-5.625,S1O
114,FZ,182,-6.602,S1O
114,FZ,183,-6.602,S1O
114,FZ,184,-5.137,S1O
114,FZ,185,-3.184,S1O
114,FZ,186,-1.231,S1O
114,FZ,187,-0.254,S1O
114,FZ,188,-0.743,S1O
114,FZ,189,-1.719,S1O
114,FZ,190,-2.696,S1O
114,FZ,191,-2.207,S1O
114,FZ,192,-1.719,S1O
114,FZ,193,-1.719,S1O
114,FZ,194,-2.207,S1O
114,FZ,195,-3.672,S1O
114,FZ,196,-5.625,S1O
114,FZ,197,-6.602,S1O
114,FZ,198,-6.602,S1O
114,FZ,199,-5.625,S1O
114,FZ,200,-4.649,S1O
114,FZ,201,-4.649,S1O
114,FZ,202,-5.137,S1O
114,FZ,203,-5.625,S1O
114,FZ,204,-6.114,S1O
114,FZ,205,-5.137,S1O
114,FZ,206,-3.672,S1O
114,FZ,207,-2.696,S1O
114,FZ,208,-2.696,S1O
114,FZ,209,-4.161,S1O
114,FZ,210,-7.090,S1O
114,FZ,211,-10.020,S1O
114,FZ,212,-11.485,S1O
114,FZ,213,-11.485,S1O
114,FZ,214,-10.020,S1O
114,FZ,215,-8.067,S1O
114,FZ,216,-7.090,S1O
114,FZ,217,-6.602,S1O
114,FZ,218,-7.090,S1O
114,FZ,219,-7.579,S1O
114,FZ,220,-8.067,S1O
114,FZ,221,-7.579,S1O
114,FZ,222,-7.090,S1O
114,FZ,223,-6.602,S1O
114,FZ,224,-7.090,S1O
114,FZ,225,-8.067,S1O
114,FZ,226,-9.532,S1O
114,FZ,227,-10.020,S1O
114,FZ,228,-10.020,S1O
114,FZ,229,-8.555,S1O
114,FZ,230,-7.090,S1O
114,FZ,231,-5.137,S1O
114,FZ,232,-4.649,S1O
114,FZ,233,-5.137,S1O
114,FZ,234,-5.625,S1O
114,FZ,235,-6.114,S1O
114,FZ,236,-5.625,S1O
114,FZ,237,-4.161,S1O
114,FZ,238,-2.696,S1O
114,FZ,239,-2.207,S1O
114,FZ,240,-2.207,S1O
114,FZ,241,-3.184,S1O
114,FZ,242,-5.137,S1O
114,FZ,243,-6.114,S1O
114,FZ,244,-7.090,S1O
114,FZ,245,-6.602,S1O
114,FZ,246,-6.114,S1O
114,FZ,247,-5.137,S1O
114,FZ,248,-4.649,S1O
114,FZ,249,-4.649,S1O
114,FZ,250,-5.625,S1O
114,FZ,251,-6.114,S1O
114,FZ,252,-6.602,S1O
114,FZ,253,-7.090,S1O
114,FZ,254,-7.090,S1O
114,FZ,255,-7.579,S1O
114,F4,0,-2.238,S1O
114,F4,1,-1.750,S1O
114,F4,2,-0.773,S1O
114,F4,3,-0.285,S1O
114,F4,4,-0.773,S1O
114,F4,5,-1.261,S1O
114,F4,6,-1.750,S1O
114,F4,7,-1.261,S1O
114,F4,8,-0.285,S1O
114,F4,9,2.157,S1O
114,F4,10,3.621,S1O
114,F4,11,4.598,S1O
114,F4,12,4.110,S1O
114,F4,13,2.157,S1O
114,F4,14,0.692,S1O
114,F4,15,0.203,S1O
114,F4,16,1.180,S1O
114,F4,17,2.645,S1O
114,F4,18,4.110,S1O
114,F4,19,3.621,S1O
114,F4,20,1.180,S1O
114,F4,21,-1.750,S1O
114,F4,22,-4.191,S1O
114,F4,23,-4.679,S1O
114,F4,24,-3.703,S1O
114,F4,25,-2.726,S1O
114,F4,26,-2.238,S1O
114,F4,27,-3.215,S1O
114,F4,28,-5.168,S1O
114,F4,29,-7.609,S1O
114,F4,30,-9.074,S1O
114,F4,31,-9.074,S1O
114,F4,32,-7.609,S1O
114,F4,33,-5.168,S1O
114,F4,34,-1.750,S1O
114,F4,35,1.180,S1O
114,F4,36,2.645,S1O
114,F4,37,2.157,S1O
114,F4,38,1.180,S1O
114,F4,39,0.203,S1O
114,F4,40,0.203,S1O
114,F4,41,1.668,S1O
114,F4,42,3.133,S1O
114,F4,43,4.110,S1O
114,F4,44,3.621,S1O
114,F4,45,2.645,S1O
114,F4,46,1.180,S1O
114,F4,47,0.203,S1O
114,F4,48,0.692,S1O
114,F4,49,1.180,S1O
114,F4,50,1.180,S1O
114,F4,51,1.180,S1O
114,F4,52,0.203,S1O
114,F4,53,-0.773,S1O
114,F4,54,-1.750,S1O
114,F4,55,-3.215,S1O
114,F4,56,-4.191,S1O
114,F4,57,-4.679,S1O
114,F4,58,-4.679,S1O
114,F4,59,-4.191,S1O
114,F4,60,-3.703,S1O
114,F4,61,-3.703,S1O
114,F4,62,-3.703,S1O
114,F4,63,-3.703,S1O
114,F4,64,-3.703,S1O
114,F4,65,-2.726,S1O
114,F4,66,-0.773,S1O
114,F4,67,0.692,S1O
114,F4,68,1.668,S1O
114,F4,69,2.157,S1O
114,F4,70,1.180,S1O
114,F4,71,1.180,S1O
114,F4,72,1.668,S1O
114,F4,73,2.645,S1O
114,F4,74,3.133,S1O
114,F4,75,2.645,S1O
114,F4,76,1.668,S1O
114,F4,77,0.692,S1O
114,F4,78,0.692,S1O
114,F4,79,2.157,S1O
114,F4,80,4.110,S1O
114,F4,81,5.575,S1O
114,F4,82,6.551,S1O
114,F4,83,6.551,S1O
114,F4,84,5.575,S1O
114,F4,85,5.575,S1O
114,F4,86,6.063,S1O
114,F4,87,6.063,S1O
114,F4,88,5.575,S1O
114,F4,89,4.110,S1O
114,F4,90,3.133,S1O
114,F4,91,2.157,S1O
114,F4,92,1.180,S1O
114,F4,93,1.180,S1O
114,F4,94,1.180,S1O
114,F4,95,2.645,S1O
114,F4,96,4.110,S1O
114,F4,97,6.063,S1O
114,F4,98,7.039,S1O
114,F4,99,7.039,S1O
114,F4,100,6.063,S1O
114,F4,101,4.598,S1O
114,F4,102,3.621,S1O
114,F4,103,4.110,S1O
114,F4,104,5.086,S1O
114,F4,105,6.063,S1O
114,F4,106,6.063,S1O
114,F4,107,5.575,S1O
114,F4,108,4.598,S1O
114,F4,109,4.598,S1O
114,F4,110,5.086,S1O
114,F4,111,5.575,S1O
114,F4,112,6.063,S1O
114,F4,113,5.575,S1O
114,F4,114,5.086,S1O
114,F4,115,4.110,S1O
114,F4,116,3.621,S1O
114,F4,117,3.621,S1O
114,F4,118,4.598,S1O
114,F4,119,5.086,S1O
114,F4,120,5.086,S1O
114,F4,121,5.575,S1O
114,F4,122,6.551,S1O
114,F4,123,6.551,S1O
114,F4,124,6.551,S1O
114,F4,125,5.575,S1O
114,F4,126,4.598,S1O
114,F4,127,4.110,S1O
114,F4,128,3.621,S1O
114,F4,129,3.133,S1O
114,F4,130,2.645,S1O
114,F4,131,2.157,S1O
114,F4,132,1.668,S1O
114,F4,133,2.157,S1O
114,F4,134,3.621,S1O
114,F4,135,5.575,S1O
114,F4,136,6.063,S1O
114,F4,137,5.575,S1O
114,F4,138,3.621,S1O
114,F4,139,2.157,S1O
114,F4,140,0.692,S1O
114,F4,141,0.203,S1O
114,F4,142,-0.773,S1O
114,F4,143,-1.750,S1O
114,F4,144,-2.726,S1O
114,F4,145,-2.726,S1O
114,F4,146,-1.750,S1O
114,F4,147,0.203,S1O
114,F4,148,1.668,S1O
114,F4,149,2.157,S1O
114,F4,150,1.180,S1O
114,F4,151,-0.285,S1O
114,F4,152,-1.261,S1O
114,F4,153,-1.750,S1O
114,F4,154,-1.261,S1O
114,F4,155,-1.261,S1O
114,F4,156,-1.261,S1O
114,F4,157,-2.238,S1O
114,F4,158,-3.215,S1O
114,F4,159,-4.191,S1O
114,F4,160,-4.679,S1O
114,F4,161,-4.679,S1O
114,F4,162,-3.703,S1O
114,F4,163,-2.238,S1O
114,F4,164,-1.261,S1O
114,F4,165,-1.750,S1O
114,F4,166,-3.215,S1O
114,F4,167,-5.656,S1O
114,F4,168,-7.121,S1O
114,F4,169,-6.632,S1O
114,F4,170,-4.191,S1O
114,F4,171,-0.285,S1O
114,F4,172,2.157,S1O
114,F4,173,3.133,S1O
114,F4,174,1.668,S1O
114,F4,175,-0.285,S1O
114,F4,176,-1.261,S1O
114,F4,177,-1.261,S1O
114,F4,178,-0.285,S1O
114,F4,179,0.203,S1O
114,F4,180,-0.773,S1O
114,F4,181,-2.238,S1O
114,F4,182,-3.703,S1O
114,F4,183,-4.191,S1O
114,F4,184,-3.215,S1O
114,F4,185,-0.773,S1O
114,F4,186,1.668,S1O
114,F4,187,2.645,S1O
114,F4,188,3.133,S1O
114,F4,189,2.157,S1O
114,F4,190,1.668,S1O
114,F4,191,1.180,S1O
114,F4,192,1.180,S1O
114,F4,193,1.668,S1O
114,F4,194,1.668,S1O
114,F4,195,1.180,S1O
114,F4,196,0.203,S1O
114,F4,197,0.203,S1O
114,F4,198,0.203,S1O
114,F4,199,1.180,S1O
114,F4,200,2.157,S1O
114,F4,201,2.645,S1O
114,F4,202,1.668,S1O
114,F4,203,0.203,S1O
114,F4,204,-0.773,S1O
114,F4,205,-0.285,S1O
114,F4,206,0.692,S1O
114,F4,207,2.645,S1O
114,F4,208,2.157,S1O
114,F4,209,0.203,S1O
114,F4,210,-3.215,S1O
114,F4,211,-6.144,S1O
114,F4,212,-7.609,S1O
114,F4,213,-7.121,S1O
114,F4,214,-4.679,S1O
114,F4,215,-1.750,S1O
114,F4,216,-0.285,S1O
114,F4,217,-0.285,S1O
114,F4,218,-1.261,S1O
114,F4,219,-2.726,S1O
114,F4,220,-3.703,S1O
114,F4,221,-3.703,S1O
114,F4,222,-2.726,S1O
114,F4,223,-1.750,S1O
114,F4,224,-1.261,S1O
114,F4,225,-1.750,S1O
114,F4,226,-2.726,S1O
114,F4,227,-3.215,S1O
114,F4,228,-3.215,S1O
114,F4,229,-2.726,S1O
114,F4,230,-2.238,S1O
114,F4,231,-2.726,S1O
114,F4,232,-3.703,S1O
114,F4,233,-5.168,S1O
114,F4,234,-6.144,S1O
114,F4,235,-6.144,S1O
114,F4,236,-5.168,S1O
114,F4,237,-3.215,S1O
114,F4,238,-1.261,S1O
114,F4,239,0.203,S1O
114,F4,240,0.692,S1O
114,F4,241,0.692,S1O
114,F4,242,-0.285,S1O
114,F4,243,-1.750,S1O
114,F4,244,-3.215,S1O
114,F4,245,-3.703,S1O
114,F4,246,-2.726,S1O
114,F4,247,-1.261,S1O
114,F4,248,-0.285,S1O
114,F4,249,-0.773,S1O
114,F4,250,-1.750,S1O
114,F4,251,-3.215,S1O
114,F4,252,-3.703,S1O
114,F4,253,-3.703,S1O
114,F4,254,-3.215,S1O
114,F4,255,-2.726,S1O
114,F3,0,-2.014,S1O
114,F3,1,-2.502,S1O
114,F3,2,-2.502,S1O
114,F3,3,-1.526,S1O
114,F3,4,-1.038,S1O
114,F3,5,-0.549,S1O
114,F3,6,-1.038,S1O
114,F3,7,-1.038,S1O
114,F3,8,-1.038,S1O
114,F3,9,-1.038,S1O
114,F3,10,-0.549,S1O
114,F3,11,0.427,S1O
114,F3,12,0.916,S1O
114,F3,13,0.427,S1O
114,F3,14,-0.549,S1O
114,F3,15,-1.526,S1O
114,F3,16,-2.014,S1O
114,F3,17,-2.502,S1O
114,F3,18,-1.526,S1O
114,F3,19,-1.526,S1O
114,F3,20,-2.502,S1O
114,F3,21,-4.456,S1O
114,F3,22,-6.409,S1O
114,F3,23,-7.874,S1O
114,F3,24,-7.874,S1O
114,F3,25,-5.920,S1O
114,F3,26,-4.944,S1O
114,F3,27,-4.944,S1O
114,F3,28,-6.897,S1O
114,F3,29,-9.338,S1O
114,F3,30,-11.780,S1O
114,F3,31,-11.780,S1O
114,F3,32,-9.827,S1O
114,F3,33,-6.897,S1O
114,F3,34,-3.967,S1O
114,F3,35,-2.991,S1O
114,F3,36,-3.479,S1O
114,F3,37,-4.944,S1O
114,F3,38,-5.920,S1O
114,F3,39,-5.432,S1O
114,F3,40,-3.967,S1O
114,F3,41,-1.526,S1O
114,F3,42,0.427,S1O
114,F3,43,1.892,S1O
114,F3,44,1.892,S1O
114,F3,45,1.404,S1O
114,F3,46,0.427,S1O
114,F3,47,-0.061,S1O
114,F3,48,-1.038,S1O
114,F3,49,-2.014,S1O
114,F3,50,-2.502,S1O
114,F3,51,-2.502,S1O
114,F3,52,-2.014,S1O
114,F3,53,-1.526,S1O
114,F3,54,-2.014,S1O
114,F3,55,-2.991,S1O
114,F3,56,-5.432,S1O
114,F3,57,-7.385,S1O
114,F3,58,-8.850,S1O
114,F3,59,-8.362,S1O
114,F3,60,-7.385,S1O
114,F3,61,-5.920,S1O
114,F3,62,-5.920,S1O
114,F3,63,-6.897,S1O
114,F3,64,-7.874,S1O
114,F3,65,-8.362,S1O
114,F3,66,-8.362,S1O
114,F3,67,-7.874,S1O
114,F3,68,-7.874,S1O
114,F3,69,-8.362,S1O
114,F3,70,-9.338,S1O
114,F3,71,-9.827,S1O
114,F3,72,-9.338,S1O
114,F3,73,-8.362,S1O
114,F3,74,-6.897,S1O
114,F3,75,-6.409,S1O
114,F3,76,-7.385,S1O
114,F3,77,-8.850,S1O
114,F3,78,-9.827,S1O
114,F3,79,-10.315,S1O
114,F3,80,-10.803,S1O
114,F3,81,-10.803,S1O
114,F3,82,-9.827,S1O
114,F3,83,-9.338,S1O
114,F3,84,-8.850,S1O
114,F3,85,-7.385,S1O
114,F3,86,-6.409,S1O
114,F3,87,-5.432,S1O
114,F3,88,-5.432,S1O
114,F3,89,-5.432,S1O
114,F3,90,-5.432,S1O
114,F3,91,-5.432,S1O
114,F3,92,-5.920,S1O
114,F3,93,-6.897,S1O
114,F3,94,-7.874,S1O
114,F3,95,-9.338,S1O
114,F3,96,-9.827,S1O
114,F3,97,-9.338,S1O
114,F3,98,-8.850,S1O
114,F3,99,-7.874,S1O
114,F3,100,-8.362,S1O
114,F3,101,-8.362,S1O
114,F3,102,-8.362,S1O
114,F3,103,-7.385,S1O
114,F3,104,-6.409,S1O
114,F3,105,-4.456,S1O
114,F3,106,-2.991,S1O
114,F3,107,-2.991,S1O
114,F3,108,-2.991,S1O
114,F3,109,-3.479,S1O
114,F3,110,-3.479,S1O
114,F3,111,-2.991,S1O
114,F3,112,-2.502,S1O
114,F3,113,-2.502,S1O
114,F3,114,-2.991,S1O
114,F3,115,-3.967,S1O
114,F3,116,-4.944,S1O
114,F3,117,-4.944,S1O
114,F3,118,-5.432,S1O
114,F3,119,-5.432,S1O
114,F3,120,-4.944,S1O
114,F3,121,-4.456,S1O
114,F3,122,-3.967,S1O
114,F3,123,-3.479,S1O
114,F3,124,-2.991,S1O
114,F3,125,-2.991,S1O
114,F3,126,-2.991,S1O
114,F3,127,-3.967,S1O
114,F3,128,-4.944,S1O
114,F3,129,-5.432,S1O
114,F3,130,-5.432,S1O
114,F3,131,-4.944,S1O
114,F3,132,-4.944,S1O
114,F3,133,-4.944,S1O
114,F3,134,-4.944,S1O
114,F3,135,-4.456,S1O
114,F3,136,-4.456,S1O
114,F3,137,-4.944,S1O
114,F3,138,-4.944,S1O
114,F3,139,-4.944,S1O
114,F3,140,-4.944,S1O
114,F3,141,-4.944,S1O
114,F3,142,-4.456,S1O
114,F3,143,-4.944,S1O
114,F3,144,-5.432,S1O
114,F3,145,-4.944,S1O
114,F3,146,-4.944,S1O
114,F3,147,-3.479,S1O
114,F3,148,-2.014,S1O
114,F3,149,-1.038,S1O
114,F3,150,-0.549,S1O
114,F3,151,-1.038,S1O
114,F3,152,-2.014,S1O
114,F3,153,-2.502,S1O
114,F3,154,-2.502,S1O
114,F3,155,-2.014,S1O
114,F3,156,-2.014,S1O
114,F3,157,-2.502,S1O
114,F3,158,-4.456,S1O
114,F3,159,-6.409,S1O
114,F3,160,-7.874,S1O
114,F3,161,-8.362,S1O
114,F3,162,-7.385,S1O
114,F3,163,-5.920,S1O
114,F3,164,-4.944,S1O
114,F3,165,-5.432,S1O
114,F3,166,-6.897,S1O
114,F3,167,-8.362,S1O
114,F3,168,-9.338,S1O
114,F3,169,-8.850,S1O
114,F3,170,-7.385,S1O
114,F3,171,-5.432,S1O
114,F3,172,-4.944,S1O
114,F3,173,-5.920,S1O
114,F3,174,-7.874,S1O
114,F3,175,-9.827,S1O
114,F3,176,-10.315,S1O
114,F3,177,-9.338,S1O
114,F3,178,-7.874,S1O
114,F3,179,-6.897,S1O
114,F3,180,-6.897,S1O
114,F3,181,-7.385,S1O
114,F3,182,-7.874,S1O
114,F3,183,-6.409,S1O
114,F3,184,-3.479,S1O
114,F3,185,-1.038,S1O
114,F3,186,0.916,S1O
114,F3,187,1.404,S1O
114,F3,188,0.916,S1O
114,F3,189,0.427,S1O
114,F3,190,0.427,S1O
114,F3,191,0.916,S1O
114,F3,192,1.404,S1O
114,F3,193,0.916,S1O
114,F3,194,-0.549,S1O
114,F3,195,-2.991,S1O
114,F3,196,-4.944,S1O
114,F3,197,-5.920,S1O
114,F3,198,-5.432,S1O
114,F3,199,-5.432,S1O
114,F3,200,-5.432,S1O
114,F3,201,-6.409,S1O
114,F3,202,-7.874,S1O
114,F3,203,-8.850,S1O
114,F3,204,-8.850,S1O
114,F3,205,-7.874,S1O
114,F3,206,-6.409,S1O
114,F3,207,-5.920,S1O
114,F3,208,-6.897,S1O
114,F3,209,-8.850,S1O
114,F3,210,-11.292,S1O
114,F3,211,-13.733,S1O
114,F3,212,-14.221,S1O
114,F3,213,-13.733,S1O
114,F3,214,-12.268,S1O
114,F3,215,-10.803,S1O
114,F3,216,-10.315,S1O
114,F3,217,-10.315,S1O
114,F3,218,-10.315,S1O
114,F3,219,-10.315,S1O
114,F3,220,-9.827,S1O
114,F3,221,-9.338,S1O
114,F3,222,-8.362,S1O
114,F3,223,-7.874,S1O
114,F3,224,-8.362,S1O
114,F3,225,-9.338,S1O
114,F3,226,-10.803,S1O
114,F3,227,-11.780,S1O
114,F3,228,-11.292,S1O
114,F3,229,-9.827,S1O
114,F3,230,-7.385,S1O
114,F3,231,-5.432,S1O
114,F3,232,-5.432,S1O
114,F3,233,-6.897,S1O
114,F3,234,-8.362,S1O
114,F3,235,-9.827,S1O
114,F3,236,-9.338,S1O
114,F3,237,-7.874,S1O
114,F3,238,-5.432,S1O
114,F3,239,-3.967,S1O
114,F3,240,-3.967,S1O
114,F3,241,-4.944,S1O
114,F3,242,-6.409,S1O
114,F3,243,-6.897,S1O
114,F3,244,-7.385,S1O
114,F3,245,-6.897,S1O
114,F3,246,-6.409,S1O
114,F3,247,-5.432,S1O
114,F3,248,-4.456,S1O
114,F3,249,-3.967,S1O
114,F3,250,-3.967,S1O
114,F3,251,-3.479,S1O
114,F3,252,-3.479,S1O
114,F3,253,-3.967,S1O
114,F3,254,-5.432,S1O
114,F3,255,-6.409,S1O
114,FC6,0,-1.343,S1O
114,FC6,1,-1.831,S1O
114,FC6,2,-2.808,S1O
114,FC6,3,-3.296,S1O
114,FC6,4,-3.296,S1O
114,FC6,5,-3.296,S1O
114,FC6,6,-3.296,S1O
114,FC6,7,-2.319,S1O
114,FC6,8,-1.831,S1O
114,FC6,9,-0.366,S1O
114,FC6,10,2.075,S1O
114,FC6,11,4.517,S1O
114,FC6,12,5.005,S1O
114,FC6,13,4.028,S1O
114,FC6,14,1.587,S1O
114,FC6,15,-0.366,S1O
114,FC6,16,-0.366,S1O
114,FC6,17,2.075,S1O
114,FC6,18,4.028,S1O
114,FC6,19,4.517,S1O
114,FC6,20,2.563,S1O
114,FC6,21,-0.366,S1O
114,FC6,22,-2.319,S1O
114,FC6,23,-1.831,S1O
114,FC6,24,-0.366,S1O
114,FC6,25,0.610,S1O
114,FC6,26,-0.366,S1O
114,FC6,27,-3.296,S1O
114,FC6,28,-6.226,S1O
114,FC6,29,-7.690,S1O
114,FC6,30,-8.179,S1O
114,FC6,31,-7.202,S1O
114,FC6,32,-6.714,S1O
114,FC6,33,-5.249,S1O
114,FC6,34,-3.784,S1O
114,FC6,35,-2.319,S1O
114,FC6,36,-0.854,S1O
114,FC6,37,-0.854,S1O
114,FC6,38,-2.808,S1O
114,FC6,39,-5.249,S1O
114,FC6,40,-6.714,S1O
114,FC6,41,-5.737,S1O
114,FC6,42,-3.296,S1O
114,FC6,43,-1.831,S1O
114,FC6,44,-2.808,S1O
114,FC6,45,-6.226,S1O
114,FC6,46,-10.132,S1O
114,FC6,47,-13.062,S1O
114,FC6,48,-13.062,S1O
114,FC6,49,-10.132,S1O
114,FC6,50,-6.226,S1O
114,FC6,51,-2.808,S1O
114,FC6,52,-1.831,S1O
114,FC6,53,-2.808,S1O
114,FC6,54,-4.272,S1O
114,FC6,55,-4.761,S1O
114,FC6,56,-4.761,S1O
114,FC6,57,-3.784,S1O
114,FC6,58,-3.296,S1O
114,FC6,59,-3.296,S1O
114,FC6,60,-3.784,S1O
114,FC6,61,-4.272,S1O
114,FC6,62,-3.784,S1O
114,FC6,63,-2.319,S1O
114,FC6,64,-0.854,S1O
114,FC6,65,0.610,S1O
114,FC6,66,2.075,S1O
114,FC6,67,3.540,S1O
114,FC6,68,5.005,S1O
114,FC6,69,5.493,S1O
114,FC6,70,4.517,S1O
114,FC6,71,2.075,S1O
114,FC6,72,-0.366,S1O
114,FC6,73,-3.296,S1O
114,FC6,74,-4.761,S1O
114,FC6,75,-5.249,S1O
114,FC6,76,-5.249,S1O
114,FC6,77,-4.272,S1O
114,FC6,78,-3.296,S1O
114,FC6,79,-1.343,S1O
114,FC6,80,-0.366,S1O
114,FC6,81,0.610,S1O
114,FC6,82,0.610,S1O
114,FC6,83,0.122,S1O
114,FC6,84,-0.854,S1O
114,FC6,85,-1.343,S1O
114,FC6,86,-1.343,S1O
114,FC6,87,-0.854,S1O
114,FC6,88,-0.366,S1O
114,FC6,89,-0.366,S1O
114,FC6,90,-0.854,S1O
114,FC6,91,-2.319,S1O
114,FC6,92,-3.296,S1O
114,FC6,93,-3.296,S1O
114,FC6,94,-2.319,S1O
114,FC6,95,-0.366,S1O
114,FC6,96,2.075,S1O
114,FC6,97,3.540,S1O
114,FC6,98,4.517,S1O
114,FC6,99,4.028,S1O
114,FC6,100,3.540,S1O
114,FC6,101,3.052,S1O
114,FC6,102,2.563,S1O
114,FC6,103,3.052,S1O
114,FC6,104,3.540,S1O
114,FC6,105,3.540,S1O
114,FC6,106,3.540,S1O
114,FC6,107,2.563,S1O
114,FC6,108,1.587,S1O
114,FC6,109,1.587,S1O
114,FC6,110,1.587,S1O
114,FC6,111,2.563,S1O
114,FC6,112,2.563,S1O
114,FC6,113,2.075,S1O
114,FC6,114,1.587,S1O
114,FC6,115,0.610,S1O
114,FC6,116,0.610,S1O
114,FC6,117,1.099,S1O
114,FC6,118,2.563,S1O
114,FC6,119,4.028,S1O
114,FC6,120,5.005,S1O
114,FC6,121,5.005,S1O
114,FC6,122,4.028,S1O
114,FC6,123,2.563,S1O
114,FC6,124,0.122,S1O
114,FC6,125,-1.343,S1O
114,FC6,126,-1.831,S1O
114,FC6,127,-1.343,S1O
114,FC6,128,-0.854,S1O
114,FC6,129,-0.366,S1O
114,FC6,130,-1.343,S1O
114,FC6,131,-2.808,S1O
114,FC6,132,-3.296,S1O
114,FC6,133,-1.831,S1O
114,FC6,134,0.610,S1O
114,FC6,135,2.563,S1O
114,FC6,136,3.540,S1O
114,FC6,137,2.563,S1O
114,FC6,138,0.610,S1O
114,FC6,139,-0.854,S1O
114,FC6,140,-1.343,S1O
114,FC6,141,-1.343,S1O
114,FC6,142,-2.319,S1O
114,FC6,143,-3.784,S1O
114,FC6,144,-5.249,S1O
114,FC6,145,-6.714,S1O
114,FC6,146,-6.714,S1O
114,FC6,147,-6.226,S1O
114,FC6,148,-5.737,S1O
114,FC6,149,-6.714,S1O
114,FC6,150,-6.714,S1O
114,FC6,151,-6.226,S1O
114,FC6,152,-5.249,S1O
114,FC6,153,-4.272,S1O
114,FC6,154,-3.784,S1O
114,FC6,155,-4.761,S1O
114,FC6,156,-5.737,S1O
114,FC6,157,-6.714,S1O
114,FC6,158,-7.690,S1O
114,FC6,159,-7.690,S1O
114,FC6,160,-8.179,S1O
114,FC6,161,-8.179,S1O
114,FC6,162,-8.179,S1O
114,FC6,163,-7.690,S1O
114,FC6,164,-7.202,S1O
114,FC6,165,-7.202,S1O
114,FC6,166,-8.667,S1O
114,FC6,167,-11.108,S1O
114,FC6,168,-12.573,S1O
114,FC6,169,-12.573,S1O
114,FC6,170,-10.132,S1O
114,FC6,171,-6.714,S1O
114,FC6,172,-3.784,S1O
114,FC6,173,-3.296,S1O
114,FC6,174,-3.784,S1O
114,FC6,175,-5.249,S1O
114,FC6,176,-5.737,S1O
114,FC6,177,-5.249,S1O
114,FC6,178,-4.272,S1O
114,FC6,179,-4.272,S1O
114,FC6,180,-5.249,S1O
114,FC6,181,-7.202,S1O
114,FC6,182,-8.179,S1O
114,FC6,183,-8.179,S1O
114,FC6,184,-6.714,S1O
114,FC6,185,-5.249,S1O
114,FC6,186,-3.784,S1O
114,FC6,187,-3.296,S1O
114,FC6,188,-3.296,S1O
114,FC6,189,-3.296,S1O
114,FC6,190,-3.296,S1O
114,FC6,191,-3.296,S1O
114,FC6,192,-3.296,S1O
114,FC6,193,-3.296,S1O
114,FC6,194,-2.808,S1O
114,FC6,195,-2.808,S1O
114,FC6,196,-2.808,S1O
114,FC6,197,-2.808,S1O
114,FC6,198,-1.831,S1O
114,FC6,199,-0.366,S1O
114,FC6,200,0.610,S1O
114,FC6,201,0.610,S1O
114,FC6,202,-0.854,S1O
114,FC6,203,-2.319,S1O
114,FC6,204,-3.784,S1O
114,FC6,205,-3.784,S1O
114,FC6,206,-3.296,S1O
114,FC6,207,-2.319,S1O
114,FC6,208,-2.319,S1O
114,FC6,209,-4.761,S1O
114,FC6,210,-8.179,S1O
114,FC6,211,-11.108,S1O
114,FC6,212,-12.573,S1O
114,FC6,213,-12.085,S1O
114,FC6,214,-10.132,S1O
114,FC6,215,-7.690,S1O
114,FC6,216,-5.737,S1O
114,FC6,217,-4.761,S1O
114,FC6,218,-5.249,S1O
114,FC6,219,-6.226,S1O
114,FC6,220,-7.690,S1O
114,FC6,221,-7.690,S1O
114,FC6,222,-7.202,S1O
114,FC6,223,-5.249,S1O
114,FC6,224,-3.784,S1O
114,FC6,225,-3.296,S1O
114,FC6,226,-3.784,S1O
114,FC6,227,-4.761,S1O
114,FC6,228,-6.714,S1O
114,FC6,229,-7.690,S1O
114,FC6,230,-8.667,S1O
114,FC6,231,-9.644,S1O
114,FC6,232,-10.620,S1O
114,FC6,233,-11.597,S1O
114,FC6,234,-12.573,S1O
114,FC6,235,-12.573,S1O
114,FC6,236,-12.573,S1O
114,FC6,237,-11.597,S1O
114,FC6,238,-10.132,S1O
114,FC6,239,-7.690,S1O
114,FC6,240,-5.737,S1O
114,FC6,241,-4.761,S1O
114,FC6,242,-5.249,S1O
114,FC6,243,-7.202,S1O
114,FC6,244,-8.667,S1O
114,FC6,245,-9.644,S1O
114,FC6,246,-8.667,S1O
114,FC6,247,-6.226,S1O
114,FC6,248,-4.272,S1O
114,FC6,249,-3.784,S1O
114,FC6,250,-5.249,S1O
114,FC6,251,-7.690,S1O
114,FC6,252,-10.620,S1O
114,FC6,253,-11.597,S1O
114,FC6,254,-11.108,S1O
114,FC6,255,-8.667,S1O
114,FC5,0,-5.005,S1O
114,FC5,1,-6.958,S1O
114,FC5,2,-6.958,S1O
114,FC5,3,-5.981,S1O
114,FC5,4,-5.005,S1O
114,FC5,5,-4.028,S1O
114,FC5,6,-4.028,S1O
114,FC5,7,-4.517,S1O
114,FC5,8,-5.005,S1O
114,FC5,9,-5.005,S1O
114,FC5,10,-3.540,S1O
114,FC5,11,-1.587,S1O
114,FC5,12,0.366,S1O
114,FC5,13,0.366,S1O
114,FC5,14,-1.587,S1O
114,FC5,15,-4.028,S1O
114,FC5,16,-5.981,S1O
114,FC5,17,-6.958,S1O
114,FC5,18,-6.470,S1O
114,FC5,19,-5.493,S1O
114,FC5,20,-5.005,S1O
114,FC5,21,-6.470,S1O
114,FC5,22,-7.935,S1O
114,FC5,23,-9.399,S1O
114,FC5,24,-8.911,S1O
114,FC5,25,-7.446,S1O
114,FC5,26,-5.981,S1O
114,FC5,27,-5.493,S1O
114,FC5,28,-7.446,S1O
114,FC5,29,-10.864,S1O
114,FC5,30,-13.794,S1O
114,FC5,31,-14.282,S1O
114,FC5,32,-12.329,S1O
114,FC5,33,-9.399,S1O
114,FC5,34,-7.446,S1O
114,FC5,35,-7.446,S1O
114,FC5,36,-8.911,S1O
114,FC5,37,-11.841,S1O
114,FC5,38,-12.817,S1O
114,FC5,39,-12.817,S1O
114,FC5,40,-11.841,S1O
114,FC5,41,-9.888,S1O
114,FC5,42,-7.935,S1O
114,FC5,43,-6.470,S1O
114,FC5,44,-5.981,S1O
114,FC5,45,-5.981,S1O
114,FC5,46,-5.981,S1O
114,FC5,47,-6.958,S1O
114,FC5,48,-7.935,S1O
114,FC5,49,-8.423,S1O
114,FC5,50,-8.423,S1O
114,FC5,51,-6.470,S1O
114,FC5,52,-4.028,S1O
114,FC5,53,-1.587,S1O
114,FC5,54,-0.610,S1O
114,FC5,55,-1.587,S1O
114,FC5,56,-4.028,S1O
114,FC5,57,-5.493,S1O
114,FC5,58,-5.493,S1O
114,FC5,59,-4.028,S1O
114,FC5,60,-2.075,S1O
114,FC5,61,-1.587,S1O
114,FC5,62,-2.563,S1O
114,FC5,63,-4.517,S1O
114,FC5,64,-5.981,S1O
114,FC5,65,-6.470,S1O
114,FC5,66,-6.470,S1O
114,FC5,67,-5.981,S1O
114,FC5,68,-7.446,S1O
114,FC5,69,-9.399,S1O
114,FC5,70,-11.353,S1O
114,FC5,71,-13.306,S1O
114,FC5,72,-13.794,S1O
114,FC5,73,-13.794,S1O
114,FC5,74,-13.306,S1O
114,FC5,75,-13.306,S1O
114,FC5,76,-14.282,S1O
114,FC5,77,-15.747,S1O
114,FC5,78,-17.700,S1O
114,FC5,79,-18.677,S1O
114,FC5,80,-19.653,S1O
114,FC5,81,-19.653,S1O
114,FC5,82,-18.677,S1O
114,FC5,83,-18.188,S1O
114,FC5,84,-16.724,S1O
114,FC5,85,-16.235,S1O
114,FC5,86,-15.747,S1O
114,FC5,87,-14.771,S1O
114,FC5,88,-13.306,S1O
114,FC5,89,-12.329,S1O
114,FC5,90,-11.353,S1O
114,FC5,91,-10.864,S1O
114,FC5,92,-11.353,S1O
114,FC5,93,-12.329,S1O
114,FC5,94,-13.306,S1O
114,FC5,95,-14.771,S1O
114,FC5,96,-16.235,S1O
114,FC5,97,-16.724,S1O
114,FC5,98,-16.235,S1O
114,FC5,99,-15.259,S1O
114,FC5,100,-14.282,S1O
114,FC5,101,-13.306,S1O
114,FC5,102,-13.306,S1O
114,FC5,103,-12.817,S1O
114,FC5,104,-11.841,S1O
114,FC5,105,-10.864,S1O
114,FC5,106,-9.399,S1O
114,FC5,107,-9.399,S1O
114,FC5,108,-9.888,S1O
114,FC5,109,-10.376,S1O
114,FC5,110,-10.864,S1O
114,FC5,111,-10.376,S1O
114,FC5,112,-9.399,S1O
114,FC5,113,-8.423,S1O
114,FC5,114,-7.935,S1O
114,FC5,115,-7.935,S1O
114,FC5,116,-8.423,S1O
114,FC5,117,-8.911,S1O
114,FC5,118,-9.399,S1O
114,FC5,119,-9.888,S1O
114,FC5,120,-10.864,S1O
114,FC5,121,-11.841,S1O
114,FC5,122,-12.329,S1O
114,FC5,123,-12.329,S1O
114,FC5,124,-11.841,S1O
114,FC5,125,-10.376,S1O
114,FC5,126,-9.888,S1O
114,FC5,127,-9.888,S1O
114,FC5,128,-11.353,S1O
114,FC5,129,-11.353,S1O
114,FC5,130,-11.353,S1O
114,FC5,131,-9.888,S1O
114,FC5,132,-9.888,S1O
114,FC5,133,-9.888,S1O
114,FC5,134,-11.841,S1O
114,FC5,135,-13.306,S1O
114,FC5,136,-13.306,S1O
114,FC5,137,-11.353,S1O
114,FC5,138,-8.911,S1O
114,FC5,139,-7.935,S1O
114,FC5,140,-8.423,S1O
114,FC5,141,-9.888,S1O
114,FC5,142,-10.376,S1O
114,FC5,143,-8.911,S1O
114,FC5,144,-6.470,S1O
114,FC5,145,-4.517,S1O
114,FC5,146,-3.540,S1O
114,FC5,147,-4.517,S1O
114,FC5,148,-5.493,S1O
114,FC5,149,-5.493,S1O
114,FC5,150,-4.028,S1O
114,FC5,151,-2.075,S1O
114,FC5,152,-1.099,S1O
114,FC5,153,-0.610,S1O
114,FC5,154,-0.610,S1O
114,FC5,155,-1.587,S1O
114,FC5,156,-3.052,S1O
114,FC5,157,-5.005,S1O
114,FC5,158,-7.446,S1O
114,FC5,159,-9.888,S1O
114,FC5,160,-10.376,S1O
114,FC5,161,-9.888,S1O
114,FC5,162,-7.935,S1O
114,FC5,163,-6.470,S1O
114,FC5,164,-6.470,S1O
114,FC5,165,-7.935,S1O
114,FC5,166,-9.888,S1O
114,FC5,167,-11.841,S1O
114,FC5,168,-12.329,S1O
114,FC5,169,-11.353,S1O
114,FC5,170,-9.888,S1O
114,FC5,171,-9.888,S1O
114,FC5,172,-10.376,S1O
114,FC5,173,-12.817,S1O
114,FC5,174,-14.771,S1O
114,FC5,175,-14.771,S1O
114,FC5,176,-13.794,S1O
114,FC5,177,-11.353,S1O
114,FC5,178,-9.888,S1O
114,FC5,179,-9.888,S1O
114,FC5,180,-10.864,S1O
114,FC5,181,-11.841,S1O
114,FC5,182,-11.841,S1O
114,FC5,183,-9.399,S1O
114,FC5,184,-5.981,S1O
114,FC5,185,-3.540,S1O
114,FC5,186,-2.563,S1O
114,FC5,187,-3.052,S1O
114,FC5,188,-3.540,S1O
114,FC5,189,-2.563,S1O
114,FC5,190,-1.099,S1O
114,FC5,191,0.366,S1O
114,FC5,192,0.854,S1O
114,FC5,193,-1.099,S1O
114,FC5,194,-4.517,S1O
114,FC5,195,-8.423,S1O
114,FC5,196,-10.376,S1O
114,FC5,197,-10.376,S1O
114,FC5,198,-9.399,S1O
114,FC5,199,-8.911,S1O
114,FC5,200,-9.888,S1O
114,FC5,201,-12.817,S1O
114,FC5,202,-15.747,S1O
114,FC5,203,-18.188,S1O
114,FC5,204,-17.212,S1O
114,FC5,205,-15.747,S1O
114,FC5,206,-13.306,S1O
114,FC5,207,-12.817,S1O
114,FC5,208,-14.771,S1O
114,FC5,209,-17.700,S1O
114,FC5,210,-20.142,S1O
114,FC5,211,-20.630,S1O
114,FC5,212,-19.165,S1O
114,FC5,213,-17.212,S1O
114,FC5,214,-15.259,S1O
114,FC5,215,-15.259,S1O
114,FC5,216,-15.747,S1O
114,FC5,217,-16.235,S1O
114,FC5,218,-16.724,S1O
114,FC5,219,-17.212,S1O
114,FC5,220,-17.700,S1O
114,FC5,221,-17.212,S1O
114,FC5,222,-16.235,S1O
114,FC5,223,-14.771,S1O
114,FC5,224,-13.794,S1O
114,FC5,225,-13.794,S1O
114,FC5,226,-14.771,S1O
114,FC5,227,-16.724,S1O
114,FC5,228,-17.212,S1O
114,FC5,229,-16.235,S1O
114,FC5,230,-14.282,S1O
114,FC5,231,-12.329,S1O
114,FC5,232,-12.817,S1O
114,FC5,233,-15.747,S1O
114,FC5,234,-19.165,S1O
114,FC5,235,-21.118,S1O
114,FC5,236,-20.630,S1O
114,FC5,237,-17.700,S1O
114,FC5,238,-13.794,S1O
114,FC5,239,-10.376,S1O
114,FC5,240,-8.911,S1O
114,FC5,241,-8.423,S1O
114,FC5,242,-8.911,S1O
114,FC5,243,-9.399,S1O
114,FC5,244,-9.399,S1O
114,FC5,245,-9.399,S1O
114,FC5,246,-8.911,S1O
114,FC5,247,-8.911,S1O
114,FC5,248,-9.399,S1O
114,FC5,249,-10.376,S1O
114,FC5,250,-10.376,S1O
114,FC5,251,-9.888,S1O
114,FC5,252,-8.423,S1O
114,FC5,253,-7.935,S1O
114,FC5,254,-8.423,S1O
114,FC5,255,-9.399,S1O
114,FC2,0,-0.641,S1O
114,FC2,1,-0.153,S1O
114,FC2,2,1.312,S1O
114,FC2,3,1.801,S1O
114,FC2,4,1.801,S1O
114,FC2,5,1.312,S1O
114,FC2,6,0.336,S1O
114,FC2,7,0.336,S1O
114,FC2,8,0.824,S1O
114,FC2,9,1.801,S1O
114,FC2,10,3.265,S1O
114,FC2,11,3.265,S1O
114,FC2,12,2.777,S1O
114,FC2,13,2.289,S1O
114,FC2,14,1.312,S1O
114,FC2,15,1.312,S1O
114,FC2,16,2.289,S1O
114,FC2,17,3.754,S1O
114,FC2,18,4.730,S1O
114,FC2,19,4.730,S1O
114,FC2,20,3.265,S1O
114,FC2,21,1.312,S1O
114,FC2,22,-0.641,S1O
114,FC2,23,-1.129,S1O
114,FC2,24,-0.641,S1O
114,FC2,25,0.824,S1O
114,FC2,26,1.801,S1O
114,FC2,27,1.801,S1O
114,FC2,28,1.312,S1O
114,FC2,29,-0.153,S1O
114,FC2,30,-1.129,S1O
114,FC2,31,-1.617,S1O
114,FC2,32,-1.129,S1O
114,FC2,33,0.336,S1O
114,FC2,34,2.289,S1O
114,FC2,35,4.242,S1O
114,FC2,36,4.730,S1O
114,FC2,37,4.730,S1O
114,FC2,38,3.754,S1O
114,FC2,39,2.777,S1O
114,FC2,40,2.777,S1O
114,FC2,41,3.265,S1O
114,FC2,42,4.242,S1O
114,FC2,43,4.730,S1O
114,FC2,44,4.242,S1O
114,FC2,45,3.754,S1O
114,FC2,46,2.777,S1O
114,FC2,47,2.289,S1O
114,FC2,48,1.801,S1O
114,FC2,49,1.801,S1O
114,FC2,50,1.801,S1O
114,FC2,51,1.312,S1O
114,FC2,52,0.824,S1O
114,FC2,53,0.336,S1O
114,FC2,54,-0.641,S1O
114,FC2,55,-1.617,S1O
114,FC2,56,-2.594,S1O
114,FC2,57,-3.571,S1O
114,FC2,58,-4.059,S1O
114,FC2,59,-3.571,S1O
114,FC2,60,-3.082,S1O
114,FC2,61,-2.106,S1O
114,FC2,62,-2.106,S1O
114,FC2,63,-2.106,S1O
114,FC2,64,-2.594,S1O
114,FC2,65,-2.594,S1O
114,FC2,66,-1.617,S1O
114,FC2,67,-1.129,S1O
114,FC2,68,-0.153,S1O
114,FC2,69,0.336,S1O
114,FC2,70,0.824,S1O
114,FC2,71,0.336,S1O
114,FC2,72,0.824,S1O
114,FC2,73,1.312,S1O
114,FC2,74,1.801,S1O
114,FC2,75,2.289,S1O
114,FC2,76,2.289,S1O
114,FC2,77,1.801,S1O
114,FC2,78,1.801,S1O
114,FC2,79,1.801,S1O
114,FC2,80,1.801,S1O
114,FC2,81,2.289,S1O
114,FC2,82,2.777,S1O
114,FC2,83,3.265,S1O
114,FC2,84,3.265,S1O
114,FC2,85,2.777,S1O
114,FC2,86,2.777,S1O
114,FC2,87,2.777,S1O
114,FC2,88,2.289,S1O
114,FC2,89,1.801,S1O
114,FC2,90,1.312,S1O
114,FC2,91,0.336,S1O
114,FC2,92,-0.153,S1O
114,FC2,93,-0.641,S1O
114,FC2,94,-0.641,S1O
114,FC2,95,-0.153,S1O
114,FC2,96,0.824,S1O
114,FC2,97,1.801,S1O
114,FC2,98,2.289,S1O
114,FC2,99,2.289,S1O
114,FC2,100,1.801,S1O
114,FC2,101,0.824,S1O
114,FC2,102,-0.153,S1O
114,FC2,103,-0.153,S1O
114,FC2,104,0.336,S1O
114,FC2,105,1.312,S1O
114,FC2,106,1.801,S1O
114,FC2,107,1.801,S1O
114,FC2,108,1.312,S1O
114,FC2,109,0.824,S1O
114,FC2,110,0.824,S1O
114,FC2,111,1.312,S1O
114,FC2,112,1.801,S1O
114,FC2,113,1.801,S1O
114,FC2,114,0.824,S1O
114,FC2,115,0.336,S1O
114,FC2,116,-0.641,S1O
114,FC2,117,-1.129,S1O
114,FC2,118,-0.641,S1O
114,FC2,119,-0.153,S1O
114,FC2,120,0.336,S1O
114,FC2,121,0.824,S1O
114,FC2,122,1.312,S1O
114,FC2,123,1.312,S1O
114,FC2,124,0.824,S1O
114,FC2,125,0.336,S1O
114,FC2,126,-0.641,S1O
114,FC2,127,-0.641,S1O
114,FC2,128,-0.641,S1O
114,FC2,129,-0.641,S1O
114,FC2,130,-1.129,S1O
114,FC2,131,-1.129,S1O
114,FC2,132,-1.617,S1O
114,FC2,133,-1.129,S1O
114,FC2,134,-0.153,S1O
114,FC2,135,0.336,S1O
114,FC2,136,0.824,S1O
114,FC2,137,0.336,S1O
114,FC2,138,-0.641,S1O
114,FC2,139,-1.617,S1O
114,FC2,140,-2.106,S1O
114,FC2,141,-2.106,S1O
114,FC2,142,-2.106,S1O
114,FC2,143,-3.082,S1O
114,FC2,144,-4.059,S1O
114,FC2,145,-4.547,S1O
114,FC2,146,-4.059,S1O
114,FC2,147,-2.594,S1O
114,FC2,148,-1.129,S1O
114,FC2,149,-0.153,S1O
114,FC2,150,-0.641,S1O
114,FC2,151,-1.617,S1O
114,FC2,152,-3.082,S1O
114,FC2,153,-3.571,S1O
114,FC2,154,-3.571,S1O
114,FC2,155,-3.571,S1O
114,FC2,156,-3.082,S1O
114,FC2,157,-3.571,S1O
114,FC2,158,-4.059,S1O
114,FC2,159,-5.035,S1O
114,FC2,160,-5.524,S1O
114,FC2,161,-5.524,S1O
114,FC2,162,-5.035,S1O
114,FC2,163,-4.059,S1O
114,FC2,164,-3.571,S1O
114,FC2,165,-3.082,S1O
114,FC2,166,-4.059,S1O
114,FC2,167,-5.035,S1O
114,FC2,168,-5.524,S1O
114,FC2,169,-5.524,S1O
114,FC2,170,-4.547,S1O
114,FC2,171,-2.594,S1O
114,FC2,172,-1.129,S1O
114,FC2,173,-1.129,S1O
114,FC2,174,-2.106,S1O
114,FC2,175,-3.082,S1O
114,FC2,176,-3.571,S1O
114,FC2,177,-3.082,S1O
114,FC2,178,-2.594,S1O
114,FC2,179,-2.106,S1O
114,FC2,180,-2.594,S1O
114,FC2,181,-4.059,S1O
114,FC2,182,-5.035,S1O
114,FC2,183,-5.524,S1O
114,FC2,184,-4.547,S1O
114,FC2,185,-3.571,S1O
114,FC2,186,-2.106,S1O
114,FC2,187,-1.617,S1O
114,FC2,188,-2.106,S1O
114,FC2,189,-2.594,S1O
114,FC2,190,-3.082,S1O
114,FC2,191,-2.594,S1O
114,FC2,192,-2.106,S1O
114,FC2,193,-1.129,S1O
114,FC2,194,-1.129,S1O
114,FC2,195,-1.617,S1O
114,FC2,196,-2.594,S1O
114,FC2,197,-3.082,S1O
114,FC2,198,-2.594,S1O
114,FC2,199,-2.106,S1O
114,FC2,200,-1.129,S1O
114,FC2,201,-0.641,S1O
114,FC2,202,-0.641,S1O
114,FC2,203,-1.129,S1O
114,FC2,204,-1.617,S1O
114,FC2,205,-1.129,S1O
114,FC2,206,-0.641,S1O
114,FC2,207,0.336,S1O
114,FC2,208,-0.153,S1O
114,FC2,209,-1.617,S1O
114,FC2,210,-4.059,S1O
114,FC2,211,-6.012,S1O
114,FC2,212,-6.989,S1O
114,FC2,213,-6.500,S1O
114,FC2,214,-5.035,S1O
114,FC2,215,-3.082,S1O
114,FC2,216,-1.617,S1O
114,FC2,217,-1.617,S1O
114,FC2,218,-2.106,S1O
114,FC2,219,-2.594,S1O
114,FC2,220,-3.571,S1O
114,FC2,221,-3.082,S1O
114,FC2,222,-2.106,S1O
114,FC2,223,-1.617,S1O
114,FC2,224,-1.617,S1O
114,FC2,225,-2.106,S1O
114,FC2,226,-3.082,S1O
114,FC2,227,-4.059,S1O
114,FC2,228,-4.059,S1O
114,FC2,229,-4.059,S1O
114,FC2,230,-3.571,S1O
114,FC2,231,-2.594,S1O
114,FC2,232,-2.594,S1O
114,FC2,233,-2.594,S1O
114,FC2,234,-3.082,S1O
114,FC2,235,-3.571,S1O
114,FC2,236,-3.571,S1O
114,FC2,237,-3.082,S1O
114,FC2,238,-2.106,S1O
114,FC2,239,-1.129,S1O
114,FC2,240,-0.641,S1O
114,FC2,241,-1.129,S1O
114,FC2,242,-1.617,S1O
114,FC2,243,-2.594,S1O
114,FC2,244,-3.571,S1O
114,FC2,245,-4.059,S1O
114,FC2,246,-3.571,S1O
114,FC2,247,-2.594,S1O
114,FC2,248,-2.594,S1O
114,FC2,249,-2.594,S1O
114,FC2,250,-3.571,S1O
114,FC2,251,-4.547,S1O
114,FC2,252,-5.035,S1O
114,FC2,253,-5.524,S1O
114,FC2,254,-5.035,S1O
114,FC2,255,-5.035,S1O
114,FC1,0,-1.526,S1O
114,FC1,1,-1.526,S1O
114,FC1,2,-1.526,S1O
114,FC1,3,-0.549,S1O
114,FC1,4,-0.061,S1O
114,FC1,5,-0.061,S1O
114,FC1,6,-0.549,S1O
114,FC1,7,-1.038,S1O
114,FC1,8,-1.038,S1O
114,FC1,9,-0.549,S1O
114,FC1,10,0.427,S1O
114,FC1,11,1.404,S1O
114,FC1,12,1.404,S1O
114,FC1,13,0.427,S1O
114,FC1,14,-0.549,S1O
114,FC1,15,-1.526,S1O
114,FC1,16,-1.526,S1O
114,FC1,17,-1.038,S1O
114,FC1,18,-0.549,S1O
114,FC1,19,-0.061,S1O
114,FC1,20,-1.038,S1O
114,FC1,21,-2.502,S1O
114,FC1,22,-3.967,S1O
114,FC1,23,-4.456,S1O
114,FC1,24,-4.456,S1O
114,FC1,25,-2.991,S1O
114,FC1,26,-2.014,S1O
114,FC1,27,-2.014,S1O
114,FC1,28,-2.991,S1O
114,FC1,29,-4.456,S1O
114,FC1,30,-5.920,S1O
114,FC1,31,-5.920,S1O
114,FC1,32,-4.944,S1O
114,FC1,33,-2.991,S1O
114,FC1,34,-1.038,S1O
114,FC1,35,-0.549,S1O
114,FC1,36,-0.549,S1O
114,FC1,37,-1.038,S1O
114,FC1,38,-1.526,S1O
114,FC1,39,-1.526,S1O
114,FC1,40,-0.549,S1O
114,FC1,41,0.427,S1O
114,FC1,42,1.404,S1O
114,FC1,43,1.892,S1O
114,FC1,44,1.892,S1O
114,FC1,45,1.892,S1O
114,FC1,46,1.404,S1O
114,FC1,47,0.916,S1O
114,FC1,48,-0.061,S1O
114,FC1,49,-1.038,S1O
114,FC1,50,-2.014,S1O
114,FC1,51,-2.502,S1O
114,FC1,52,-2.502,S1O
114,FC1,53,-2.502,S1O
114,FC1,54,-2.014,S1O
114,FC1,55,-2.991,S1O
114,FC1,56,-4.456,S1O
114,FC1,57,-5.920,S1O
114,FC1,58,-6.409,S1O
114,FC1,59,-5.920,S1O
114,FC1,60,-4.944,S1O
114,FC1,61,-4.456,S1O
114,FC1,62,-4.456,S1O
114,FC1,63,-4.944,S1O
114,FC1,64,-5.920,S1O
114,FC1,65,-5.920,S1O
114,FC1,66,-5.920,S1O
114,FC1,67,-4.944,S1O
114,FC1,68,-4.456,S1O
114,FC1,69,-3.967,S1O
114,FC1,70,-4.456,S1O
114,FC1,71,-4.456,S1O
114,FC1,72,-4.456,S1O
114,FC1,73,-3.479,S1O
114,FC1,74,-2.991,S1O
114,FC1,75,-2.502,S1O
114,FC1,76,-2.991,S1O
114,FC1,77,-3.479,S1O
114,FC1,78,-4.456,S1O
114,FC1,79,-4.944,S1O
114,FC1,80,-4.944,S1O
114,FC1,81,-4.944,S1O
114,FC1,82,-4.456,S1O
114,FC1,83,-3.479,S1O
114,FC1,84,-2.991,S1O
114,FC1,85,-2.502,S1O
114,FC1,86,-2.014,S1O
114,FC1,87,-2.014,S1O
114,FC1,88,-2.014,S1O
114,FC1,89,-2.014,S1O
114,FC1,90,-2.014,S1O
114,FC1,91,-2.014,S1O
114,FC1,92,-2.991,S1O
114,FC1,93,-4.456,S1O
114,FC1,94,-5.920,S1O
114,FC1,95,-6.409,S1O
114,FC1,96,-6.897,S1O
114,FC1,97,-6.409,S1O
114,FC1,98,-5.432,S1O
114,FC1,99,-4.944,S1O
114,FC1,100,-4.944,S1O
114,FC1,101,-5.432,S1O
114,FC1,102,-5.432,S1O
114,FC1,103,-5.432,S1O
114,FC1,104,-4.944,S1O
114,FC1,105,-4.456,S1O
114,FC1,106,-3.479,S1O
114,FC1,107,-2.502,S1O
114,FC1,108,-2.502,S1O
114,FC1,109,-2.502,S1O
114,FC1,110,-2.502,S1O
114,FC1,111,-2.014,S1O
114,FC1,112,-1.526,S1O
114,FC1,113,-1.038,S1O
114,FC1,114,-1.038,S1O
114,FC1,115,-1.526,S1O
114,FC1,116,-2.502,S1O
114,FC1,117,-2.991,S1O
114,FC1,118,-3.479,S1O
114,FC1,119,-3.967,S1O
114,FC1,120,-3.967,S1O
114,FC1,121,-3.479,S1O
114,FC1,122,-3.479,S1O
114,FC1,123,-2.991,S1O
114,FC1,124,-2.991,S1O
114,FC1,125,-2.991,S1O
114,FC1,126,-2.991,S1O
114,FC1,127,-3.479,S1O
114,FC1,128,-3.479,S1O
114,FC1,129,-3.479,S1O
114,FC1,130,-3.479,S1O
114,FC1,131,-2.991,S1O
114,FC1,132,-2.502,S1O
114,FC1,133,-2.502,S1O
114,FC1,134,-2.502,S1O
114,FC1,135,-2.991,S1O
114,FC1,136,-3.479,S1O
114,FC1,137,-3.967,S1O
114,FC1,138,-4.456,S1O
114,FC1,139,-4.456,S1O
114,FC1,140,-4.456,S1O
114,FC1,141,-3.967,S1O
114,FC1,142,-3.479,S1O
114,FC1,143,-3.479,S1O
114,FC1,144,-3.479,S1O
114,FC1,145,-3.479,S1O
114,FC1,146,-2.991,S1O
114,FC1,147,-2.014,S1O
114,FC1,148,-1.526,S1O
114,FC1,149,-0.549,S1O
114,FC1,150,-0.549,S1O
114,FC1,151,-1.526,S1O
114,FC1,152,-2.014,S1O
114,FC1,153,-2.991,S1O
114,FC1,154,-2.502,S1O
114,FC1,155,-1.526,S1O
114,FC1,156,-1.038,S1O
114,FC1,157,-1.038,S1O
114,FC1,158,-2.014,S1O
114,FC1,159,-3.479,S1O
114,FC1,160,-4.944,S1O
114,FC1,161,-4.944,S1O
114,FC1,162,-4.456,S1O
114,FC1,163,-3.479,S1O
114,FC1,164,-2.991,S1O
114,FC1,165,-2.991,S1O
114,FC1,166,-3.479,S1O
114,FC1,167,-4.456,S1O
114,FC1,168,-4.456,S1O
114,FC1,169,-3.479,S1O
114,FC1,170,-2.991,S1O
114,FC1,171,-2.014,S1O
114,FC1,172,-2.014,S1O
114,FC1,173,-2.502,S1O
114,FC1,174,-3.479,S1O
114,FC1,175,-4.944,S1O
114,FC1,176,-4.944,S1O
114,FC1,177,-4.456,S1O
114,FC1,178,-3.479,S1O
114,FC1,179,-3.479,S1O
114,FC1,180,-3.967,S1O
114,FC1,181,-4.456,S1O
114,FC1,182,-4.456,S1O
114,FC1,183,-3.479,S1O
114,FC1,184,-2.014,S1O
114,FC1,185,-0.549,S1O
114,FC1,186,0.427,S1O
114,FC1,187,-0.061,S1O
114,FC1,188,-1.038,S1O
114,FC1,189,-1.526,S1O
114,FC1,190,-2.014,S1O
114,FC1,191,-1.526,S1O
114,FC1,192,-1.038,S1O
114,FC1,193,-0.549,S1O
114,FC1,194,-1.038,S1O
114,FC1,195,-2.502,S1O
114,FC1,196,-3.967,S1O
114,FC1,197,-4.944,S1O
114,FC1,198,-4.944,S1O
114,FC1,199,-4.456,S1O
114,FC1,200,-4.456,S1O
114,FC1,201,-3.967,S1O
114,FC1,202,-4.456,S1O
114,FC1,203,-4.944,S1O
114,FC1,204,-4.456,S1O
114,FC1,205,-4.456,S1O
114,FC1,206,-3.479,S1O
114,FC1,207,-2.991,S1O
114,FC1,208,-3.479,S1O
114,FC1,209,-4.456,S1O
114,FC1,210,-6.409,S1O
114,FC1,211,-7.385,S1O
114,FC1,212,-7.874,S1O
114,FC1,213,-7.385,S1O
114,FC1,214,-6.409,S1O
114,FC1,215,-5.432,S1O
114,FC1,216,-4.944,S1O
114,FC1,217,-5.432,S1O
114,FC1,218,-5.920,S1O
114,FC1,219,-6.897,S1O
114,FC1,220,-6.897,S1O
114,FC1,221,-6.409,S1O
114,FC1,222,-5.920,S1O
114,FC1,223,-5.432,S1O
114,FC1,224,-5.432,S1O
114,FC1,225,-6.409,S1O
114,FC1,226,-6.897,S1O
114,FC1,227,-7.874,S1O
114,FC1,228,-7.385,S1O
114,FC1,229,-6.409,S1O
114,FC1,230,-4.456,S1O
114,FC1,231,-2.991,S1O
114,FC1,232,-2.502,S1O
114,FC1,233,-2.502,S1O
114,FC1,234,-3.479,S1O
114,FC1,235,-4.456,S1O
114,FC1,236,-4.944,S1O
114,FC1,237,-4.456,S1O
114,FC1,238,-3.479,S1O
114,FC1,239,-2.502,S1O
114,FC1,240,-2.502,S1O
114,FC1,241,-2.991,S1O
114,FC1,242,-4.456,S1O
114,FC1,243,-4.944,S1O
114,FC1,244,-5.432,S1O
114,FC1,245,-4.944,S1O
114,FC1,246,-3.479,S1O
114,FC1,247,-2.991,S1O
114,FC1,248,-2.502,S1O
114,FC1,249,-2.991,S1O
114,FC1,250,-2.991,S1O
114,FC1,251,-3.479,S1O
114,FC1,252,-4.456,S1O
114,FC1,253,-4.456,S1O
114,FC1,254,-4.944,S1O
114,FC1,255,-5.432,S1O
114,T8,0,-4.323,S1O
114,T8,1,-4.323,S1O
114,T8,2,-3.835,S1O
114,T8,3,-3.347,S1O
114,T8,4,-3.835,S1O
114,T8,5,-4.323,S1O
114,T8,6,-4.323,S1O
114,T8,7,-4.323,S1O
114,T8,8,-3.835,S1O
114,T8,9,-2.858,S1O
114,T8,10,-1.394,S1O
114,T8,11,0.071,S1O
114,T8,12,1.536,S1O
114,T8,13,1.536,S1O
114,T8,14,1.048,S1O
114,T8,15,-0.417,S1O
114,T8,16,-0.905,S1O
114,T8,17,-1.394,S1O
114,T8,18,-1.394,S1O
114,T8,19,-1.394,S1O
114,T8,20,-1.882,S1O
114,T8,21,-2.370,S1O
114,T8,22,-2.858,S1O
114,T8,23,-2.370,S1O
114,T8,24,-1.394,S1O
114,T8,25,-0.905,S1O
114,T8,26,-1.882,S1O
114,T8,27,-3.835,S1O
114,T8,28,-6.765,S1O
114,T8,29,-9.694,S1O
114,T8,30,-12.136,S1O
114,T8,31,-12.624,S1O
114,T8,32,-11.648,S1O
114,T8,33,-9.206,S1O
114,T8,34,-6.276,S1O
114,T8,35,-4.323,S1O
114,T8,36,-3.835,S1O
114,T8,37,-4.812,S1O
114,T8,38,-7.253,S1O
114,T8,39,-9.694,S1O
114,T8,40,-11.159,S1O
114,T8,41,-11.159,S1O
114,T8,42,-10.671,S1O
114,T8,43,-10.671,S1O
114,T8,44,-12.136,S1O
114,T8,45,-14.089,S1O
114,T8,46,-16.530,S1O
114,T8,47,-17.507,S1O
114,T8,48,-17.019,S1O
114,T8,49,-15.554,S1O
114,T8,50,-13.601,S1O
114,T8,51,-11.159,S1O
114,T8,52,-8.230,S1O
114,T8,53,-5.300,S1O
114,T8,54,-3.835,S1O
114,T8,55,-3.347,S1O
114,T8,56,-4.323,S1O
114,T8,57,-4.812,S1O
114,T8,58,-4.323,S1O
114,T8,59,-2.370,S1O
114,T8,60,0.071,S1O
114,T8,61,1.536,S1O
114,T8,62,2.024,S1O
114,T8,63,1.048,S1O
114,T8,64,0.559,S1O
114,T8,65,1.536,S1O
114,T8,66,3.489,S1O
114,T8,67,5.931,S1O
114,T8,68,6.419,S1O
114,T8,69,4.466,S1O
114,T8,70,1.536,S1O
114,T8,71,-0.905,S1O
114,T8,72,-2.858,S1O
114,T8,73,-4.323,S1O
114,T8,74,-5.788,S1O
114,T8,75,-8.718,S1O
114,T8,76,-11.159,S1O
114,T8,77,-11.648,S1O
114,T8,78,-9.694,S1O
114,T8,79,-5.788,S1O
114,T8,80,-2.370,S1O
114,T8,81,-1.394,S1O
114,T8,82,-1.882,S1O
114,T8,83,-3.347,S1O
114,T8,84,-3.835,S1O
114,T8,85,-2.370,S1O
114,T8,86,-0.417,S1O
114,T8,87,0.071,S1O
114,T8,88,-0.905,S1O
114,T8,89,-2.370,S1O
114,T8,90,-3.347,S1O
114,T8,91,-3.347,S1O
114,T8,92,-2.858,S1O
114,T8,93,-2.370,S1O
114,T8,94,-1.394,S1O
114,T8,95,-0.417,S1O
114,T8,96,1.048,S1O
114,T8,97,3.001,S1O
114,T8,98,4.466,S1O
114,T8,99,4.466,S1O
114,T8,100,3.489,S1O
114,T8,101,3.001,S1O
114,T8,102,3.489,S1O
114,T8,103,4.954,S1O
114,T8,104,6.419,S1O
114,T8,105,5.931,S1O
114,T8,106,4.954,S1O
114,T8,107,3.001,S1O
114,T8,108,1.536,S1O
114,T8,109,0.559,S1O
114,T8,110,1.048,S1O
114,T8,111,1.048,S1O
114,T8,112,0.071,S1O
114,T8,113,-0.417,S1O
114,T8,114,-0.417,S1O
114,T8,115,1.048,S1O
114,T8,116,3.001,S1O
114,T8,117,4.466,S1O
114,T8,118,4.954,S1O
114,T8,119,3.977,S1O
114,T8,120,2.513,S1O
114,T8,121,2.024,S1O
114,T8,122,1.536,S1O
114,T8,123,1.048,S1O
114,T8,124,0.071,S1O
114,T8,125,-1.394,S1O
114,T8,126,-3.347,S1O
114,T8,127,-4.323,S1O
114,T8,128,-4.323,S1O
114,T8,129,-4.812,S1O
114,T8,130,-5.788,S1O
114,T8,131,-6.276,S1O
114,T8,132,-6.765,S1O
114,T8,133,-5.788,S1O
114,T8,134,-4.323,S1O
114,T8,135,-2.858,S1O
114,T8,136,-1.882,S1O
114,T8,137,-1.882,S1O
114,T8,138,-1.882,S1O
114,T8,139,-1.394,S1O
114,T8,140,-1.394,S1O
114,T8,141,-1.882,S1O
114,T8,142,-3.835,S1O
114,T8,143,-6.765,S1O
114,T8,144,-9.694,S1O
114,T8,145,-11.159,S1O
114,T8,146,-10.671,S1O
114,T8,147,-9.206,S1O
114,T8,148,-7.741,S1O
114,T8,149,-7.253,S1O
114,T8,150,-7.741,S1O
114,T8,151,-7.741,S1O
114,T8,152,-7.741,S1O
114,T8,153,-7.253,S1O
114,T8,154,-6.765,S1O
114,T8,155,-6.765,S1O
114,T8,156,-6.765,S1O
114,T8,157,-6.276,S1O
114,T8,158,-6.765,S1O
114,T8,159,-6.765,S1O
114,T8,160,-7.741,S1O
114,T8,161,-8.718,S1O
114,T8,162,-8.718,S1O
114,T8,163,-9.206,S1O
114,T8,164,-9.694,S1O
114,T8,165,-11.159,S1O
114,T8,166,-13.112,S1O
114,T8,167,-16.042,S1O
114,T8,168,-17.507,S1O
114,T8,169,-17.507,S1O
114,T8,170,-16.042,S1O
114,T8,171,-13.601,S1O
114,T8,172,-12.136,S1O
114,T8,173,-11.648,S1O
114,T8,174,-11.159,S1O
114,T8,175,-10.671,S1O
114,T8,176,-9.206,S1O
114,T8,177,-7.741,S1O
114,T8,178,-7.253,S1O
114,T8,179,-8.230,S1O
114,T8,180,-9.694,S1O
114,T8,181,-11.159,S1O
114,T8,182,-11.648,S1O
114,T8,183,-10.671,S1O
114,T8,184,-9.694,S1O
114,T8,185,-8.718,S1O
114,T8,186,-8.718,S1O
114,T8,187,-8.718,S1O
114,T8,188,-8.230,S1O
114,T8,189,-6.765,S1O
114,T8,190,-4.812,S1O
114,T8,191,-4.323,S1O
114,T8,192,-4.812,S1O
114,T8,193,-6.765,S1O
114,T8,194,-8.230,S1O
114,T8,195,-9.206,S1O
114,T8,196,-8.230,S1O
114,T8,197,-6.276,S1O
114,T8,198,-3.835,S1O
114,T8,199,-1.882,S1O
114,T8,200,-1.882,S1O
114,T8,201,-3.347,S1O
114,T8,202,-5.300,S1O
114,T8,203,-7.253,S1O
114,T8,204,-9.206,S1O
114,T8,205,-9.694,S1O
114,T8,206,-9.694,S1O
114,T8,207,-9.206,S1O
114,T8,208,-9.206,S1O
114,T8,209,-10.183,S1O
114,T8,210,-12.136,S1O
114,T8,211,-14.577,S1O
114,T8,212,-16.530,S1O
114,T8,213,-17.019,S1O
114,T8,214,-15.554,S1O
114,T8,215,-13.112,S1O
114,T8,216,-11.159,S1O
114,T8,217,-10.671,S1O
114,T8,218,-12.136,S1O
114,T8,219,-13.601,S1O
114,T8,220,-14.577,S1O
114,T8,221,-13.601,S1O
114,T8,222,-10.671,S1O
114,T8,223,-8.230,S1O
114,T8,224,-6.765,S1O
114,T8,225,-7.253,S1O
114,T8,226,-9.206,S1O
114,T8,227,-10.671,S1O
114,T8,228,-11.159,S1O
114,T8,229,-11.648,S1O
114,T8,230,-12.624,S1O
114,T8,231,-15.554,S1O
114,T8,232,-19.460,S1O
114,T8,233,-23.855,S1O
114,T8,234,-26.296,S1O
114,T8,235,-26.296,S1O
114,T8,236,-24.343,S1O
114,T8,237,-20.437,S1O
114,T8,238,-17.507,S1O
114,T8,239,-14.577,S1O
114,T8,240,-13.601,S1O
114,T8,241,-13.112,S1O
114,T8,242,-13.601,S1O
114,T8,243,-14.577,S1O
114,T8,244,-16.042,S1O
114,T8,245,-17.019,S1O
114,T8,246,-17.019,S1O
114,T8,247,-16.530,S1O
114,T8,248,-15.554,S1O
114,T8,249,-14.577,S1O
114,T8,250,-14.577,S1O
114,T8,251,-15.066,S1O
114,T8,252,-16.042,S1O
114,T8,253,-16.042,S1O
114,T8,254,-15.554,S1O
114,T8,255,-14.089,S1O
114,T7,0,-6.002,S1O
114,T7,1,-6.978,S1O
114,T7,2,-7.467,S1O
114,T7,3,-7.955,S1O
114,T7,4,-7.467,S1O
114,T7,5,-6.978,S1O
114,T7,6,-6.978,S1O
114,T7,7,-6.978,S1O
114,T7,8,-8.443,S1O
114,T7,9,-9.908,S1O
114,T7,10,-9.908,S1O
114,T7,11,-7.955,S1O
114,T7,12,-5.025,S1O
114,T7,13,-2.096,S1O
114,T7,14,-1.119,S1O
114,T7,15,-2.096,S1O
114,T7,16,-4.537,S1O
114,T7,17,-7.467,S1O
114,T7,18,-8.931,S1O
114,T7,19,-8.931,S1O
114,T7,20,-7.955,S1O
114,T7,21,-7.955,S1O
114,T7,22,-9.908,S1O
114,T7,23,-12.349,S1O
114,T7,24,-14.303,S1O
114,T7,25,-13.326,S1O
114,T7,26,-9.908,S1O
114,T7,27,-6.978,S1O
114,T7,28,-6.490,S1O
114,T7,29,-9.420,S1O
114,T7,30,-13.814,S1O
114,T7,31,-17.721,S1O
114,T7,32,-17.721,S1O
114,T7,33,-14.791,S1O
114,T7,34,-10.885,S1O
114,T7,35,-8.931,S1O
114,T7,36,-9.908,S1O
114,T7,37,-13.814,S1O
114,T7,38,-16.744,S1O
114,T7,39,-17.721,S1O
114,T7,40,-15.279,S1O
114,T7,41,-12.349,S1O
114,T7,42,-10.885,S1O
114,T7,43,-10.885,S1O
114,T7,44,-12.349,S1O
114,T7,45,-13.814,S1O
114,T7,46,-13.326,S1O
114,T7,47,-12.838,S1O
114,T7,48,-12.349,S1O
114,T7,49,-11.861,S1O
114,T7,50,-11.373,S1O
114,T7,51,-8.931,S1O
114,T7,52,-5.025,S1O
114,T7,53,-1.607,S1O
114,T7,54,0.346,S1O
114,T7,55,-0.631,S1O
114,T7,56,-2.096,S1O
114,T7,57,-3.560,S1O
114,T7,58,-3.072,S1O
114,T7,59,-1.119,S1O
114,T7,60,0.346,S1O
114,T7,61,-0.142,S1O
114,T7,62,-1.607,S1O
114,T7,63,-3.560,S1O
114,T7,64,-5.025,S1O
114,T7,65,-5.025,S1O
114,T7,66,-5.025,S1O
114,T7,67,-6.002,S1O
114,T7,68,-7.467,S1O
114,T7,69,-9.420,S1O
114,T7,70,-11.373,S1O
114,T7,71,-13.326,S1O
114,T7,72,-14.303,S1O
114,T7,73,-15.279,S1O
114,T7,74,-16.744,S1O
114,T7,75,-18.209,S1O
114,T7,76,-19.674,S1O
114,T7,77,-19.674,S1O
114,T7,78,-19.185,S1O
114,T7,79,-18.697,S1O
114,T7,80,-18.209,S1O
114,T7,81,-18.697,S1O
114,T7,82,-19.674,S1O
114,T7,83,-20.162,S1O
114,T7,84,-20.162,S1O
114,T7,85,-18.697,S1O
114,T7,86,-16.744,S1O
114,T7,87,-14.303,S1O
114,T7,88,-12.349,S1O
114,T7,89,-11.373,S1O
114,T7,90,-9.908,S1O
114,T7,91,-8.931,S1O
114,T7,92,-8.443,S1O
114,T7,93,-8.931,S1O
114,T7,94,-9.908,S1O
114,T7,95,-10.885,S1O
114,T7,96,-12.349,S1O
114,T7,97,-12.349,S1O
114,T7,98,-12.349,S1O
114,T7,99,-11.861,S1O
114,T7,100,-11.861,S1O
114,T7,101,-11.373,S1O
114,T7,102,-11.373,S1O
114,T7,103,-9.908,S1O
114,T7,104,-9.420,S1O
114,T7,105,-8.931,S1O
114,T7,106,-9.420,S1O
114,T7,107,-10.885,S1O
114,T7,108,-10.885,S1O
114,T7,109,-10.396,S1O
114,T7,110,-9.420,S1O
114,T7,111,-8.931,S1O
114,T7,112,-9.420,S1O
114,T7,113,-10.885,S1O
114,T7,114,-11.861,S1O
114,T7,115,-11.373,S1O
114,T7,116,-8.931,S1O
114,T7,117,-6.978,S1O
114,T7,118,-6.002,S1O
114,T7,119,-6.978,S1O
114,T7,120,-8.931,S1O
114,T7,121,-10.885,S1O
114,T7,122,-11.861,S1O
114,T7,123,-11.861,S1O
114,T7,124,-12.349,S1O
114,T7,125,-13.326,S1O
114,T7,126,-14.303,S1O
114,T7,127,-14.791,S1O
114,T7,128,-13.814,S1O
114,T7,129,-11.861,S1O
114,T7,130,-9.908,S1O
114,T7,131,-9.908,S1O
114,T7,132,-11.861,S1O
114,T7,133,-13.814,S1O
114,T7,134,-14.791,S1O
114,T7,135,-14.303,S1O
114,T7,136,-12.349,S1O
114,T7,137,-10.396,S1O
114,T7,138,-9.420,S1O
114,T7,139,-9.420,S1O
114,T7,140,-10.396,S1O
114,T7,141,-10.885,S1O
114,T7,142,-11.373,S1O
114,T7,143,-11.373,S1O
114,T7,144,-9.908,S1O
114,T7,145,-7.955,S1O
114,T7,146,-5.025,S1O
114,T7,147,-2.584,S1O
114,T7,148,-1.607,S1O
114,T7,149,-2.096,S1O
114,T7,150,-3.072,S1O
114,T7,151,-3.560,S1O
114,T7,152,-2.584,S1O
114,T7,153,-0.142,S1O
114,T7,154,0.834,S1O
114,T7,155,0.346,S1O
114,T7,156,-3.072,S1O
114,T7,157,-6.978,S1O
114,T7,158,-9.908,S1O
114,T7,159,-10.885,S1O
114,T7,160,-10.885,S1O
114,T7,161,-10.396,S1O
114,T7,162,-9.908,S1O
114,T7,163,-10.396,S1O
114,T7,164,-10.396,S1O
114,T7,165,-10.396,S1O
114,T7,166,-11.373,S1O
114,T7,167,-12.838,S1O
114,T7,168,-14.303,S1O
114,T7,169,-15.279,S1O
114,T7,170,-15.279,S1O
114,T7,171,-13.814,S1O
114,T7,172,-13.326,S1O
114,T7,173,-14.303,S1O
114,T7,174,-16.256,S1O
114,T7,175,-18.209,S1O
114,T7,176,-17.721,S1O
114,T7,177,-15.279,S1O
114,T7,178,-12.349,S1O
114,T7,179,-11.373,S1O
114,T7,180,-12.349,S1O
114,T7,181,-14.791,S1O
114,T7,182,-16.256,S1O
114,T7,183,-15.767,S1O
114,T7,184,-13.814,S1O
114,T7,185,-11.373,S1O
114,T7,186,-8.443,S1O
114,T7,187,-6.490,S1O
114,T7,188,-5.025,S1O
114,T7,189,-3.072,S1O
114,T7,190,-1.607,S1O
114,T7,191,-2.096,S1O
114,T7,192,-4.537,S1O
114,T7,193,-8.443,S1O
114,T7,194,-11.861,S1O
114,T7,195,-13.814,S1O
114,T7,196,-13.814,S1O
114,T7,197,-12.349,S1O
114,T7,198,-11.373,S1O
114,T7,199,-12.349,S1O
114,T7,200,-15.767,S1O
114,T7,201,-20.162,S1O
114,T7,202,-24.556,S1O
114,T7,203,-26.510,S1O
114,T7,204,-26.510,S1O
114,T7,205,-24.556,S1O
114,T7,206,-22.115,S1O
114,T7,207,-21.627,S1O
114,T7,208,-22.115,S1O
114,T7,209,-23.580,S1O
114,T7,210,-24.556,S1O
114,T7,211,-23.580,S1O
114,T7,212,-21.627,S1O
114,T7,213,-20.162,S1O
114,T7,214,-19.674,S1O
114,T7,215,-20.162,S1O
114,T7,216,-20.650,S1O
114,T7,217,-20.650,S1O
114,T7,218,-21.139,S1O
114,T7,219,-22.115,S1O
114,T7,220,-23.580,S1O
114,T7,221,-25.045,S1O
114,T7,222,-25.533,S1O
114,T7,223,-24.068,S1O
114,T7,224,-22.603,S1O
114,T7,225,-22.603,S1O
114,T7,226,-23.092,S1O
114,T7,227,-25.045,S1O
114,T7,228,-25.533,S1O
114,T7,229,-24.068,S1O
114,T7,230,-22.603,S1O
114,T7,231,-22.115,S1O
114,T7,232,-24.556,S1O
114,T7,233,-28.463,S1O
114,T7,234,-31.392,S1O
114,T7,235,-32.857,S1O
114,T7,236,-30.904,S1O
114,T7,237,-27.486,S1O
114,T7,238,-22.603,S1O
114,T7,239,-18.209,S1O
114,T7,240,-14.303,S1O
114,T7,241,-11.861,S1O
114,T7,242,-10.885,S1O
114,T7,243,-10.885,S1O
114,T7,244,-12.349,S1O
114,T7,245,-13.326,S1O
114,T7,246,-12.838,S1O
114,T7,247,-12.349,S1O
114,T7,248,-12.349,S1O
114,T7,249,-12.838,S1O
114,T7,250,-14.791,S1O
114,T7,251,-16.256,S1O
114,T7,252,-17.721,S1O
114,T7,253,-18.209,S1O
114,T7,254,-18.697,S1O
114,T7,255,-18.697,S1O
114,CZ,0,-7.711,S1O
114,CZ,1,-9.176,S1O
114,CZ,2,-9.664,S1O
114,CZ,3,-9.176,S1O
114,CZ,4,-10.152,S1O
114,CZ,5,-11.129,S1O
114,CZ,6,-12.594,S1O
114,CZ,7,-14.058,S1O
114,CZ,8,-15.035,S1O
114,CZ,9,-15.035,S1O
114,CZ,10,-14.058,S1O
114,CZ,11,-12.105,S1O
114,CZ,12,-10.152,S1O
114,CZ,13,-9.176,S1O
114,CZ,14,-9.176,S1O
114,CZ,15,-11.129,S1O
114,CZ,16,-13.570,S1O
114,CZ,17,-14.547,S1O
114,CZ,18,-15.035,S1O
114,CZ,19,-14.547,S1O
114,CZ,20,-14.547,S1O
114,CZ,21,-16.500,S1O
114,CZ,22,-19.430,S1O
114,CZ,23,-21.871,S1O
114,CZ,24,-23.336,S1O
114,CZ,25,-22.847,S1O
114,CZ,26,-21.871,S1O
114,CZ,27,-22.359,S1O
114,CZ,28,-25.289,S1O
114,CZ,29,-29.683,S1O
114,CZ,30,-33.101,S1O
114,CZ,31,-34.078,S1O
114,CZ,32,-31.148,S1O
114,CZ,33,-26.265,S1O
114,CZ,34,-21.383,S1O
114,CZ,35,-17.965,S1O
114,CZ,36,-16.988,S1O
114,CZ,37,-18.453,S1O
114,CZ,38,-20.894,S1O
114,CZ,39,-23.336,S1O
114,CZ,40,-24.312,S1O
114,CZ,41,-23.336,S1O
114,CZ,42,-21.383,S1O
114,CZ,43,-19.918,S1O
114,CZ,44,-19.430,S1O
114,CZ,45,-19.918,S1O
114,CZ,46,-20.406,S1O
114,CZ,47,-20.406,S1O
114,CZ,48,-19.430,S1O
114,CZ,49,-17.476,S1O
114,CZ,50,-16.012,S1O
114,CZ,51,-13.570,S1O
114,CZ,52,-12.105,S1O
114,CZ,53,-10.152,S1O
114,CZ,54,-8.687,S1O
114,CZ,55,-8.687,S1O
114,CZ,56,-10.640,S1O
114,CZ,57,-12.594,S1O
114,CZ,58,-13.570,S1O
114,CZ,59,-12.105,S1O
114,CZ,60,-10.640,S1O
114,CZ,61,-10.152,S1O
114,CZ,62,-11.129,S1O
114,CZ,63,-12.594,S1O
114,CZ,64,-13.570,S1O
114,CZ,65,-12.105,S1O
114,CZ,66,-9.176,S1O
114,CZ,67,-7.222,S1O
114,CZ,68,-7.222,S1O
114,CZ,69,-10.640,S1O
114,CZ,70,-15.035,S1O
114,CZ,71,-18.453,S1O
114,CZ,72,-19.430,S1O
114,CZ,73,-17.965,S1O
114,CZ,74,-17.476,S1O
114,CZ,75,-19.918,S1O
114,CZ,76,-24.801,S1O
114,CZ,77,-29.683,S1O
114,CZ,78,-31.637,S1O
114,CZ,79,-29.195,S1O
114,CZ,80,-24.312,S1O
114,CZ,81,-20.406,S1O
114,CZ,82,-18.941,S1O
114,CZ,83,-18.941,S1O
114,CZ,84,-18.941,S1O
114,CZ,85,-17.476,S1O
114,CZ,86,-14.547,S1O
114,CZ,87,-11.617,S1O
114,CZ,88,-10.152,S1O
114,CZ,89,-10.152,S1O
114,CZ,90,-9.664,S1O
114,CZ,91,-8.687,S1O
114,CZ,92,-6.246,S1O
114,CZ,93,-4.293,S1O
114,CZ,94,-3.805,S1O
114,CZ,95,-4.781,S1O
114,CZ,96,-5.758,S1O
114,CZ,97,-5.269,S1O
114,CZ,98,-3.805,S1O
114,CZ,99,-1.851,S1O
114,CZ,100,-0.875,S1O
114,CZ,101,-1.851,S1O
114,CZ,102,-3.316,S1O
114,CZ,103,-3.805,S1O
114,CZ,104,-3.805,S1O
114,CZ,105,-2.340,S1O
114,CZ,106,-1.363,S1O
114,CZ,107,-1.851,S1O
114,CZ,108,-3.316,S1O
114,CZ,109,-5.758,S1O
114,CZ,110,-8.199,S1O
114,CZ,111,-10.152,S1O
114,CZ,112,-11.129,S1O
114,CZ,113,-12.105,S1O
114,CZ,114,-12.105,S1O
114,CZ,115,-11.129,S1O
114,CZ,116,-9.176,S1O
114,CZ,117,-8.199,S1O
114,CZ,118,-8.199,S1O
114,CZ,119,-10.152,S1O
114,CZ,120,-12.105,S1O
114,CZ,121,-13.082,S1O
114,CZ,122,-11.617,S1O
114,CZ,123,-9.176,S1O
114,CZ,124,-7.711,S1O
114,CZ,125,-7.711,S1O
114,CZ,126,-9.176,S1O
114,CZ,127,-10.640,S1O
114,CZ,128,-11.129,S1O
114,CZ,129,-10.152,S1O
114,CZ,130,-9.664,S1O
114,CZ,131,-10.640,S1O
114,CZ,132,-13.082,S1O
114,CZ,133,-14.547,S1O
114,CZ,134,-14.547,S1O
114,CZ,135,-11.129,S1O
114,CZ,136,-7.222,S1O
114,CZ,137,-3.805,S1O
114,CZ,138,-2.828,S1O
114,CZ,139,-2.828,S1O
114,CZ,140,-3.316,S1O
114,CZ,141,-2.828,S1O
114,CZ,142,-2.828,S1O
114,CZ,143,-3.316,S1O
114,CZ,144,-4.293,S1O
114,CZ,145,-5.269,S1O
114,CZ,146,-4.293,S1O
114,CZ,147,-1.851,S1O
114,CZ,148,2.055,S1O
114,CZ,149,4.985,S1O
114,CZ,150,6.938,S1O
114,CZ,151,7.426,S1O
114,CZ,152,6.449,S1O
114,CZ,153,5.961,S1O
114,CZ,154,5.473,S1O
114,CZ,155,5.473,S1O
114,CZ,156,4.985,S1O
114,CZ,157,3.520,S1O
114,CZ,158,1.078,S1O
114,CZ,159,-1.851,S1O
114,CZ,160,-3.805,S1O
114,CZ,161,-3.805,S1O
114,CZ,162,-2.340,S1O
114,CZ,163,-0.387,S1O
114,CZ,164,1.078,S1O
114,CZ,165,1.078,S1O
114,CZ,166,0.102,S1O
114,CZ,167,-1.363,S1O
114,CZ,168,-1.851,S1O
114,CZ,169,-0.387,S1O
114,CZ,170,2.543,S1O
114,CZ,171,5.961,S1O
114,CZ,172,8.403,S1O
114,CZ,173,8.403,S1O
114,CZ,174,5.473,S1O
114,CZ,175,2.055,S1O
114,CZ,176,-1.363,S1O
114,CZ,177,-3.316,S1O
114,CZ,178,-2.340,S1O
114,CZ,179,0.590,S1O
114,CZ,180,3.520,S1O
114,CZ,181,5.961,S1O
114,CZ,182,6.938,S1O
114,CZ,183,6.449,S1O
114,CZ,184,6.938,S1O
114,CZ,185,8.891,S1O
114,CZ,186,12.797,S1O
114,CZ,187,17.680,S1O
114,CZ,188,21.586,S1O
114,CZ,189,24.028,S1O
114,CZ,190,24.028,S1O
114,CZ,191,22.563,S1O
114,CZ,192,20.610,S1O
114,CZ,193,18.168,S1O
114,CZ,194,16.215,S1O
114,CZ,195,13.774,S1O
114,CZ,196,12.309,S1O
114,CZ,197,12.309,S1O
114,CZ,198,13.285,S1O
114,CZ,199,14.262,S1O
114,CZ,200,13.285,S1O
114,CZ,201,11.332,S1O
114,CZ,202,7.914,S1O
114,CZ,203,5.473,S1O
114,CZ,204,5.473,S1O
114,CZ,205,6.449,S1O
114,CZ,206,8.403,S1O
114,CZ,207,9.379,S1O
114,CZ,208,8.891,S1O
114,CZ,209,6.449,S1O
114,CZ,210,3.520,S1O
114,CZ,211,0.102,S1O
114,CZ,212,-2.828,S1O
114,CZ,213,-4.781,S1O
114,CZ,214,-5.269,S1O
114,CZ,215,-3.805,S1O
114,CZ,216,-1.363,S1O
114,CZ,217,0.590,S1O
114,CZ,218,0.590,S1O
114,CZ,219,-0.387,S1O
114,CZ,220,-1.363,S1O
114,CZ,221,-0.875,S1O
114,CZ,222,1.078,S1O
114,CZ,223,3.520,S1O
114,CZ,224,4.008,S1O
114,CZ,225,2.543,S1O
114,CZ,226,0.102,S1O
114,CZ,227,-1.851,S1O
114,CZ,228,-1.851,S1O
114,CZ,229,0.102,S1O
114,CZ,230,1.567,S1O
114,CZ,231,0.590,S1O
114,CZ,232,-2.828,S1O
114,CZ,233,-5.758,S1O
114,CZ,234,-6.734,S1O
114,CZ,235,-4.781,S1O
114,CZ,236,-1.363,S1O
114,CZ,237,2.543,S1O
114,CZ,238,4.985,S1O
114,CZ,239,5.961,S1O
114,CZ,240,4.985,S1O
114,CZ,241,4.008,S1O
114,CZ,242,3.031,S1O
114,CZ,243,2.055,S1O
114,CZ,244,2.055,S1O
114,CZ,245,2.543,S1O
114,CZ,246,3.520,S1O
114,CZ,247,4.985,S1O
114,CZ,248,6.938,S1O
114,CZ,249,8.403,S1O
114,CZ,250,10.356,S1O
114,CZ,251,11.332,S1O
114,CZ,252,11.820,S1O
114,CZ,253,11.820,S1O
114,CZ,254,10.844,S1O
114,CZ,255,9.867,S1O
114,C3,0,-3.642,S1O
114,C3,1,-5.107,S1O
114,C3,2,-5.107,S1O
114,C3,3,-4.130,S1O
114,C3,4,-3.642,S1O
114,C3,5,-3.642,S1O
114,C3,6,-4.130,S1O
114,C3,7,-5.107,S1O
114,C3,8,-5.107,S1O
114,C3,9,-3.642,S1O
114,C3,10,-1.689,S1O
114,C3,11,-0.224,S1O
114,C3,12,0.264,S1O
114,C3,13,-1.200,S1O
114,C3,14,-3.153,S1O
114,C3,15,-4.130,S1O
114,C3,16,-5.107,S1O
114,C3,17,-4.618,S1O
114,C3,18,-4.130,S1O
114,C3,19,-4.618,S1O
114,C3,20,-5.107,S1O
114,C3,21,-5.595,S1O
114,C3,22,-6.083,S1O
114,C3,23,-5.595,S1O
114,C3,24,-4.618,S1O
114,C3,25,-3.642,S1O
114,C3,26,-3.642,S1O
114,C3,27,-4.130,S1O
114,C3,28,-5.595,S1O
114,C3,29,-6.571,S1O
114,C3,30,-7.548,S1O
114,C3,31,-7.060,S1O
114,C3,32,-6.083,S1O
114,C3,33,-5.107,S1O
114,C3,34,-4.618,S1O
114,C3,35,-5.107,S1O
114,C3,36,-5.595,S1O
114,C3,37,-5.595,S1O
114,C3,38,-5.595,S1O
114,C3,39,-5.595,S1O
114,C3,40,-5.107,S1O
114,C3,41,-4.618,S1O
114,C3,42,-4.130,S1O
114,C3,43,-3.153,S1O
114,C3,44,-2.665,S1O
114,C3,45,-2.665,S1O
114,C3,46,-2.665,S1O
114,C3,47,-3.153,S1O
114,C3,48,-3.642,S1O
114,C3,49,-3.642,S1O
114,C3,50,-3.153,S1O
114,C3,51,-2.665,S1O
114,C3,52,-1.200,S1O
114,C3,53,0.264,S1O
114,C3,54,1.241,S1O
114,C3,55,1.729,S1O
114,C3,56,1.729,S1O
114,C3,57,0.753,S1O
114,C3,58,-0.224,S1O
114,C3,59,0.753,S1O
114,C3,60,1.729,S1O
114,C3,61,3.194,S1O
114,C3,62,3.682,S1O
114,C3,63,2.218,S1O
114,C3,64,0.264,S1O
114,C3,65,-1.200,S1O
114,C3,66,-1.200,S1O
114,C3,67,-0.712,S1O
114,C3,68,-0.224,S1O
114,C3,69,-1.200,S1O
114,C3,70,-2.665,S1O
114,C3,71,-4.130,S1O
114,C3,72,-5.107,S1O
114,C3,73,-5.107,S1O
114,C3,74,-4.618,S1O
114,C3,75,-4.618,S1O
114,C3,76,-5.595,S1O
114,C3,77,-6.083,S1O
114,C3,78,-6.083,S1O
114,C3,79,-6.083,S1O
114,C3,80,-6.083,S1O
114,C3,81,-6.571,S1O
114,C3,82,-7.060,S1O
114,C3,83,-8.036,S1O
114,C3,84,-8.036,S1O
114,C3,85,-7.060,S1O
114,C3,86,-6.083,S1O
114,C3,87,-5.107,S1O
114,C3,88,-4.130,S1O
114,C3,89,-3.642,S1O
114,C3,90,-3.642,S1O
114,C3,91,-3.153,S1O
114,C3,92,-3.153,S1O
114,C3,93,-3.153,S1O
114,C3,94,-4.130,S1O
114,C3,95,-5.107,S1O
114,C3,96,-6.571,S1O
114,C3,97,-7.548,S1O
114,C3,98,-7.548,S1O
114,C3,99,-6.571,S1O
114,C3,100,-6.083,S1O
114,C3,101,-5.595,S1O
114,C3,102,-6.083,S1O
114,C3,103,-6.083,S1O
114,C3,104,-6.083,S1O
114,C3,105,-5.595,S1O
114,C3,106,-5.107,S1O
114,C3,107,-4.618,S1O
114,C3,108,-4.130,S1O
114,C3,109,-5.107,S1O
114,C3,110,-5.107,S1O
114,C3,111,-4.618,S1O
114,C3,112,-3.642,S1O
114,C3,113,-2.665,S1O
114,C3,114,-2.177,S1O
114,C3,115,-2.177,S1O
114,C3,116,-2.177,S1O
114,C3,117,-2.665,S1O
114,C3,118,-3.153,S1O
114,C3,119,-3.642,S1O
114,C3,120,-4.130,S1O
114,C3,121,-5.107,S1O
114,C3,122,-6.083,S1O
114,C3,123,-6.083,S1O
114,C3,124,-5.107,S1O
114,C3,125,-4.130,S1O
114,C3,126,-3.153,S1O
114,C3,127,-3.153,S1O
114,C3,128,-4.130,S1O
114,C3,129,-5.107,S1O
114,C3,130,-5.107,S1O
114,C3,131,-5.107,S1O
114,C3,132,-4.618,S1O
114,C3,133,-5.595,S1O
114,C3,134,-6.571,S1O
114,C3,135,-8.525,S1O
114,C3,136,-9.013,S1O
114,C3,137,-8.525,S1O
114,C3,138,-7.060,S1O
114,C3,139,-6.083,S1O
114,C3,140,-5.595,S1O
114,C3,141,-5.595,S1O
114,C3,142,-5.595,S1O
114,C3,143,-4.618,S1O
114,C3,144,-3.153,S1O
114,C3,145,-1.689,S1O
114,C3,146,-1.200,S1O
114,C3,147,-1.689,S1O
114,C3,148,-2.177,S1O
114,C3,149,-2.177,S1O
114,C3,150,-1.200,S1O
114,C3,151,0.264,S1O
114,C3,152,0.264,S1O
114,C3,153,0.264,S1O
114,C3,154,-0.224,S1O
114,C3,155,-0.712,S1O
114,C3,156,-1.200,S1O
114,C3,157,-2.177,S1O
114,C3,158,-2.665,S1O
114,C3,159,-3.642,S1O
114,C3,160,-3.642,S1O
114,C3,161,-3.153,S1O
114,C3,162,-2.177,S1O
114,C3,163,-2.177,S1O
114,C3,164,-3.642,S1O
114,C3,165,-5.595,S1O
114,C3,166,-7.060,S1O
114,C3,167,-7.060,S1O
114,C3,168,-6.083,S1O
114,C3,169,-5.595,S1O
114,C3,170,-6.083,S1O
114,C3,171,-7.060,S1O
114,C3,172,-8.525,S1O
114,C3,173,-8.525,S1O
114,C3,174,-8.036,S1O
114,C3,175,-6.571,S1O
114,C3,176,-5.595,S1O
114,C3,177,-6.083,S1O
114,C3,178,-6.571,S1O
114,C3,179,-8.036,S1O
114,C3,180,-8.525,S1O
114,C3,181,-7.548,S1O
114,C3,182,-5.595,S1O
114,C3,183,-3.642,S1O
114,C3,184,-2.665,S1O
114,C3,185,-2.665,S1O
114,C3,186,-3.642,S1O
114,C3,187,-4.618,S1O
114,C3,188,-5.107,S1O
114,C3,189,-4.618,S1O
114,C3,190,-3.642,S1O
114,C3,191,-2.665,S1O
114,C3,192,-2.665,S1O
114,C3,193,-3.642,S1O
114,C3,194,-5.107,S1O
114,C3,195,-6.571,S1O
114,C3,196,-7.548,S1O
114,C3,197,-7.548,S1O
114,C3,198,-7.548,S1O
114,C3,199,-7.548,S1O
114,C3,200,-8.036,S1O
114,C3,201,-9.013,S1O
114,C3,202,-9.989,S1O
114,C3,203,-10.478,S1O
114,C3,204,-10.966,S1O
114,C3,205,-10.966,S1O
114,C3,206,-11.454,S1O
114,C3,207,-11.943,S1O
114,C3,208,-11.943,S1O
114,C3,209,-11.454,S1O
114,C3,210,-10.478,S1O
114,C3,211,-9.501,S1O
114,C3,212,-8.525,S1O
114,C3,213,-8.525,S1O
114,C3,214,-8.036,S1O
114,C3,215,-8.036,S1O
114,C3,216,-8.525,S1O
114,C3,217,-9.501,S1O
114,C3,218,-10.478,S1O
114,C3,219,-11.943,S1O
114,C3,220,-12.431,S1O
114,C3,221,-11.943,S1O
114,C3,222,-9.989,S1O
114,C3,223,-8.525,S1O
114,C3,224,-8.036,S1O
114,C3,225,-9.013,S1O
114,C3,226,-9.989,S1O
114,C3,227,-10.966,S1O
114,C3,228,-10.478,S1O
114,C3,229,-9.501,S1O
114,C3,230,-8.525,S1O
114,C3,231,-8.525,S1O
114,C3,232,-9.989,S1O
114,C3,233,-11.454,S1O
114,C3,234,-12.431,S1O
114,C3,235,-13.407,S1O
114,C3,236,-13.896,S1O
114,C3,237,-13.407,S1O
114,C3,238,-11.943,S1O
114,C3,239,-10.478,S1O
114,C3,240,-8.525,S1O
114,C3,241,-6.571,S1O
114,C3,242,-6.083,S1O
114,C3,243,-5.595,S1O
114,C3,244,-5.595,S1O
114,C3,245,-5.595,S1O
114,C3,246,-5.595,S1O
114,C3,247,-6.083,S1O
114,C3,248,-6.571,S1O
114,C3,249,-7.060,S1O
114,C3,250,-7.060,S1O
114,C3,251,-7.060,S1O
114,C3,252,-6.571,S1O
114,C3,253,-7.060,S1O
114,C3,254,-7.548,S1O
114,C3,255,-7.548,S1O
114,C4,0,-1.221,S1O
114,C4,1,-0.732,S1O
114,C4,2,-0.732,S1O
114,C4,3,-0.732,S1O
114,C4,4,-1.221,S1O
114,C4,5,-1.709,S1O
114,C4,6,-1.709,S1O
114,C4,7,-1.221,S1O
114,C4,8,0.244,S1O
114,C4,9,1.221,S1O
114,C4,10,2.197,S1O
114,C4,11,2.197,S1O
114,C4,12,1.709,S1O
114,C4,13,0.732,S1O
114,C4,14,0.244,S1O
114,C4,15,0.244,S1O
114,C4,16,0.732,S1O
114,C4,17,2.197,S1O
114,C4,18,3.174,S1O
114,C4,19,3.662,S1O
114,C4,20,2.686,S1O
114,C4,21,1.709,S1O
114,C4,22,1.221,S1O
114,C4,23,1.221,S1O
114,C4,24,1.709,S1O
114,C4,25,2.197,S1O
114,C4,26,2.197,S1O
114,C4,27,1.221,S1O
114,C4,28,0.244,S1O
114,C4,29,-1.221,S1O
114,C4,30,-2.197,S1O
114,C4,31,-2.197,S1O
114,C4,32,-2.197,S1O
114,C4,33,-1.221,S1O
114,C4,34,0.244,S1O
114,C4,35,1.709,S1O
114,C4,36,2.686,S1O
114,C4,37,2.197,S1O
114,C4,38,0.244,S1O
114,C4,39,-1.709,S1O
114,C4,40,-2.686,S1O
114,C4,41,-2.197,S1O
114,C4,42,-1.221,S1O
114,C4,43,-0.732,S1O
114,C4,44,-1.221,S1O
114,C4,45,-2.686,S1O
114,C4,46,-4.639,S1O
114,C4,47,-6.104,S1O
114,C4,48,-5.615,S1O
114,C4,49,-4.150,S1O
114,C4,50,-1.709,S1O
114,C4,51,0.244,S1O
114,C4,52,1.709,S1O
114,C4,53,1.709,S1O
114,C4,54,0.732,S1O
114,C4,55,0.244,S1O
114,C4,56,-0.244,S1O
114,C4,57,0.244,S1O
114,C4,58,0.244,S1O
114,C4,59,1.221,S1O
114,C4,60,1.221,S1O
114,C4,61,1.709,S1O
114,C4,62,2.197,S1O
114,C4,63,3.174,S1O
114,C4,64,4.150,S1O
114,C4,65,4.639,S1O
114,C4,66,5.127,S1O
114,C4,67,5.615,S1O
114,C4,68,6.104,S1O
114,C4,69,6.104,S1O
114,C4,70,5.615,S1O
114,C4,71,4.150,S1O
114,C4,72,2.686,S1O
114,C4,73,1.221,S1O
114,C4,74,0.244,S1O
114,C4,75,0.244,S1O
114,C4,76,0.732,S1O
114,C4,77,1.221,S1O
114,C4,78,1.709,S1O
114,C4,79,2.197,S1O
114,C4,80,3.174,S1O
114,C4,81,4.150,S1O
114,C4,82,4.150,S1O
114,C4,83,3.662,S1O
114,C4,84,2.686,S1O
114,C4,85,1.709,S1O
114,C4,86,1.709,S1O
114,C4,87,2.197,S1O
114,C4,88,2.686,S1O
114,C4,89,3.174,S1O
114,C4,90,2.686,S1O
114,C4,91,1.709,S1O
114,C4,92,1.221,S1O
114,C4,93,1.709,S1O
114,C4,94,3.174,S1O
114,C4,95,4.639,S1O
114,C4,96,5.615,S1O
114,C4,97,6.104,S1O
114,C4,98,5.615,S1O
114,C4,99,5.127,S1O
114,C4,100,4.639,S1O
114,C4,101,4.639,S1O
114,C4,102,4.639,S1O
114,C4,103,5.127,S1O
114,C4,104,5.127,S1O
114,C4,105,5.615,S1O
114,C4,106,5.615,S1O
114,C4,107,5.127,S1O
114,C4,108,4.639,S1O
114,C4,109,3.662,S1O
114,C4,110,2.686,S1O
114,C4,111,2.686,S1O
114,C4,112,2.686,S1O
114,C4,113,2.686,S1O
114,C4,114,2.197,S1O
114,C4,115,2.197,S1O
114,C4,116,2.686,S1O
114,C4,117,2.686,S1O
114,C4,118,3.662,S1O
114,C4,119,4.639,S1O
114,C4,120,5.615,S1O
114,C4,121,5.615,S1O
114,C4,122,5.127,S1O
114,C4,123,4.150,S1O
114,C4,124,3.174,S1O
114,C4,125,1.709,S1O
114,C4,126,1.221,S1O
114,C4,127,1.221,S1O
114,C4,128,1.709,S1O
114,C4,129,1.709,S1O
114,C4,130,0.732,S1O
114,C4,131,-0.732,S1O
114,C4,132,-1.709,S1O
114,C4,133,-1.221,S1O
114,C4,134,0.244,S1O
114,C4,135,1.221,S1O
114,C4,136,1.709,S1O
114,C4,137,1.221,S1O
114,C4,138,0.732,S1O
114,C4,139,0.244,S1O
114,C4,140,0.732,S1O
114,C4,141,1.221,S1O
114,C4,142,0.732,S1O
114,C4,143,-0.244,S1O
114,C4,144,-2.197,S1O
114,C4,145,-3.174,S1O
114,C4,146,-3.174,S1O
114,C4,147,-2.686,S1O
114,C4,148,-2.197,S1O
114,C4,149,-2.197,S1O
114,C4,150,-2.686,S1O
114,C4,151,-3.174,S1O
114,C4,152,-2.686,S1O
114,C4,153,-2.197,S1O
114,C4,154,-1.221,S1O
114,C4,155,-1.221,S1O
114,C4,156,-1.709,S1O
114,C4,157,-2.197,S1O
114,C4,158,-3.174,S1O
114,C4,159,-3.174,S1O
114,C4,160,-3.174,S1O
114,C4,161,-2.686,S1O
114,C4,162,-2.197,S1O
114,C4,163,-1.709,S1O
114,C4,164,-2.197,S1O
114,C4,165,-2.686,S1O
114,C4,166,-4.150,S1O
114,C4,167,-5.127,S1O
114,C4,168,-5.615,S1O
114,C4,169,-5.127,S1O
114,C4,170,-4.639,S1O
114,C4,171,-3.174,S1O
114,C4,172,-2.197,S1O
114,C4,173,-1.221,S1O
114,C4,174,-1.221,S1O
114,C4,175,-1.221,S1O
114,C4,176,-1.221,S1O
114,C4,177,-1.221,S1O
114,C4,178,-1.709,S1O
114,C4,179,-2.197,S1O
114,C4,180,-2.686,S1O
114,C4,181,-3.174,S1O
114,C4,182,-3.662,S1O
114,C4,183,-3.174,S1O
114,C4,184,-2.686,S1O
114,C4,185,-2.197,S1O
114,C4,186,-1.709,S1O
114,C4,187,-1.709,S1O
114,C4,188,-1.221,S1O
114,C4,189,-0.732,S1O
114,C4,190,-0.244,S1O
114,C4,191,-0.244,S1O
114,C4,192,-0.244,S1O
114,C4,193,-0.732,S1O
114,C4,194,-1.221,S1O
114,C4,195,-1.221,S1O
114,C4,196,-1.221,S1O
114,C4,197,-0.244,S1O
114,C4,198,0.244,S1O
114,C4,199,1.221,S1O
114,C4,200,2.197,S1O
114,C4,201,1.709,S1O
114,C4,202,0.732,S1O
114,C4,203,-0.732,S1O
114,C4,204,-1.709,S1O
114,C4,205,-1.709,S1O
114,C4,206,-1.221,S1O
114,C4,207,0.244,S1O
114,C4,208,0.244,S1O
114,C4,209,-1.221,S1O
114,C4,210,-3.174,S1O
114,C4,211,-5.127,S1O
114,C4,212,-6.104,S1O
114,C4,213,-6.104,S1O
114,C4,214,-4.639,S1O
114,C4,215,-2.686,S1O
114,C4,216,-1.709,S1O
114,C4,217,-1.221,S1O
114,C4,218,-1.709,S1O
114,C4,219,-2.686,S1O
114,C4,220,-3.174,S1O
114,C4,221,-2.686,S1O
114,C4,222,-1.221,S1O
114,C4,223,0.244,S1O
114,C4,224,0.732,S1O
114,C4,225,0.732,S1O
114,C4,226,0.244,S1O
114,C4,227,-0.732,S1O
114,C4,228,-1.709,S1O
114,C4,229,-2.686,S1O
114,C4,230,-3.662,S1O
114,C4,231,-4.639,S1O
114,C4,232,-5.615,S1O
114,C4,233,-6.104,S1O
114,C4,234,-6.592,S1O
114,C4,235,-6.592,S1O
114,C4,236,-6.592,S1O
114,C4,237,-5.615,S1O
114,C4,238,-4.639,S1O
114,C4,239,-2.686,S1O
114,C4,240,-1.221,S1O
114,C4,241,-0.244,S1O
114,C4,242,-1.221,S1O
114,C4,243,-2.686,S1O
114,C4,244,-4.150,S1O
114,C4,245,-4.639,S1O
114,C4,246,-4.150,S1O
114,C4,247,-2.686,S1O
114,C4,248,-2.197,S1O
114,C4,249,-2.197,S1O
114,C4,250,-2.686,S1O
114,C4,251,-4.150,S1O
114,C4,252,-4.639,S1O
114,C4,253,-4.639,S1O
114,C4,254,-3.662,S1O
114,C4,255,-3.174,S1O
114,CP5,0,-8.067,S1O
114,CP5,1,-10.020,S1O
114,CP5,2,-10.508,S1O
114,CP5,3,-9.532,S1O
114,CP5,4,-9.043,S1O
114,CP5,5,-10.020,S1O
114,CP5,6,-10.997,S1O
114,CP5,7,-11.485,S1O
114,CP5,8,-10.508,S1O
114,CP5,9,-8.067,S1O
114,CP5,10,-4.649,S1O
114,CP5,11,-2.696,S1O
114,CP5,12,-2.696,S1O
114,CP5,13,-3.672,S1O
114,CP5,14,-5.625,S1O
114,CP5,15,-7.579,S1O
114,CP5,16,-8.067,S1O
114,CP5,17,-8.555,S1O
114,CP5,18,-8.555,S1O
114,CP5,19,-9.043,S1O
114,CP5,20,-9.043,S1O
114,CP5,21,-9.532,S1O
114,CP5,22,-9.532,S1O
114,CP5,23,-9.043,S1O
114,CP5,24,-8.555,S1O
114,CP5,25,-7.579,S1O
114,CP5,26,-7.579,S1O
114,CP5,27,-8.067,S1O
114,CP5,28,-9.532,S1O
114,CP5,29,-10.508,S1O
114,CP5,30,-11.485,S1O
114,CP5,31,-11.485,S1O
114,CP5,32,-10.997,S1O
114,CP5,33,-10.508,S1O
114,CP5,34,-10.508,S1O
114,CP5,35,-10.020,S1O
114,CP5,36,-9.532,S1O
114,CP5,37,-9.043,S1O
114,CP5,38,-9.043,S1O
114,CP5,39,-10.020,S1O
114,CP5,40,-11.485,S1O
114,CP5,41,-12.461,S1O
114,CP5,42,-12.950,S1O
114,CP5,43,-11.973,S1O
114,CP5,44,-10.997,S1O
114,CP5,45,-10.997,S1O
114,CP5,46,-11.973,S1O
114,CP5,47,-12.950,S1O
114,CP5,48,-13.438,S1O
114,CP5,49,-11.973,S1O
114,CP5,50,-9.532,S1O
114,CP5,51,-6.114,S1O
114,CP5,52,-2.696,S1O
114,CP5,53,0.234,S1O
114,CP5,54,1.699,S1O
114,CP5,55,2.187,S1O
114,CP5,56,1.699,S1O
114,CP5,57,0.234,S1O
114,CP5,58,-0.254,S1O
114,CP5,59,0.722,S1O
114,CP5,60,2.187,S1O
114,CP5,61,3.652,S1O
114,CP5,62,2.675,S1O
114,CP5,63,1.211,S1O
114,CP5,64,-1.231,S1O
114,CP5,65,-2.696,S1O
114,CP5,66,-2.696,S1O
114,CP5,67,-1.719,S1O
114,CP5,68,-1.719,S1O
114,CP5,69,-3.184,S1O
114,CP5,70,-5.137,S1O
114,CP5,71,-7.579,S1O
114,CP5,72,-9.043,S1O
114,CP5,73,-10.020,S1O
114,CP5,74,-10.997,S1O
114,CP5,75,-11.973,S1O
114,CP5,76,-12.950,S1O
114,CP5,77,-12.950,S1O
114,CP5,78,-11.485,S1O
114,CP5,79,-10.508,S1O
114,CP5,80,-10.508,S1O
114,CP5,81,-11.485,S1O
114,CP5,82,-12.950,S1O
114,CP5,83,-13.926,S1O
114,CP5,84,-13.926,S1O
114,CP5,85,-12.461,S1O
114,CP5,86,-10.508,S1O
114,CP5,87,-9.532,S1O
114,CP5,88,-10.020,S1O
114,CP5,89,-10.020,S1O
114,CP5,90,-9.043,S1O
114,CP5,91,-7.090,S1O
114,CP5,92,-5.137,S1O
114,CP5,93,-4.649,S1O
114,CP5,94,-5.137,S1O
114,CP5,95,-7.579,S1O
114,CP5,96,-8.555,S1O
114,CP5,97,-9.532,S1O
114,CP5,98,-8.555,S1O
114,CP5,99,-7.579,S1O
114,CP5,100,-7.579,S1O
114,CP5,101,-8.067,S1O
114,CP5,102,-8.555,S1O
114,CP5,103,-9.043,S1O
114,CP5,104,-9.043,S1O
114,CP5,105,-9.043,S1O
114,CP5,106,-9.043,S1O
114,CP5,107,-9.043,S1O
114,CP5,108,-9.043,S1O
114,CP5,109,-8.555,S1O
114,CP5,110,-8.067,S1O
114,CP5,111,-7.579,S1O
114,CP5,112,-7.579,S1O
114,CP5,113,-7.090,S1O
114,CP5,114,-7.090,S1O
114,CP5,115,-6.114,S1O
114,CP5,116,-5.625,S1O
114,CP5,117,-5.137,S1O
114,CP5,118,-5.625,S1O
114,CP5,119,-6.602,S1O
114,CP5,120,-8.067,S1O
114,CP5,121,-9.532,S1O
114,CP5,122,-10.508,S1O
114,CP5,123,-10.508,S1O
114,CP5,124,-10.020,S1O
114,CP5,125,-8.555,S1O
114,CP5,126,-7.090,S1O
114,CP5,127,-6.602,S1O
114,CP5,128,-7.090,S1O
114,CP5,129,-8.555,S1O
114,CP5,130,-10.020,S1O
114,CP5,131,-10.508,S1O
114,CP5,132,-10.997,S1O
114,CP5,133,-11.485,S1O
114,CP5,134,-12.461,S1O
114,CP5,135,-13.926,S1O
114,CP5,136,-14.903,S1O
114,CP5,137,-14.903,S1O
114,CP5,138,-13.438,S1O
114,CP5,139,-11.485,S1O
114,CP5,140,-10.020,S1O
114,CP5,141,-9.532,S1O
114,CP5,142,-9.532,S1O
114,CP5,143,-9.532,S1O
114,CP5,144,-8.555,S1O
114,CP5,145,-7.090,S1O
114,CP5,146,-6.602,S1O
114,CP5,147,-7.090,S1O
114,CP5,148,-7.090,S1O
114,CP5,149,-6.602,S1O
114,CP5,150,-4.161,S1O
114,CP5,151,-1.719,S1O
114,CP5,152,-0.743,S1O
114,CP5,153,-0.743,S1O
114,CP5,154,-1.719,S1O
114,CP5,155,-3.184,S1O
114,CP5,156,-5.137,S1O
114,CP5,157,-6.602,S1O
114,CP5,158,-8.067,S1O
114,CP5,159,-8.067,S1O
114,CP5,160,-7.579,S1O
114,CP5,161,-6.602,S1O
114,CP5,162,-6.114,S1O
114,CP5,163,-6.602,S1O
114,CP5,164,-9.043,S1O
114,CP5,165,-11.973,S1O
114,CP5,166,-13.438,S1O
114,CP5,167,-13.438,S1O
114,CP5,168,-12.461,S1O
114,CP5,169,-11.973,S1O
114,CP5,170,-12.950,S1O
114,CP5,171,-15.391,S1O
114,CP5,172,-17.344,S1O
114,CP5,173,-17.832,S1O
114,CP5,174,-16.856,S1O
114,CP5,175,-15.391,S1O
114,CP5,176,-13.926,S1O
114,CP5,177,-14.414,S1O
114,CP5,178,-15.391,S1O
114,CP5,179,-16.368,S1O
114,CP5,180,-16.856,S1O
114,CP5,181,-15.879,S1O
114,CP5,182,-13.926,S1O
114,CP5,183,-11.973,S1O
114,CP5,184,-11.485,S1O
114,CP5,185,-11.485,S1O
114,CP5,186,-12.950,S1O
114,CP5,187,-13.438,S1O
114,CP5,188,-12.950,S1O
114,CP5,189,-11.485,S1O
114,CP5,190,-9.043,S1O
114,CP5,191,-8.067,S1O
114,CP5,192,-8.555,S1O
114,CP5,193,-10.508,S1O
114,CP5,194,-13.926,S1O
114,CP5,195,-15.879,S1O
114,CP5,196,-17.344,S1O
114,CP5,197,-16.368,S1O
114,CP5,198,-15.391,S1O
114,CP5,199,-15.391,S1O
114,CP5,200,-16.856,S1O
114,CP5,201,-19.297,S1O
114,CP5,202,-22.227,S1O
114,CP5,203,-24.180,S1O
114,CP5,204,-25.157,S1O
114,CP5,205,-25.645,S1O
114,CP5,206,-26.133,S1O
114,CP5,207,-25.645,S1O
114,CP5,208,-24.668,S1O
114,CP5,209,-23.204,S1O
114,CP5,210,-20.762,S1O
114,CP5,211,-19.297,S1O
114,CP5,212,-18.321,S1O
114,CP5,213,-17.832,S1O
114,CP5,214,-18.321,S1O
114,CP5,215,-18.321,S1O
114,CP5,216,-18.809,S1O
114,CP5,217,-19.786,S1O
114,CP5,218,-21.250,S1O
114,CP5,219,-23.204,S1O
114,CP5,220,-24.180,S1O
114,CP5,221,-23.692,S1O
114,CP5,222,-21.739,S1O
114,CP5,223,-19.297,S1O
114,CP5,224,-18.809,S1O
114,CP5,225,-19.297,S1O
114,CP5,226,-20.274,S1O
114,CP5,227,-20.762,S1O
114,CP5,228,-20.274,S1O
114,CP5,229,-19.786,S1O
114,CP5,230,-20.274,S1O
114,CP5,231,-22.227,S1O
114,CP5,232,-25.645,S1O
114,CP5,233,-29.063,S1O
114,CP5,234,-30.528,S1O
114,CP5,235,-31.016,S1O
114,CP5,236,-30.039,S1O
114,CP5,237,-28.086,S1O
114,CP5,238,-25.645,S1O
114,CP5,239,-22.227,S1O
114,CP5,240,-18.321,S1O
114,CP5,241,-14.903,S1O
114,CP5,242,-12.950,S1O
114,CP5,243,-11.485,S1O
114,CP5,244,-10.997,S1O
114,CP5,245,-11.485,S1O
114,CP5,246,-12.950,S1O
114,CP5,247,-15.391,S1O
114,CP5,248,-17.832,S1O
114,CP5,249,-19.297,S1O
114,CP5,250,-19.297,S1O
114,CP5,251,-18.321,S1O
114,CP5,252,-16.856,S1O
114,CP5,253,-16.856,S1O
114,CP5,254,-17.832,S1O
114,CP5,255,-19.297,S1O
114,CP6,0,-3.113,S1O
114,CP6,1,-3.113,S1O
114,CP6,2,-3.113,S1O
114,CP6,3,-3.113,S1O
114,CP6,4,-3.601,S1O
114,CP6,5,-4.089,S1O
114,CP6,6,-3.601,S1O
114,CP6,7,-3.113,S1O
114,CP6,8,-1.648,S1O
114,CP6,9,-0.671,S1O
114,CP6,10,-0.183,S1O
114,CP6,11,0.793,S1O
114,CP6,12,0.793,S1O
114,CP6,13,1.282,S1O
114,CP6,14,1.282,S1O
114,CP6,15,0.793,S1O
114,CP6,16,0.793,S1O
114,CP6,17,0.793,S1O
114,CP6,18,1.282,S1O
114,CP6,19,1.282,S1O
114,CP6,20,1.282,S1O
114,CP6,21,0.793,S1O
114,CP6,22,0.793,S1O
114,CP6,23,0.793,S1O
114,CP6,24,1.282,S1O
114,CP6,25,1.770,S1O
114,CP6,26,1.770,S1O
114,CP6,27,1.282,S1O
114,CP6,28,-0.183,S1O
114,CP6,29,-1.648,S1O
114,CP6,30,-2.625,S1O
114,CP6,31,-3.601,S1O
114,CP6,32,-3.601,S1O
114,CP6,33,-2.136,S1O
114,CP6,34,-0.183,S1O
114,CP6,35,0.793,S1O
114,CP6,36,0.793,S1O
114,CP6,37,-0.671,S1O
114,CP6,38,-2.625,S1O
114,CP6,39,-4.578,S1O
114,CP6,40,-5.554,S1O
114,CP6,41,-5.554,S1O
114,CP6,42,-5.066,S1O
114,CP6,43,-5.554,S1O
114,CP6,44,-7.507,S1O
114,CP6,45,-9.949,S1O
114,CP6,46,-12.390,S1O
114,CP6,47,-14.343,S1O
114,CP6,48,-13.855,S1O
114,CP6,49,-11.902,S1O
114,CP6,50,-8.972,S1O
114,CP6,51,-5.066,S1O
114,CP6,52,-2.136,S1O
114,CP6,53,-0.671,S1O
114,CP6,54,-0.183,S1O
114,CP6,55,-0.671,S1O
114,CP6,56,-1.160,S1O
114,CP6,57,-1.160,S1O
114,CP6,58,-0.183,S1O
114,CP6,59,1.282,S1O
114,CP6,60,2.747,S1O
114,CP6,61,4.211,S1O
114,CP6,62,5.188,S1O
114,CP6,63,6.165,S1O
114,CP6,64,7.141,S1O
114,CP6,65,8.118,S1O
114,CP6,66,9.583,S1O
114,CP6,67,10.071,S1O
114,CP6,68,10.071,S1O
114,CP6,69,8.606,S1O
114,CP6,70,6.165,S1O
114,CP6,71,3.723,S1O
114,CP6,72,1.282,S1O
114,CP6,73,-0.671,S1O
114,CP6,74,-2.136,S1O
114,CP6,75,-2.625,S1O
114,CP6,76,-3.113,S1O
114,CP6,77,-2.625,S1O
114,CP6,78,-1.160,S1O
114,CP6,79,0.793,S1O
114,CP6,80,2.258,S1O
114,CP6,81,3.235,S1O
114,CP6,82,2.747,S1O
114,CP6,83,0.793,S1O
114,CP6,84,-0.183,S1O
114,CP6,85,-0.183,S1O
114,CP6,86,0.305,S1O
114,CP6,87,1.282,S1O
114,CP6,88,2.258,S1O
114,CP6,89,1.770,S1O
114,CP6,90,1.282,S1O
114,CP6,91,1.282,S1O
114,CP6,92,1.770,S1O
114,CP6,93,2.258,S1O
114,CP6,94,3.235,S1O
114,CP6,95,4.700,S1O
114,CP6,96,5.188,S1O
114,CP6,97,5.676,S1O
114,CP6,98,5.188,S1O
114,CP6,99,4.700,S1O
114,CP6,100,4.211,S1O
114,CP6,101,4.700,S1O
114,CP6,102,5.676,S1O
114,CP6,103,6.653,S1O
114,CP6,104,7.629,S1O
114,CP6,105,7.141,S1O
114,CP6,106,6.165,S1O
114,CP6,107,5.188,S1O
114,CP6,108,3.723,S1O
114,CP6,109,2.747,S1O
114,CP6,110,2.258,S1O
114,CP6,111,1.282,S1O
114,CP6,112,0.305,S1O
114,CP6,113,0.305,S1O
114,CP6,114,0.793,S1O
114,CP6,115,1.770,S1O
114,CP6,116,3.235,S1O
114,CP6,117,4.211,S1O
114,CP6,118,4.700,S1O
114,CP6,119,5.188,S1O
114,CP6,120,4.700,S1O
114,CP6,121,4.700,S1O
114,CP6,122,3.723,S1O
114,CP6,123,2.258,S1O
114,CP6,124,0.793,S1O
114,CP6,125,-0.671,S1O
114,CP6,126,-1.160,S1O
114,CP6,127,-1.160,S1O
114,CP6,128,-0.671,S1O
114,CP6,129,-1.160,S1O
114,CP6,130,-2.625,S1O
114,CP6,131,-4.578,S1O
114,CP6,132,-5.554,S1O
114,CP6,133,-5.554,S1O
114,CP6,134,-4.578,S1O
114,CP6,135,-3.601,S1O
114,CP6,136,-3.113,S1O
114,CP6,137,-3.601,S1O
114,CP6,138,-3.601,S1O
114,CP6,139,-2.625,S1O
114,CP6,140,-2.136,S1O
114,CP6,141,-1.648,S1O
114,CP6,142,-2.625,S1O
114,CP6,143,-4.089,S1O
114,CP6,144,-6.042,S1O
114,CP6,145,-7.019,S1O
114,CP6,146,-6.531,S1O
114,CP6,147,-6.042,S1O
114,CP6,148,-6.042,S1O
114,CP6,149,-6.042,S1O
114,CP6,150,-6.531,S1O
114,CP6,151,-7.019,S1O
114,CP6,152,-6.531,S1O
114,CP6,153,-6.042,S1O
114,CP6,154,-5.066,S1O
114,CP6,155,-5.066,S1O
114,CP6,156,-5.066,S1O
114,CP6,157,-5.554,S1O
114,CP6,158,-5.554,S1O
114,CP6,159,-6.042,S1O
114,CP6,160,-6.042,S1O
114,CP6,161,-5.554,S1O
114,CP6,162,-5.066,S1O
114,CP6,163,-5.066,S1O
114,CP6,164,-5.554,S1O
114,CP6,165,-7.019,S1O
114,CP6,166,-8.972,S1O
114,CP6,167,-10.925,S1O
114,CP6,168,-11.902,S1O
114,CP6,169,-12.390,S1O
114,CP6,170,-11.902,S1O
114,CP6,171,-11.414,S1O
114,CP6,172,-10.437,S1O
114,CP6,173,-10.437,S1O
114,CP6,174,-9.460,S1O
114,CP6,175,-8.484,S1O
114,CP6,176,-7.507,S1O
114,CP6,177,-6.531,S1O
114,CP6,178,-6.531,S1O
114,CP6,179,-7.507,S1O
114,CP6,180,-8.484,S1O
114,CP6,181,-8.972,S1O
114,CP6,182,-9.460,S1O
114,CP6,183,-9.460,S1O
114,CP6,184,-8.972,S1O
114,CP6,185,-9.460,S1O
114,CP6,186,-9.460,S1O
114,CP6,187,-9.460,S1O
114,CP6,188,-8.972,S1O
114,CP6,189,-7.507,S1O
114,CP6,190,-6.531,S1O
114,CP6,191,-6.531,S1O
114,CP6,192,-7.019,S1O
114,CP6,193,-7.996,S1O
114,CP6,194,-8.484,S1O
114,CP6,195,-8.484,S1O
114,CP6,196,-8.484,S1O
114,CP6,197,-7.019,S1O
114,CP6,198,-6.042,S1O
114,CP6,199,-5.066,S1O
114,CP6,200,-4.578,S1O
114,CP6,201,-5.554,S1O
114,CP6,202,-7.019,S1O
114,CP6,203,-8.972,S1O
114,CP6,204,-10.437,S1O
114,CP6,205,-10.925,S1O
114,CP6,206,-9.949,S1O
114,CP6,207,-8.972,S1O
114,CP6,208,-7.996,S1O
114,CP6,209,-8.484,S1O
114,CP6,210,-9.949,S1O
114,CP6,211,-12.390,S1O
114,CP6,212,-13.855,S1O
114,CP6,213,-14.343,S1O
114,CP6,214,-13.367,S1O
114,CP6,215,-11.902,S1O
114,CP6,216,-11.414,S1O
114,CP6,217,-11.902,S1O
114,CP6,218,-13.367,S1O
114,CP6,219,-14.343,S1O
114,CP6,220,-14.832,S1O
114,CP6,221,-13.367,S1O
114,CP6,222,-10.437,S1O
114,CP6,223,-7.996,S1O
114,CP6,224,-6.531,S1O
114,CP6,225,-6.531,S1O
114,CP6,226,-7.019,S1O
114,CP6,227,-7.507,S1O
114,CP6,228,-8.484,S1O
114,CP6,229,-9.949,S1O
114,CP6,230,-11.414,S1O
114,CP6,231,-13.855,S1O
114,CP6,232,-16.785,S1O
114,CP6,233,-18.738,S1O
114,CP6,234,-20.203,S1O
114,CP6,235,-20.691,S1O
114,CP6,236,-19.714,S1O
114,CP6,237,-18.250,S1O
114,CP6,238,-16.296,S1O
114,CP6,239,-13.855,S1O
114,CP6,240,-12.390,S1O
114,CP6,241,-11.414,S1O
114,CP6,242,-11.414,S1O
114,CP6,243,-12.878,S1O
114,CP6,244,-13.855,S1O
114,CP6,245,-14.832,S1O
114,CP6,246,-14.343,S1O
114,CP6,247,-13.367,S1O
114,CP6,248,-12.390,S1O
114,CP6,249,-11.902,S1O
114,CP6,250,-11.902,S1O
114,CP6,251,-12.878,S1O
114,CP6,252,-12.878,S1O
114,CP6,253,-12.878,S1O
114,CP6,254,-11.902,S1O
114,CP6,255,-10.925,S1O
114,CP1,0,-3.896,S1O
114,CP1,1,-3.896,S1O
114,CP1,2,-3.896,S1O
114,CP1,3,-3.408,S1O
114,CP1,4,-3.408,S1O
114,CP1,5,-2.920,S1O
114,CP1,6,-3.408,S1O
114,CP1,7,-3.896,S1O
114,CP1,8,-3.896,S1O
114,CP1,9,-3.408,S1O
114,CP1,10,-1.943,S1O
114,CP1,11,-0.966,S1O
114,CP1,12,-0.966,S1O
114,CP1,13,-1.455,S1O
114,CP1,14,-1.943,S1O
114,CP1,15,-2.920,S1O
114,CP1,16,-3.408,S1O
114,CP1,17,-3.408,S1O
114,CP1,18,-3.408,S1O
114,CP1,19,-3.408,S1O
114,CP1,20,-3.408,S1O
114,CP1,21,-3.896,S1O
114,CP1,22,-3.896,S1O
114,CP1,23,-3.408,S1O
114,CP1,24,-1.943,S1O
114,CP1,25,-1.455,S1O
114,CP1,26,-0.966,S1O
114,CP1,27,-0.478,S1O
114,CP1,28,-1.455,S1O
114,CP1,29,-1.943,S1O
114,CP1,30,-2.431,S1O
114,CP1,31,-2.920,S1O
114,CP1,32,-2.920,S1O
114,CP1,33,-2.920,S1O
114,CP1,34,-2.920,S1O
114,CP1,35,-2.920,S1O
114,CP1,36,-3.896,S1O
114,CP1,37,-4.384,S1O
114,CP1,38,-4.873,S1O
114,CP1,39,-5.849,S1O
114,CP1,40,-6.337,S1O
114,CP1,41,-6.826,S1O
114,CP1,42,-6.337,S1O
114,CP1,43,-5.849,S1O
114,CP1,44,-5.361,S1O
114,CP1,45,-5.849,S1O
114,CP1,46,-6.337,S1O
114,CP1,47,-6.826,S1O
114,CP1,48,-6.826,S1O
114,CP1,49,-6.826,S1O
114,CP1,50,-5.849,S1O
114,CP1,51,-4.873,S1O
114,CP1,52,-2.920,S1O
114,CP1,53,-1.455,S1O
114,CP1,54,-0.478,S1O
114,CP1,55,0.010,S1O
114,CP1,56,-0.478,S1O
114,CP1,57,-0.478,S1O
114,CP1,58,-0.478,S1O
114,CP1,59,0.010,S1O
114,CP1,60,0.987,S1O
114,CP1,61,1.963,S1O
114,CP1,62,1.963,S1O
114,CP1,63,0.987,S1O
114,CP1,64,-0.478,S1O
114,CP1,65,-0.966,S1O
114,CP1,66,-1.455,S1O
114,CP1,67,-0.966,S1O
114,CP1,68,-0.966,S1O
114,CP1,69,-1.455,S1O
114,CP1,70,-2.431,S1O
114,CP1,71,-3.896,S1O
114,CP1,72,-4.384,S1O
114,CP1,73,-5.361,S1O
114,CP1,74,-5.361,S1O
114,CP1,75,-5.849,S1O
114,CP1,76,-6.337,S1O
114,CP1,77,-5.849,S1O
114,CP1,78,-5.361,S1O
114,CP1,79,-4.384,S1O
114,CP1,80,-4.384,S1O
114,CP1,81,-4.873,S1O
114,CP1,82,-6.337,S1O
114,CP1,83,-7.314,S1O
114,CP1,84,-7.802,S1O
114,CP1,85,-7.314,S1O
114,CP1,86,-6.337,S1O
114,CP1,87,-5.361,S1O
114,CP1,88,-4.873,S1O
114,CP1,89,-4.873,S1O
114,CP1,90,-4.384,S1O
114,CP1,91,-3.896,S1O
114,CP1,92,-2.920,S1O
114,CP1,93,-2.431,S1O
114,CP1,94,-2.431,S1O
114,CP1,95,-3.408,S1O
114,CP1,96,-4.384,S1O
114,CP1,97,-4.873,S1O
114,CP1,98,-4.873,S1O
114,CP1,99,-4.873,S1O
114,CP1,100,-4.873,S1O
114,CP1,101,-4.384,S1O
114,CP1,102,-3.896,S1O
114,CP1,103,-3.896,S1O
114,CP1,104,-3.896,S1O
114,CP1,105,-4.384,S1O
114,CP1,106,-4.384,S1O
114,CP1,107,-4.873,S1O
114,CP1,108,-4.873,S1O
114,CP1,109,-5.361,S1O
114,CP1,110,-5.361,S1O
114,CP1,111,-5.361,S1O
114,CP1,112,-5.361,S1O
114,CP1,113,-5.361,S1O
114,CP1,114,-4.873,S1O
114,CP1,115,-3.896,S1O
114,CP1,116,-2.431,S1O
114,CP1,117,-1.943,S1O
114,CP1,118,-1.943,S1O
114,CP1,119,-2.431,S1O
114,CP1,120,-2.920,S1O
114,CP1,121,-3.408,S1O
114,CP1,122,-3.896,S1O
114,CP1,123,-3.896,S1O
114,CP1,124,-3.408,S1O
114,CP1,125,-3.408,S1O
114,CP1,126,-2.920,S1O
114,CP1,127,-2.920,S1O
114,CP1,128,-2.920,S1O
114,CP1,129,-3.408,S1O
114,CP1,130,-3.896,S1O
114,CP1,131,-4.873,S1O
114,CP1,132,-5.849,S1O
114,CP1,133,-6.337,S1O
114,CP1,134,-6.826,S1O
114,CP1,135,-7.802,S1O
114,CP1,136,-7.802,S1O
114,CP1,137,-7.314,S1O
114,CP1,138,-6.337,S1O
114,CP1,139,-5.361,S1O
114,CP1,140,-4.873,S1O
114,CP1,141,-4.384,S1O
114,CP1,142,-4.384,S1O
114,CP1,143,-4.384,S1O
114,CP1,144,-3.896,S1O
114,CP1,145,-3.896,S1O
114,CP1,146,-3.896,S1O
114,CP1,147,-4.384,S1O
114,CP1,148,-4.384,S1O
114,CP1,149,-4.384,S1O
114,CP1,150,-3.408,S1O
114,CP1,151,-2.431,S1O
114,CP1,152,-1.455,S1O
114,CP1,153,-1.455,S1O
114,CP1,154,-1.455,S1O
114,CP1,155,-2.431,S1O
114,CP1,156,-3.408,S1O
114,CP1,157,-3.896,S1O
114,CP1,158,-3.896,S1O
114,CP1,159,-3.408,S1O
114,CP1,160,-2.431,S1O
114,CP1,161,-1.943,S1O
114,CP1,162,-1.455,S1O
114,CP1,163,-1.943,S1O
114,CP1,164,-2.920,S1O
114,CP1,165,-4.384,S1O
114,CP1,166,-4.873,S1O
114,CP1,167,-4.873,S1O
114,CP1,168,-4.873,S1O
114,CP1,169,-4.873,S1O
114,CP1,170,-5.849,S1O
114,CP1,171,-7.314,S1O
114,CP1,172,-8.291,S1O
114,CP1,173,-8.291,S1O
114,CP1,174,-7.802,S1O
114,CP1,175,-6.826,S1O
114,CP1,176,-5.849,S1O
114,CP1,177,-5.361,S1O
114,CP1,178,-5.849,S1O
114,CP1,179,-6.337,S1O
114,CP1,180,-6.337,S1O
114,CP1,181,-5.849,S1O
114,CP1,182,-4.873,S1O
114,CP1,183,-3.896,S1O
114,CP1,184,-3.408,S1O
114,CP1,185,-3.896,S1O
114,CP1,186,-4.873,S1O
114,CP1,187,-5.361,S1O
114,CP1,188,-5.361,S1O
114,CP1,189,-4.384,S1O
114,CP1,190,-3.896,S1O
114,CP1,191,-3.896,S1O
114,CP1,192,-3.896,S1O
114,CP1,193,-4.873,S1O
114,CP1,194,-5.849,S1O
114,CP1,195,-6.337,S1O
114,CP1,196,-5.849,S1O
114,CP1,197,-4.873,S1O
114,CP1,198,-4.873,S1O
114,CP1,199,-4.873,S1O
114,CP1,200,-5.361,S1O
114,CP1,201,-5.849,S1O
114,CP1,202,-6.826,S1O
114,CP1,203,-7.314,S1O
114,CP1,204,-7.802,S1O
114,CP1,205,-8.291,S1O
114,CP1,206,-8.779,S1O
114,CP1,207,-8.779,S1O
114,CP1,208,-7.802,S1O
114,CP1,209,-6.826,S1O
114,CP1,210,-5.849,S1O
114,CP1,211,-4.873,S1O
114,CP1,212,-4.873,S1O
114,CP1,213,-4.873,S1O
114,CP1,214,-5.361,S1O
114,CP1,215,-5.849,S1O
114,CP1,216,-5.849,S1O
114,CP1,217,-6.337,S1O
114,CP1,218,-6.337,S1O
114,CP1,219,-6.826,S1O
114,CP1,220,-6.826,S1O
114,CP1,221,-6.337,S1O
114,CP1,222,-5.849,S1O
114,CP1,223,-4.873,S1O
114,CP1,224,-4.873,S1O
114,CP1,225,-5.361,S1O
114,CP1,226,-6.337,S1O
114,CP1,227,-6.337,S1O
114,CP1,228,-5.849,S1O
114,CP1,229,-5.849,S1O
114,CP1,230,-5.849,S1O
114,CP1,231,-6.826,S1O
114,CP1,232,-8.291,S1O
114,CP1,233,-9.267,S1O
114,CP1,234,-10.244,S1O
114,CP1,235,-10.244,S1O
114,CP1,236,-9.755,S1O
114,CP1,237,-9.267,S1O
114,CP1,238,-8.291,S1O
114,CP1,239,-6.826,S1O
114,CP1,240,-5.361,S1O
114,CP1,241,-3.896,S1O
114,CP1,242,-2.920,S1O
114,CP1,243,-2.920,S1O
114,CP1,244,-3.408,S1O
114,CP1,245,-3.896,S1O
114,CP1,246,-4.384,S1O
114,CP1,247,-4.384,S1O
114,CP1,248,-4.384,S1O
114,CP1,249,-3.896,S1O
114,CP1,250,-3.896,S1O
114,CP1,251,-3.896,S1O
114,CP1,252,-3.896,S1O
114,CP1,253,-3.408,S1O
114,CP1,254,-3.408,S1O
114,CP1,255,-3.408,S1O
114,CP2,0,-1.780,S1O
114,CP2,1,-1.780,S1O
114,CP2,2,-1.780,S1O
114,CP2,3,-1.780,S1O
114,CP2,4,-1.292,S1O
114,CP2,5,-1.780,S1O
114,CP2,6,-1.292,S1O
114,CP2,7,-1.292,S1O
114,CP2,8,-1.292,S1O
114,CP2,9,-1.292,S1O
114,CP2,10,-0.315,S1O
114,CP2,11,-0.315,S1O
114,CP2,12,0.173,S1O
114,CP2,13,0.173,S1O
114,CP2,14,-0.315,S1O
114,CP2,15,-0.804,S1O
114,CP2,16,-0.804,S1O
114,CP2,17,-0.315,S1O
114,CP2,18,0.173,S1O
114,CP2,19,0.661,S1O
114,CP2,20,1.149,S1O
114,CP2,21,1.149,S1O
114,CP2,22,0.661,S1O
114,CP2,23,1.149,S1O
114,CP2,24,2.126,S1O
114,CP2,25,2.614,S1O
114,CP2,26,3.103,S1O
114,CP2,27,2.614,S1O
114,CP2,28,2.126,S1O
114,CP2,29,1.638,S1O
114,CP2,30,1.149,S1O
114,CP2,31,0.661,S1O
114,CP2,32,0.661,S1O
114,CP2,33,0.173,S1O
114,CP2,34,0.661,S1O
114,CP2,35,0.661,S1O
114,CP2,36,0.173,S1O
114,CP2,37,-0.804,S1O
114,CP2,38,-2.268,S1O
114,CP2,39,-3.733,S1O
114,CP2,40,-4.222,S1O
114,CP2,41,-4.222,S1O
114,CP2,42,-4.222,S1O
114,CP2,43,-3.733,S1O
114,CP2,44,-4.222,S1O
114,CP2,45,-5.198,S1O
114,CP2,46,-6.175,S1O
114,CP2,47,-6.663,S1O
114,CP2,48,-6.175,S1O
114,CP2,49,-5.198,S1O
114,CP2,50,-3.245,S1O
114,CP2,51,-1.292,S1O
114,CP2,52,0.173,S1O
114,CP2,53,1.149,S1O
114,CP2,54,1.638,S1O
114,CP2,55,1.638,S1O
114,CP2,56,1.149,S1O
114,CP2,57,0.661,S1O
114,CP2,58,0.661,S1O
114,CP2,59,1.638,S1O
114,CP2,60,2.126,S1O
114,CP2,61,3.103,S1O
114,CP2,62,3.103,S1O
114,CP2,63,3.103,S1O
114,CP2,64,3.591,S1O
114,CP2,65,3.591,S1O
114,CP2,66,4.079,S1O
114,CP2,67,4.567,S1O
114,CP2,68,4.079,S1O
114,CP2,69,3.591,S1O
114,CP2,70,2.126,S1O
114,CP2,71,0.661,S1O
114,CP2,72,-0.315,S1O
114,CP2,73,-0.804,S1O
114,CP2,74,-1.292,S1O
114,CP2,75,-1.292,S1O
114,CP2,76,-1.292,S1O
114,CP2,77,-0.804,S1O
114,CP2,78,-0.315,S1O
114,CP2,79,0.661,S1O
114,CP2,80,1.149,S1O
114,CP2,81,1.149,S1O
114,CP2,82,0.661,S1O
114,CP2,83,0.173,S1O
114,CP2,84,-0.804,S1O
114,CP2,85,-0.804,S1O
114,CP2,86,-0.804,S1O
114,CP2,87,-0.315,S1O
114,CP2,88,-0.315,S1O
114,CP2,89,0.173,S1O
114,CP2,90,0.173,S1O
114,CP2,91,0.661,S1O
114,CP2,92,1.149,S1O
114,CP2,93,1.638,S1O
114,CP2,94,2.614,S1O
114,CP2,95,3.103,S1O
114,CP2,96,3.103,S1O
114,CP2,97,3.103,S1O
114,CP2,98,2.614,S1O
114,CP2,99,2.126,S1O
114,CP2,100,1.638,S1O
114,CP2,101,2.126,S1O
114,CP2,102,2.614,S1O
114,CP2,103,3.103,S1O
114,CP2,104,3.103,S1O
114,CP2,105,2.614,S1O
114,CP2,106,1.638,S1O
114,CP2,107,1.149,S1O
114,CP2,108,0.661,S1O
114,CP2,109,-0.315,S1O
114,CP2,110,-1.292,S1O
114,CP2,111,-2.268,S1O
114,CP2,112,-2.757,S1O
114,CP2,113,-2.757,S1O
114,CP2,114,-2.268,S1O
114,CP2,115,-0.804,S1O
114,CP2,116,0.661,S1O
114,CP2,117,1.638,S1O
114,CP2,118,2.126,S1O
114,CP2,119,2.614,S1O
114,CP2,120,2.614,S1O
114,CP2,121,2.614,S1O
114,CP2,122,2.126,S1O
114,CP2,123,1.638,S1O
114,CP2,124,0.661,S1O
114,CP2,125,0.661,S1O
114,CP2,126,0.661,S1O
114,CP2,127,1.149,S1O
114,CP2,128,1.149,S1O
114,CP2,129,0.661,S1O
114,CP2,130,-0.315,S1O
114,CP2,131,-2.268,S1O
114,CP2,132,-3.245,S1O
114,CP2,133,-3.733,S1O
114,CP2,134,-3.733,S1O
114,CP2,135,-3.245,S1O
114,CP2,136,-2.757,S1O
114,CP2,137,-2.268,S1O
114,CP2,138,-2.268,S1O
114,CP2,139,-1.292,S1O
114,CP2,140,-0.315,S1O
114,CP2,141,-0.315,S1O
114,CP2,142,-0.315,S1O
114,CP2,143,-0.804,S1O
114,CP2,144,-1.780,S1O
114,CP2,145,-2.757,S1O
114,CP2,146,-2.757,S1O
114,CP2,147,-2.757,S1O
114,CP2,148,-3.245,S1O
114,CP2,149,-3.245,S1O
114,CP2,150,-3.245,S1O
114,CP2,151,-3.245,S1O
114,CP2,152,-2.757,S1O
114,CP2,153,-2.268,S1O
114,CP2,154,-2.268,S1O
114,CP2,155,-2.268,S1O
114,CP2,156,-2.757,S1O
114,CP2,157,-2.268,S1O
114,CP2,158,-2.268,S1O
114,CP2,159,-1.780,S1O
114,CP2,160,-0.804,S1O
114,CP2,161,-0.315,S1O
114,CP2,162,0.173,S1O
114,CP2,163,0.173,S1O
114,CP2,164,-0.315,S1O
114,CP2,165,-1.292,S1O
114,CP2,166,-2.268,S1O
114,CP2,167,-2.757,S1O
114,CP2,168,-3.245,S1O
114,CP2,169,-3.245,S1O
114,CP2,170,-3.733,S1O
114,CP2,171,-4.222,S1O
114,CP2,172,-4.222,S1O
114,CP2,173,-4.222,S1O
114,CP2,174,-3.733,S1O
114,CP2,175,-3.245,S1O
114,CP2,176,-2.757,S1O
114,CP2,177,-2.268,S1O
114,CP2,178,-2.268,S1O
114,CP2,179,-2.757,S1O
114,CP2,180,-3.245,S1O
114,CP2,181,-3.245,S1O
114,CP2,182,-2.757,S1O
114,CP2,183,-2.268,S1O
114,CP2,184,-2.268,S1O
114,CP2,185,-3.245,S1O
114,CP2,186,-3.245,S1O
114,CP2,187,-3.245,S1O
114,CP2,188,-3.245,S1O
114,CP2,189,-2.268,S1O
114,CP2,190,-1.780,S1O
114,CP2,191,-1.780,S1O
114,CP2,192,-2.268,S1O
114,CP2,193,-2.757,S1O
114,CP2,194,-3.245,S1O
114,CP2,195,-3.245,S1O
114,CP2,196,-2.268,S1O
114,CP2,197,-1.780,S1O
114,CP2,198,-0.804,S1O
114,CP2,199,-0.804,S1O
114,CP2,200,-0.804,S1O
114,CP2,201,-1.292,S1O
114,CP2,202,-1.780,S1O
114,CP2,203,-2.268,S1O
114,CP2,204,-3.245,S1O
114,CP2,205,-3.733,S1O
114,CP2,206,-3.733,S1O
114,CP2,207,-3.245,S1O
114,CP2,208,-2.268,S1O
114,CP2,209,-2.268,S1O
114,CP2,210,-2.268,S1O
114,CP2,211,-2.757,S1O
114,CP2,212,-3.733,S1O
114,CP2,213,-3.733,S1O
114,CP2,214,-3.245,S1O
114,CP2,215,-2.757,S1O
114,CP2,216,-2.268,S1O
114,CP2,217,-2.268,S1O
114,CP2,218,-2.757,S1O
114,CP2,219,-3.245,S1O
114,CP2,220,-3.245,S1O
114,CP2,221,-2.757,S1O
114,CP2,222,-1.780,S1O
114,CP2,223,-0.315,S1O
114,CP2,224,0.173,S1O
114,CP2,225,0.173,S1O
114,CP2,226,-0.315,S1O
114,CP2,227,-0.315,S1O
114,CP2,228,-0.804,S1O
114,CP2,229,-1.780,S1O
114,CP2,230,-2.757,S1O
114,CP2,231,-4.222,S1O
114,CP2,232,-5.686,S1O
114,CP2,233,-6.175,S1O
114,CP2,234,-6.175,S1O
114,CP2,235,-6.175,S1O
114,CP2,236,-5.686,S1O
114,CP2,237,-5.198,S1O
114,CP2,238,-4.222,S1O
114,CP2,239,-3.245,S1O
114,CP2,240,-2.268,S1O
114,CP2,241,-1.780,S1O
114,CP2,242,-1.292,S1O
114,CP2,243,-1.780,S1O
114,CP2,244,-2.757,S1O
114,CP2,245,-3.245,S1O
114,CP2,246,-2.757,S1O
114,CP2,247,-2.268,S1O
114,CP2,248,-1.780,S1O
114,CP2,249,-1.292,S1O
114,CP2,250,-1.292,S1O
114,CP2,251,-1.292,S1O
114,CP2,252,-1.292,S1O
114,CP2,253,-1.292,S1O
114,CP2,254,-0.804,S1O
114,CP2,255,-0.315,S1O
114,P3,0,-6.276,S1O
114,P3,1,-7.253,S1O
114,P3,2,-7.253,S1O
114,P3,3,-7.253,S1O
114,P3,4,-6.765,S1O
114,P3,5,-6.765,S1O
114,P3,6,-7.253,S1O
114,P3,7,-7.741,S1O
114,P3,8,-7.741,S1O
114,P3,9,-6.276,S1O
114,P3,10,-4.323,S1O
114,P3,11,-2.370,S1O
114,P3,12,-1.394,S1O
114,P3,13,-1.882,S1O
114,P3,14,-2.858,S1O
114,P3,15,-4.323,S1O
114,P3,16,-5.300,S1O
114,P3,17,-5.300,S1O
114,P3,18,-4.812,S1O
114,P3,19,-4.812,S1O
114,P3,20,-5.300,S1O
114,P3,21,-6.276,S1O
114,P3,22,-6.765,S1O
114,P3,23,-6.276,S1O
114,P3,24,-5.300,S1O
114,P3,25,-3.835,S1O
114,P3,26,-2.858,S1O
114,P3,27,-2.370,S1O
114,P3,28,-2.858,S1O
114,P3,29,-3.835,S1O
114,P3,30,-4.812,S1O
114,P3,31,-5.788,S1O
114,P3,32,-5.788,S1O
114,P3,33,-5.788,S1O
114,P3,34,-5.788,S1O
114,P3,35,-5.788,S1O
114,P3,36,-6.276,S1O
114,P3,37,-7.253,S1O
114,P3,38,-8.718,S1O
114,P3,39,-10.183,S1O
114,P3,40,-11.648,S1O
114,P3,41,-12.136,S1O
114,P3,42,-12.136,S1O
114,P3,43,-11.648,S1O
114,P3,44,-11.648,S1O
114,P3,45,-12.624,S1O
114,P3,46,-13.601,S1O
114,P3,47,-14.577,S1O
114,P3,48,-14.089,S1O
114,P3,49,-12.624,S1O
114,P3,50,-10.183,S1O
114,P3,51,-7.253,S1O
114,P3,52,-3.835,S1O
114,P3,53,-1.394,S1O
114,P3,54,0.071,S1O
114,P3,55,0.559,S1O
114,P3,56,0.071,S1O
114,P3,57,-0.417,S1O
114,P3,58,-0.417,S1O
114,P3,59,1.048,S1O
114,P3,60,2.513,S1O
114,P3,61,3.977,S1O
114,P3,62,3.977,S1O
114,P3,63,3.001,S1O
114,P3,64,1.536,S1O
114,P3,65,0.559,S1O
114,P3,66,1.048,S1O
114,P3,67,1.536,S1O
114,P3,68,1.536,S1O
114,P3,69,0.559,S1O
114,P3,70,-0.905,S1O
114,P3,71,-2.858,S1O
114,P3,72,-4.323,S1O
114,P3,73,-5.788,S1O
114,P3,74,-6.765,S1O
114,P3,75,-7.741,S1O
114,P3,76,-8.230,S1O
114,P3,77,-7.741,S1O
114,P3,78,-6.276,S1O
114,P3,79,-5.300,S1O
114,P3,80,-5.300,S1O
114,P3,81,-6.276,S1O
114,P3,82,-7.741,S1O
114,P3,83,-9.206,S1O
114,P3,84,-9.694,S1O
114,P3,85,-8.718,S1O
114,P3,86,-7.741,S1O
114,P3,87,-6.765,S1O
114,P3,88,-6.276,S1O
114,P3,89,-5.788,S1O
114,P3,90,-4.812,S1O
114,P3,91,-3.347,S1O
114,P3,92,-2.370,S1O
114,P3,93,-2.370,S1O
114,P3,94,-2.370,S1O
114,P3,95,-3.347,S1O
114,P3,96,-3.835,S1O
114,P3,97,-4.323,S1O
114,P3,98,-4.323,S1O
114,P3,99,-4.323,S1O
114,P3,100,-4.812,S1O
114,P3,101,-4.323,S1O
114,P3,102,-4.323,S1O
114,P3,103,-4.323,S1O
114,P3,104,-4.323,S1O
114,P3,105,-5.788,S1O
114,P3,106,-6.276,S1O
114,P3,107,-6.765,S1O
114,P3,108,-7.253,S1O
114,P3,109,-7.253,S1O
114,P3,110,-7.253,S1O
114,P3,111,-7.253,S1O
114,P3,112,-8.230,S1O
114,P3,113,-8.230,S1O
114,P3,114,-7.741,S1O
114,P3,115,-6.276,S1O
114,P3,116,-3.835,S1O
114,P3,117,-2.370,S1O
114,P3,118,-2.370,S1O
114,P3,119,-3.347,S1O
114,P3,120,-4.323,S1O
114,P3,121,-5.300,S1O
114,P3,122,-5.788,S1O
114,P3,123,-5.300,S1O
114,P3,124,-4.812,S1O
114,P3,125,-4.812,S1O
114,P3,126,-4.812,S1O
114,P3,127,-4.812,S1O
114,P3,128,-4.323,S1O
114,P3,129,-4.812,S1O
114,P3,130,-6.276,S1O
114,P3,131,-8.230,S1O
114,P3,132,-9.694,S1O
114,P3,133,-10.671,S1O
114,P3,134,-11.159,S1O
114,P3,135,-11.648,S1O
114,P3,136,-11.159,S1O
114,P3,137,-10.671,S1O
114,P3,138,-10.183,S1O
114,P3,139,-8.718,S1O
114,P3,140,-7.253,S1O
114,P3,141,-6.276,S1O
114,P3,142,-6.276,S1O
114,P3,143,-6.765,S1O
114,P3,144,-7.253,S1O
114,P3,145,-7.253,S1O
114,P3,146,-6.765,S1O
114,P3,147,-5.788,S1O
114,P3,148,-5.788,S1O
114,P3,149,-4.812,S1O
114,P3,150,-4.323,S1O
114,P3,151,-2.858,S1O
114,P3,152,-1.882,S1O
114,P3,153,-0.905,S1O
114,P3,154,-1.394,S1O
114,P3,155,-2.370,S1O
114,P3,156,-4.323,S1O
114,P3,157,-6.276,S1O
114,P3,158,-6.765,S1O
114,P3,159,-6.276,S1O
114,P3,160,-5.300,S1O
114,P3,161,-4.323,S1O
114,P3,162,-4.323,S1O
114,P3,163,-4.812,S1O
114,P3,164,-6.276,S1O
114,P3,165,-8.230,S1O
114,P3,166,-9.206,S1O
114,P3,167,-9.694,S1O
114,P3,168,-9.694,S1O
114,P3,169,-9.694,S1O
114,P3,170,-10.671,S1O
114,P3,171,-12.136,S1O
114,P3,172,-13.601,S1O
114,P3,173,-14.089,S1O
114,P3,174,-14.089,S1O
114,P3,175,-12.624,S1O
114,P3,176,-11.648,S1O
114,P3,177,-10.671,S1O
114,P3,178,-10.671,S1O
114,P3,179,-11.648,S1O
114,P3,180,-12.136,S1O
114,P3,181,-11.648,S1O
114,P3,182,-10.671,S1O
114,P3,183,-10.183,S1O
114,P3,184,-10.183,S1O
114,P3,185,-10.671,S1O
114,P3,186,-11.159,S1O
114,P3,187,-11.159,S1O
114,P3,188,-9.694,S1O
114,P3,189,-8.230,S1O
114,P3,190,-6.765,S1O
114,P3,191,-7.253,S1O
114,P3,192,-8.718,S1O
114,P3,193,-10.671,S1O
114,P3,194,-12.624,S1O
114,P3,195,-12.624,S1O
114,P3,196,-11.648,S1O
114,P3,197,-10.183,S1O
114,P3,198,-9.694,S1O
114,P3,199,-10.183,S1O
114,P3,200,-11.648,S1O
114,P3,201,-13.112,S1O
114,P3,202,-15.066,S1O
114,P3,203,-16.530,S1O
114,P3,204,-17.995,S1O
114,P3,205,-18.483,S1O
114,P3,206,-18.483,S1O
114,P3,207,-16.530,S1O
114,P3,208,-14.577,S1O
114,P3,209,-12.624,S1O
114,P3,210,-11.159,S1O
114,P3,211,-11.159,S1O
114,P3,212,-12.136,S1O
114,P3,213,-12.624,S1O
114,P3,214,-12.624,S1O
114,P3,215,-12.136,S1O
114,P3,216,-11.648,S1O
114,P3,217,-12.136,S1O
114,P3,218,-13.112,S1O
114,P3,219,-14.577,S1O
114,P3,220,-15.554,S1O
114,P3,221,-15.066,S1O
114,P3,222,-14.577,S1O
114,P3,223,-13.601,S1O
114,P3,224,-13.112,S1O
114,P3,225,-13.601,S1O
114,P3,226,-13.601,S1O
114,P3,227,-13.112,S1O
114,P3,228,-12.624,S1O
114,P3,229,-12.624,S1O
114,P3,230,-13.601,S1O
114,P3,231,-15.554,S1O
114,P3,232,-18.483,S1O
114,P3,233,-20.925,S1O
114,P3,234,-21.901,S1O
114,P3,235,-22.390,S1O
114,P3,236,-21.413,S1O
114,P3,237,-20.437,S1O
114,P3,238,-18.483,S1O
114,P3,239,-15.554,S1O
114,P3,240,-12.136,S1O
114,P3,241,-8.718,S1O
114,P3,242,-7.253,S1O
114,P3,243,-7.253,S1O
114,P3,244,-7.741,S1O
114,P3,245,-8.718,S1O
114,P3,246,-9.694,S1O
114,P3,247,-10.671,S1O
114,P3,248,-11.159,S1O
114,P3,249,-11.648,S1O
114,P3,250,-11.648,S1O
114,P3,251,-11.159,S1O
114,P3,252,-10.671,S1O
114,P3,253,-10.183,S1O
114,P3,254,-9.694,S1O
114,P3,255,-9.206,S1O
114,P4,0,-3.164,S1O
114,P4,1,-3.164,S1O
114,P4,2,-3.164,S1O
114,P4,3,-3.652,S1O
114,P4,4,-4.140,S1O
114,P4,5,-4.628,S1O
114,P4,6,-4.628,S1O
114,P4,7,-3.652,S1O
114,P4,8,-2.675,S1O
114,P4,9,-2.187,S1O
114,P4,10,-1.211,S1O
114,P4,11,-0.722,S1O
114,P4,12,-0.234,S1O
114,P4,13,-0.234,S1O
114,P4,14,-0.722,S1O
114,P4,15,-1.699,S1O
114,P4,16,-2.187,S1O
114,P4,17,-2.187,S1O
114,P4,18,-1.211,S1O
114,P4,19,-0.234,S1O
114,P4,20,0.254,S1O
114,P4,21,0.254,S1O
114,P4,22,-0.234,S1O
114,P4,23,-0.234,S1O
114,P4,24,0.743,S1O
114,P4,25,1.719,S1O
114,P4,26,3.184,S1O
114,P4,27,3.672,S1O
114,P4,28,2.696,S1O
114,P4,29,1.719,S1O
114,P4,30,-0.234,S1O
114,P4,31,-1.211,S1O
114,P4,32,-2.187,S1O
114,P4,33,-1.211,S1O
114,P4,34,0.254,S1O
114,P4,35,0.743,S1O
114,P4,36,0.254,S1O
114,P4,37,-1.699,S1O
114,P4,38,-4.628,S1O
114,P4,39,-6.582,S1O
114,P4,40,-7.558,S1O
114,P4,41,-7.558,S1O
114,P4,42,-7.070,S1O
114,P4,43,-7.558,S1O
114,P4,44,-9.023,S1O
114,P4,45,-11.464,S1O
114,P4,46,-13.418,S1O
114,P4,47,-14.394,S1O
114,P4,48,-13.418,S1O
114,P4,49,-10.976,S1O
114,P4,50,-7.558,S1O
114,P4,51,-4.628,S1O
114,P4,52,-1.211,S1O
114,P4,53,0.743,S1O
114,P4,54,1.231,S1O
114,P4,55,0.743,S1O
114,P4,56,-0.234,S1O
114,P4,57,-0.722,S1O
114,P4,58,-0.234,S1O
114,P4,59,1.719,S1O
114,P4,60,3.672,S1O
114,P4,61,6.114,S1O
114,P4,62,7.090,S1O
114,P4,63,7.579,S1O
114,P4,64,7.579,S1O
114,P4,65,8.067,S1O
114,P4,66,8.555,S1O
114,P4,67,9.043,S1O
114,P4,68,8.555,S1O
114,P4,69,7.579,S1O
114,P4,70,5.137,S1O
114,P4,71,3.184,S1O
114,P4,72,1.231,S1O
114,P4,73,0.254,S1O
114,P4,74,-1.211,S1O
114,P4,75,-2.187,S1O
114,P4,76,-2.675,S1O
114,P4,77,-2.187,S1O
114,P4,78,-0.722,S1O
114,P4,79,1.231,S1O
114,P4,80,2.696,S1O
114,P4,81,2.207,S1O
114,P4,82,1.231,S1O
114,P4,83,-0.234,S1O
114,P4,84,-1.211,S1O
114,P4,85,-1.211,S1O
114,P4,86,-0.234,S1O
114,P4,87,1.231,S1O
114,P4,88,1.231,S1O
114,P4,89,1.719,S1O
114,P4,90,2.207,S1O
114,P4,91,3.184,S1O
114,P4,92,4.161,S1O
114,P4,93,5.137,S1O
114,P4,94,5.625,S1O
114,P4,95,6.114,S1O
114,P4,96,6.114,S1O
114,P4,97,6.114,S1O
114,P4,98,5.625,S1O
114,P4,99,5.137,S1O
114,P4,100,4.649,S1O
114,P4,101,5.137,S1O
114,P4,102,6.114,S1O
114,P4,103,7.090,S1O
114,P4,104,7.090,S1O
114,P4,105,6.602,S1O
114,P4,106,5.137,S1O
114,P4,107,3.184,S1O
114,P4,108,1.719,S1O
114,P4,109,0.254,S1O
114,P4,110,-0.722,S1O
114,P4,111,-1.699,S1O
114,P4,112,-2.675,S1O
114,P4,113,-2.675,S1O
114,P4,114,-1.211,S1O
114,P4,115,0.254,S1O
114,P4,116,2.207,S1O
114,P4,117,4.161,S1O
114,P4,118,4.649,S1O
114,P4,119,5.137,S1O
114,P4,120,5.137,S1O
114,P4,121,4.649,S1O
114,P4,122,3.672,S1O
114,P4,123,2.696,S1O
114,P4,124,1.231,S1O
114,P4,125,0.254,S1O
114,P4,126,-0.234,S1O
114,P4,127,0.743,S1O
114,P4,128,1.231,S1O
114,P4,129,1.231,S1O
114,P4,130,-0.234,S1O
114,P4,131,-2.675,S1O
114,P4,132,-4.140,S1O
114,P4,133,-4.628,S1O
114,P4,134,-4.628,S1O
114,P4,135,-4.628,S1O
114,P4,136,-4.140,S1O
114,P4,137,-4.140,S1O
114,P4,138,-3.652,S1O
114,P4,139,-2.187,S1O
114,P4,140,-0.722,S1O
114,P4,141,-0.234,S1O
114,P4,142,-0.722,S1O
114,P4,143,-2.675,S1O
114,P4,144,-4.140,S1O
114,P4,145,-4.628,S1O
114,P4,146,-4.140,S1O
114,P4,147,-3.652,S1O
114,P4,148,-3.652,S1O
114,P4,149,-4.140,S1O
114,P4,150,-5.117,S1O
114,P4,151,-5.117,S1O
114,P4,152,-5.117,S1O
114,P4,153,-5.117,S1O
114,P4,154,-5.117,S1O
114,P4,155,-5.117,S1O
114,P4,156,-5.117,S1O
114,P4,157,-5.117,S1O
114,P4,158,-4.140,S1O
114,P4,159,-3.652,S1O
114,P4,160,-3.164,S1O
114,P4,161,-3.164,S1O
114,P4,162,-2.675,S1O
114,P4,163,-2.675,S1O
114,P4,164,-3.164,S1O
114,P4,165,-4.140,S1O
114,P4,166,-5.117,S1O
114,P4,167,-6.582,S1O
114,P4,168,-7.558,S1O
114,P4,169,-8.046,S1O
114,P4,170,-8.535,S1O
114,P4,171,-9.023,S1O
114,P4,172,-8.535,S1O
114,P4,173,-8.535,S1O
114,P4,174,-8.046,S1O
114,P4,175,-6.582,S1O
114,P4,176,-5.605,S1O
114,P4,177,-5.117,S1O
114,P4,178,-5.117,S1O
114,P4,179,-5.605,S1O
114,P4,180,-6.582,S1O
114,P4,181,-6.582,S1O
114,P4,182,-6.582,S1O
114,P4,183,-6.582,S1O
114,P4,184,-6.582,S1O
114,P4,185,-7.558,S1O
114,P4,186,-8.046,S1O
114,P4,187,-8.046,S1O
114,P4,188,-7.558,S1O
114,P4,189,-6.093,S1O
114,P4,190,-4.628,S1O
114,P4,191,-4.628,S1O
114,P4,192,-5.117,S1O
114,P4,193,-6.093,S1O
114,P4,194,-6.582,S1O
114,P4,195,-6.582,S1O
114,P4,196,-6.093,S1O
114,P4,197,-5.605,S1O
114,P4,198,-4.628,S1O
114,P4,199,-3.652,S1O
114,P4,200,-3.652,S1O
114,P4,201,-3.652,S1O
114,P4,202,-5.117,S1O
114,P4,203,-6.093,S1O
114,P4,204,-8.046,S1O
114,P4,205,-8.535,S1O
114,P4,206,-7.558,S1O
114,P4,207,-6.093,S1O
114,P4,208,-4.140,S1O
114,P4,209,-3.652,S1O
114,P4,210,-4.628,S1O
114,P4,211,-6.582,S1O
114,P4,212,-8.046,S1O
114,P4,213,-8.535,S1O
114,P4,214,-8.046,S1O
114,P4,215,-6.582,S1O
114,P4,216,-6.582,S1O
114,P4,217,-7.558,S1O
114,P4,218,-9.511,S1O
114,P4,219,-10.976,S1O
114,P4,220,-10.976,S1O
114,P4,221,-9.511,S1O
114,P4,222,-7.558,S1O
114,P4,223,-5.605,S1O
114,P4,224,-4.628,S1O
114,P4,225,-4.140,S1O
114,P4,226,-4.628,S1O
114,P4,227,-4.628,S1O
114,P4,228,-5.605,S1O
114,P4,229,-6.093,S1O
114,P4,230,-7.558,S1O
114,P4,231,-10.000,S1O
114,P4,232,-12.441,S1O
114,P4,233,-13.906,S1O
114,P4,234,-14.882,S1O
114,P4,235,-14.882,S1O
114,P4,236,-14.394,S1O
114,P4,237,-12.929,S1O
114,P4,238,-11.464,S1O
114,P4,239,-9.023,S1O
114,P4,240,-7.558,S1O
114,P4,241,-6.093,S1O
114,P4,242,-6.093,S1O
114,P4,243,-7.558,S1O
114,P4,244,-8.535,S1O
114,P4,245,-9.023,S1O
114,P4,246,-9.023,S1O
114,P4,247,-8.535,S1O
114,P4,248,-8.046,S1O
114,P4,249,-8.046,S1O
114,P4,250,-7.558,S1O
114,P4,251,-7.070,S1O
114,P4,252,-6.582,S1O
114,P4,253,-6.093,S1O
114,P4,254,-5.605,S1O
114,P4,255,-4.628,S1O
114,PZ,0,-3.143,S1O
114,PZ,1,-3.143,S1O
114,PZ,2,-3.143,S1O
114,PZ,3,-3.143,S1O
114,PZ,4,-2.655,S1O
114,PZ,5,-3.143,S1O
114,PZ,6,-3.143,S1O
114,PZ,7,-3.632,S1O
114,PZ,8,-3.632,S1O
114,PZ,9,-3.143,S1O
114,PZ,10,-2.167,S1O
114,PZ,11,-1.190,S1O
114,PZ,12,-0.702,S1O
114,PZ,13,-0.702,S1O
114,PZ,14,-1.678,S1O
114,PZ,15,-2.655,S1O
114,PZ,16,-3.143,S1O
114,PZ,17,-3.143,S1O
114,PZ,18,-2.655,S1O
114,PZ,19,-2.167,S1O
114,PZ,20,-1.678,S1O
114,PZ,21,-2.167,S1O
114,PZ,22,-1.678,S1O
114,PZ,23,-1.190,S1O
114,PZ,24,-0.214,S1O
114,PZ,25,1.251,S1O
114,PZ,26,2.228,S1O
114,PZ,27,2.716,S1O
114,PZ,28,2.228,S1O
114,PZ,29,1.740,S1O
114,PZ,30,0.763,S1O
114,PZ,31,0.275,S1O
114,PZ,32,-0.214,S1O
114,PZ,33,-0.702,S1O
114,PZ,34,-1.190,S1O
114,PZ,35,-1.678,S1O
114,PZ,36,-2.167,S1O
114,PZ,37,-4.120,S1O
114,PZ,38,-5.585,S1O
114,PZ,39,-7.050,S1O
114,PZ,40,-8.514,S1O
114,PZ,41,-8.514,S1O
114,PZ,42,-8.514,S1O
114,PZ,43,-8.514,S1O
114,PZ,44,-8.514,S1O
114,PZ,45,-9.491,S1O
114,PZ,46,-10.956,S1O
114,PZ,47,-11.444,S1O
114,PZ,48,-10.956,S1O
114,PZ,49,-9.491,S1O
114,PZ,50,-7.050,S1O
114,PZ,51,-4.608,S1O
114,PZ,52,-2.167,S1O
114,PZ,53,-0.214,S1O
114,PZ,54,0.763,S1O
114,PZ,55,1.251,S1O
114,PZ,56,0.763,S1O
114,PZ,57,0.275,S1O
114,PZ,58,0.275,S1O
114,PZ,59,1.251,S1O
114,PZ,60,2.716,S1O
114,PZ,61,3.693,S1O
114,PZ,62,4.181,S1O
114,PZ,63,3.204,S1O
114,PZ,64,2.716,S1O
114,PZ,65,2.228,S1O
114,PZ,66,2.228,S1O
114,PZ,67,2.716,S1O
114,PZ,68,2.716,S1O
114,PZ,69,1.740,S1O
114,PZ,70,0.275,S1O
114,PZ,71,-1.678,S1O
114,PZ,72,-3.143,S1O
114,PZ,73,-4.120,S1O
114,PZ,74,-4.608,S1O
114,PZ,75,-4.608,S1O
114,PZ,76,-5.096,S1O
114,PZ,77,-4.608,S1O
114,PZ,78,-3.632,S1O
114,PZ,79,-2.167,S1O
114,PZ,80,-1.678,S1O
114,PZ,81,-2.167,S1O
114,PZ,82,-3.143,S1O
114,PZ,83,-5.096,S1O
114,PZ,84,-6.073,S1O
114,PZ,85,-6.561,S1O
114,PZ,86,-5.585,S1O
114,PZ,87,-4.608,S1O
114,PZ,88,-4.120,S1O
114,PZ,89,-3.632,S1O
114,PZ,90,-3.143,S1O
114,PZ,91,-2.655,S1O
114,PZ,92,-1.678,S1O
114,PZ,93,-0.702,S1O
114,PZ,94,-0.214,S1O
114,PZ,95,-0.214,S1O
114,PZ,96,-0.214,S1O
114,PZ,97,-0.702,S1O
114,PZ,98,-1.190,S1O
114,PZ,99,-1.190,S1O
114,PZ,100,-0.702,S1O
114,PZ,101,-0.214,S1O
114,PZ,102,0.275,S1O
114,PZ,103,0.763,S1O
114,PZ,104,0.763,S1O
114,PZ,105,-0.214,S1O
114,PZ,106,-2.167,S1O
114,PZ,107,-3.143,S1O
114,PZ,108,-4.608,S1O
114,PZ,109,-5.096,S1O
114,PZ,110,-6.073,S1O
114,PZ,111,-7.050,S1O
114,PZ,112,-7.538,S1O
114,PZ,113,-7.538,S1O
114,PZ,114,-6.561,S1O
114,PZ,115,-4.608,S1O
114,PZ,116,-2.167,S1O
114,PZ,117,-0.702,S1O
114,PZ,118,0.275,S1O
114,PZ,119,0.275,S1O
114,PZ,120,-0.214,S1O
114,PZ,121,-0.702,S1O
114,PZ,122,-0.702,S1O
114,PZ,123,-1.678,S1O
114,PZ,124,-1.678,S1O
114,PZ,125,-2.167,S1O
114,PZ,126,-2.167,S1O
114,PZ,127,-2.167,S1O
114,PZ,128,-1.678,S1O
114,PZ,129,-2.167,S1O
114,PZ,130,-3.632,S1O
114,PZ,131,-5.096,S1O
114,PZ,132,-7.050,S1O
114,PZ,133,-8.026,S1O
114,PZ,134,-8.026,S1O
114,PZ,135,-8.026,S1O
114,PZ,136,-7.538,S1O
114,PZ,137,-7.050,S1O
114,PZ,138,-6.073,S1O
114,PZ,139,-5.096,S1O
114,PZ,140,-3.632,S1O
114,PZ,141,-3.143,S1O
114,PZ,142,-3.143,S1O
114,PZ,143,-3.632,S1O
114,PZ,144,-4.120,S1O
114,PZ,145,-5.096,S1O
114,PZ,146,-5.096,S1O
114,PZ,147,-5.096,S1O
114,PZ,148,-5.096,S1O
114,PZ,149,-5.096,S1O
114,PZ,150,-5.096,S1O
114,PZ,151,-4.120,S1O
114,PZ,152,-3.632,S1O
114,PZ,153,-3.143,S1O
114,PZ,154,-2.655,S1O
114,PZ,155,-3.143,S1O
114,PZ,156,-3.632,S1O
114,PZ,157,-3.632,S1O
114,PZ,158,-3.632,S1O
114,PZ,159,-2.655,S1O
114,PZ,160,-2.167,S1O
114,PZ,161,-1.190,S1O
114,PZ,162,-1.190,S1O
114,PZ,163,-1.190,S1O
114,PZ,164,-2.167,S1O
114,PZ,165,-3.143,S1O
114,PZ,166,-4.120,S1O
114,PZ,167,-4.608,S1O
114,PZ,168,-5.096,S1O
114,PZ,169,-5.585,S1O
114,PZ,170,-6.073,S1O
114,PZ,171,-7.050,S1O
114,PZ,172,-8.026,S1O
114,PZ,173,-9.003,S1O
114,PZ,174,-9.003,S1O
114,PZ,175,-8.026,S1O
114,PZ,176,-6.561,S1O
114,PZ,177,-5.585,S1O
114,PZ,178,-5.096,S1O
114,PZ,179,-5.585,S1O
114,PZ,180,-6.073,S1O
114,PZ,181,-6.561,S1O
114,PZ,182,-6.073,S1O
114,PZ,183,-5.096,S1O
114,PZ,184,-5.096,S1O
114,PZ,185,-5.585,S1O
114,PZ,186,-6.073,S1O
114,PZ,187,-6.073,S1O
114,PZ,188,-5.585,S1O
114,PZ,189,-4.120,S1O
114,PZ,190,-3.143,S1O
114,PZ,191,-3.632,S1O
114,PZ,192,-4.608,S1O
114,PZ,193,-6.073,S1O
114,PZ,194,-7.050,S1O
114,PZ,195,-7.050,S1O
114,PZ,196,-6.073,S1O
114,PZ,197,-5.096,S1O
114,PZ,198,-4.120,S1O
114,PZ,199,-4.120,S1O
114,PZ,200,-4.120,S1O
114,PZ,201,-4.608,S1O
114,PZ,202,-5.096,S1O
114,PZ,203,-6.073,S1O
114,PZ,204,-7.050,S1O
114,PZ,205,-8.026,S1O
114,PZ,206,-9.003,S1O
114,PZ,207,-8.026,S1O
114,PZ,208,-6.561,S1O
114,PZ,209,-5.096,S1O
114,PZ,210,-4.608,S1O
114,PZ,211,-5.096,S1O
114,PZ,212,-6.073,S1O
114,PZ,213,-6.561,S1O
114,PZ,214,-6.561,S1O
114,PZ,215,-5.585,S1O
114,PZ,216,-5.096,S1O
114,PZ,217,-5.096,S1O
114,PZ,218,-6.073,S1O
114,PZ,219,-7.050,S1O
114,PZ,220,-7.538,S1O
114,PZ,221,-7.050,S1O
114,PZ,222,-6.073,S1O
114,PZ,223,-5.096,S1O
114,PZ,224,-4.608,S1O
114,PZ,225,-5.096,S1O
114,PZ,226,-5.096,S1O
114,PZ,227,-5.096,S1O
114,PZ,228,-5.096,S1O
114,PZ,229,-5.096,S1O
114,PZ,230,-6.073,S1O
114,PZ,231,-8.026,S1O
114,PZ,232,-10.468,S1O
114,PZ,233,-11.444,S1O
114,PZ,234,-11.932,S1O
114,PZ,235,-10.956,S1O
114,PZ,236,-10.468,S1O
114,PZ,237,-9.491,S1O
114,PZ,238,-8.514,S1O
114,PZ,239,-7.538,S1O
114,PZ,240,-6.073,S1O
114,PZ,241,-4.608,S1O
114,PZ,242,-3.632,S1O
114,PZ,243,-3.632,S1O
114,PZ,244,-4.120,S1O
114,PZ,245,-5.096,S1O
114,PZ,246,-5.585,S1O
114,PZ,247,-5.585,S1O
114,PZ,248,-5.585,S1O
114,PZ,249,-5.096,S1O
114,PZ,250,-4.608,S1O
114,PZ,251,-4.120,S1O
114,PZ,252,-3.632,S1O
114,PZ,253,-3.143,S1O
114,PZ,254,-2.655,S1O
114,PZ,255,-1.678,S1O
114,P8,0,-4.537,S1O
114,P8,1,-5.514,S1O
114,P8,2,-6.002,S1O
114,P8,3,-6.978,S1O
114,P8,4,-7.955,S1O
114,P8,5,-8.931,S1O
114,P8,6,-8.931,S1O
114,P8,7,-7.955,S1O
114,P8,8,-6.002,S1O
114,P8,9,-4.049,S1O
114,P8,10,-2.584,S1O
114,P8,11,-1.119,S1O
114,P8,12,-0.142,S1O
114,P8,13,0.346,S1O
114,P8,14,-0.142,S1O
114,P8,15,-1.119,S1O
114,P8,16,-2.096,S1O
114,P8,17,-2.584,S1O
114,P8,18,-2.584,S1O
114,P8,19,-2.584,S1O
114,P8,20,-2.584,S1O
114,P8,21,-3.072,S1O
114,P8,22,-3.560,S1O
114,P8,23,-3.560,S1O
114,P8,24,-3.560,S1O
114,P8,25,-2.584,S1O
114,P8,26,-1.119,S1O
114,P8,27,-1.119,S1O
114,P8,28,-1.607,S1O
114,P8,29,-3.560,S1O
114,P8,30,-5.514,S1O
114,P8,31,-6.490,S1O
114,P8,32,-6.490,S1O
114,P8,33,-4.049,S1O
114,P8,34,-1.119,S1O
114,P8,35,0.834,S1O
114,P8,36,0.834,S1O
114,P8,37,-1.607,S1O
114,P8,38,-5.025,S1O
114,P8,39,-7.955,S1O
114,P8,40,-9.420,S1O
114,P8,41,-8.931,S1O
114,P8,42,-8.931,S1O
114,P8,43,-9.908,S1O
114,P8,44,-12.838,S1O
114,P8,45,-16.256,S1O
114,P8,46,-19.185,S1O
114,P8,47,-21.627,S1O
114,P8,48,-21.139,S1O
114,P8,49,-18.697,S1O
114,P8,50,-15.279,S1O
114,P8,51,-11.373,S1O
114,P8,52,-7.467,S1O
114,P8,53,-4.049,S1O
114,P8,54,-2.096,S1O
114,P8,55,-1.607,S1O
114,P8,56,-2.096,S1O
114,P8,57,-3.072,S1O
114,P8,58,-2.096,S1O
114,P8,59,-0.142,S1O
114,P8,60,3.276,S1O
114,P8,61,6.205,S1O
114,P8,62,8.158,S1O
114,P8,63,9.623,S1O
114,P8,64,9.623,S1O
114,P8,65,10.600,S1O
114,P8,66,12.065,S1O
114,P8,67,13.041,S1O
114,P8,68,12.065,S1O
114,P8,69,10.111,S1O
114,P8,70,7.182,S1O
114,P8,71,4.740,S1O
114,P8,72,2.787,S1O
114,P8,73,1.322,S1O
114,P8,74,-0.631,S1O
114,P8,75,-3.072,S1O
114,P8,76,-5.025,S1O
114,P8,77,-5.025,S1O
114,P8,78,-3.072,S1O
114,P8,79,0.834,S1O
114,P8,80,3.764,S1O
114,P8,81,4.740,S1O
114,P8,82,3.764,S1O
114,P8,83,2.299,S1O
114,P8,84,0.834,S1O
114,P8,85,1.322,S1O
114,P8,86,2.299,S1O
114,P8,87,3.276,S1O
114,P8,88,4.252,S1O
114,P8,89,4.740,S1O
114,P8,90,4.740,S1O
114,P8,91,5.229,S1O
114,P8,92,5.717,S1O
114,P8,93,6.694,S1O
114,P8,94,7.182,S1O
114,P8,95,8.158,S1O
114,P8,96,8.647,S1O
114,P8,97,8.647,S1O
114,P8,98,8.647,S1O
114,P8,99,7.670,S1O
114,P8,100,7.670,S1O
114,P8,101,7.670,S1O
114,P8,102,8.158,S1O
114,P8,103,9.135,S1O
114,P8,104,9.135,S1O
114,P8,105,8.158,S1O
114,P8,106,6.205,S1O
114,P8,107,4.252,S1O
114,P8,108,2.787,S1O
114,P8,109,2.299,S1O
114,P8,110,1.322,S1O
114,P8,111,0.346,S1O
114,P8,112,-0.631,S1O
114,P8,113,-1.119,S1O
114,P8,114,-0.142,S1O
114,P8,115,1.811,S1O
114,P8,116,4.740,S1O
114,P8,117,6.694,S1O
114,P8,118,8.158,S1O
114,P8,119,7.670,S1O
114,P8,120,6.205,S1O
114,P8,121,5.229,S1O
114,P8,122,4.252,S1O
114,P8,123,2.787,S1O
114,P8,124,0.834,S1O
114,P8,125,-0.631,S1O
114,P8,126,-1.119,S1O
114,P8,127,-1.607,S1O
114,P8,128,-1.607,S1O
114,P8,129,-2.096,S1O
114,P8,130,-3.560,S1O
114,P8,131,-6.002,S1O
114,P8,132,-7.467,S1O
114,P8,133,-7.467,S1O
114,P8,134,-6.002,S1O
114,P8,135,-5.025,S1O
114,P8,136,-4.049,S1O
114,P8,137,-4.049,S1O
114,P8,138,-3.560,S1O
114,P8,139,-3.072,S1O
114,P8,140,-2.096,S1O
114,P8,141,-2.096,S1O
114,P8,142,-3.072,S1O
114,P8,143,-5.025,S1O
114,P8,144,-6.978,S1O
114,P8,145,-7.467,S1O
114,P8,146,-7.467,S1O
114,P8,147,-6.002,S1O
114,P8,148,-5.514,S1O
114,P8,149,-5.514,S1O
114,P8,150,-5.514,S1O
114,P8,151,-5.025,S1O
114,P8,152,-5.025,S1O
114,P8,153,-4.537,S1O
114,P8,154,-4.537,S1O
114,P8,155,-5.514,S1O
114,P8,156,-6.002,S1O
114,P8,157,-6.490,S1O
114,P8,158,-6.490,S1O
114,P8,159,-6.978,S1O
114,P8,160,-6.978,S1O
114,P8,161,-6.978,S1O
114,P8,162,-7.467,S1O
114,P8,163,-6.978,S1O
114,P8,164,-6.978,S1O
114,P8,165,-7.467,S1O
114,P8,166,-8.931,S1O
114,P8,167,-10.885,S1O
114,P8,168,-12.838,S1O
114,P8,169,-13.814,S1O
114,P8,170,-13.326,S1O
114,P8,171,-12.838,S1O
114,P8,172,-11.373,S1O
114,P8,173,-10.396,S1O
114,P8,174,-9.908,S1O
114,P8,175,-9.420,S1O
114,P8,176,-8.443,S1O
114,P8,177,-7.955,S1O
114,P8,178,-7.955,S1O
114,P8,179,-8.931,S1O
114,P8,180,-10.885,S1O
114,P8,181,-12.349,S1O
114,P8,182,-13.326,S1O
114,P8,183,-13.326,S1O
114,P8,184,-12.838,S1O
114,P8,185,-12.838,S1O
114,P8,186,-12.349,S1O
114,P8,187,-11.373,S1O
114,P8,188,-10.396,S1O
114,P8,189,-8.443,S1O
114,P8,190,-7.955,S1O
114,P8,191,-7.955,S1O
114,P8,192,-9.420,S1O
114,P8,193,-10.885,S1O
114,P8,194,-12.349,S1O
114,P8,195,-12.349,S1O
114,P8,196,-11.373,S1O
114,P8,197,-10.396,S1O
114,P8,198,-8.931,S1O
114,P8,199,-7.955,S1O
114,P8,200,-7.955,S1O
114,P8,201,-8.443,S1O
114,P8,202,-10.396,S1O
114,P8,203,-13.326,S1O
114,P8,204,-15.279,S1O
114,P8,205,-16.744,S1O
114,P8,206,-15.767,S1O
114,P8,207,-13.814,S1O
114,P8,208,-11.861,S1O
114,P8,209,-11.373,S1O
114,P8,210,-12.838,S1O
114,P8,211,-15.767,S1O
114,P8,212,-17.721,S1O
114,P8,213,-18.697,S1O
114,P8,214,-17.232,S1O
114,P8,215,-15.279,S1O
114,P8,216,-14.791,S1O
114,P8,217,-15.767,S1O
114,P8,218,-18.697,S1O
114,P8,219,-21.627,S1O
114,P8,220,-22.603,S1O
114,P8,221,-21.139,S1O
114,P8,222,-18.209,S1O
114,P8,223,-15.279,S1O
114,P8,224,-12.838,S1O
114,P8,225,-12.349,S1O
114,P8,226,-12.349,S1O
114,P8,227,-12.349,S1O
114,P8,228,-12.838,S1O
114,P8,229,-13.814,S1O
114,P8,230,-15.767,S1O
114,P8,231,-18.697,S1O
114,P8,232,-22.603,S1O
114,P8,233,-25.533,S1O
114,P8,234,-27.974,S1O
114,P8,235,-28.951,S1O
114,P8,236,-28.951,S1O
114,P8,237,-26.998,S1O
114,P8,238,-24.068,S1O
114,P8,239,-20.650,S1O
114,P8,240,-17.721,S1O
114,P8,241,-16.256,S1O
114,P8,242,-15.767,S1O
114,P8,243,-16.744,S1O
114,P8,244,-17.721,S1O
114,P8,245,-18.697,S1O
114,P8,246,-18.697,S1O
114,P8,247,-18.697,S1O
114,P8,248,-18.209,S1O
114,P8,249,-18.209,S1O
114,P8,250,-17.721,S1O
114,P8,251,-17.232,S1O
114,P8,252,-16.744,S1O
114,P8,253,-16.256,S1O
114,P8,254,-15.279,S1O
114,P8,255,-14.303,S1O
114,P7,0,-7.690,S1O
114,P7,1,-10.132,S1O
114,P7,2,-11.108,S1O
114,P7,3,-11.108,S1O
114,P7,4,-11.108,S1O
114,P7,5,-11.597,S1O
114,P7,6,-11.597,S1O
114,P7,7,-11.597,S1O
114,P7,8,-11.108,S1O
114,P7,9,-9.644,S1O
114,P7,10,-8.179,S1O
114,P7,11,-7.202,S1O
114,P7,12,-6.226,S1O
114,P7,13,-5.249,S1O
114,P7,14,-4.761,S1O
114,P7,15,-4.272,S1O
114,P7,16,-4.272,S1O
114,P7,17,-5.249,S1O
114,P7,18,-5.737,S1O
114,P7,19,-7.202,S1O
114,P7,20,-8.667,S1O
114,P7,21,-9.644,S1O
114,P7,22,-10.620,S1O
114,P7,23,-11.108,S1O
114,P7,24,-10.620,S1O
114,P7,25,-9.155,S1O
114,P7,26,-7.202,S1O
114,P7,27,-6.226,S1O
114,P7,28,-7.202,S1O
114,P7,29,-9.155,S1O
114,P7,30,-12.085,S1O
114,P7,31,-14.038,S1O
114,P7,32,-14.526,S1O
114,P7,33,-12.573,S1O
114,P7,34,-10.620,S1O
114,P7,35,-9.155,S1O
114,P7,36,-9.644,S1O
114,P7,37,-12.085,S1O
114,P7,38,-15.015,S1O
114,P7,39,-17.456,S1O
114,P7,40,-18.433,S1O
114,P7,41,-17.944,S1O
114,P7,42,-16.968,S1O
114,P7,43,-16.479,S1O
114,P7,44,-17.456,S1O
114,P7,45,-19.409,S1O
114,P7,46,-21.362,S1O
114,P7,47,-21.851,S1O
114,P7,48,-21.362,S1O
114,P7,49,-18.921,S1O
114,P7,50,-15.503,S1O
114,P7,51,-11.597,S1O
114,P7,52,-7.690,S1O
114,P7,53,-4.761,S1O
114,P7,54,-3.296,S1O
114,P7,55,-4.272,S1O
114,P7,56,-6.226,S1O
114,P7,57,-7.690,S1O
114,P7,58,-7.202,S1O
114,P7,59,-4.272,S1O
114,P7,60,-0.854,S1O
114,P7,61,1.099,S1O
114,P7,62,0.610,S1O
114,P7,63,-1.343,S1O
114,P7,64,-3.784,S1O
114,P7,65,-4.272,S1O
114,P7,66,-3.784,S1O
114,P7,67,-2.319,S1O
114,P7,68,-1.831,S1O
114,P7,69,-2.808,S1O
114,P7,70,-4.761,S1O
114,P7,71,-7.202,S1O
114,P7,72,-10.132,S1O
114,P7,73,-12.573,S1O
114,P7,74,-15.015,S1O
114,P7,75,-16.479,S1O
114,P7,76,-17.456,S1O
114,P7,77,-16.479,S1O
114,P7,78,-14.038,S1O
114,P7,79,-11.108,S1O
114,P7,80,-10.132,S1O
114,P7,81,-11.108,S1O
114,P7,82,-13.062,S1O
114,P7,83,-15.503,S1O
114,P7,84,-15.991,S1O
114,P7,85,-15.503,S1O
114,P7,86,-14.038,S1O
114,P7,87,-12.573,S1O
114,P7,88,-11.108,S1O
114,P7,89,-10.132,S1O
114,P7,90,-9.155,S1O
114,P7,91,-7.690,S1O
114,P7,92,-6.714,S1O
114,P7,93,-6.714,S1O
114,P7,94,-7.202,S1O
114,P7,95,-7.690,S1O
114,P7,96,-8.667,S1O
114,P7,97,-8.667,S1O
114,P7,98,-8.179,S1O
114,P7,99,-7.690,S1O
114,P7,100,-8.179,S1O
114,P7,101,-8.667,S1O
114,P7,102,-9.644,S1O
114,P7,103,-10.132,S1O
114,P7,104,-11.108,S1O
114,P7,105,-12.085,S1O
114,P7,106,-12.573,S1O
114,P7,107,-12.085,S1O
114,P7,108,-12.085,S1O
114,P7,109,-11.597,S1O
114,P7,110,-11.597,S1O
114,P7,111,-13.062,S1O
114,P7,112,-14.526,S1O
114,P7,113,-15.991,S1O
114,P7,114,-15.991,S1O
114,P7,115,-14.038,S1O
114,P7,116,-10.620,S1O
114,P7,117,-7.690,S1O
114,P7,118,-6.714,S1O
114,P7,119,-8.179,S1O
114,P7,120,-10.620,S1O
114,P7,121,-13.062,S1O
114,P7,122,-14.038,S1O
114,P7,123,-13.550,S1O
114,P7,124,-12.573,S1O
114,P7,125,-11.597,S1O
114,P7,126,-11.597,S1O
114,P7,127,-11.597,S1O
114,P7,128,-11.597,S1O
114,P7,129,-11.597,S1O
114,P7,130,-12.573,S1O
114,P7,131,-14.038,S1O
114,P7,132,-15.991,S1O
114,P7,133,-17.456,S1O
114,P7,134,-17.456,S1O
114,P7,135,-16.968,S1O
114,P7,136,-16.479,S1O
114,P7,137,-15.991,S1O
114,P7,138,-15.503,S1O
114,P7,139,-15.015,S1O
114,P7,140,-14.526,S1O
114,P7,141,-15.015,S1O
114,P7,142,-15.503,S1O
114,P7,143,-15.991,S1O
114,P7,144,-15.503,S1O
114,P7,145,-14.038,S1O
114,P7,146,-11.597,S1O
114,P7,147,-9.644,S1O
114,P7,148,-9.155,S1O
114,P7,149,-9.155,S1O
114,P7,150,-9.155,S1O
114,P7,151,-7.690,S1O
114,P7,152,-5.737,S1O
114,P7,153,-3.784,S1O
114,P7,154,-3.296,S1O
114,P7,155,-4.272,S1O
114,P7,156,-6.714,S1O
114,P7,157,-10.132,S1O
114,P7,158,-12.573,S1O
114,P7,159,-13.550,S1O
114,P7,160,-13.550,S1O
114,P7,161,-13.062,S1O
114,P7,162,-13.550,S1O
114,P7,163,-15.015,S1O
114,P7,164,-16.968,S1O
114,P7,165,-17.944,S1O
114,P7,166,-17.944,S1O
114,P7,167,-16.968,S1O
114,P7,168,-16.479,S1O
114,P7,169,-16.479,S1O
114,P7,170,-17.944,S1O
114,P7,171,-19.897,S1O
114,P7,172,-21.362,S1O
114,P7,173,-21.851,S1O
114,P7,174,-21.362,S1O
114,P7,175,-20.386,S1O
114,P7,176,-19.409,S1O
114,P7,177,-18.921,S1O
114,P7,178,-19.409,S1O
114,P7,179,-20.386,S1O
114,P7,180,-21.362,S1O
114,P7,181,-21.362,S1O
114,P7,182,-21.362,S1O
114,P7,183,-21.362,S1O
114,P7,184,-20.874,S1O
114,P7,185,-20.386,S1O
114,P7,186,-18.921,S1O
114,P7,187,-16.968,S1O
114,P7,188,-14.526,S1O
114,P7,189,-12.085,S1O
114,P7,190,-11.108,S1O
114,P7,191,-12.085,S1O
114,P7,192,-15.015,S1O
114,P7,193,-17.944,S1O
114,P7,194,-20.386,S1O
114,P7,195,-20.386,S1O
114,P7,196,-18.921,S1O
114,P7,197,-16.968,S1O
114,P7,198,-15.991,S1O
114,P7,199,-17.456,S1O
114,P7,200,-20.386,S1O
114,P7,201,-24.780,S1O
114,P7,202,-28.198,S1O
114,P7,203,-30.640,S1O
114,P7,204,-30.640,S1O
114,P7,205,-29.175,S1O
114,P7,206,-27.710,S1O
114,P7,207,-26.245,S1O
114,P7,208,-25.269,S1O
114,P7,209,-24.292,S1O
114,P7,210,-23.804,S1O
114,P7,211,-24.292,S1O
114,P7,212,-24.780,S1O
114,P7,213,-25.269,S1O
114,P7,214,-25.269,S1O
114,P7,215,-24.292,S1O
114,P7,216,-23.315,S1O
114,P7,217,-23.315,S1O
114,P7,218,-25.269,S1O
114,P7,219,-27.710,S1O
114,P7,220,-30.640,S1O
114,P7,221,-31.616,S1O
114,P7,222,-31.128,S1O
114,P7,223,-30.640,S1O
114,P7,224,-30.151,S1O
114,P7,225,-30.151,S1O
114,P7,226,-30.151,S1O
114,P7,227,-28.687,S1O
114,P7,228,-26.245,S1O
114,P7,229,-24.780,S1O
114,P7,230,-24.780,S1O
114,P7,231,-27.710,S1O
114,P7,232,-32.593,S1O
114,P7,233,-36.499,S1O
114,P7,234,-38.940,S1O
114,P7,235,-38.940,S1O
114,P7,236,-36.987,S1O
114,P7,237,-34.058,S1O
114,P7,238,-29.175,S1O
114,P7,239,-24.292,S1O
114,P7,240,-19.409,S1O
114,P7,241,-15.015,S1O
114,P7,242,-12.573,S1O
114,P7,243,-11.597,S1O
114,P7,244,-12.573,S1O
114,P7,245,-15.503,S1O
114,P7,246,-18.921,S1O
114,P7,247,-21.851,S1O
114,P7,248,-24.292,S1O
114,P7,249,-24.780,S1O
114,P7,250,-23.804,S1O
114,P7,251,-22.339,S1O
114,P7,252,-21.362,S1O
114,P7,253,-22.339,S1O
114,P7,254,-23.315,S1O
114,P7,255,-24.780,S1O
114,PO2,0,-3.286,S1O
114,PO2,1,-3.774,S1O
114,PO2,2,-4.262,S1O
114,PO2,3,-4.262,S1O
114,PO2,4,-5.239,S1O
114,PO2,5,-5.727,S1O
114,PO2,6,-5.727,S1O
114,PO2,7,-6.215,S1O
114,PO2,8,-5.727,S1O
114,PO2,9,-4.751,S1O
114,PO2,10,-3.774,S1O
114,PO2,11,-1.821,S1O
114,PO2,12,-1.333,S1O
114,PO2,13,-0.844,S1O
114,PO2,14,-2.309,S1O
114,PO2,15,-4.262,S1O
114,PO2,16,-5.239,S1O
114,PO2,17,-5.239,S1O
114,PO2,18,-4.262,S1O
114,PO2,19,-2.797,S1O
114,PO2,20,-2.309,S1O
114,PO2,21,-2.309,S1O
114,PO2,22,-2.797,S1O
114,PO2,23,-2.797,S1O
114,PO2,24,-1.821,S1O
114,PO2,25,-0.356,S1O
114,PO2,26,1.109,S1O
114,PO2,27,1.597,S1O
114,PO2,28,1.109,S1O
114,PO2,29,0.132,S1O
114,PO2,30,-1.821,S1O
114,PO2,31,-2.797,S1O
114,PO2,32,-3.286,S1O
114,PO2,33,-2.309,S1O
114,PO2,34,-1.333,S1O
114,PO2,35,-1.333,S1O
114,PO2,36,-2.309,S1O
114,PO2,37,-5.239,S1O
114,PO2,38,-8.169,S1O
114,PO2,39,-10.610,S1O
114,PO2,40,-12.075,S1O
114,PO2,41,-12.075,S1O
114,PO2,42,-11.587,S1O
114,PO2,43,-12.075,S1O
114,PO2,44,-13.540,S1O
114,PO2,45,-15.981,S1O
114,PO2,46,-18.422,S1O
114,PO2,47,-18.911,S1O
114,PO2,48,-17.934,S1O
114,PO2,49,-15.493,S1O
114,PO2,50,-12.075,S1O
114,PO2,51,-8.169,S1O
114,PO2,52,-4.751,S1O
114,PO2,53,-1.821,S1O
114,PO2,54,-0.356,S1O
114,PO2,55,0.132,S1O
114,PO2,56,-0.844,S1O
114,PO2,57,-1.821,S1O
114,PO2,58,-1.821,S1O
114,PO2,59,-0.356,S1O
114,PO2,60,2.085,S1O
114,PO2,61,4.527,S1O
114,PO2,62,5.992,S1O
114,PO2,63,6.480,S1O
114,PO2,64,6.480,S1O
114,PO2,65,7.456,S1O
114,PO2,66,7.945,S1O
114,PO2,67,9.410,S1O
114,PO2,68,8.921,S1O
114,PO2,69,6.968,S1O
114,PO2,70,4.527,S1O
114,PO2,71,1.597,S1O
114,PO2,72,-0.356,S1O
114,PO2,73,-1.821,S1O
114,PO2,74,-2.797,S1O
114,PO2,75,-3.286,S1O
114,PO2,76,-4.262,S1O
114,PO2,77,-3.286,S1O
114,PO2,78,-2.309,S1O
114,PO2,79,-0.356,S1O
114,PO2,80,0.621,S1O
114,PO2,81,-0.356,S1O
114,PO2,82,-2.309,S1O
114,PO2,83,-4.262,S1O
114,PO2,84,-4.751,S1O
114,PO2,85,-4.262,S1O
114,PO2,86,-3.286,S1O
114,PO2,87,-2.309,S1O
114,PO2,88,-1.333,S1O
114,PO2,89,-0.844,S1O
114,PO2,90,0.132,S1O
114,PO2,91,1.597,S1O
114,PO2,92,2.574,S1O
114,PO2,93,3.550,S1O
114,PO2,94,3.550,S1O
114,PO2,95,4.038,S1O
114,PO2,96,3.550,S1O
114,PO2,97,3.550,S1O
114,PO2,98,3.062,S1O
114,PO2,99,2.085,S1O
114,PO2,100,2.085,S1O
114,PO2,101,2.085,S1O
114,PO2,102,3.062,S1O
114,PO2,103,4.038,S1O
114,PO2,104,4.038,S1O
114,PO2,105,3.062,S1O
114,PO2,106,1.109,S1O
114,PO2,107,-1.333,S1O
114,PO2,108,-3.286,S1O
114,PO2,109,-4.751,S1O
114,PO2,110,-5.727,S1O
114,PO2,111,-7.192,S1O
114,PO2,112,-7.680,S1O
114,PO2,113,-7.680,S1O
114,PO2,114,-6.215,S1O
114,PO2,115,-2.797,S1O
114,PO2,116,0.132,S1O
114,PO2,117,2.574,S1O
114,PO2,118,4.038,S1O
114,PO2,119,3.550,S1O
114,PO2,120,3.062,S1O
114,PO2,121,2.574,S1O
114,PO2,122,1.109,S1O
114,PO2,123,0.132,S1O
114,PO2,124,-1.333,S1O
114,PO2,125,-2.797,S1O
114,PO2,126,-2.797,S1O
114,PO2,127,-2.797,S1O
114,PO2,128,-1.821,S1O
114,PO2,129,-2.309,S1O
114,PO2,130,-3.774,S1O
114,PO2,131,-5.727,S1O
114,PO2,132,-8.169,S1O
114,PO2,133,-9.145,S1O
114,PO2,134,-9.145,S1O
114,PO2,135,-9.145,S1O
114,PO2,136,-9.145,S1O
114,PO2,137,-8.657,S1O
114,PO2,138,-7.680,S1O
114,PO2,139,-5.727,S1O
114,PO2,140,-4.262,S1O
114,PO2,141,-2.309,S1O
114,PO2,142,-2.797,S1O
114,PO2,143,-4.262,S1O
114,PO2,144,-5.727,S1O
114,PO2,145,-7.192,S1O
114,PO2,146,-7.192,S1O
114,PO2,147,-7.192,S1O
114,PO2,148,-7.192,S1O
114,PO2,149,-7.680,S1O
114,PO2,150,-7.680,S1O
114,PO2,151,-7.192,S1O
114,PO2,152,-6.215,S1O
114,PO2,153,-5.727,S1O
114,PO2,154,-5.727,S1O
114,PO2,155,-6.704,S1O
114,PO2,156,-7.680,S1O
114,PO2,157,-7.680,S1O
114,PO2,158,-7.192,S1O
114,PO2,159,-6.215,S1O
114,PO2,160,-5.727,S1O
114,PO2,161,-5.239,S1O
114,PO2,162,-5.727,S1O
114,PO2,163,-5.727,S1O
114,PO2,164,-6.215,S1O
114,PO2,165,-6.215,S1O
114,PO2,166,-6.704,S1O
114,PO2,167,-7.680,S1O
114,PO2,168,-8.657,S1O
114,PO2,169,-9.633,S1O
114,PO2,170,-9.633,S1O
114,PO2,171,-10.610,S1O
114,PO2,172,-11.098,S1O
114,PO2,173,-11.587,S1O
114,PO2,174,-11.587,S1O
114,PO2,175,-11.098,S1O
114,PO2,176,-9.633,S1O
114,PO2,177,-8.169,S1O
114,PO2,178,-7.680,S1O
114,PO2,179,-8.169,S1O
114,PO2,180,-8.657,S1O
114,PO2,181,-9.633,S1O
114,PO2,182,-10.122,S1O
114,PO2,183,-9.633,S1O
114,PO2,184,-10.122,S1O
114,PO2,185,-10.610,S1O
114,PO2,186,-10.610,S1O
114,PO2,187,-10.122,S1O
114,PO2,188,-9.145,S1O
114,PO2,189,-7.680,S1O
114,PO2,190,-6.704,S1O
114,PO2,191,-7.192,S1O
114,PO2,192,-8.657,S1O
114,PO2,193,-10.610,S1O
114,PO2,194,-11.587,S1O
114,PO2,195,-11.098,S1O
114,PO2,196,-10.122,S1O
114,PO2,197,-9.145,S1O
114,PO2,198,-8.169,S1O
114,PO2,199,-7.680,S1O
114,PO2,200,-7.680,S1O
114,PO2,201,-7.680,S1O
114,PO2,202,-9.145,S1O
114,PO2,203,-11.098,S1O
114,PO2,204,-13.051,S1O
114,PO2,205,-14.516,S1O
114,PO2,206,-14.516,S1O
114,PO2,207,-12.563,S1O
114,PO2,208,-10.122,S1O
114,PO2,209,-8.657,S1O
114,PO2,210,-9.633,S1O
114,PO2,211,-12.075,S1O
114,PO2,212,-14.516,S1O
114,PO2,213,-15.004,S1O
114,PO2,214,-13.540,S1O
114,PO2,215,-11.587,S1O
114,PO2,216,-10.610,S1O
114,PO2,217,-11.587,S1O
114,PO2,218,-13.540,S1O
114,PO2,219,-16.469,S1O
114,PO2,220,-17.446,S1O
114,PO2,221,-16.469,S1O
114,PO2,222,-14.516,S1O
114,PO2,223,-12.563,S1O
114,PO2,224,-11.587,S1O
114,PO2,225,-12.075,S1O
114,PO2,226,-12.075,S1O
114,PO2,227,-12.075,S1O
114,PO2,228,-12.075,S1O
114,PO2,229,-12.563,S1O
114,PO2,230,-14.516,S1O
114,PO2,231,-16.958,S1O
114,PO2,232,-19.399,S1O
114,PO2,233,-20.864,S1O
114,PO2,234,-21.352,S1O
114,PO2,235,-20.864,S1O
114,PO2,236,-19.887,S1O
114,PO2,237,-18.422,S1O
114,PO2,238,-16.469,S1O
114,PO2,239,-14.028,S1O
114,PO2,240,-11.587,S1O
114,PO2,241,-9.633,S1O
114,PO2,242,-9.633,S1O
114,PO2,243,-10.122,S1O
114,PO2,244,-11.587,S1O
114,PO2,245,-13.540,S1O
114,PO2,246,-14.516,S1O
114,PO2,247,-15.004,S1O
114,PO2,248,-15.004,S1O
114,PO2,249,-14.516,S1O
114,PO2,250,-14.028,S1O
114,PO2,251,-13.051,S1O
114,PO2,252,-12.075,S1O
114,PO2,253,-10.610,S1O
114,PO2,254,-9.633,S1O
114,PO2,255,-8.169,S1O
114,PO1,0,-5.707,S1O
114,PO1,1,-6.195,S1O
114,PO1,2,-6.195,S1O
114,PO1,3,-6.195,S1O
114,PO1,4,-6.195,S1O
114,PO1,5,-6.683,S1O
114,PO1,6,-7.172,S1O
114,PO1,7,-7.172,S1O
114,PO1,8,-6.195,S1O
114,PO1,9,-5.219,S1O
114,PO1,10,-2.777,S1O
114,PO1,11,-0.824,S1O
114,PO1,12,0.153,S1O
114,PO1,13,0.153,S1O
114,PO1,14,-0.824,S1O
114,PO1,15,-2.289,S1O
114,PO1,16,-4.242,S1O
114,PO1,17,-4.730,S1O
114,PO1,18,-4.730,S1O
114,PO1,19,-4.730,S1O
114,PO1,20,-4.242,S1O
114,PO1,21,-4.242,S1O
114,PO1,22,-4.242,S1O
114,PO1,23,-4.242,S1O
114,PO1,24,-3.754,S1O
114,PO1,25,-2.289,S1O
114,PO1,26,-0.824,S1O
114,PO1,27,0.641,S1O
114,PO1,28,0.641,S1O
114,PO1,29,-0.336,S1O
114,PO1,30,-2.289,S1O
114,PO1,31,-3.754,S1O
114,PO1,32,-4.730,S1O
114,PO1,33,-5.219,S1O
114,PO1,34,-4.730,S1O
114,PO1,35,-4.730,S1O
114,PO1,36,-5.707,S1O
114,PO1,37,-8.148,S1O
114,PO1,38,-11.078,S1O
114,PO1,39,-14.008,S1O
114,PO1,40,-15.961,S1O
114,PO1,41,-16.937,S1O
114,PO1,42,-16.937,S1O
114,PO1,43,-16.937,S1O
114,PO1,44,-17.914,S1O
114,PO1,45,-18.890,S1O
114,PO1,46,-20.355,S1O
114,PO1,47,-20.844,S1O
114,PO1,48,-19.867,S1O
114,PO1,49,-17.914,S1O
114,PO1,50,-14.496,S1O
114,PO1,51,-11.078,S1O
114,PO1,52,-8.148,S1O
114,PO1,53,-5.219,S1O
114,PO1,54,-3.754,S1O
114,PO1,55,-3.754,S1O
114,PO1,56,-4.242,S1O
114,PO1,57,-5.219,S1O
114,PO1,58,-4.730,S1O
114,PO1,59,-3.754,S1O
114,PO1,60,-1.312,S1O
114,PO1,61,0.641,S1O
114,PO1,62,1.129,S1O
114,PO1,63,1.129,S1O
114,PO1,64,0.153,S1O
114,PO1,65,0.153,S1O
114,PO1,66,0.641,S1O
114,PO1,67,1.129,S1O
114,PO1,68,1.129,S1O
114,PO1,69,-0.336,S1O
114,PO1,70,-2.777,S1O
114,PO1,71,-5.219,S1O
114,PO1,72,-7.660,S1O
114,PO1,73,-9.125,S1O
114,PO1,74,-10.590,S1O
114,PO1,75,-11.078,S1O
114,PO1,76,-11.566,S1O
114,PO1,77,-11.566,S1O
114,PO1,78,-10.101,S1O
114,PO1,79,-9.125,S1O
114,PO1,80,-8.148,S1O
114,PO1,81,-8.636,S1O
114,PO1,82,-10.101,S1O
114,PO1,83,-11.566,S1O
114,PO1,84,-13.031,S1O
114,PO1,85,-12.543,S1O
114,PO1,86,-11.078,S1O
114,PO1,87,-9.613,S1O
114,PO1,88,-8.636,S1O
114,PO1,89,-8.148,S1O
114,PO1,90,-7.660,S1O
114,PO1,91,-6.683,S1O
114,PO1,92,-5.707,S1O
114,PO1,93,-4.730,S1O
114,PO1,94,-4.242,S1O
114,PO1,95,-4.242,S1O
114,PO1,96,-4.730,S1O
114,PO1,97,-5.219,S1O
114,PO1,98,-5.707,S1O
114,PO1,99,-5.707,S1O
114,PO1,100,-5.219,S1O
114,PO1,101,-4.730,S1O
114,PO1,102,-3.754,S1O
114,PO1,103,-4.242,S1O
114,PO1,104,-4.730,S1O
114,PO1,105,-6.195,S1O
114,PO1,106,-8.148,S1O
114,PO1,107,-10.101,S1O
114,PO1,108,-11.078,S1O
114,PO1,109,-11.566,S1O
114,PO1,110,-12.054,S1O
114,PO1,111,-13.031,S1O
114,PO1,112,-14.496,S1O
114,PO1,113,-14.984,S1O
114,PO1,114,-14.496,S1O
114,PO1,115,-11.566,S1O
114,PO1,116,-8.148,S1O
114,PO1,117,-6.195,S1O
114,PO1,118,-5.219,S1O
114,PO1,119,-6.195,S1O
114,PO1,120,-7.172,S1O
114,PO1,121,-7.660,S1O
114,PO1,122,-7.660,S1O
114,PO1,123,-7.660,S1O
114,PO1,124,-8.148,S1O
114,PO1,125,-9.125,S1O
114,PO1,126,-9.125,S1O
114,PO1,127,-9.125,S1O
114,PO1,128,-8.636,S1O
114,PO1,129,-8.636,S1O
114,PO1,130,-10.590,S1O
114,PO1,131,-13.519,S1O
114,PO1,132,-15.961,S1O
114,PO1,133,-17.426,S1O
114,PO1,134,-16.937,S1O
114,PO1,135,-15.961,S1O
114,PO1,136,-14.984,S1O
114,PO1,137,-14.984,S1O
114,PO1,138,-14.984,S1O
114,PO1,139,-14.008,S1O
114,PO1,140,-12.054,S1O
114,PO1,141,-9.613,S1O
114,PO1,142,-9.125,S1O
114,PO1,143,-10.101,S1O
114,PO1,144,-11.566,S1O
114,PO1,145,-13.031,S1O
114,PO1,146,-13.031,S1O
114,PO1,147,-12.054,S1O
114,PO1,148,-11.078,S1O
114,PO1,149,-10.101,S1O
114,PO1,150,-9.613,S1O
114,PO1,151,-9.125,S1O
114,PO1,152,-8.148,S1O
114,PO1,153,-7.660,S1O
114,PO1,154,-7.660,S1O
114,PO1,155,-8.148,S1O
114,PO1,156,-9.613,S1O
114,PO1,157,-11.078,S1O
114,PO1,158,-11.566,S1O
114,PO1,159,-11.078,S1O
114,PO1,160,-10.590,S1O
114,PO1,161,-9.613,S1O
114,PO1,162,-9.613,S1O
114,PO1,163,-10.101,S1O
114,PO1,164,-11.566,S1O
114,PO1,165,-13.031,S1O
114,PO1,166,-14.008,S1O
114,PO1,167,-14.008,S1O
114,PO1,168,-14.008,S1O
114,PO1,169,-14.008,S1O
114,PO1,170,-14.008,S1O
114,PO1,171,-14.984,S1O
114,PO1,172,-16.937,S1O
114,PO1,173,-17.914,S1O
114,PO1,174,-17.914,S1O
114,PO1,175,-17.426,S1O
114,PO1,176,-16.449,S1O
114,PO1,177,-14.984,S1O
114,PO1,178,-14.984,S1O
114,PO1,179,-15.472,S1O
114,PO1,180,-15.472,S1O
114,PO1,181,-14.984,S1O
114,PO1,182,-14.496,S1O
114,PO1,183,-14.496,S1O
114,PO1,184,-14.984,S1O
114,PO1,185,-15.961,S1O
114,PO1,186,-16.449,S1O
114,PO1,187,-15.472,S1O
114,PO1,188,-13.031,S1O
114,PO1,189,-10.590,S1O
114,PO1,190,-9.125,S1O
114,PO1,191,-10.101,S1O
114,PO1,192,-13.031,S1O
114,PO1,193,-15.961,S1O
114,PO1,194,-17.426,S1O
114,PO1,195,-16.449,S1O
114,PO1,196,-14.496,S1O
114,PO1,197,-12.543,S1O
114,PO1,198,-12.054,S1O
114,PO1,199,-13.031,S1O
114,PO1,200,-14.008,S1O
114,PO1,201,-15.472,S1O
114,PO1,202,-16.449,S1O
114,PO1,203,-18.402,S1O
114,PO1,204,-20.355,S1O
114,PO1,205,-21.332,S1O
114,PO1,206,-20.844,S1O
114,PO1,207,-18.890,S1O
114,PO1,208,-15.961,S1O
114,PO1,209,-14.008,S1O
114,PO1,210,-13.519,S1O
114,PO1,211,-14.984,S1O
114,PO1,212,-17.426,S1O
114,PO1,213,-18.402,S1O
114,PO1,214,-17.426,S1O
114,PO1,215,-15.472,S1O
114,PO1,216,-14.008,S1O
114,PO1,217,-14.008,S1O
114,PO1,218,-15.472,S1O
114,PO1,219,-17.426,S1O
114,PO1,220,-18.890,S1O
114,PO1,221,-18.890,S1O
114,PO1,222,-17.426,S1O
114,PO1,223,-16.449,S1O
114,PO1,224,-16.449,S1O
114,PO1,225,-16.937,S1O
114,PO1,226,-17.426,S1O
114,PO1,227,-16.937,S1O
114,PO1,228,-15.472,S1O
114,PO1,229,-14.984,S1O
114,PO1,230,-15.961,S1O
114,PO1,231,-18.402,S1O
114,PO1,232,-21.820,S1O
114,PO1,233,-23.285,S1O
114,PO1,234,-23.773,S1O
114,PO1,235,-23.285,S1O
114,PO1,236,-21.820,S1O
114,PO1,237,-20.844,S1O
114,PO1,238,-19.379,S1O
114,PO1,239,-16.937,S1O
114,PO1,240,-13.031,S1O
114,PO1,241,-9.613,S1O
114,PO1,242,-8.148,S1O
114,PO1,243,-8.636,S1O
114,PO1,244,-10.101,S1O
114,PO1,245,-12.054,S1O
114,PO1,246,-13.519,S1O
114,PO1,247,-14.008,S1O
114,PO1,248,-14.008,S1O
114,PO1,249,-13.031,S1O
114,PO1,250,-12.543,S1O
114,PO1,251,-12.054,S1O
114,PO1,252,-12.054,S1O
114,PO1,253,-11.566,S1O
114,PO1,254,-11.078,S1O
114,PO1,255,-9.125,S1O
114,O2,0,-4.618,S1O
114,O2,1,-5.107,S1O
114,O2,2,-5.595,S1O
114,O2,3,-6.571,S1O
114,O2,4,-8.036,S1O
114,O2,5,-9.013,S1O
114,O2,6,-9.013,S1O
114,O2,7,-8.036,S1O
114,O2,8,-7.060,S1O
114,O2,9,-6.083,S1O
114,O2,10,-4.130,S1O
114,O2,11,-2.177,S1O
114,O2,12,-0.712,S1O
114,O2,13,0.264,S1O
114,O2,14,-0.712,S1O
114,O2,15,-2.665,S1O
114,O2,16,-4.618,S1O
114,O2,17,-5.107,S1O
114,O2,18,-4.618,S1O
114,O2,19,-3.153,S1O
114,O2,20,-2.177,S1O
114,O2,21,-2.177,S1O
114,O2,22,-3.642,S1O
114,O2,23,-5.107,S1O
114,O2,24,-5.107,S1O
114,O2,25,-4.130,S1O
114,O2,26,-2.177,S1O
114,O2,27,-0.224,S1O
114,O2,28,-0.712,S1O
114,O2,29,-2.665,S1O
114,O2,30,-5.595,S1O
114,O2,31,-7.548,S1O
114,O2,32,-7.548,S1O
114,O2,33,-5.595,S1O
114,O2,34,-3.153,S1O
114,O2,35,-1.689,S1O
114,O2,36,-2.665,S1O
114,O2,37,-6.571,S1O
114,O2,38,-10.478,S1O
114,O2,39,-13.896,S1O
114,O2,40,-15.361,S1O
114,O2,41,-14.872,S1O
114,O2,42,-14.872,S1O
114,O2,43,-15.849,S1O
114,O2,44,-18.778,S1O
114,O2,45,-22.196,S1O
114,O2,46,-25.126,S1O
114,O2,47,-26.103,S1O
114,O2,48,-24.638,S1O
114,O2,49,-21.708,S1O
114,O2,50,-17.802,S1O
114,O2,51,-13.896,S1O
114,O2,52,-9.501,S1O
114,O2,53,-6.083,S1O
114,O2,54,-4.130,S1O
114,O2,55,-4.618,S1O
114,O2,56,-6.083,S1O
114,O2,57,-7.548,S1O
114,O2,58,-7.548,S1O
114,O2,59,-4.618,S1O
114,O2,60,-1.200,S1O
114,O2,61,2.706,S1O
114,O2,62,4.171,S1O
114,O2,63,4.659,S1O
114,O2,64,4.659,S1O
114,O2,65,5.636,S1O
114,O2,66,6.612,S1O
114,O2,67,7.589,S1O
114,O2,68,6.612,S1O
114,O2,69,3.682,S1O
114,O2,70,0.264,S1O
114,O2,71,-2.665,S1O
114,O2,72,-4.130,S1O
114,O2,73,-5.595,S1O
114,O2,74,-7.060,S1O
114,O2,75,-9.013,S1O
114,O2,76,-10.478,S1O
114,O2,77,-10.478,S1O
114,O2,78,-8.525,S1O
114,O2,79,-6.083,S1O
114,O2,80,-5.107,S1O
114,O2,81,-5.595,S1O
114,O2,82,-7.548,S1O
114,O2,83,-9.989,S1O
114,O2,84,-11.454,S1O
114,O2,85,-10.478,S1O
114,O2,86,-8.525,S1O
114,O2,87,-7.548,S1O
114,O2,88,-6.083,S1O
114,O2,89,-5.107,S1O
114,O2,90,-3.642,S1O
114,O2,91,-2.177,S1O
114,O2,92,-0.712,S1O
114,O2,93,0.264,S1O
114,O2,94,0.264,S1O
114,O2,95,-0.224,S1O
114,O2,96,-0.224,S1O
114,O2,97,-1.200,S1O
114,O2,98,-2.177,S1O
114,O2,99,-3.642,S1O
114,O2,100,-4.618,S1O
114,O2,101,-4.130,S1O
114,O2,102,-3.642,S1O
114,O2,103,-3.153,S1O
114,O2,104,-3.642,S1O
114,O2,105,-4.618,S1O
114,O2,106,-7.060,S1O
114,O2,107,-9.013,S1O
114,O2,108,-11.454,S1O
114,O2,109,-12.431,S1O
114,O2,110,-13.896,S1O
114,O2,111,-14.872,S1O
114,O2,112,-15.849,S1O
114,O2,113,-15.849,S1O
114,O2,114,-14.384,S1O
114,O2,115,-10.966,S1O
114,O2,116,-7.548,S1O
114,O2,117,-4.618,S1O
114,O2,118,-4.130,S1O
114,O2,119,-4.618,S1O
114,O2,120,-5.107,S1O
114,O2,121,-6.083,S1O
114,O2,122,-7.060,S1O
114,O2,123,-8.036,S1O
114,O2,124,-9.501,S1O
114,O2,125,-11.454,S1O
114,O2,126,-10.966,S1O
114,O2,127,-10.478,S1O
114,O2,128,-9.501,S1O
114,O2,129,-9.989,S1O
114,O2,130,-11.454,S1O
114,O2,131,-14.384,S1O
114,O2,132,-16.337,S1O
114,O2,133,-17.314,S1O
114,O2,134,-16.825,S1O
114,O2,135,-16.337,S1O
114,O2,136,-16.337,S1O
114,O2,137,-16.337,S1O
114,O2,138,-15.361,S1O
114,O2,139,-13.896,S1O
114,O2,140,-11.454,S1O
114,O2,141,-10.478,S1O
114,O2,142,-10.478,S1O
114,O2,143,-12.431,S1O
114,O2,144,-13.896,S1O
114,O2,145,-14.872,S1O
114,O2,146,-14.872,S1O
114,O2,147,-14.384,S1O
114,O2,148,-14.384,S1O
114,O2,149,-14.872,S1O
114,O2,150,-14.384,S1O
114,O2,151,-12.919,S1O
114,O2,152,-11.943,S1O
114,O2,153,-10.966,S1O
114,O2,154,-11.454,S1O
114,O2,155,-13.407,S1O
114,O2,156,-15.361,S1O
114,O2,157,-15.849,S1O
114,O2,158,-15.849,S1O
114,O2,159,-14.872,S1O
114,O2,160,-14.872,S1O
114,O2,161,-14.872,S1O
114,O2,162,-15.849,S1O
114,O2,163,-15.849,S1O
114,O2,164,-16.337,S1O
114,O2,165,-16.337,S1O
114,O2,166,-16.337,S1O
114,O2,167,-16.825,S1O
114,O2,168,-17.802,S1O
114,O2,169,-17.802,S1O
114,O2,170,-18.290,S1O
114,O2,171,-17.802,S1O
114,O2,172,-17.802,S1O
114,O2,173,-18.290,S1O
114,O2,174,-18.778,S1O
114,O2,175,-18.290,S1O
114,O2,176,-17.314,S1O
114,O2,177,-16.337,S1O
114,O2,178,-15.849,S1O
114,O2,179,-16.825,S1O
114,O2,180,-18.290,S1O
114,O2,181,-19.755,S1O
114,O2,182,-20.243,S1O
114,O2,183,-19.755,S1O
114,O2,184,-19.755,S1O
114,O2,185,-19.755,S1O
114,O2,186,-19.755,S1O
114,O2,187,-18.778,S1O
114,O2,188,-16.825,S1O
114,O2,189,-14.384,S1O
114,O2,190,-12.919,S1O
114,O2,191,-12.919,S1O
114,O2,192,-15.361,S1O
114,O2,193,-17.802,S1O
114,O2,194,-19.267,S1O
114,O2,195,-18.778,S1O
114,O2,196,-16.825,S1O
114,O2,197,-14.872,S1O
114,O2,198,-13.896,S1O
114,O2,199,-13.896,S1O
114,O2,200,-14.384,S1O
114,O2,201,-14.872,S1O
114,O2,202,-16.337,S1O
114,O2,203,-18.290,S1O
114,O2,204,-20.732,S1O
114,O2,205,-22.685,S1O
114,O2,206,-22.685,S1O
114,O2,207,-20.732,S1O
114,O2,208,-17.802,S1O
114,O2,209,-16.825,S1O
114,O2,210,-17.802,S1O
114,O2,211,-21.708,S1O
114,O2,212,-24.638,S1O
114,O2,213,-25.126,S1O
114,O2,214,-23.661,S1O
114,O2,215,-20.732,S1O
114,O2,216,-19.267,S1O
114,O2,217,-20.243,S1O
114,O2,218,-23.173,S1O
114,O2,219,-26.103,S1O
114,O2,220,-27.079,S1O
114,O2,221,-26.103,S1O
114,O2,222,-23.661,S1O
114,O2,223,-22.196,S1O
114,O2,224,-21.220,S1O
114,O2,225,-21.220,S1O
114,O2,226,-21.220,S1O
114,O2,227,-21.220,S1O
114,O2,228,-21.220,S1O
114,O2,229,-22.196,S1O
114,O2,230,-23.661,S1O
114,O2,231,-26.103,S1O
114,O2,232,-29.032,S1O
114,O2,233,-30.497,S1O
114,O2,234,-31.474,S1O
114,O2,235,-31.474,S1O
114,O2,236,-30.497,S1O
114,O2,237,-28.544,S1O
114,O2,238,-24.638,S1O
114,O2,239,-20.732,S1O
114,O2,240,-17.314,S1O
114,O2,241,-14.872,S1O
114,O2,242,-14.384,S1O
114,O2,243,-14.872,S1O
114,O2,244,-15.849,S1O
114,O2,245,-17.802,S1O
114,O2,246,-19.755,S1O
114,O2,247,-21.220,S1O
114,O2,248,-22.685,S1O
114,O2,249,-22.685,S1O
114,O2,250,-21.708,S1O
114,O2,251,-20.243,S1O
114,O2,252,-18.290,S1O
114,O2,253,-17.314,S1O
114,O2,254,-15.849,S1O
114,O2,255,-13.896,S1O
114,O1,0,-6.734,S1O
114,O1,1,-8.199,S1O
114,O1,2,-9.176,S1O
114,O1,3,-9.664,S1O
114,O1,4,-10.152,S1O
114,O1,5,-11.129,S1O
114,O1,6,-11.129,S1O
114,O1,7,-11.129,S1O
114,O1,8,-10.152,S1O
114,O1,9,-8.687,S1O
114,O1,10,-6.734,S1O
114,O1,11,-4.293,S1O
114,O1,12,-2.340,S1O
114,O1,13,-2.340,S1O
114,O1,14,-2.828,S1O
114,O1,15,-4.781,S1O
114,O1,16,-5.758,S1O
114,O1,17,-6.246,S1O
114,O1,18,-6.246,S1O
114,O1,19,-5.758,S1O
114,O1,20,-6.246,S1O
114,O1,21,-7.222,S1O
114,O1,22,-8.199,S1O
114,O1,23,-9.176,S1O
114,O1,24,-8.687,S1O
114,O1,25,-8.199,S1O
114,O1,26,-6.734,S1O
114,O1,27,-5.758,S1O
114,O1,28,-5.758,S1O
114,O1,29,-6.734,S1O
114,O1,30,-8.687,S1O
114,O1,31,-10.640,S1O
114,O1,32,-11.129,S1O
114,O1,33,-10.640,S1O
114,O1,34,-9.176,S1O
114,O1,35,-8.199,S1O
114,O1,36,-8.687,S1O
114,O1,37,-10.640,S1O
114,O1,38,-14.058,S1O
114,O1,39,-17.476,S1O
114,O1,40,-19.430,S1O
114,O1,41,-19.918,S1O
114,O1,42,-19.430,S1O
114,O1,43,-19.430,S1O
114,O1,44,-20.894,S1O
114,O1,45,-23.336,S1O
114,O1,46,-25.777,S1O
114,O1,47,-26.754,S1O
114,O1,48,-25.289,S1O
114,O1,49,-22.359,S1O
114,O1,50,-17.965,S1O
114,O1,51,-13.570,S1O
114,O1,52,-9.664,S1O
114,O1,53,-6.734,S1O
114,O1,54,-5.758,S1O
114,O1,55,-6.246,S1O
114,O1,56,-7.222,S1O
114,O1,57,-8.687,S1O
114,O1,58,-8.199,S1O
114,O1,59,-6.246,S1O
114,O1,60,-3.805,S1O
114,O1,61,-1.851,S1O
114,O1,62,-0.875,S1O
114,O1,63,-1.363,S1O
114,O1,64,-1.363,S1O
114,O1,65,-1.363,S1O
114,O1,66,-0.387,S1O
114,O1,67,-0.387,S1O
114,O1,68,-0.875,S1O
114,O1,69,-2.828,S1O
114,O1,70,-5.758,S1O
114,O1,71,-8.199,S1O
114,O1,72,-10.152,S1O
114,O1,73,-11.617,S1O
114,O1,74,-13.570,S1O
114,O1,75,-15.523,S1O
114,O1,76,-16.500,S1O
114,O1,77,-16.012,S1O
114,O1,78,-15.035,S1O
114,O1,79,-12.594,S1O
114,O1,80,-11.617,S1O
114,O1,81,-12.594,S1O
114,O1,82,-14.547,S1O
114,O1,83,-16.012,S1O
114,O1,84,-16.988,S1O
114,O1,85,-16.500,S1O
114,O1,86,-14.547,S1O
114,O1,87,-13.570,S1O
114,O1,88,-12.105,S1O
114,O1,89,-11.617,S1O
114,O1,90,-11.129,S1O
114,O1,91,-9.664,S1O
114,O1,92,-8.687,S1O
114,O1,93,-7.711,S1O
114,O1,94,-7.222,S1O
114,O1,95,-7.711,S1O
114,O1,96,-8.199,S1O
114,O1,97,-8.687,S1O
114,O1,98,-9.176,S1O
114,O1,99,-9.664,S1O
114,O1,100,-9.664,S1O
114,O1,101,-9.664,S1O
114,O1,102,-9.664,S1O
114,O1,103,-9.664,S1O
114,O1,104,-10.152,S1O
114,O1,105,-11.129,S1O
114,O1,106,-13.082,S1O
114,O1,107,-14.547,S1O
114,O1,108,-16.012,S1O
114,O1,109,-16.500,S1O
114,O1,110,-17.476,S1O
114,O1,111,-18.941,S1O
114,O1,112,-20.406,S1O
114,O1,113,-20.894,S1O
114,O1,114,-20.406,S1O
114,O1,115,-17.476,S1O
114,O1,116,-13.570,S1O
114,O1,117,-10.640,S1O
114,O1,118,-9.664,S1O
114,O1,119,-10.640,S1O
114,O1,120,-12.105,S1O
114,O1,121,-12.594,S1O
114,O1,122,-12.594,S1O
114,O1,123,-12.105,S1O
114,O1,124,-12.594,S1O
114,O1,125,-12.594,S1O
114,O1,126,-12.594,S1O
114,O1,127,-12.105,S1O
114,O1,128,-11.129,S1O
114,O1,129,-11.129,S1O
114,O1,130,-12.594,S1O
114,O1,131,-15.035,S1O
114,O1,132,-17.476,S1O
114,O1,133,-18.941,S1O
114,O1,134,-18.941,S1O
114,O1,135,-18.941,S1O
114,O1,136,-18.941,S1O
114,O1,137,-18.941,S1O
114,O1,138,-18.453,S1O
114,O1,139,-16.988,S1O
114,O1,140,-14.547,S1O
114,O1,141,-13.082,S1O
114,O1,142,-13.082,S1O
114,O1,143,-14.058,S1O
114,O1,144,-15.523,S1O
114,O1,145,-16.012,S1O
114,O1,146,-15.523,S1O
114,O1,147,-14.547,S1O
114,O1,148,-13.570,S1O
114,O1,149,-13.570,S1O
114,O1,150,-12.594,S1O
114,O1,151,-11.617,S1O
114,O1,152,-10.152,S1O
114,O1,153,-9.176,S1O
114,O1,154,-9.664,S1O
114,O1,155,-11.129,S1O
114,O1,156,-13.570,S1O
114,O1,157,-16.012,S1O
114,O1,158,-16.988,S1O
114,O1,159,-17.476,S1O
114,O1,160,-17.476,S1O
114,O1,161,-16.988,S1O
114,O1,162,-17.476,S1O
114,O1,163,-17.476,S1O
114,O1,164,-17.965,S1O
114,O1,165,-18.453,S1O
114,O1,166,-19.430,S1O
114,O1,167,-19.430,S1O
114,O1,168,-19.430,S1O
114,O1,169,-19.430,S1O
114,O1,170,-18.941,S1O
114,O1,171,-19.430,S1O
114,O1,172,-19.918,S1O
114,O1,173,-21.383,S1O
114,O1,174,-21.383,S1O
114,O1,175,-21.383,S1O
114,O1,176,-20.406,S1O
114,O1,177,-19.918,S1O
114,O1,178,-20.406,S1O
114,O1,179,-21.871,S1O
114,O1,180,-23.824,S1O
114,O1,181,-24.312,S1O
114,O1,182,-24.312,S1O
114,O1,183,-23.336,S1O
114,O1,184,-22.847,S1O
114,O1,185,-23.336,S1O
114,O1,186,-23.824,S1O
114,O1,187,-22.359,S1O
114,O1,188,-19.430,S1O
114,O1,189,-16.012,S1O
114,O1,190,-14.547,S1O
114,O1,191,-15.035,S1O
114,O1,192,-18.453,S1O
114,O1,193,-22.359,S1O
114,O1,194,-23.824,S1O
114,O1,195,-23.336,S1O
114,O1,196,-20.894,S1O
114,O1,197,-18.941,S1O
114,O1,198,-17.965,S1O
114,O1,199,-18.941,S1O
114,O1,200,-19.918,S1O
114,O1,201,-21.383,S1O
114,O1,202,-22.847,S1O
114,O1,203,-24.312,S1O
114,O1,204,-26.754,S1O
114,O1,205,-28.219,S1O
114,O1,206,-27.730,S1O
114,O1,207,-25.777,S1O
114,O1,208,-22.847,S1O
114,O1,209,-20.894,S1O
114,O1,210,-21.383,S1O
114,O1,211,-23.824,S1O
114,O1,212,-27.242,S1O
114,O1,213,-29.195,S1O
114,O1,214,-28.707,S1O
114,O1,215,-26.754,S1O
114,O1,216,-25.289,S1O
114,O1,217,-24.801,S1O
114,O1,218,-26.265,S1O
114,O1,219,-28.219,S1O
114,O1,220,-29.683,S1O
114,O1,221,-29.683,S1O
114,O1,222,-29.195,S1O
114,O1,223,-28.219,S1O
114,O1,224,-27.730,S1O
114,O1,225,-28.219,S1O
114,O1,226,-28.219,S1O
114,O1,227,-27.730,S1O
114,O1,228,-26.754,S1O
114,O1,229,-26.265,S1O
114,O1,230,-27.242,S1O
114,O1,231,-30.172,S1O
114,O1,232,-33.590,S1O
114,O1,233,-36.031,S1O
114,O1,234,-37.008,S1O
114,O1,235,-36.519,S1O
114,O1,236,-35.055,S1O
114,O1,237,-33.101,S1O
114,O1,238,-30.172,S1O
114,O1,239,-26.265,S1O
114,O1,240,-21.871,S1O
114,O1,241,-17.965,S1O
114,O1,242,-15.523,S1O
114,O1,243,-15.035,S1O
114,O1,244,-16.500,S1O
114,O1,245,-18.941,S1O
114,O1,246,-21.383,S1O
114,O1,247,-23.824,S1O
114,O1,248,-25.289,S1O
114,O1,249,-25.777,S1O
114,O1,250,-25.289,S1O
114,O1,251,-24.312,S1O
114,O1,252,-23.824,S1O
114,O1,253,-22.847,S1O
114,O1,254,-22.359,S1O
114,O1,255,-21.871,S1O
114,X,0,-2.391,S1O
114,X,1,-5.809,S1O
114,X,2,-7.762,S1O
114,X,3,-8.738,S1O
114,X,4,-9.226,S1O
114,X,5,-10.203,S1O
114,X,6,-10.691,S1O
114,X,7,-9.226,S1O
114,X,8,-6.297,S1O
114,X,9,-2.879,S1O
114,X,10,-0.926,S1O
114,X,11,-2.391,S1O
114,X,12,-4.832,S1O
114,X,13,-6.785,S1O
114,X,14,-5.809,S1O
114,X,15,-4.344,S1O
114,X,16,-3.855,S1O
114,X,17,-5.320,S1O
114,X,18,-8.738,S1O
114,X,19,-11.180,S1O
114,X,20,-11.180,S1O
114,X,21,-9.226,S1O
114,X,22,-6.785,S1O
114,X,23,-6.785,S1O
114,X,24,-9.715,S1O
114,X,25,-13.133,S1O
114,X,26,-16.062,S1O
114,X,27,-18.504,S1O
114,X,28,-21.434,S1O
114,X,29,-25.340,S1O
114,X,30,-29.246,S1O
114,X,31,-31.687,S1O
114,X,32,-29.734,S1O
114,X,33,-23.387,S1O
114,X,34,-15.574,S1O
114,X,35,-9.715,S1O
114,X,36,-8.250,S1O
114,X,37,-10.691,S1O
114,X,38,-14.109,S1O
114,X,39,-16.551,S1O
114,X,40,-16.551,S1O
114,X,41,-14.109,S1O
114,X,42,-12.156,S1O
114,X,43,-11.180,S1O
114,X,44,-11.180,S1O
114,X,45,-11.668,S1O
114,X,46,-11.668,S1O
114,X,47,-11.180,S1O
114,X,48,-11.180,S1O
114,X,49,-10.691,S1O
114,X,50,-9.715,S1O
114,X,51,-8.738,S1O
114,X,52,-7.273,S1O
114,X,53,-7.273,S1O
114,X,54,-8.250,S1O
114,X,55,-11.180,S1O
114,X,56,-14.598,S1O
114,X,57,-17.039,S1O
114,X,58,-17.527,S1O
114,X,59,-16.551,S1O
114,X,60,-16.062,S1O
114,X,61,-17.039,S1O
114,X,62,-18.992,S1O
114,X,63,-20.945,S1O
114,X,64,-21.922,S1O
114,X,65,-20.945,S1O
114,X,66,-18.992,S1O
114,X,67,-17.527,S1O
114,X,68,-17.527,S1O
114,X,69,-18.504,S1O
114,X,70,-20.457,S1O
114,X,71,-20.945,S1O
114,X,72,-20.945,S1O
114,X,73,-21.434,S1O
114,X,74,-23.387,S1O
114,X,75,-27.781,S1O
114,X,76,-33.641,S1O
114,X,77,-37.547,S1O
114,X,78,-36.082,S1O
114,X,79,-30.711,S1O
114,X,80,-23.875,S1O
114,X,81,-19.969,S1O
114,X,82,-19.969,S1O
114,X,83,-22.898,S1O
114,X,84,-23.875,S1O
114,X,85,-21.922,S1O
114,X,86,-16.551,S1O
114,X,87,-12.156,S1O
114,X,88,-11.180,S1O
114,X,89,-12.644,S1O
114,X,90,-16.062,S1O
114,X,91,-17.527,S1O
114,X,92,-17.039,S1O
114,X,93,-15.086,S1O
114,X,94,-12.644,S1O
114,X,95,-10.691,S1O
114,X,96,-9.226,S1O
114,X,97,-9.226,S1O
114,X,98,-9.715,S1O
114,X,99,-11.180,S1O
114,X,100,-11.668,S1O
114,X,101,-11.180,S1O
114,X,102,-9.226,S1O
114,X,103,-6.785,S1O
114,X,104,-4.344,S1O
114,X,105,-3.367,S1O
114,X,106,-3.855,S1O
114,X,107,-4.832,S1O
114,X,108,-5.809,S1O
114,X,109,-6.785,S1O
114,X,110,-9.226,S1O
114,X,111,-11.668,S1O
114,X,112,-14.598,S1O
114,X,113,-16.062,S1O
114,X,114,-15.574,S1O
114,X,115,-13.621,S1O
114,X,116,-12.156,S1O
114,X,117,-11.668,S1O
114,X,118,-12.156,S1O
114,X,119,-12.156,S1O
114,X,120,-10.203,S1O
114,X,121,-6.785,S1O
114,X,122,-3.855,S1O
114,X,123,-2.879,S1O
114,X,124,-5.809,S1O
114,X,125,-8.738,S1O
114,X,126,-10.203,S1O
114,X,127,-8.738,S1O
114,X,128,-6.297,S1O
114,X,129,-4.832,S1O
114,X,130,-6.785,S1O
114,X,131,-10.691,S1O
114,X,132,-13.621,S1O
114,X,133,-13.621,S1O
114,X,134,-10.691,S1O
114,X,135,-7.273,S1O
114,X,136,-5.809,S1O
114,X,137,-6.297,S1O
114,X,138,-7.762,S1O
114,X,139,-7.273,S1O
114,X,140,-5.809,S1O
114,X,141,-5.809,S1O
114,X,142,-8.738,S1O
114,X,143,-14.109,S1O
114,X,144,-20.457,S1O
114,X,145,-22.898,S1O
114,X,146,-19.969,S1O
114,X,147,-13.621,S1O
114,X,148,-7.762,S1O
114,X,149,-5.809,S1O
114,X,150,-8.250,S1O
114,X,151,-12.644,S1O
114,X,152,-14.598,S1O
114,X,153,-13.133,S1O
114,X,154,-10.691,S1O
114,X,155,-10.691,S1O
114,X,156,-15.086,S1O
114,X,157,-21.434,S1O
114,X,158,-25.340,S1O
114,X,159,-24.363,S1O
114,X,160,-18.504,S1O
114,X,161,-14.109,S1O
114,X,162,-13.621,S1O
114,X,163,-16.551,S1O
114,X,164,-21.434,S1O
114,X,165,-22.898,S1O
114,X,166,-22.410,S1O
114,X,167,-21.434,S1O
114,X,168,-22.410,S1O
114,X,169,-25.828,S1O
114,X,170,-27.293,S1O
114,X,171,-24.363,S1O
114,X,172,-18.016,S1O
114,X,173,-12.644,S1O
114,X,174,-12.644,S1O
114,X,175,-18.016,S1O
114,X,176,-25.828,S1O
114,X,177,-31.199,S1O
114,X,178,-30.711,S1O
114,X,179,-25.828,S1O
114,X,180,-20.457,S1O
114,X,181,-17.039,S1O
114,X,182,-17.039,S1O
114,X,183,-18.504,S1O
114,X,184,-19.480,S1O
114,X,185,-18.504,S1O
114,X,186,-15.086,S1O
114,X,187,-11.180,S1O
114,X,188,-7.273,S1O
114,X,189,-4.344,S1O
114,X,190,-2.391,S1O
114,X,191,-2.391,S1O
114,X,192,-4.344,S1O
114,X,193,-7.273,S1O
114,X,194,-10.691,S1O
114,X,195,-14.109,S1O
114,X,196,-15.574,S1O
114,X,197,-15.574,S1O
114,X,198,-14.109,S1O
114,X,199,-12.644,S1O
114,X,200,-11.180,S1O
114,X,201,-11.668,S1O
114,X,202,-13.133,S1O
114,X,203,-16.062,S1O
114,X,204,-18.992,S1O
114,X,205,-20.457,S1O
114,X,206,-20.457,S1O
114,X,207,-19.480,S1O
114,X,208,-18.504,S1O
114,X,209,-18.992,S1O
114,X,210,-21.434,S1O
114,X,211,-24.363,S1O
114,X,212,-26.316,S1O
114,X,213,-26.805,S1O
114,X,214,-25.828,S1O
114,X,215,-23.875,S1O
114,X,216,-22.898,S1O
114,X,217,-23.387,S1O
114,X,218,-25.340,S1O
114,X,219,-27.293,S1O
114,X,220,-27.781,S1O
114,X,221,-26.316,S1O
114,X,222,-23.387,S1O
114,X,223,-21.434,S1O
114,X,224,-21.922,S1O
114,X,225,-24.851,S1O
114,X,226,-27.781,S1O
114,X,227,-28.758,S1O
114,X,228,-27.293,S1O
114,X,229,-25.340,S1O
114,X,230,-23.875,S1O
114,X,231,-25.340,S1O
114,X,232,-28.758,S1O
114,X,233,-31.199,S1O
114,X,234,-31.687,S1O
114,X,235,-29.246,S1O
114,X,236,-25.340,S1O
114,X,237,-22.410,S1O
114,X,238,-20.457,S1O
114,X,239,-19.969,S1O
114,X,240,-20.945,S1O
114,X,241,-21.434,S1O
114,X,242,-21.922,S1O
114,X,243,-22.410,S1O
114,X,244,-22.898,S1O
114,X,245,-22.898,S1O
114,X,246,-20.945,S1O
114,X,247,-18.504,S1O
114,X,248,-16.062,S1O
114,X,249,-15.086,S1O
114,X,250,-16.551,S1O
114,X,251,-18.992,S1O
114,X,252,-21.434,S1O
114,X,253,-21.434,S1O
114,X,254,-19.480,S1O
114,X,255,-17.527,S1O
114,AF7,0,-5.514,S1O
114,AF7,1,-5.514,S1O
114,AF7,2,-4.537,S1O
114,AF7,3,-3.560,S1O
114,AF7,4,-3.072,S1O
114,AF7,5,-3.072,S1O
114,AF7,6,-3.072,S1O
114,AF7,7,-3.072,S1O
114,AF7,8,-3.560,S1O
114,AF7,9,-4.049,S1O
114,AF7,10,-4.537,S1O
114,AF7,11,-4.537,S1O
114,AF7,12,-3.560,S1O
114,AF7,13,-2.584,S1O
114,AF7,14,-1.607,S1O
114,AF7,15,-1.607,S1O
114,AF7,16,-3.072,S1O
114,AF7,17,-4.537,S1O
114,AF7,18,-5.514,S1O
114,AF7,19,-6.490,S1O
114,AF7,20,-6.978,S1O
114,AF7,21,-7.955,S1O
114,AF7,22,-9.420,S1O
114,AF7,23,-10.396,S1O
114,AF7,24,-10.396,S1O
114,AF7,25,-9.420,S1O
114,AF7,26,-8.931,S1O
114,AF7,27,-9.420,S1O
114,AF7,28,-12.349,S1O
114,AF7,29,-15.767,S1O
114,AF7,30,-17.721,S1O
114,AF7,31,-17.721,S1O
114,AF7,32,-15.767,S1O
114,AF7,33,-12.349,S1O
114,AF7,34,-9.908,S1O
114,AF7,35,-7.955,S1O
114,AF7,36,-7.955,S1O
114,AF7,37,-8.443,S1O
114,AF7,38,-9.908,S1O
114,AF7,39,-9.908,S1O
114,AF7,40,-9.420,S1O
114,AF7,41,-7.467,S1O
114,AF7,42,-5.514,S1O
114,AF7,43,-4.049,S1O
114,AF7,44,-4.049,S1O
114,AF7,45,-4.049,S1O
114,AF7,46,-4.049,S1O
114,AF7,47,-3.560,S1O
114,AF7,48,-2.096,S1O
114,AF7,49,-1.607,S1O
114,AF7,50,-2.096,S1O
114,AF7,51,-3.072,S1O
114,AF7,52,-3.560,S1O
114,AF7,53,-3.560,S1O
114,AF7,54,-3.560,S1O
114,AF7,55,-4.049,S1O
114,AF7,56,-6.002,S1O
114,AF7,57,-8.443,S1O
114,AF7,58,-9.908,S1O
114,AF7,59,-10.396,S1O
114,AF7,60,-8.931,S1O
114,AF7,61,-7.955,S1O
114,AF7,62,-7.955,S1O
114,AF7,63,-7.955,S1O
114,AF7,64,-8.931,S1O
114,AF7,65,-9.420,S1O
114,AF7,66,-9.420,S1O
114,AF7,67,-9.908,S1O
114,AF7,68,-11.373,S1O
114,AF7,69,-13.326,S1O
114,AF7,70,-15.767,S1O
114,AF7,71,-18.209,S1O
114,AF7,72,-18.697,S1O
114,AF7,73,-17.721,S1O
114,AF7,74,-17.232,S1O
114,AF7,75,-17.721,S1O
114,AF7,76,-19.185,S1O
114,AF7,77,-21.139,S1O
114,AF7,78,-22.603,S1O
114,AF7,79,-24.068,S1O
114,AF7,80,-24.068,S1O
114,AF7,81,-23.580,S1O
114,AF7,82,-22.115,S1O
114,AF7,83,-21.139,S1O
114,AF7,84,-19.674,S1O
114,AF7,85,-18.697,S1O
114,AF7,86,-17.721,S1O
114,AF7,87,-16.744,S1O
114,AF7,88,-16.256,S1O
114,AF7,89,-14.791,S1O
114,AF7,90,-14.303,S1O
114,AF7,91,-13.326,S1O
114,AF7,92,-12.838,S1O
114,AF7,93,-13.326,S1O
114,AF7,94,-14.303,S1O
114,AF7,95,-15.279,S1O
114,AF7,96,-15.279,S1O
114,AF7,97,-14.303,S1O
114,AF7,98,-12.838,S1O
114,AF7,99,-11.373,S1O
114,AF7,100,-10.885,S1O
114,AF7,101,-11.373,S1O
114,AF7,102,-12.349,S1O
114,AF7,103,-12.349,S1O
114,AF7,104,-10.396,S1O
114,AF7,105,-7.955,S1O
114,AF7,106,-5.514,S1O
114,AF7,107,-5.025,S1O
114,AF7,108,-5.514,S1O
114,AF7,109,-6.490,S1O
114,AF7,110,-7.955,S1O
114,AF7,111,-8.931,S1O
114,AF7,112,-8.931,S1O
114,AF7,113,-9.420,S1O
114,AF7,114,-9.908,S1O
114,AF7,115,-10.396,S1O
114,AF7,116,-10.396,S1O
114,AF7,117,-10.396,S1O
114,AF7,118,-9.908,S1O
114,AF7,119,-9.420,S1O
114,AF7,120,-8.931,S1O
114,AF7,121,-8.443,S1O
114,AF7,122,-6.978,S1O
114,AF7,123,-5.514,S1O
114,AF7,124,-4.049,S1O
114,AF7,125,-3.560,S1O
114,AF7,126,-4.537,S1O
114,AF7,127,-6.490,S1O
114,AF7,128,-8.931,S1O
114,AF7,129,-10.396,S1O
114,AF7,130,-11.373,S1O
114,AF7,131,-11.373,S1O
114,AF7,132,-10.396,S1O
114,AF7,133,-9.420,S1O
114,AF7,134,-8.443,S1O
114,AF7,135,-6.978,S1O
114,AF7,136,-6.002,S1O
114,AF7,137,-6.002,S1O
114,AF7,138,-5.514,S1O
114,AF7,139,-5.514,S1O
114,AF7,140,-5.025,S1O
114,AF7,141,-4.537,S1O
114,AF7,142,-5.025,S1O
114,AF7,143,-6.490,S1O
114,AF7,144,-8.443,S1O
114,AF7,145,-9.420,S1O
114,AF7,146,-8.931,S1O
114,AF7,147,-6.978,S1O
114,AF7,148,-5.514,S1O
114,AF7,149,-4.537,S1O
114,AF7,150,-4.537,S1O
114,AF7,151,-5.025,S1O
114,AF7,152,-5.025,S1O
114,AF7,153,-4.049,S1O
114,AF7,154,-4.537,S1O
114,AF7,155,-5.514,S1O
114,AF7,156,-7.467,S1O
114,AF7,157,-10.885,S1O
114,AF7,158,-13.814,S1O
114,AF7,159,-15.767,S1O
114,AF7,160,-16.256,S1O
114,AF7,161,-15.279,S1O
114,AF7,162,-13.326,S1O
114,AF7,163,-11.373,S1O
114,AF7,164,-10.396,S1O
114,AF7,165,-11.861,S1O
114,AF7,166,-15.279,S1O
114,AF7,167,-18.697,S1O
114,AF7,168,-19.674,S1O
114,AF7,169,-19.185,S1O
114,AF7,170,-16.256,S1O
114,AF7,171,-13.814,S1O
114,AF7,172,-13.326,S1O
114,AF7,173,-16.256,S1O
114,AF7,174,-20.650,S1O
114,AF7,175,-24.068,S1O
114,AF7,176,-24.556,S1O
114,AF7,177,-22.115,S1O
114,AF7,178,-17.721,S1O
114,AF7,179,-13.814,S1O
114,AF7,180,-12.838,S1O
114,AF7,181,-13.326,S1O
114,AF7,182,-13.814,S1O
114,AF7,183,-13.326,S1O
114,AF7,184,-10.396,S1O
114,AF7,185,-6.002,S1O
114,AF7,186,-2.096,S1O
114,AF7,187,0.346,S1O
114,AF7,188,0.834,S1O
114,AF7,189,0.346,S1O
114,AF7,190,-0.142,S1O
114,AF7,191,-0.631,S1O
114,AF7,192,-1.119,S1O
114,AF7,193,-3.072,S1O
114,AF7,194,-5.025,S1O
114,AF7,195,-6.978,S1O
114,AF7,196,-7.467,S1O
114,AF7,197,-7.467,S1O
114,AF7,198,-7.955,S1O
114,AF7,199,-9.420,S1O
114,AF7,200,-12.349,S1O
114,AF7,201,-15.767,S1O
114,AF7,202,-18.697,S1O
114,AF7,203,-20.162,S1O
114,AF7,204,-19.185,S1O
114,AF7,205,-17.232,S1O
114,AF7,206,-15.279,S1O
114,AF7,207,-14.791,S1O
114,AF7,208,-15.767,S1O
114,AF7,209,-19.185,S1O
114,AF7,210,-23.092,S1O
114,AF7,211,-26.021,S1O
114,AF7,212,-26.510,S1O
114,AF7,213,-25.045,S1O
114,AF7,214,-22.115,S1O
114,AF7,215,-19.674,S1O
114,AF7,216,-19.185,S1O
114,AF7,217,-19.185,S1O
114,AF7,218,-18.697,S1O
114,AF7,219,-17.721,S1O
114,AF7,220,-15.279,S1O
114,AF7,221,-13.326,S1O
114,AF7,222,-11.861,S1O
114,AF7,223,-12.349,S1O
114,AF7,224,-14.303,S1O
114,AF7,225,-16.744,S1O
114,AF7,226,-19.185,S1O
114,AF7,227,-20.650,S1O
114,AF7,228,-20.162,S1O
114,AF7,229,-17.721,S1O
114,AF7,230,-14.791,S1O
114,AF7,231,-13.326,S1O
114,AF7,232,-13.814,S1O
114,AF7,233,-15.767,S1O
114,AF7,234,-18.697,S1O
114,AF7,235,-19.674,S1O
114,AF7,236,-18.209,S1O
114,AF7,237,-15.279,S1O
114,AF7,238,-11.861,S1O
114,AF7,239,-9.420,S1O
114,AF7,240,-8.443,S1O
114,AF7,241,-9.420,S1O
114,AF7,242,-10.885,S1O
114,AF7,243,-11.861,S1O
114,AF7,244,-11.373,S1O
114,AF7,245,-10.396,S1O
114,AF7,246,-9.420,S1O
114,AF7,247,-8.931,S1O
114,AF7,248,-8.931,S1O
114,AF7,249,-7.955,S1O
114,AF7,250,-6.002,S1O
114,AF7,251,-4.049,S1O
114,AF7,252,-3.072,S1O
114,AF7,253,-4.049,S1O
114,AF7,254,-6.490,S1O
114,AF7,255,-8.931,S1O
114,AF8,0,-4.272,S1O
114,AF8,1,-3.784,S1O
114,AF8,2,-3.296,S1O
114,AF8,3,-3.784,S1O
114,AF8,4,-5.249,S1O
114,AF8,5,-6.226,S1O
114,AF8,6,-6.226,S1O
114,AF8,7,-4.272,S1O
114,AF8,8,-1.343,S1O
114,AF8,9,2.563,S1O
114,AF8,10,5.005,S1O
114,AF8,11,5.981,S1O
114,AF8,12,5.493,S1O
114,AF8,13,3.540,S1O
114,AF8,14,1.099,S1O
114,AF8,15,-0.366,S1O
114,AF8,16,0.122,S1O
114,AF8,17,0.610,S1O
114,AF8,18,2.075,S1O
114,AF8,19,1.587,S1O
114,AF8,20,-0.366,S1O
114,AF8,21,-3.296,S1O
114,AF8,22,-6.226,S1O
114,AF8,23,-7.690,S1O
114,AF8,24,-7.202,S1O
114,AF8,25,-6.714,S1O
114,AF8,26,-6.714,S1O
114,AF8,27,-9.155,S1O
114,AF8,28,-13.062,S1O
114,AF8,29,-16.479,S1O
114,AF8,30,-17.456,S1O
114,AF8,31,-15.503,S1O
114,AF8,32,-12.085,S1O
114,AF8,33,-8.179,S1O
114,AF8,34,-5.737,S1O
114,AF8,35,-4.761,S1O
114,AF8,36,-4.761,S1O
114,AF8,37,-5.249,S1O
114,AF8,38,-5.737,S1O
114,AF8,39,-6.226,S1O
114,AF8,40,-5.737,S1O
114,AF8,41,-5.249,S1O
114,AF8,42,-4.761,S1O
114,AF8,43,-4.272,S1O
114,AF8,44,-4.761,S1O
114,AF8,45,-6.226,S1O
114,AF8,46,-7.690,S1O
114,AF8,47,-8.179,S1O
114,AF8,48,-7.690,S1O
114,AF8,49,-6.714,S1O
114,AF8,50,-5.249,S1O
114,AF8,51,-4.272,S1O
114,AF8,52,-3.296,S1O
114,AF8,53,-3.784,S1O
114,AF8,54,-5.249,S1O
114,AF8,55,-7.202,S1O
114,AF8,56,-9.644,S1O
114,AF8,57,-10.620,S1O
114,AF8,58,-11.108,S1O
114,AF8,59,-10.620,S1O
114,AF8,60,-10.620,S1O
114,AF8,61,-11.597,S1O
114,AF8,62,-13.062,S1O
114,AF8,63,-14.038,S1O
114,AF8,64,-14.038,S1O
114,AF8,65,-12.085,S1O
114,AF8,66,-8.179,S1O
114,AF8,67,-3.784,S1O
114,AF8,68,-1.343,S1O
114,AF8,69,-0.854,S1O
114,AF8,70,-2.808,S1O
114,AF8,71,-5.249,S1O
114,AF8,72,-6.714,S1O
114,AF8,73,-6.714,S1O
114,AF8,74,-6.714,S1O
114,AF8,75,-7.202,S1O
114,AF8,76,-9.155,S1O
114,AF8,77,-10.620,S1O
114,AF8,78,-10.132,S1O
114,AF8,79,-7.690,S1O
114,AF8,80,-3.784,S1O
114,AF8,81,-1.831,S1O
114,AF8,82,-1.831,S1O
114,AF8,83,-3.296,S1O
114,AF8,84,-4.272,S1O
114,AF8,85,-3.784,S1O
114,AF8,86,-1.343,S1O
114,AF8,87,0.122,S1O
114,AF8,88,-0.366,S1O
114,AF8,89,-3.296,S1O
114,AF8,90,-6.226,S1O
114,AF8,91,-8.179,S1O
114,AF8,92,-8.667,S1O
114,AF8,93,-7.690,S1O
114,AF8,94,-6.226,S1O
114,AF8,95,-4.272,S1O
114,AF8,96,-1.831,S1O
114,AF8,97,0.610,S1O
114,AF8,98,2.075,S1O
114,AF8,99,2.075,S1O
114,AF8,100,-0.366,S1O
114,AF8,101,-2.319,S1O
114,AF8,102,-3.296,S1O
114,AF8,103,-2.319,S1O
114,AF8,104,-0.366,S1O
114,AF8,105,1.099,S1O
114,AF8,106,1.587,S1O
114,AF8,107,0.122,S1O
114,AF8,108,-1.343,S1O
114,AF8,109,-1.831,S1O
114,AF8,110,-1.831,S1O
114,AF8,111,-1.831,S1O
114,AF8,112,-1.343,S1O
114,AF8,113,-1.343,S1O
114,AF8,114,-1.343,S1O
114,AF8,115,-0.366,S1O
114,AF8,116,0.610,S1O
114,AF8,117,1.099,S1O
114,AF8,118,1.099,S1O
114,AF8,119,0.122,S1O
114,AF8,120,-0.366,S1O
114,AF8,121,-0.366,S1O
114,AF8,122,1.099,S1O
114,AF8,123,2.075,S1O
114,AF8,124,3.052,S1O
114,AF8,125,3.052,S1O
114,AF8,126,2.563,S1O
114,AF8,127,2.075,S1O
114,AF8,128,2.075,S1O
114,AF8,129,1.099,S1O
114,AF8,130,-0.366,S1O
114,AF8,131,-1.343,S1O
114,AF8,132,-1.831,S1O
114,AF8,133,-0.366,S1O
114,AF8,134,2.075,S1O
114,AF8,135,4.028,S1O
114,AF8,136,4.517,S1O
114,AF8,137,2.563,S1O
114,AF8,138,0.610,S1O
114,AF8,139,-0.854,S1O
114,AF8,140,-1.831,S1O
114,AF8,141,-2.319,S1O
114,AF8,142,-3.784,S1O
114,AF8,143,-6.226,S1O
114,AF8,144,-8.667,S1O
114,AF8,145,-9.155,S1O
114,AF8,146,-7.690,S1O
114,AF8,147,-6.226,S1O
114,AF8,148,-5.737,S1O
114,AF8,149,-6.714,S1O
114,AF8,150,-8.667,S1O
114,AF8,151,-9.644,S1O
114,AF8,152,-8.667,S1O
114,AF8,153,-6.714,S1O
114,AF8,154,-5.737,S1O
114,AF8,155,-6.226,S1O
114,AF8,156,-8.179,S1O
114,AF8,157,-10.620,S1O
114,AF8,158,-12.085,S1O
114,AF8,159,-12.085,S1O
114,AF8,160,-11.597,S1O
114,AF8,161,-11.108,S1O
114,AF8,162,-10.620,S1O
114,AF8,163,-10.132,S1O
114,AF8,164,-9.644,S1O
114,AF8,165,-10.132,S1O
114,AF8,166,-11.108,S1O
114,AF8,167,-12.573,S1O
114,AF8,168,-13.550,S1O
114,AF8,169,-12.573,S1O
114,AF8,170,-10.132,S1O
114,AF8,171,-6.714,S1O
114,AF8,172,-4.761,S1O
114,AF8,173,-4.761,S1O
114,AF8,174,-6.226,S1O
114,AF8,175,-7.690,S1O
114,AF8,176,-8.179,S1O
114,AF8,177,-7.690,S1O
114,AF8,178,-7.202,S1O
114,AF8,179,-7.690,S1O
114,AF8,180,-9.155,S1O
114,AF8,181,-10.620,S1O
114,AF8,182,-11.597,S1O
114,AF8,183,-10.620,S1O
114,AF8,184,-8.179,S1O
114,AF8,185,-5.249,S1O
114,AF8,186,-2.319,S1O
114,AF8,187,0.122,S1O
114,AF8,188,1.587,S1O
114,AF8,189,2.075,S1O
114,AF8,190,1.587,S1O
114,AF8,191,0.610,S1O
114,AF8,192,-0.854,S1O
114,AF8,193,-2.319,S1O
114,AF8,194,-3.296,S1O
114,AF8,195,-3.784,S1O
114,AF8,196,-2.319,S1O
114,AF8,197,-0.366,S1O
114,AF8,198,1.587,S1O
114,AF8,199,3.540,S1O
114,AF8,200,3.052,S1O
114,AF8,201,1.587,S1O
114,AF8,202,-0.854,S1O
114,AF8,203,-2.808,S1O
114,AF8,204,-3.296,S1O
114,AF8,205,-2.319,S1O
114,AF8,206,-0.366,S1O
114,AF8,207,0.610,S1O
114,AF8,208,0.122,S1O
114,AF8,209,-2.319,S1O
114,AF8,210,-6.226,S1O
114,AF8,211,-10.132,S1O
114,AF8,212,-12.573,S1O
114,AF8,213,-13.550,S1O
114,AF8,214,-12.573,S1O
114,AF8,215,-9.644,S1O
114,AF8,216,-6.714,S1O
114,AF8,217,-5.249,S1O
114,AF8,218,-5.249,S1O
114,AF8,219,-7.202,S1O
114,AF8,220,-9.155,S1O
114,AF8,221,-10.620,S1O
114,AF8,222,-9.644,S1O
114,AF8,223,-8.667,S1O
114,AF8,224,-7.202,S1O
114,AF8,225,-6.714,S1O
114,AF8,226,-7.202,S1O
114,AF8,227,-8.179,S1O
114,AF8,228,-8.179,S1O
114,AF8,229,-7.690,S1O
114,AF8,230,-7.202,S1O
114,AF8,231,-8.667,S1O
114,AF8,232,-11.108,S1O
114,AF8,233,-13.550,S1O
114,AF8,234,-14.526,S1O
114,AF8,235,-12.573,S1O
114,AF8,236,-8.667,S1O
114,AF8,237,-4.761,S1O
114,AF8,238,-1.831,S1O
114,AF8,239,-0.854,S1O
114,AF8,240,-2.319,S1O
114,AF8,241,-4.761,S1O
114,AF8,242,-6.714,S1O
114,AF8,243,-8.179,S1O
114,AF8,244,-8.179,S1O
114,AF8,245,-7.690,S1O
114,AF8,246,-7.202,S1O
114,AF8,247,-6.226,S1O
114,AF8,248,-5.249,S1O
114,AF8,249,-4.272,S1O
114,AF8,250,-4.272,S1O
114,AF8,251,-5.249,S1O
114,AF8,252,-6.714,S1O
114,AF8,253,-8.179,S1O
114,AF8,254,-9.155,S1O
114,AF8,255,-8.667,S1O
114,F5,0,-3.937,S1O
114,F5,1,-4.913,S1O
114,F5,2,-4.913,S1O
114,F5,3,-3.937,S1O
114,F5,4,-2.960,S1O
114,F5,5,-2.472,S1O
114,F5,6,-2.472,S1O
114,F5,7,-2.472,S1O
114,F5,8,-2.960,S1O
114,F5,9,-3.448,S1O
114,F5,10,-3.448,S1O
114,F5,11,-2.960,S1O
114,F5,12,-2.472,S1O
114,F5,13,-1.495,S1O
114,F5,14,-1.495,S1O
114,F5,15,-2.472,S1O
114,F5,16,-3.937,S1O
114,F5,17,-4.913,S1O
114,F5,18,-5.402,S1O
114,F5,19,-5.402,S1O
114,F5,20,-5.402,S1O
114,F5,21,-6.378,S1O
114,F5,22,-7.843,S1O
114,F5,23,-9.308,S1O
114,F5,24,-8.820,S1O
114,F5,25,-7.355,S1O
114,F5,26,-5.890,S1O
114,F5,27,-5.890,S1O
114,F5,28,-8.331,S1O
114,F5,29,-12.726,S1O
114,F5,30,-15.656,S1O
114,F5,31,-16.632,S1O
114,F5,32,-14.191,S1O
114,F5,33,-10.773,S1O
114,F5,34,-6.866,S1O
114,F5,35,-6.378,S1O
114,F5,36,-7.355,S1O
114,F5,37,-9.796,S1O
114,F5,38,-11.749,S1O
114,F5,39,-12.238,S1O
114,F5,40,-10.773,S1O
114,F5,41,-7.355,S1O
114,F5,42,-4.425,S1O
114,F5,43,-2.960,S1O
114,F5,44,-2.472,S1O
114,F5,45,-3.448,S1O
114,F5,46,-4.913,S1O
114,F5,47,-5.890,S1O
114,F5,48,-6.378,S1O
114,F5,49,-6.378,S1O
114,F5,50,-5.402,S1O
114,F5,51,-4.425,S1O
114,F5,52,-2.472,S1O
114,F5,53,-1.495,S1O
114,F5,54,-1.495,S1O
114,F5,55,-2.960,S1O
114,F5,56,-4.913,S1O
114,F5,57,-6.866,S1O
114,F5,58,-7.843,S1O
114,F5,59,-6.866,S1O
114,F5,60,-5.402,S1O
114,F5,61,-4.913,S1O
114,F5,62,-4.913,S1O
114,F5,63,-6.378,S1O
114,F5,64,-7.355,S1O
114,F5,65,-8.331,S1O
114,F5,66,-8.331,S1O
114,F5,67,-8.331,S1O
114,F5,68,-8.820,S1O
114,F5,69,-10.284,S1O
114,F5,70,-12.726,S1O
114,F5,71,-14.191,S1O
114,F5,72,-14.679,S1O
114,F5,73,-14.191,S1O
114,F5,74,-13.702,S1O
114,F5,75,-13.702,S1O
114,F5,76,-14.679,S1O
114,F5,77,-16.144,S1O
114,F5,78,-17.609,S1O
114,F5,79,-18.097,S1O
114,F5,80,-18.585,S1O
114,F5,81,-18.585,S1O
114,F5,82,-18.585,S1O
114,F5,83,-18.585,S1O
114,F5,84,-18.097,S1O
114,F5,85,-17.120,S1O
114,F5,86,-15.167,S1O
114,F5,87,-14.191,S1O
114,F5,88,-13.214,S1O
114,F5,89,-13.214,S1O
114,F5,90,-13.214,S1O
114,F5,91,-12.726,S1O
114,F5,92,-12.726,S1O
114,F5,93,-12.726,S1O
114,F5,94,-13.702,S1O
114,F5,95,-15.167,S1O
114,F5,96,-16.632,S1O
114,F5,97,-17.120,S1O
114,F5,98,-16.144,S1O
114,F5,99,-15.167,S1O
114,F5,100,-14.191,S1O
114,F5,101,-13.702,S1O
114,F5,102,-13.702,S1O
114,F5,103,-12.726,S1O
114,F5,104,-11.749,S1O
114,F5,105,-9.796,S1O
114,F5,106,-8.331,S1O
114,F5,107,-7.355,S1O
114,F5,108,-7.355,S1O
114,F5,109,-7.843,S1O
114,F5,110,-8.331,S1O
114,F5,111,-8.331,S1O
114,F5,112,-8.331,S1O
114,F5,113,-8.331,S1O
114,F5,114,-8.820,S1O
114,F5,115,-9.796,S1O
114,F5,116,-9.796,S1O
114,F5,117,-10.284,S1O
114,F5,118,-9.796,S1O
114,F5,119,-9.796,S1O
114,F5,120,-9.796,S1O
114,F5,121,-9.796,S1O
114,F5,122,-9.796,S1O
114,F5,123,-9.308,S1O
114,F5,124,-8.331,S1O
114,F5,125,-7.843,S1O
114,F5,126,-7.843,S1O
114,F5,127,-8.820,S1O
114,F5,128,-9.308,S1O
114,F5,129,-9.796,S1O
114,F5,130,-9.796,S1O
114,F5,131,-10.284,S1O
114,F5,132,-10.773,S1O
114,F5,133,-10.773,S1O
114,F5,134,-11.261,S1O
114,F5,135,-10.284,S1O
114,F5,136,-9.308,S1O
114,F5,137,-7.843,S1O
114,F5,138,-6.866,S1O
114,F5,139,-6.866,S1O
114,F5,140,-6.866,S1O
114,F5,141,-7.355,S1O
114,F5,142,-6.866,S1O
114,F5,143,-6.866,S1O
114,F5,144,-6.866,S1O
114,F5,145,-6.866,S1O
114,F5,146,-7.355,S1O
114,F5,147,-6.866,S1O
114,F5,148,-5.890,S1O
114,F5,149,-4.425,S1O
114,F5,150,-2.960,S1O
114,F5,151,-2.472,S1O
114,F5,152,-1.984,S1O
114,F5,153,-1.984,S1O
114,F5,154,-1.984,S1O
114,F5,155,-2.472,S1O
114,F5,156,-3.448,S1O
114,F5,157,-4.913,S1O
114,F5,158,-7.355,S1O
114,F5,159,-9.796,S1O
114,F5,160,-10.773,S1O
114,F5,161,-10.773,S1O
114,F5,162,-10.284,S1O
114,F5,163,-9.308,S1O
114,F5,164,-8.820,S1O
114,F5,165,-9.308,S1O
114,F5,166,-10.773,S1O
114,F5,167,-11.749,S1O
114,F5,168,-12.726,S1O
114,F5,169,-12.726,S1O
114,F5,170,-11.749,S1O
114,F5,171,-10.773,S1O
114,F5,172,-10.773,S1O
114,F5,173,-12.238,S1O
114,F5,174,-14.679,S1O
114,F5,175,-16.632,S1O
114,F5,176,-16.144,S1O
114,F5,177,-14.191,S1O
114,F5,178,-11.749,S1O
114,F5,179,-10.284,S1O
114,F5,180,-10.773,S1O
114,F5,181,-11.749,S1O
114,F5,182,-11.749,S1O
114,F5,183,-9.796,S1O
114,F5,184,-6.378,S1O
114,F5,185,-2.960,S1O
114,F5,186,-0.519,S1O
114,F5,187,-0.031,S1O
114,F5,188,0.458,S1O
114,F5,189,0.458,S1O
114,F5,190,0.946,S1O
114,F5,191,1.923,S1O
114,F5,192,1.434,S1O
114,F5,193,-0.519,S1O
114,F5,194,-2.960,S1O
114,F5,195,-5.890,S1O
114,F5,196,-7.355,S1O
114,F5,197,-8.331,S1O
114,F5,198,-8.331,S1O
114,F5,199,-9.308,S1O
114,F5,200,-10.284,S1O
114,F5,201,-12.726,S1O
114,F5,202,-14.679,S1O
114,F5,203,-16.144,S1O
114,F5,204,-16.144,S1O
114,F5,205,-14.679,S1O
114,F5,206,-13.214,S1O
114,F5,207,-12.238,S1O
114,F5,208,-13.214,S1O
114,F5,209,-15.167,S1O
114,F5,210,-18.097,S1O
114,F5,211,-20.050,S1O
114,F5,212,-20.538,S1O
114,F5,213,-19.562,S1O
114,F5,214,-18.097,S1O
114,F5,215,-17.120,S1O
114,F5,216,-16.632,S1O
114,F5,217,-16.632,S1O
114,F5,218,-16.144,S1O
114,F5,219,-16.144,S1O
114,F5,220,-15.167,S1O
114,F5,221,-14.679,S1O
114,F5,222,-13.702,S1O
114,F5,223,-13.214,S1O
114,F5,224,-13.214,S1O
114,F5,225,-14.191,S1O
114,F5,226,-15.656,S1O
114,F5,227,-17.120,S1O
114,F5,228,-17.120,S1O
114,F5,229,-16.144,S1O
114,F5,230,-14.191,S1O
114,F5,231,-12.726,S1O
114,F5,232,-12.726,S1O
114,F5,233,-14.191,S1O
114,F5,234,-16.144,S1O
114,F5,235,-17.609,S1O
114,F5,236,-16.632,S1O
114,F5,237,-14.191,S1O
114,F5,238,-11.261,S1O
114,F5,239,-8.820,S1O
114,F5,240,-7.355,S1O
114,F5,241,-7.843,S1O
114,F5,242,-8.331,S1O
114,F5,243,-9.796,S1O
114,F5,244,-9.796,S1O
114,F5,245,-9.308,S1O
114,F5,246,-8.820,S1O
114,F5,247,-7.843,S1O
114,F5,248,-7.843,S1O
114,F5,249,-7.843,S1O
114,F5,250,-7.843,S1O
114,F5,251,-7.355,S1O
114,F5,252,-6.378,S1O
114,F5,253,-6.378,S1O
114,F5,254,-7.355,S1O
114,F5,255,-8.820,S1O
114,F6,0,-2.258,S1O
114,F6,1,-2.258,S1O
114,F6,2,-1.770,S1O
114,F6,3,-1.770,S1O
114,F6,4,-2.258,S1O
114,F6,5,-3.235,S1O
114,F6,6,-3.235,S1O
114,F6,7,-1.770,S1O
114,F6,8,0.183,S1O
114,F6,9,2.625,S1O
114,F6,10,5.066,S1O
114,F6,11,7.019,S1O
114,F6,12,7.019,S1O
114,F6,13,6.042,S1O
114,F6,14,4.089,S1O
114,F6,15,2.625,S1O
114,F6,16,2.625,S1O
114,F6,17,3.601,S1O
114,F6,18,4.578,S1O
114,F6,19,4.578,S1O
114,F6,20,3.113,S1O
114,F6,21,0.183,S1O
114,F6,22,-2.258,S1O
114,F6,23,-3.235,S1O
114,F6,24,-2.258,S1O
114,F6,25,-1.282,S1O
114,F6,26,-1.282,S1O
114,F6,27,-3.235,S1O
114,F6,28,-6.165,S1O
114,F6,29,-9.583,S1O
114,F6,30,-11.047,S1O
114,F6,31,-10.559,S1O
114,F6,32,-8.606,S1O
114,F6,33,-5.676,S1O
114,F6,34,-3.235,S1O
114,F6,35,-1.282,S1O
114,F6,36,-0.305,S1O
114,F6,37,-1.282,S1O
114,F6,38,-2.747,S1O
114,F6,39,-4.211,S1O
114,F6,40,-4.211,S1O
114,F6,41,-3.235,S1O
114,F6,42,-2.258,S1O
114,F6,43,-1.770,S1O
114,F6,44,-3.235,S1O
114,F6,45,-4.700,S1O
114,F6,46,-6.653,S1O
114,F6,47,-7.141,S1O
114,F6,48,-7.629,S1O
114,F6,49,-6.653,S1O
114,F6,50,-6.165,S1O
114,F6,51,-5.188,S1O
114,F6,52,-4.700,S1O
114,F6,53,-4.211,S1O
114,F6,54,-4.700,S1O
114,F6,55,-5.676,S1O
114,F6,56,-7.141,S1O
114,F6,57,-8.606,S1O
114,F6,58,-9.094,S1O
114,F6,59,-8.606,S1O
114,F6,60,-7.629,S1O
114,F6,61,-7.141,S1O
114,F6,62,-7.141,S1O
114,F6,63,-8.118,S1O
114,F6,64,-8.118,S1O
114,F6,65,-6.653,S1O
114,F6,66,-4.211,S1O
114,F6,67,-0.793,S1O
114,F6,68,1.648,S1O
114,F6,69,2.136,S1O
114,F6,70,0.671,S1O
114,F6,71,-1.282,S1O
114,F6,72,-2.747,S1O
114,F6,73,-3.235,S1O
114,F6,74,-3.235,S1O
114,F6,75,-3.723,S1O
114,F6,76,-5.676,S1O
114,F6,77,-7.141,S1O
114,F6,78,-6.653,S1O
114,F6,79,-4.700,S1O
114,F6,80,-1.282,S1O
114,F6,81,0.671,S1O
114,F6,82,0.671,S1O
114,F6,83,-0.793,S1O
114,F6,84,-2.258,S1O
114,F6,85,-2.258,S1O
114,F6,86,-0.793,S1O
114,F6,87,0.183,S1O
114,F6,88,-0.305,S1O
114,F6,89,-2.258,S1O
114,F6,90,-5.188,S1O
114,F6,91,-6.653,S1O
114,F6,92,-7.629,S1O
114,F6,93,-6.653,S1O
114,F6,94,-5.188,S1O
114,F6,95,-3.235,S1O
114,F6,96,-0.793,S1O
114,F6,97,1.160,S1O
114,F6,98,2.625,S1O
114,F6,99,2.625,S1O
114,F6,100,1.160,S1O
114,F6,101,-0.305,S1O
114,F6,102,-0.793,S1O
114,F6,103,0.183,S1O
114,F6,104,1.648,S1O
114,F6,105,2.625,S1O
114,F6,106,2.136,S1O
114,F6,107,0.671,S1O
114,F6,108,-0.793,S1O
114,F6,109,-1.282,S1O
114,F6,110,-0.793,S1O
114,F6,111,0.183,S1O
114,F6,112,1.160,S1O
114,F6,113,0.671,S1O
114,F6,114,0.183,S1O
114,F6,115,-0.305,S1O
114,F6,116,0.183,S1O
114,F6,117,1.160,S1O
114,F6,118,1.648,S1O
114,F6,119,1.648,S1O
114,F6,120,2.136,S1O
114,F6,121,2.625,S1O
114,F6,122,3.113,S1O
114,F6,123,3.601,S1O
114,F6,124,3.113,S1O
114,F6,125,2.136,S1O
114,F6,126,1.160,S1O
114,F6,127,0.671,S1O
114,F6,128,0.671,S1O
114,F6,129,0.671,S1O
114,F6,130,0.183,S1O
114,F6,131,-0.793,S1O
114,F6,132,-1.282,S1O
114,F6,133,-0.793,S1O
114,F6,134,1.160,S1O
114,F6,135,3.113,S1O
114,F6,136,4.089,S1O
114,F6,137,3.113,S1O
114,F6,138,0.671,S1O
114,F6,139,-1.770,S1O
114,F6,140,-2.747,S1O
114,F6,141,-3.235,S1O
114,F6,142,-4.211,S1O
114,F6,143,-6.165,S1O
114,F6,144,-7.629,S1O
114,F6,145,-8.606,S1O
114,F6,146,-7.629,S1O
114,F6,147,-6.165,S1O
114,F6,148,-4.700,S1O
114,F6,149,-4.211,S1O
114,F6,150,-5.188,S1O
114,F6,151,-6.653,S1O
114,F6,152,-7.141,S1O
114,F6,153,-6.653,S1O
114,F6,154,-6.653,S1O
114,F6,155,-6.653,S1O
114,F6,156,-6.653,S1O
114,F6,157,-8.118,S1O
114,F6,158,-8.606,S1O
114,F6,159,-9.583,S1O
114,F6,160,-10.071,S1O
114,F6,161,-9.583,S1O
114,F6,162,-8.606,S1O
114,F6,163,-7.141,S1O
114,F6,164,-6.165,S1O
114,F6,165,-6.653,S1O
114,F6,166,-9.094,S1O
114,F6,167,-11.536,S1O
114,F6,168,-12.512,S1O
114,F6,169,-11.536,S1O
114,F6,170,-8.606,S1O
114,F6,171,-5.188,S1O
114,F6,172,-2.747,S1O
114,F6,173,-1.770,S1O
114,F6,174,-2.747,S1O
114,F6,175,-4.211,S1O
114,F6,176,-4.700,S1O
114,F6,177,-4.700,S1O
114,F6,178,-4.211,S1O
114,F6,179,-4.211,S1O
114,F6,180,-5.676,S1O
114,F6,181,-6.653,S1O
114,F6,182,-7.629,S1O
114,F6,183,-7.141,S1O
114,F6,184,-5.676,S1O
114,F6,185,-3.235,S1O
114,F6,186,-0.793,S1O
114,F6,187,0.671,S1O
114,F6,188,1.160,S1O
114,F6,189,0.671,S1O
114,F6,190,-0.305,S1O
114,F6,191,-0.793,S1O
114,F6,192,-0.793,S1O
114,F6,193,-0.793,S1O
114,F6,194,-0.305,S1O
114,F6,195,-0.305,S1O
114,F6,196,-0.305,S1O
114,F6,197,0.671,S1O
114,F6,198,2.136,S1O
114,F6,199,3.601,S1O
114,F6,200,4.089,S1O
114,F6,201,3.601,S1O
114,F6,202,1.160,S1O
114,F6,203,-0.793,S1O
114,F6,204,-1.770,S1O
114,F6,205,-1.282,S1O
114,F6,206,0.183,S1O
114,F6,207,1.648,S1O
114,F6,208,1.160,S1O
114,F6,209,-1.282,S1O
114,F6,210,-5.188,S1O
114,F6,211,-8.606,S1O
114,F6,212,-11.047,S1O
114,F6,213,-11.047,S1O
114,F6,214,-9.094,S1O
114,F6,215,-6.165,S1O
114,F6,216,-3.723,S1O
114,F6,217,-2.747,S1O
114,F6,218,-3.723,S1O
114,F6,219,-5.188,S1O
114,F6,220,-6.653,S1O
114,F6,221,-6.653,S1O
114,F6,222,-5.676,S1O
114,F6,223,-4.211,S1O
114,F6,224,-3.235,S1O
114,F6,225,-3.723,S1O
114,F6,226,-4.700,S1O
114,F6,227,-5.676,S1O
114,F6,228,-6.165,S1O
114,F6,229,-5.676,S1O
114,F6,230,-5.676,S1O
114,F6,231,-6.653,S1O
114,F6,232,-8.606,S1O
114,F6,233,-10.559,S1O
114,F6,234,-11.536,S1O
114,F6,235,-10.559,S1O
114,F6,236,-7.629,S1O
114,F6,237,-5.188,S1O
114,F6,238,-3.235,S1O
114,F6,239,-2.258,S1O
114,F6,240,-2.258,S1O
114,F6,241,-3.235,S1O
114,F6,242,-4.700,S1O
114,F6,243,-6.165,S1O
114,F6,244,-6.653,S1O
114,F6,245,-7.141,S1O
114,F6,246,-6.165,S1O
114,F6,247,-4.700,S1O
114,F6,248,-2.747,S1O
114,F6,249,-1.770,S1O
114,F6,250,-2.747,S1O
114,F6,251,-4.700,S1O
114,F6,252,-6.653,S1O
114,F6,253,-7.629,S1O
114,F6,254,-7.629,S1O
114,F6,255,-6.653,S1O
114,FT7,0,-5.544,S1O
114,FT7,1,-7.009,S1O
114,FT7,2,-7.497,S1O
114,FT7,3,-7.497,S1O
114,FT7,4,-6.521,S1O
114,FT7,5,-5.544,S1O
114,FT7,6,-4.567,S1O
114,FT7,7,-5.056,S1O
114,FT7,8,-6.521,S1O
114,FT7,9,-7.497,S1O
114,FT7,10,-7.497,S1O
114,FT7,11,-6.521,S1O
114,FT7,12,-4.079,S1O
114,FT7,13,-2.126,S1O
114,FT7,14,-2.126,S1O
114,FT7,15,-3.103,S1O
114,FT7,16,-5.544,S1O
114,FT7,17,-7.497,S1O
114,FT7,18,-8.474,S1O
114,FT7,19,-8.474,S1O
114,FT7,20,-7.985,S1O
114,FT7,21,-8.474,S1O
114,FT7,22,-10.427,S1O
114,FT7,23,-11.892,S1O
114,FT7,24,-12.868,S1O
114,FT7,25,-11.892,S1O
114,FT7,26,-9.939,S1O
114,FT7,27,-8.962,S1O
114,FT7,28,-9.939,S1O
114,FT7,29,-13.357,S1O
114,FT7,30,-17.263,S1O
114,FT7,31,-19.704,S1O
114,FT7,32,-19.704,S1O
114,FT7,33,-16.286,S1O
114,FT7,34,-11.892,S1O
114,FT7,35,-9.450,S1O
114,FT7,36,-9.450,S1O
114,FT7,37,-12.380,S1O
114,FT7,38,-16.774,S1O
114,FT7,39,-19.704,S1O
114,FT7,40,-19.704,S1O
114,FT7,41,-16.774,S1O
114,FT7,42,-13.845,S1O
114,FT7,43,-11.403,S1O
114,FT7,44,-10.915,S1O
114,FT7,45,-11.892,S1O
114,FT7,46,-13.357,S1O
114,FT7,47,-14.333,S1O
114,FT7,48,-13.845,S1O
114,FT7,49,-12.868,S1O
114,FT7,50,-10.915,S1O
114,FT7,51,-8.962,S1O
114,FT7,52,-5.056,S1O
114,FT7,53,-2.614,S1O
114,FT7,54,-1.638,S1O
114,FT7,55,-2.614,S1O
114,FT7,56,-4.567,S1O
114,FT7,57,-7.009,S1O
114,FT7,58,-7.497,S1O
114,FT7,59,-6.032,S1O
114,FT7,60,-4.567,S1O
114,FT7,61,-3.591,S1O
114,FT7,62,-4.079,S1O
114,FT7,63,-5.544,S1O
114,FT7,64,-7.009,S1O
114,FT7,65,-7.985,S1O
114,FT7,66,-8.474,S1O
114,FT7,67,-8.962,S1O
114,FT7,68,-10.427,S1O
114,FT7,69,-12.868,S1O
114,FT7,70,-15.310,S1O
114,FT7,71,-17.263,S1O
114,FT7,72,-18.728,S1O
114,FT7,73,-19.704,S1O
114,FT7,74,-20.681,S1O
114,FT7,75,-21.657,S1O
114,FT7,76,-23.610,S1O
114,FT7,77,-24.587,S1O
114,FT7,78,-25.075,S1O
114,FT7,79,-24.587,S1O
114,FT7,80,-24.099,S1O
114,FT7,81,-23.610,S1O
114,FT7,82,-24.099,S1O
114,FT7,83,-24.099,S1O
114,FT7,84,-23.610,S1O
114,FT7,85,-22.146,S1O
114,FT7,86,-20.681,S1O
114,FT7,87,-19.704,S1O
114,FT7,88,-18.728,S1O
114,FT7,89,-18.239,S1O
114,FT7,90,-17.263,S1O
114,FT7,91,-15.798,S1O
114,FT7,92,-14.333,S1O
114,FT7,93,-13.845,S1O
114,FT7,94,-15.310,S1O
114,FT7,95,-16.774,S1O
114,FT7,96,-18.728,S1O
114,FT7,97,-18.728,S1O
114,FT7,98,-17.751,S1O
114,FT7,99,-16.286,S1O
114,FT7,100,-15.310,S1O
114,FT7,101,-15.798,S1O
114,FT7,102,-16.286,S1O
114,FT7,103,-15.310,S1O
114,FT7,104,-13.845,S1O
114,FT7,105,-12.380,S1O
114,FT7,106,-11.403,S1O
114,FT7,107,-11.403,S1O
114,FT7,108,-11.892,S1O
114,FT7,109,-11.892,S1O
114,FT7,110,-11.403,S1O
114,FT7,111,-11.403,S1O
114,FT7,112,-11.892,S1O
114,FT7,113,-13.357,S1O
114,FT7,114,-14.333,S1O
114,FT7,115,-13.845,S1O
114,FT7,116,-12.380,S1O
114,FT7,117,-10.427,S1O
114,FT7,118,-9.939,S1O
114,FT7,119,-11.403,S1O
114,FT7,120,-13.357,S1O
114,FT7,121,-14.821,S1O
114,FT7,122,-13.845,S1O
114,FT7,123,-12.380,S1O
114,FT7,124,-11.892,S1O
114,FT7,125,-12.868,S1O
114,FT7,126,-14.821,S1O
114,FT7,127,-16.286,S1O
114,FT7,128,-15.798,S1O
114,FT7,129,-14.333,S1O
114,FT7,130,-12.868,S1O
114,FT7,131,-13.357,S1O
114,FT7,132,-15.310,S1O
114,FT7,133,-16.774,S1O
114,FT7,134,-16.774,S1O
114,FT7,135,-13.845,S1O
114,FT7,136,-11.403,S1O
114,FT7,137,-9.939,S1O
114,FT7,138,-9.450,S1O
114,FT7,139,-10.915,S1O
114,FT7,140,-11.403,S1O
114,FT7,141,-10.427,S1O
114,FT7,142,-9.450,S1O
114,FT7,143,-8.474,S1O
114,FT7,144,-8.962,S1O
114,FT7,145,-8.962,S1O
114,FT7,146,-8.474,S1O
114,FT7,147,-6.521,S1O
114,FT7,148,-4.567,S1O
114,FT7,149,-3.103,S1O
114,FT7,150,-2.126,S1O
114,FT7,151,-2.126,S1O
114,FT7,152,-1.638,S1O
114,FT7,153,-0.661,S1O
114,FT7,154,0.315,S1O
114,FT7,155,-0.173,S1O
114,FT7,156,-2.614,S1O
114,FT7,157,-6.521,S1O
114,FT7,158,-9.939,S1O
114,FT7,159,-11.403,S1O
114,FT7,160,-10.915,S1O
114,FT7,161,-9.939,S1O
114,FT7,162,-8.962,S1O
114,FT7,163,-9.450,S1O
114,FT7,164,-10.427,S1O
114,FT7,165,-10.915,S1O
114,FT7,166,-11.892,S1O
114,FT7,167,-12.380,S1O
114,FT7,168,-13.357,S1O
114,FT7,169,-13.357,S1O
114,FT7,170,-13.357,S1O
114,FT7,171,-12.868,S1O
114,FT7,172,-12.868,S1O
114,FT7,173,-14.333,S1O
114,FT7,174,-16.774,S1O
114,FT7,175,-18.728,S1O
114,FT7,176,-18.728,S1O
114,FT7,177,-16.286,S1O
114,FT7,178,-12.868,S1O
114,FT7,179,-10.915,S1O
114,FT7,180,-10.915,S1O
114,FT7,181,-12.868,S1O
114,FT7,182,-13.845,S1O
114,FT7,183,-13.357,S1O
114,FT7,184,-10.427,S1O
114,FT7,185,-7.009,S1O
114,FT7,186,-4.079,S1O
114,FT7,187,-2.614,S1O
114,FT7,188,-1.149,S1O
114,FT7,189,0.315,S1O
114,FT7,190,1.780,S1O
114,FT7,191,1.780,S1O
114,FT7,192,-0.173,S1O
114,FT7,193,-3.591,S1O
114,FT7,194,-7.497,S1O
114,FT7,195,-10.915,S1O
114,FT7,196,-11.892,S1O
114,FT7,197,-11.403,S1O
114,FT7,198,-10.427,S1O
114,FT7,199,-10.915,S1O
114,FT7,200,-12.380,S1O
114,FT7,201,-15.798,S1O
114,FT7,202,-19.704,S1O
114,FT7,203,-22.146,S1O
114,FT7,204,-22.634,S1O
114,FT7,205,-20.681,S1O
114,FT7,206,-18.728,S1O
114,FT7,207,-17.751,S1O
114,FT7,208,-18.728,S1O
114,FT7,209,-21.169,S1O
114,FT7,210,-23.610,S1O
114,FT7,211,-24.099,S1O
114,FT7,212,-22.634,S1O
114,FT7,213,-21.169,S1O
114,FT7,214,-20.192,S1O
114,FT7,215,-20.681,S1O
114,FT7,216,-21.169,S1O
114,FT7,217,-21.169,S1O
114,FT7,218,-20.192,S1O
114,FT7,219,-19.216,S1O
114,FT7,220,-19.216,S1O
114,FT7,221,-19.704,S1O
114,FT7,222,-20.192,S1O
114,FT7,223,-19.216,S1O
114,FT7,224,-17.751,S1O
114,FT7,225,-16.774,S1O
114,FT7,226,-18.239,S1O
114,FT7,227,-20.192,S1O
114,FT7,228,-21.657,S1O
114,FT7,229,-21.169,S1O
114,FT7,230,-19.704,S1O
114,FT7,231,-18.239,S1O
114,FT7,232,-19.216,S1O
114,FT7,233,-22.146,S1O
114,FT7,234,-25.564,S1O
114,FT7,235,-27.028,S1O
114,FT7,236,-25.564,S1O
114,FT7,237,-22.146,S1O
114,FT7,238,-17.263,S1O
114,FT7,239,-13.357,S1O
114,FT7,240,-10.915,S1O
114,FT7,241,-9.450,S1O
114,FT7,242,-9.450,S1O
114,FT7,243,-9.939,S1O
114,FT7,244,-10.915,S1O
114,FT7,245,-10.915,S1O
114,FT7,246,-10.915,S1O
114,FT7,247,-10.427,S1O
114,FT7,248,-10.427,S1O
114,FT7,249,-10.427,S1O
114,FT7,250,-10.915,S1O
114,FT7,251,-10.915,S1O
114,FT7,252,-10.915,S1O
114,FT7,253,-10.427,S1O
114,FT7,254,-10.915,S1O
114,FT7,255,-11.403,S1O
114,FT8,0,-5.371,S1O
114,FT8,1,-4.395,S1O
114,FT8,2,-3.418,S1O
114,FT8,3,-3.906,S1O
114,FT8,4,-4.395,S1O
114,FT8,5,-5.371,S1O
114,FT8,6,-5.859,S1O
114,FT8,7,-5.371,S1O
114,FT8,8,-4.883,S1O
114,FT8,9,-3.906,S1O
114,FT8,10,-2.441,S1O
114,FT8,11,-0.977,S1O
114,FT8,12,0.488,S1O
114,FT8,13,0.977,S1O
114,FT8,14,0.977,S1O
114,FT8,15,-0.488,S1O
114,FT8,16,-1.465,S1O
114,FT8,17,-1.953,S1O
114,FT8,18,-1.953,S1O
114,FT8,19,-1.953,S1O
114,FT8,20,-2.441,S1O
114,FT8,21,-3.906,S1O
114,FT8,22,-4.883,S1O
114,FT8,23,-5.371,S1O
114,FT8,24,-4.395,S1O
114,FT8,25,-2.930,S1O
114,FT8,26,-3.418,S1O
114,FT8,27,-5.371,S1O
114,FT8,28,-9.277,S1O
114,FT8,29,-13.184,S1O
114,FT8,30,-15.137,S1O
114,FT8,31,-14.648,S1O
114,FT8,32,-12.695,S1O
114,FT8,33,-9.277,S1O
114,FT8,34,-6.348,S1O
114,FT8,35,-4.395,S1O
114,FT8,36,-3.906,S1O
114,FT8,37,-4.883,S1O
114,FT8,38,-6.348,S1O
114,FT8,39,-8.301,S1O
114,FT8,40,-9.766,S1O
114,FT8,41,-9.766,S1O
114,FT8,42,-9.766,S1O
114,FT8,43,-9.766,S1O
114,FT8,44,-10.254,S1O
114,FT8,45,-11.230,S1O
114,FT8,46,-11.719,S1O
114,FT8,47,-12.207,S1O
114,FT8,48,-12.207,S1O
114,FT8,49,-11.230,S1O
114,FT8,50,-9.766,S1O
114,FT8,51,-7.812,S1O
114,FT8,52,-4.883,S1O
114,FT8,53,-2.441,S1O
114,FT8,54,-1.465,S1O
114,FT8,55,-1.465,S1O
114,FT8,56,-2.441,S1O
114,FT8,57,-3.906,S1O
114,FT8,58,-3.418,S1O
114,FT8,59,-1.953,S1O
114,FT8,60,0.977,S1O
114,FT8,61,2.441,S1O
114,FT8,62,2.441,S1O
114,FT8,63,0.977,S1O
114,FT8,64,-0.488,S1O
114,FT8,65,0.000,S1O
114,FT8,66,2.930,S1O
114,FT8,67,6.348,S1O
114,FT8,68,8.301,S1O
114,FT8,69,6.836,S1O
114,FT8,70,4.395,S1O
114,FT8,71,1.465,S1O
114,FT8,72,-0.488,S1O
114,FT8,73,-0.977,S1O
114,FT8,74,-1.465,S1O
114,FT8,75,-3.418,S1O
114,FT8,76,-6.836,S1O
114,FT8,77,-8.301,S1O
114,FT8,78,-7.324,S1O
114,FT8,79,-3.906,S1O
114,FT8,80,-0.488,S1O
114,FT8,81,0.977,S1O
114,FT8,82,-0.488,S1O
114,FT8,83,-1.953,S1O
114,FT8,84,-1.953,S1O
114,FT8,85,0.000,S1O
114,FT8,86,2.930,S1O
114,FT8,87,3.418,S1O
114,FT8,88,1.953,S1O
114,FT8,89,-0.977,S1O
114,FT8,90,-3.418,S1O
114,FT8,91,-2.930,S1O
114,FT8,92,-1.953,S1O
114,FT8,93,-0.488,S1O
114,FT8,94,0.000,S1O
114,FT8,95,0.488,S1O
114,FT8,96,1.953,S1O
114,FT8,97,3.906,S1O
114,FT8,98,5.859,S1O
114,FT8,99,6.348,S1O
114,FT8,100,5.371,S1O
114,FT8,101,4.395,S1O
114,FT8,102,4.395,S1O
114,FT8,103,5.859,S1O
114,FT8,104,7.324,S1O
114,FT8,105,8.301,S1O
114,FT8,106,6.836,S1O
114,FT8,107,4.395,S1O
114,FT8,108,2.441,S1O
114,FT8,109,1.953,S1O
114,FT8,110,2.930,S1O
114,FT8,111,3.418,S1O
114,FT8,112,3.418,S1O
114,FT8,113,2.441,S1O
114,FT8,114,1.953,S1O
114,FT8,115,2.930,S1O
114,FT8,116,5.371,S1O
114,FT8,117,6.836,S1O
114,FT8,118,7.324,S1O
114,FT8,119,5.859,S1O
114,FT8,120,3.906,S1O
114,FT8,121,3.418,S1O
114,FT8,122,3.906,S1O
114,FT8,123,4.395,S1O
114,FT8,124,3.906,S1O
114,FT8,125,2.441,S1O
114,FT8,126,0.488,S1O
114,FT8,127,0.000,S1O
114,FT8,128,0.488,S1O
114,FT8,129,0.977,S1O
114,FT8,130,0.488,S1O
114,FT8,131,-0.977,S1O
114,FT8,132,-2.441,S1O
114,FT8,133,-1.953,S1O
114,FT8,134,0.000,S1O
114,FT8,135,1.953,S1O
114,FT8,136,3.418,S1O
114,FT8,137,2.930,S1O
114,FT8,138,1.953,S1O
114,FT8,139,1.465,S1O
114,FT8,140,0.977,S1O
114,FT8,141,0.000,S1O
114,FT8,142,-1.465,S1O
114,FT8,143,-4.395,S1O
114,FT8,144,-7.324,S1O
114,FT8,145,-8.301,S1O
114,FT8,146,-7.812,S1O
114,FT8,147,-5.859,S1O
114,FT8,148,-3.906,S1O
114,FT8,149,-3.418,S1O
114,FT8,150,-3.906,S1O
114,FT8,151,-4.883,S1O
114,FT8,152,-5.371,S1O
114,FT8,153,-5.371,S1O
114,FT8,154,-5.371,S1O
114,FT8,155,-5.371,S1O
114,FT8,156,-4.883,S1O
114,FT8,157,-4.883,S1O
114,FT8,158,-5.371,S1O
114,FT8,159,-5.859,S1O
114,FT8,160,-6.348,S1O
114,FT8,161,-6.836,S1O
114,FT8,162,-6.348,S1O
114,FT8,163,-5.859,S1O
114,FT8,164,-6.348,S1O
114,FT8,165,-7.812,S1O
114,FT8,166,-10.742,S1O
114,FT8,167,-13.184,S1O
114,FT8,168,-14.648,S1O
114,FT8,169,-13.184,S1O
114,FT8,170,-10.742,S1O
114,FT8,171,-8.301,S1O
114,FT8,172,-6.836,S1O
114,FT8,173,-7.324,S1O
114,FT8,174,-7.812,S1O
114,FT8,175,-7.812,S1O
114,FT8,176,-6.836,S1O
114,FT8,177,-4.883,S1O
114,FT8,178,-4.395,S1O
114,FT8,179,-5.371,S1O
114,FT8,180,-7.324,S1O
114,FT8,181,-8.301,S1O
114,FT8,182,-8.789,S1O
114,FT8,183,-7.324,S1O
114,FT8,184,-6.348,S1O
114,FT8,185,-5.371,S1O
114,FT8,186,-5.371,S1O
114,FT8,187,-4.883,S1O
114,FT8,188,-3.906,S1O
114,FT8,189,-2.441,S1O
114,FT8,190,-1.465,S1O
114,FT8,191,-0.977,S1O
114,FT8,192,-1.465,S1O
114,FT8,193,-2.930,S1O
114,FT8,194,-3.906,S1O
114,FT8,195,-4.395,S1O
114,FT8,196,-3.906,S1O
114,FT8,197,-1.953,S1O
114,FT8,198,0.000,S1O
114,FT8,199,1.465,S1O
114,FT8,200,0.977,S1O
114,FT8,201,-0.488,S1O
114,FT8,202,-2.441,S1O
114,FT8,203,-3.906,S1O
114,FT8,204,-4.883,S1O
114,FT8,205,-4.883,S1O
114,FT8,206,-5.371,S1O
114,FT8,207,-5.371,S1O
114,FT8,208,-5.859,S1O
114,FT8,209,-6.836,S1O
114,FT8,210,-9.277,S1O
114,FT8,211,-12.207,S1O
114,FT8,212,-14.648,S1O
114,FT8,213,-15.137,S1O
114,FT8,214,-13.184,S1O
114,FT8,215,-9.766,S1O
114,FT8,216,-7.324,S1O
114,FT8,217,-6.836,S1O
114,FT8,218,-8.301,S1O
114,FT8,219,-10.742,S1O
114,FT8,220,-12.207,S1O
114,FT8,221,-11.230,S1O
114,FT8,222,-8.789,S1O
114,FT8,223,-5.371,S1O
114,FT8,224,-4.395,S1O
114,FT8,225,-5.371,S1O
114,FT8,226,-7.812,S1O
114,FT8,227,-9.766,S1O
114,FT8,228,-9.766,S1O
114,FT8,229,-9.277,S1O
114,FT8,230,-9.766,S1O
114,FT8,231,-12.207,S1O
114,FT8,232,-16.602,S1O
114,FT8,233,-21.484,S1O
114,FT8,234,-23.438,S1O
114,FT8,235,-21.973,S1O
114,FT8,236,-17.578,S1O
114,FT8,237,-12.695,S1O
114,FT8,238,-9.277,S1O
114,FT8,239,-8.301,S1O
114,FT8,240,-9.277,S1O
114,FT8,241,-10.254,S1O
114,FT8,242,-11.719,S1O
114,FT8,243,-12.695,S1O
114,FT8,244,-13.672,S1O
114,FT8,245,-14.160,S1O
114,FT8,246,-14.160,S1O
114,FT8,247,-13.672,S1O
114,FT8,248,-11.719,S1O
114,FT8,249,-9.766,S1O
114,FT8,250,-9.277,S1O
114,FT8,251,-9.277,S1O
114,FT8,252,-10.742,S1O
114,FT8,253,-11.230,S1O
114,FT8,254,-11.230,S1O
114,FT8,255,-10.742,S1O
114,FPZ,0,-4.618,S1O
114,FPZ,1,-5.107,S1O
114,FPZ,2,-4.618,S1O
114,FPZ,3,-4.130,S1O
114,FPZ,4,-3.642,S1O
114,FPZ,5,-3.642,S1O
114,FPZ,6,-3.642,S1O
114,FPZ,7,-2.665,S1O
114,FPZ,8,-0.712,S1O
114,FPZ,9,1.729,S1O
114,FPZ,10,3.194,S1O
114,FPZ,11,3.194,S1O
114,FPZ,12,1.729,S1O
114,FPZ,13,-0.224,S1O
114,FPZ,14,-1.200,S1O
114,FPZ,15,-1.689,S1O
114,FPZ,16,-2.177,S1O
114,FPZ,17,-2.665,S1O
114,FPZ,18,-3.153,S1O
114,FPZ,19,-4.130,S1O
114,FPZ,20,-5.595,S1O
114,FPZ,21,-7.060,S1O
114,FPZ,22,-8.525,S1O
114,FPZ,23,-9.989,S1O
114,FPZ,24,-10.966,S1O
114,FPZ,25,-11.454,S1O
114,FPZ,26,-11.454,S1O
114,FPZ,27,-12.431,S1O
114,FPZ,28,-14.384,S1O
114,FPZ,29,-17.314,S1O
114,FPZ,30,-19.267,S1O
114,FPZ,31,-19.267,S1O
114,FPZ,32,-16.825,S1O
114,FPZ,33,-12.919,S1O
114,FPZ,34,-9.013,S1O
114,FPZ,35,-6.083,S1O
114,FPZ,36,-5.107,S1O
114,FPZ,37,-5.595,S1O
114,FPZ,38,-6.571,S1O
114,FPZ,39,-7.060,S1O
114,FPZ,40,-7.060,S1O
114,FPZ,41,-5.595,S1O
114,FPZ,42,-3.642,S1O
114,FPZ,43,-2.665,S1O
114,FPZ,44,-2.177,S1O
114,FPZ,45,-2.177,S1O
114,FPZ,46,-2.665,S1O
114,FPZ,47,-2.665,S1O
114,FPZ,48,-2.665,S1O
114,FPZ,49,-2.665,S1O
114,FPZ,50,-3.153,S1O
114,FPZ,51,-4.130,S1O
114,FPZ,52,-4.130,S1O
114,FPZ,53,-4.618,S1O
114,FPZ,54,-5.595,S1O
114,FPZ,55,-7.548,S1O
114,FPZ,56,-10.478,S1O
114,FPZ,57,-13.407,S1O
114,FPZ,58,-15.361,S1O
114,FPZ,59,-15.361,S1O
114,FPZ,60,-14.384,S1O
114,FPZ,61,-14.384,S1O
114,FPZ,62,-15.361,S1O
114,FPZ,63,-16.825,S1O
114,FPZ,64,-18.778,S1O
114,FPZ,65,-19.267,S1O
114,FPZ,66,-17.802,S1O
114,FPZ,67,-15.849,S1O
114,FPZ,68,-14.384,S1O
114,FPZ,69,-14.872,S1O
114,FPZ,70,-16.337,S1O
114,FPZ,71,-18.290,S1O
114,FPZ,72,-18.778,S1O
114,FPZ,73,-17.802,S1O
114,FPZ,74,-16.337,S1O
114,FPZ,75,-15.849,S1O
114,FPZ,76,-17.314,S1O
114,FPZ,77,-19.755,S1O
114,FPZ,78,-21.220,S1O
114,FPZ,79,-20.732,S1O
114,FPZ,80,-18.290,S1O
114,FPZ,81,-15.361,S1O
114,FPZ,82,-12.919,S1O
114,FPZ,83,-11.454,S1O
114,FPZ,84,-10.966,S1O
114,FPZ,85,-9.989,S1O
114,FPZ,86,-9.013,S1O
114,FPZ,87,-7.548,S1O
114,FPZ,88,-7.060,S1O
114,FPZ,89,-7.548,S1O
114,FPZ,90,-8.036,S1O
114,FPZ,91,-8.036,S1O
114,FPZ,92,-8.525,S1O
114,FPZ,93,-8.525,S1O
114,FPZ,94,-8.525,S1O
114,FPZ,95,-8.036,S1O
114,FPZ,96,-6.571,S1O
114,FPZ,97,-5.595,S1O
114,FPZ,98,-4.618,S1O
114,FPZ,99,-5.107,S1O
114,FPZ,100,-6.083,S1O
114,FPZ,101,-7.548,S1O
114,FPZ,102,-7.060,S1O
114,FPZ,103,-5.595,S1O
114,FPZ,104,-3.153,S1O
114,FPZ,105,-1.689,S1O
114,FPZ,106,-2.177,S1O
114,FPZ,107,-4.130,S1O
114,FPZ,108,-6.083,S1O
114,FPZ,109,-6.571,S1O
114,FPZ,110,-7.060,S1O
114,FPZ,111,-6.571,S1O
114,FPZ,112,-7.060,S1O
114,FPZ,113,-7.548,S1O
114,FPZ,114,-8.525,S1O
114,FPZ,115,-8.525,S1O
114,FPZ,116,-8.036,S1O
114,FPZ,117,-7.060,S1O
114,FPZ,118,-7.060,S1O
114,FPZ,119,-6.571,S1O
114,FPZ,120,-5.595,S1O
114,FPZ,121,-4.130,S1O
114,FPZ,122,-2.665,S1O
114,FPZ,123,-1.200,S1O
114,FPZ,124,-0.712,S1O
114,FPZ,125,-0.712,S1O
114,FPZ,126,-1.200,S1O
114,FPZ,127,-1.689,S1O
114,FPZ,128,-1.689,S1O
114,FPZ,129,-2.665,S1O
114,FPZ,130,-4.618,S1O
114,FPZ,131,-6.083,S1O
114,FPZ,132,-7.060,S1O
114,FPZ,133,-5.595,S1O
114,FPZ,134,-3.153,S1O
114,FPZ,135,-0.712,S1O
114,FPZ,136,0.264,S1O
114,FPZ,137,-0.712,S1O
114,FPZ,138,-2.177,S1O
114,FPZ,139,-3.153,S1O
114,FPZ,140,-3.642,S1O
114,FPZ,141,-3.642,S1O
114,FPZ,142,-5.107,S1O
114,FPZ,143,-7.548,S1O
114,FPZ,144,-10.478,S1O
114,FPZ,145,-11.943,S1O
114,FPZ,146,-11.454,S1O
114,FPZ,147,-9.501,S1O
114,FPZ,148,-7.548,S1O
114,FPZ,149,-6.571,S1O
114,FPZ,150,-7.060,S1O
114,FPZ,151,-8.036,S1O
114,FPZ,152,-8.525,S1O
114,FPZ,153,-8.525,S1O
114,FPZ,154,-8.525,S1O
114,FPZ,155,-9.501,S1O
114,FPZ,156,-11.454,S1O
114,FPZ,157,-13.896,S1O
114,FPZ,158,-15.849,S1O
114,FPZ,159,-16.825,S1O
114,FPZ,160,-16.825,S1O
114,FPZ,161,-15.361,S1O
114,FPZ,162,-14.384,S1O
114,FPZ,163,-12.919,S1O
114,FPZ,164,-11.943,S1O
114,FPZ,165,-12.431,S1O
114,FPZ,166,-14.384,S1O
114,FPZ,167,-17.314,S1O
114,FPZ,168,-18.778,S1O
114,FPZ,169,-18.778,S1O
114,FPZ,170,-15.849,S1O
114,FPZ,171,-11.943,S1O
114,FPZ,172,-9.013,S1O
114,FPZ,173,-8.525,S1O
114,FPZ,174,-11.454,S1O
114,FPZ,175,-15.361,S1O
114,FPZ,176,-17.802,S1O
114,FPZ,177,-17.802,S1O
114,FPZ,178,-15.849,S1O
114,FPZ,179,-12.919,S1O
114,FPZ,180,-11.454,S1O
114,FPZ,181,-11.943,S1O
114,FPZ,182,-12.919,S1O
114,FPZ,183,-12.431,S1O
114,FPZ,184,-10.478,S1O
114,FPZ,185,-7.548,S1O
114,FPZ,186,-4.618,S1O
114,FPZ,187,-2.665,S1O
114,FPZ,188,-2.177,S1O
114,FPZ,189,-2.665,S1O
114,FPZ,190,-2.665,S1O
114,FPZ,191,-2.665,S1O
114,FPZ,192,-2.665,S1O
114,FPZ,193,-3.642,S1O
114,FPZ,194,-5.595,S1O
114,FPZ,195,-7.548,S1O
114,FPZ,196,-9.013,S1O
114,FPZ,197,-9.013,S1O
114,FPZ,198,-7.548,S1O
114,FPZ,199,-6.083,S1O
114,FPZ,200,-5.595,S1O
114,FPZ,201,-6.571,S1O
114,FPZ,202,-8.525,S1O
114,FPZ,203,-10.478,S1O
114,FPZ,204,-11.454,S1O
114,FPZ,205,-10.966,S1O
114,FPZ,206,-9.501,S1O
114,FPZ,207,-8.525,S1O
114,FPZ,208,-8.036,S1O
114,FPZ,209,-9.989,S1O
114,FPZ,210,-13.407,S1O
114,FPZ,211,-17.314,S1O
114,FPZ,212,-19.267,S1O
114,FPZ,213,-19.267,S1O
114,FPZ,214,-17.314,S1O
114,FPZ,215,-14.384,S1O
114,FPZ,216,-12.431,S1O
114,FPZ,217,-12.431,S1O
114,FPZ,218,-13.407,S1O
114,FPZ,219,-13.896,S1O
114,FPZ,220,-13.407,S1O
114,FPZ,221,-11.943,S1O
114,FPZ,222,-10.478,S1O
114,FPZ,223,-9.989,S1O
114,FPZ,224,-10.478,S1O
114,FPZ,225,-11.943,S1O
114,FPZ,226,-12.919,S1O
114,FPZ,227,-13.407,S1O
114,FPZ,228,-12.431,S1O
114,FPZ,229,-10.966,S1O
114,FPZ,230,-10.478,S1O
114,FPZ,231,-10.966,S1O
114,FPZ,232,-11.943,S1O
114,FPZ,233,-12.919,S1O
114,FPZ,234,-12.919,S1O
114,FPZ,235,-11.943,S1O
114,FPZ,236,-9.501,S1O
114,FPZ,237,-6.571,S1O
114,FPZ,238,-4.130,S1O
114,FPZ,239,-2.665,S1O
114,FPZ,240,-3.153,S1O
114,FPZ,241,-4.618,S1O
114,FPZ,242,-6.571,S1O
114,FPZ,243,-8.036,S1O
114,FPZ,244,-9.013,S1O
114,FPZ,245,-8.525,S1O
114,FPZ,246,-7.060,S1O
114,FPZ,247,-6.083,S1O
114,FPZ,248,-5.107,S1O
114,FPZ,249,-5.107,S1O
114,FPZ,250,-5.595,S1O
114,FPZ,251,-5.595,S1O
114,FPZ,252,-6.083,S1O
114,FPZ,253,-5.595,S1O
114,FPZ,254,-5.595,S1O
114,FPZ,255,-6.571,S1O
114,FC4,0,-1.231,S1O
114,FC4,1,-0.254,S1O
114,FC4,2,0.722,S1O
114,FC4,3,1.211,S1O
114,FC4,4,0.722,S1O
114,FC4,5,0.234,S1O
114,FC4,6,-0.254,S1O
114,FC4,7,-0.254,S1O
114,FC4,8,0.722,S1O
114,FC4,9,2.675,S1O
114,FC4,10,4.140,S1O
114,FC4,11,4.628,S1O
114,FC4,12,4.628,S1O
114,FC4,13,3.164,S1O
114,FC4,14,2.187,S1O
114,FC4,15,1.699,S1O
114,FC4,16,2.187,S1O
114,FC4,17,4.140,S1O
114,FC4,18,5.605,S1O
114,FC4,19,5.605,S1O
114,FC4,20,4.140,S1O
114,FC4,21,2.187,S1O
114,FC4,22,0.234,S1O
114,FC4,23,-0.254,S1O
114,FC4,24,0.722,S1O
114,FC4,25,1.699,S1O
114,FC4,26,2.187,S1O
114,FC4,27,1.211,S1O
114,FC4,28,-0.254,S1O
114,FC4,29,-2.207,S1O
114,FC4,30,-3.184,S1O
114,FC4,31,-3.672,S1O
114,FC4,32,-3.184,S1O
114,FC4,33,-1.719,S1O
114,FC4,34,0.722,S1O
114,FC4,35,2.187,S1O
114,FC4,36,3.164,S1O
114,FC4,37,2.675,S1O
114,FC4,38,1.211,S1O
114,FC4,39,-0.254,S1O
114,FC4,40,-0.743,S1O
114,FC4,41,0.234,S1O
114,FC4,42,1.211,S1O
114,FC4,43,1.699,S1O
114,FC4,44,1.211,S1O
114,FC4,45,-0.254,S1O
114,FC4,46,-2.696,S1O
114,FC4,47,-4.161,S1O
114,FC4,48,-4.161,S1O
114,FC4,49,-3.184,S1O
114,FC4,50,-1.719,S1O
114,FC4,51,-0.743,S1O
114,FC4,52,-0.743,S1O
114,FC4,53,-1.719,S1O
114,FC4,54,-3.184,S1O
114,FC4,55,-4.161,S1O
114,FC4,56,-5.137,S1O
114,FC4,57,-5.137,S1O
114,FC4,58,-4.649,S1O
114,FC4,59,-4.161,S1O
114,FC4,60,-3.672,S1O
114,FC4,61,-3.672,S1O
114,FC4,62,-3.184,S1O
114,FC4,63,-3.184,S1O
114,FC4,64,-2.696,S1O
114,FC4,65,-1.719,S1O
114,FC4,66,-0.743,S1O
114,FC4,67,0.722,S1O
114,FC4,68,1.699,S1O
114,FC4,69,2.187,S1O
114,FC4,70,2.187,S1O
114,FC4,71,1.699,S1O
114,FC4,72,1.211,S1O
114,FC4,73,0.722,S1O
114,FC4,74,0.234,S1O
114,FC4,75,0.234,S1O
114,FC4,76,0.234,S1O
114,FC4,77,0.234,S1O
114,FC4,78,0.234,S1O
114,FC4,79,1.211,S1O
114,FC4,80,2.187,S1O
114,FC4,81,3.164,S1O
114,FC4,82,3.164,S1O
114,FC4,83,2.675,S1O
114,FC4,84,2.187,S1O
114,FC4,85,1.699,S1O
114,FC4,86,1.699,S1O
114,FC4,87,1.699,S1O
114,FC4,88,1.699,S1O
114,FC4,89,1.211,S1O
114,FC4,90,-0.254,S1O
114,FC4,91,-1.231,S1O
114,FC4,92,-1.719,S1O
114,FC4,93,-1.719,S1O
114,FC4,94,-0.743,S1O
114,FC4,95,0.722,S1O
114,FC4,96,2.187,S1O
114,FC4,97,3.652,S1O
114,FC4,98,4.140,S1O
114,FC4,99,4.140,S1O
114,FC4,100,3.164,S1O
114,FC4,101,2.675,S1O
114,FC4,102,1.699,S1O
114,FC4,103,1.699,S1O
114,FC4,104,2.675,S1O
114,FC4,105,3.164,S1O
114,FC4,106,3.164,S1O
114,FC4,107,2.675,S1O
114,FC4,108,2.187,S1O
114,FC4,109,1.699,S1O
114,FC4,110,1.699,S1O
114,FC4,111,2.187,S1O
114,FC4,112,2.675,S1O
114,FC4,113,2.187,S1O
114,FC4,114,1.699,S1O
114,FC4,115,0.722,S1O
114,FC4,116,0.234,S1O
114,FC4,117,0.722,S1O
114,FC4,118,1.211,S1O
114,FC4,119,2.187,S1O
114,FC4,120,2.675,S1O
114,FC4,121,3.164,S1O
114,FC4,122,3.164,S1O
114,FC4,123,2.675,S1O
114,FC4,124,1.699,S1O
114,FC4,125,0.234,S1O
114,FC4,126,-0.254,S1O
114,FC4,127,-0.743,S1O
114,FC4,128,-0.743,S1O
114,FC4,129,-0.743,S1O
114,FC4,130,-1.719,S1O
114,FC4,131,-2.696,S1O
114,FC4,132,-3.184,S1O
114,FC4,133,-2.207,S1O
114,FC4,134,-0.743,S1O
114,FC4,135,0.722,S1O
114,FC4,136,1.211,S1O
114,FC4,137,0.722,S1O
114,FC4,138,-0.743,S1O
114,FC4,139,-2.207,S1O
114,FC4,140,-2.696,S1O
114,FC4,141,-2.696,S1O
114,FC4,142,-3.184,S1O
114,FC4,143,-4.161,S1O
114,FC4,144,-5.137,S1O
114,FC4,145,-6.114,S1O
114,FC4,146,-5.625,S1O
114,FC4,147,-4.161,S1O
114,FC4,148,-2.696,S1O
114,FC4,149,-2.207,S1O
114,FC4,150,-2.696,S1O
114,FC4,151,-4.161,S1O
114,FC4,152,-4.649,S1O
114,FC4,153,-4.161,S1O
114,FC4,154,-4.161,S1O
114,FC4,155,-3.672,S1O
114,FC4,156,-4.649,S1O
114,FC4,157,-5.137,S1O
114,FC4,158,-6.114,S1O
114,FC4,159,-6.114,S1O
114,FC4,160,-6.114,S1O
114,FC4,161,-5.625,S1O
114,FC4,162,-5.137,S1O
114,FC4,163,-4.649,S1O
114,FC4,164,-4.161,S1O
114,FC4,165,-4.649,S1O
114,FC4,166,-6.114,S1O
114,FC4,167,-7.579,S1O
114,FC4,168,-8.555,S1O
114,FC4,169,-8.555,S1O
114,FC4,170,-6.602,S1O
114,FC4,171,-4.161,S1O
114,FC4,172,-2.207,S1O
114,FC4,173,-1.231,S1O
114,FC4,174,-1.719,S1O
114,FC4,175,-2.696,S1O
114,FC4,176,-3.184,S1O
114,FC4,177,-3.184,S1O
114,FC4,178,-3.184,S1O
114,FC4,179,-3.184,S1O
114,FC4,180,-3.672,S1O
114,FC4,181,-4.649,S1O
114,FC4,182,-5.625,S1O
114,FC4,183,-6.114,S1O
114,FC4,184,-5.137,S1O
114,FC4,185,-3.672,S1O
114,FC4,186,-2.207,S1O
114,FC4,187,-1.719,S1O
114,FC4,188,-1.719,S1O
114,FC4,189,-1.719,S1O
114,FC4,190,-2.207,S1O
114,FC4,191,-2.207,S1O
114,FC4,192,-2.207,S1O
114,FC4,193,-1.719,S1O
114,FC4,194,-1.719,S1O
114,FC4,195,-2.207,S1O
114,FC4,196,-2.207,S1O
114,FC4,197,-2.207,S1O
114,FC4,198,-1.231,S1O
114,FC4,199,0.234,S1O
114,FC4,200,1.211,S1O
114,FC4,201,1.211,S1O
114,FC4,202,0.234,S1O
114,FC4,203,-1.231,S1O
114,FC4,204,-2.207,S1O
114,FC4,205,-2.207,S1O
114,FC4,206,-1.231,S1O
114,FC4,207,-0.254,S1O
114,FC4,208,-0.254,S1O
114,FC4,209,-2.207,S1O
114,FC4,210,-5.137,S1O
114,FC4,211,-7.579,S1O
114,FC4,212,-8.555,S1O
114,FC4,213,-8.067,S1O
114,FC4,214,-5.625,S1O
114,FC4,215,-3.184,S1O
114,FC4,216,-1.719,S1O
114,FC4,217,-1.719,S1O
114,FC4,218,-2.696,S1O
114,FC4,219,-3.672,S1O
114,FC4,220,-4.161,S1O
114,FC4,221,-3.672,S1O
114,FC4,222,-3.184,S1O
114,FC4,223,-1.719,S1O
114,FC4,224,-1.231,S1O
114,FC4,225,-1.719,S1O
114,FC4,226,-2.207,S1O
114,FC4,227,-2.696,S1O
114,FC4,228,-3.184,S1O
114,FC4,229,-3.672,S1O
114,FC4,230,-3.672,S1O
114,FC4,231,-4.161,S1O
114,FC4,232,-4.649,S1O
114,FC4,233,-5.137,S1O
114,FC4,234,-5.625,S1O
114,FC4,235,-6.114,S1O
114,FC4,236,-5.625,S1O
114,FC4,237,-5.137,S1O
114,FC4,238,-3.672,S1O
114,FC4,239,-2.207,S1O
114,FC4,240,-0.743,S1O
114,FC4,241,-0.743,S1O
114,FC4,242,-1.719,S1O
114,FC4,243,-3.184,S1O
114,FC4,244,-4.649,S1O
114,FC4,245,-5.137,S1O
114,FC4,246,-4.161,S1O
114,FC4,247,-2.696,S1O
114,FC4,248,-1.719,S1O
114,FC4,249,-2.207,S1O
114,FC4,250,-3.184,S1O
114,FC4,251,-4.649,S1O
114,FC4,252,-6.114,S1O
114,FC4,253,-6.114,S1O
114,FC4,254,-5.137,S1O
114,FC4,255,-4.649,S1O
114,FC3,0,-2.818,S1O
114,FC3,1,-3.306,S1O
114,FC3,2,-3.306,S1O
114,FC3,3,-2.330,S1O
114,FC3,4,-1.841,S1O
114,FC3,5,-1.841,S1O
114,FC3,6,-2.330,S1O
114,FC3,7,-2.818,S1O
114,FC3,8,-2.818,S1O
114,FC3,9,-1.841,S1O
114,FC3,10,-0.376,S1O
114,FC3,11,0.600,S1O
114,FC3,12,1.088,S1O
114,FC3,13,0.600,S1O
114,FC3,14,-1.353,S1O
114,FC3,15,-2.818,S1O
114,FC3,16,-3.306,S1O
114,FC3,17,-3.306,S1O
114,FC3,18,-3.306,S1O
114,FC3,19,-2.818,S1O
114,FC3,20,-3.306,S1O
114,FC3,21,-4.283,S1O
114,FC3,22,-5.747,S1O
114,FC3,23,-6.236,S1O
114,FC3,24,-5.747,S1O
114,FC3,25,-4.283,S1O
114,FC3,26,-3.306,S1O
114,FC3,27,-3.306,S1O
114,FC3,28,-4.771,S1O
114,FC3,29,-7.212,S1O
114,FC3,30,-8.677,S1O
114,FC3,31,-8.189,S1O
114,FC3,32,-6.724,S1O
114,FC3,33,-4.771,S1O
114,FC3,34,-3.794,S1O
114,FC3,35,-3.794,S1O
114,FC3,36,-4.771,S1O
114,FC3,37,-5.747,S1O
114,FC3,38,-6.724,S1O
114,FC3,39,-6.236,S1O
114,FC3,40,-5.259,S1O
114,FC3,41,-3.306,S1O
114,FC3,42,-1.841,S1O
114,FC3,43,-0.376,S1O
114,FC3,44,-0.376,S1O
114,FC3,45,-0.865,S1O
114,FC3,46,-1.841,S1O
114,FC3,47,-2.818,S1O
114,FC3,48,-3.306,S1O
114,FC3,49,-3.794,S1O
114,FC3,50,-3.794,S1O
114,FC3,51,-3.794,S1O
114,FC3,52,-3.306,S1O
114,FC3,53,-2.330,S1O
114,FC3,54,-1.841,S1O
114,FC3,55,-2.330,S1O
114,FC3,56,-3.794,S1O
114,FC3,57,-5.259,S1O
114,FC3,58,-6.236,S1O
114,FC3,59,-5.747,S1O
114,FC3,60,-4.771,S1O
114,FC3,61,-3.794,S1O
114,FC3,62,-3.306,S1O
114,FC3,63,-4.283,S1O
114,FC3,64,-5.259,S1O
114,FC3,65,-6.236,S1O
114,FC3,66,-6.236,S1O
114,FC3,67,-5.747,S1O
114,FC3,68,-5.747,S1O
114,FC3,69,-6.236,S1O
114,FC3,70,-7.212,S1O
114,FC3,71,-8.189,S1O
114,FC3,72,-8.189,S1O
114,FC3,73,-7.701,S1O
114,FC3,74,-7.212,S1O
114,FC3,75,-6.724,S1O
114,FC3,76,-7.212,S1O
114,FC3,77,-8.189,S1O
114,FC3,78,-9.654,S1O
114,FC3,79,-10.630,S1O
114,FC3,80,-10.630,S1O
114,FC3,81,-10.630,S1O
114,FC3,82,-10.630,S1O
114,FC3,83,-10.142,S1O
114,FC3,84,-9.654,S1O
114,FC3,85,-9.165,S1O
114,FC3,86,-8.189,S1O
114,FC3,87,-7.701,S1O
114,FC3,88,-6.724,S1O
114,FC3,89,-6.724,S1O
114,FC3,90,-6.236,S1O
114,FC3,91,-6.236,S1O
114,FC3,92,-6.724,S1O
114,FC3,93,-7.701,S1O
114,FC3,94,-9.654,S1O
114,FC3,95,-10.630,S1O
114,FC3,96,-11.607,S1O
114,FC3,97,-11.607,S1O
114,FC3,98,-11.119,S1O
114,FC3,99,-10.142,S1O
114,FC3,100,-9.654,S1O
114,FC3,101,-9.654,S1O
114,FC3,102,-10.142,S1O
114,FC3,103,-9.654,S1O
114,FC3,104,-9.165,S1O
114,FC3,105,-8.189,S1O
114,FC3,106,-7.212,S1O
114,FC3,107,-6.724,S1O
114,FC3,108,-6.724,S1O
114,FC3,109,-6.724,S1O
114,FC3,110,-6.724,S1O
114,FC3,111,-6.236,S1O
114,FC3,112,-5.259,S1O
114,FC3,113,-4.771,S1O
114,FC3,114,-4.283,S1O
114,FC3,115,-4.283,S1O
114,FC3,116,-4.771,S1O
114,FC3,117,-5.747,S1O
114,FC3,118,-6.236,S1O
114,FC3,119,-7.212,S1O
114,FC3,120,-7.212,S1O
114,FC3,121,-8.189,S1O
114,FC3,122,-8.189,S1O
114,FC3,123,-8.189,S1O
114,FC3,124,-7.701,S1O
114,FC3,125,-7.212,S1O
114,FC3,126,-7.212,S1O
114,FC3,127,-7.212,S1O
114,FC3,128,-7.212,S1O
114,FC3,129,-7.701,S1O
114,FC3,130,-7.212,S1O
114,FC3,131,-6.724,S1O
114,FC3,132,-6.724,S1O
114,FC3,133,-7.212,S1O
114,FC3,134,-8.189,S1O
114,FC3,135,-9.165,S1O
114,FC3,136,-9.654,S1O
114,FC3,137,-9.165,S1O
114,FC3,138,-8.189,S1O
114,FC3,139,-7.701,S1O
114,FC3,140,-7.701,S1O
114,FC3,141,-7.701,S1O
114,FC3,142,-7.701,S1O
114,FC3,143,-7.212,S1O
114,FC3,144,-6.236,S1O
114,FC3,145,-5.259,S1O
114,FC3,146,-4.771,S1O
114,FC3,147,-4.771,S1O
114,FC3,148,-4.283,S1O
114,FC3,149,-3.794,S1O
114,FC3,150,-3.306,S1O
114,FC3,151,-3.306,S1O
114,FC3,152,-3.794,S1O
114,FC3,153,-4.283,S1O
114,FC3,154,-4.283,S1O
114,FC3,155,-3.306,S1O
114,FC3,156,-3.306,S1O
114,FC3,157,-3.794,S1O
114,FC3,158,-5.259,S1O
114,FC3,159,-6.724,S1O
114,FC3,160,-7.701,S1O
114,FC3,161,-7.212,S1O
114,FC3,162,-6.724,S1O
114,FC3,163,-6.236,S1O
114,FC3,164,-6.236,S1O
114,FC3,165,-7.212,S1O
114,FC3,166,-8.189,S1O
114,FC3,167,-9.165,S1O
114,FC3,168,-8.677,S1O
114,FC3,169,-7.701,S1O
114,FC3,170,-7.212,S1O
114,FC3,171,-6.724,S1O
114,FC3,172,-7.212,S1O
114,FC3,173,-7.701,S1O
114,FC3,174,-8.677,S1O
114,FC3,175,-9.165,S1O
114,FC3,176,-8.677,S1O
114,FC3,177,-8.189,S1O
114,FC3,178,-8.189,S1O
114,FC3,179,-8.189,S1O
114,FC3,180,-8.677,S1O
114,FC3,181,-8.677,S1O
114,FC3,182,-8.189,S1O
114,FC3,183,-6.236,S1O
114,FC3,184,-4.283,S1O
114,FC3,185,-2.818,S1O
114,FC3,186,-1.841,S1O
114,FC3,187,-2.330,S1O
114,FC3,188,-3.306,S1O
114,FC3,189,-3.794,S1O
114,FC3,190,-3.306,S1O
114,FC3,191,-2.330,S1O
114,FC3,192,-2.330,S1O
114,FC3,193,-2.818,S1O
114,FC3,194,-4.283,S1O
114,FC3,195,-6.236,S1O
114,FC3,196,-7.701,S1O
114,FC3,197,-8.189,S1O
114,FC3,198,-8.189,S1O
114,FC3,199,-8.677,S1O
114,FC3,200,-8.677,S1O
114,FC3,201,-9.654,S1O
114,FC3,202,-10.630,S1O
114,FC3,203,-11.119,S1O
114,FC3,204,-10.630,S1O
114,FC3,205,-10.142,S1O
114,FC3,206,-9.654,S1O
114,FC3,207,-9.654,S1O
114,FC3,208,-10.142,S1O
114,FC3,209,-11.607,S1O
114,FC3,210,-12.583,S1O
114,FC3,211,-13.072,S1O
114,FC3,212,-13.072,S1O
114,FC3,213,-12.095,S1O
114,FC3,214,-11.119,S1O
114,FC3,215,-10.142,S1O
114,FC3,216,-10.142,S1O
114,FC3,217,-10.630,S1O
114,FC3,218,-11.607,S1O
114,FC3,219,-12.583,S1O
114,FC3,220,-12.583,S1O
114,FC3,221,-12.095,S1O
114,FC3,222,-11.119,S1O
114,FC3,223,-10.142,S1O
114,FC3,224,-9.654,S1O
114,FC3,225,-10.630,S1O
114,FC3,226,-11.607,S1O
114,FC3,227,-12.583,S1O
114,FC3,228,-12.095,S1O
114,FC3,229,-10.630,S1O
114,FC3,230,-8.677,S1O
114,FC3,231,-7.212,S1O
114,FC3,232,-7.212,S1O
114,FC3,233,-8.677,S1O
114,FC3,234,-10.630,S1O
114,FC3,235,-11.607,S1O
114,FC3,236,-11.607,S1O
114,FC3,237,-10.630,S1O
114,FC3,238,-9.654,S1O
114,FC3,239,-7.701,S1O
114,FC3,240,-7.212,S1O
114,FC3,241,-7.212,S1O
114,FC3,242,-7.701,S1O
114,FC3,243,-8.189,S1O
114,FC3,244,-8.189,S1O
114,FC3,245,-7.701,S1O
114,FC3,246,-6.724,S1O
114,FC3,247,-6.236,S1O
114,FC3,248,-6.236,S1O
114,FC3,249,-6.724,S1O
114,FC3,250,-6.724,S1O
114,FC3,251,-7.212,S1O
114,FC3,252,-7.212,S1O
114,FC3,253,-7.212,S1O
114,FC3,254,-7.701,S1O
114,FC3,255,-8.189,S1O
114,C6,0,-1.536,S1O
114,C6,1,-1.536,S1O
114,C6,2,-1.536,S1O
114,C6,3,-2.024,S1O
114,C6,4,-3.001,S1O
114,C6,5,-3.489,S1O
114,C6,6,-3.001,S1O
114,C6,7,-1.536,S1O
114,C6,8,0.905,S1O
114,C6,9,2.858,S1O
114,C6,10,3.347,S1O
114,C6,11,2.370,S1O
114,C6,12,0.417,S1O
114,C6,13,-0.559,S1O
114,C6,14,-0.559,S1O
114,C6,15,-0.071,S1O
114,C6,16,0.905,S1O
114,C6,17,1.882,S1O
114,C6,18,2.858,S1O
114,C6,19,2.858,S1O
114,C6,20,2.370,S1O
114,C6,21,1.882,S1O
114,C6,22,1.394,S1O
114,C6,23,1.394,S1O
114,C6,24,1.394,S1O
114,C6,25,1.394,S1O
114,C6,26,0.417,S1O
114,C6,27,-0.559,S1O
114,C6,28,-2.024,S1O
114,C6,29,-3.001,S1O
114,C6,30,-3.977,S1O
114,C6,31,-4.466,S1O
114,C6,32,-3.977,S1O
114,C6,33,-2.513,S1O
114,C6,34,-0.559,S1O
114,C6,35,0.417,S1O
114,C6,36,0.417,S1O
114,C6,37,-1.048,S1O
114,C6,38,-3.489,S1O
114,C6,39,-5.442,S1O
114,C6,40,-5.931,S1O
114,C6,41,-4.954,S1O
114,C6,42,-3.001,S1O
114,C6,43,-2.024,S1O
114,C6,44,-3.001,S1O
114,C6,45,-6.419,S1O
114,C6,46,-9.837,S1O
114,C6,47,-12.278,S1O
114,C6,48,-12.278,S1O
114,C6,49,-9.837,S1O
114,C6,50,-5.442,S1O
114,C6,51,-1.536,S1O
114,C6,52,0.905,S1O
114,C6,53,0.905,S1O
114,C6,54,-0.071,S1O
114,C6,55,-1.048,S1O
114,C6,56,-1.048,S1O
114,C6,57,-0.559,S1O
114,C6,58,0.417,S1O
114,C6,59,0.905,S1O
114,C6,60,0.905,S1O
114,C6,61,0.905,S1O
114,C6,62,2.370,S1O
114,C6,63,3.835,S1O
114,C6,64,5.788,S1O
114,C6,65,7.253,S1O
114,C6,66,7.741,S1O
114,C6,67,7.741,S1O
114,C6,68,7.741,S1O
114,C6,69,7.253,S1O
114,C6,70,5.788,S1O
114,C6,71,2.858,S1O
114,C6,72,-0.071,S1O
114,C6,73,-3.001,S1O
114,C6,74,-3.977,S1O
114,C6,75,-3.489,S1O
114,C6,76,-3.001,S1O
114,C6,77,-2.024,S1O
114,C6,78,-1.048,S1O
114,C6,79,-0.071,S1O
114,C6,80,1.394,S1O
114,C6,81,2.858,S1O
114,C6,82,3.347,S1O
114,C6,83,2.370,S1O
114,C6,84,0.417,S1O
114,C6,85,-1.536,S1O
114,C6,86,-2.024,S1O
114,C6,87,-0.559,S1O
114,C6,88,1.394,S1O
114,C6,89,2.858,S1O
114,C6,90,2.370,S1O
114,C6,91,0.417,S1O
114,C6,92,-1.048,S1O
114,C6,93,-1.048,S1O
114,C6,94,0.417,S1O
114,C6,95,2.858,S1O
114,C6,96,4.812,S1O
114,C6,97,5.300,S1O
114,C6,98,4.812,S1O
114,C6,99,4.323,S1O
114,C6,100,3.835,S1O
114,C6,101,3.835,S1O
114,C6,102,4.323,S1O
114,C6,103,4.812,S1O
114,C6,104,5.300,S1O
114,C6,105,5.300,S1O
114,C6,106,5.300,S1O
114,C6,107,4.812,S1O
114,C6,108,4.323,S1O
114,C6,109,3.347,S1O
114,C6,110,2.370,S1O
114,C6,111,1.882,S1O
114,C6,112,2.370,S1O
114,C6,113,2.370,S1O
114,C6,114,1.882,S1O
114,C6,115,1.394,S1O
114,C6,116,1.394,S1O
114,C6,117,1.882,S1O
114,C6,118,3.347,S1O
114,C6,119,4.323,S1O
114,C6,120,5.788,S1O
114,C6,121,6.276,S1O
114,C6,122,4.812,S1O
114,C6,123,2.858,S1O
114,C6,124,0.417,S1O
114,C6,125,-1.536,S1O
114,C6,126,-2.024,S1O
114,C6,127,-2.024,S1O
114,C6,128,-2.024,S1O
114,C6,129,-2.513,S1O
114,C6,130,-3.489,S1O
114,C6,131,-4.954,S1O
114,C6,132,-4.954,S1O
114,C6,133,-3.977,S1O
114,C6,134,-2.024,S1O
114,C6,135,-0.559,S1O
114,C6,136,0.417,S1O
114,C6,137,-0.559,S1O
114,C6,138,-2.024,S1O
114,C6,139,-2.513,S1O
114,C6,140,-2.513,S1O
114,C6,141,-1.536,S1O
114,C6,142,-2.513,S1O
114,C6,143,-3.977,S1O
114,C6,144,-6.907,S1O
114,C6,145,-8.860,S1O
114,C6,146,-8.860,S1O
114,C6,147,-7.884,S1O
114,C6,148,-6.907,S1O
114,C6,149,-6.419,S1O
114,C6,150,-6.907,S1O
114,C6,151,-6.907,S1O
114,C6,152,-6.419,S1O
114,C6,153,-4.954,S1O
114,C6,154,-3.489,S1O
114,C6,155,-3.489,S1O
114,C6,156,-3.977,S1O
114,C6,157,-5.442,S1O
114,C6,158,-7.395,S1O
114,C6,159,-7.884,S1O
114,C6,160,-7.884,S1O
114,C6,161,-6.907,S1O
114,C6,162,-6.907,S1O
114,C6,163,-6.419,S1O
114,C6,164,-7.395,S1O
114,C6,165,-8.860,S1O
114,C6,166,-10.325,S1O
114,C6,167,-12.278,S1O
114,C6,168,-13.255,S1O
114,C6,169,-12.767,S1O
114,C6,170,-11.790,S1O
114,C6,171,-9.837,S1O
114,C6,172,-7.884,S1O
114,C6,173,-6.907,S1O
114,C6,174,-6.419,S1O
114,C6,175,-6.419,S1O
114,C6,176,-6.419,S1O
114,C6,177,-6.907,S1O
114,C6,178,-6.907,S1O
114,C6,179,-6.907,S1O
114,C6,180,-7.884,S1O
114,C6,181,-8.860,S1O
114,C6,182,-9.837,S1O
114,C6,183,-9.349,S1O
114,C6,184,-8.372,S1O
114,C6,185,-6.907,S1O
114,C6,186,-5.931,S1O
114,C6,187,-4.954,S1O
114,C6,188,-4.466,S1O
114,C6,189,-4.466,S1O
114,C6,190,-4.466,S1O
114,C6,191,-4.466,S1O
114,C6,192,-4.954,S1O
114,C6,193,-5.931,S1O
114,C6,194,-6.419,S1O
114,C6,195,-6.419,S1O
114,C6,196,-6.419,S1O
114,C6,197,-4.954,S1O
114,C6,198,-3.977,S1O
114,C6,199,-2.513,S1O
114,C6,200,-1.536,S1O
114,C6,201,-1.536,S1O
114,C6,202,-3.001,S1O
114,C6,203,-4.466,S1O
114,C6,204,-5.931,S1O
114,C6,205,-6.419,S1O
114,C6,206,-5.442,S1O
114,C6,207,-4.466,S1O
114,C6,208,-4.954,S1O
114,C6,209,-6.907,S1O
114,C6,210,-9.837,S1O
114,C6,211,-12.767,S1O
114,C6,212,-13.743,S1O
114,C6,213,-13.743,S1O
114,C6,214,-11.790,S1O
114,C6,215,-9.837,S1O
114,C6,216,-8.372,S1O
114,C6,217,-8.372,S1O
114,C6,218,-8.860,S1O
114,C6,219,-9.837,S1O
114,C6,220,-9.837,S1O
114,C6,221,-8.860,S1O
114,C6,222,-7.884,S1O
114,C6,223,-5.442,S1O
114,C6,224,-4.466,S1O
114,C6,225,-4.466,S1O
114,C6,226,-4.954,S1O
114,C6,227,-5.931,S1O
114,C6,228,-7.395,S1O
114,C6,229,-8.372,S1O
114,C6,230,-10.813,S1O
114,C6,231,-12.767,S1O
114,C6,232,-14.720,S1O
114,C6,233,-15.696,S1O
114,C6,234,-16.184,S1O
114,C6,235,-16.184,S1O
114,C6,236,-15.696,S1O
114,C6,237,-15.696,S1O
114,C6,238,-13.743,S1O
114,C6,239,-11.790,S1O
114,C6,240,-8.860,S1O
114,C6,241,-7.395,S1O
114,C6,242,-7.884,S1O
114,C6,243,-9.837,S1O
114,C6,244,-11.790,S1O
114,C6,245,-12.767,S1O
114,C6,246,-11.790,S1O
114,C6,247,-9.837,S1O
114,C6,248,-8.860,S1O
114,C6,249,-8.860,S1O
114,C6,250,-10.325,S1O
114,C6,251,-11.790,S1O
114,C6,252,-12.767,S1O
114,C6,253,-12.278,S1O
114,C6,254,-11.302,S1O
114,C6,255,-9.837,S1O
114,C5,0,-5.473,S1O
114,C5,1,-8.403,S1O
114,C5,2,-8.403,S1O
114,C5,3,-6.938,S1O
114,C5,4,-4.985,S1O
114,C5,5,-5.473,S1O
114,C5,6,-7.426,S1O
114,C5,7,-9.867,S1O
114,C5,8,-10.356,S1O
114,C5,9,-7.426,S1O
114,C5,10,-3.520,S1O
114,C5,11,-0.590,S1O
114,C5,12,0.387,S1O
114,C5,13,-1.567,S1O
114,C5,14,-4.496,S1O
114,C5,15,-6.938,S1O
114,C5,16,-7.914,S1O
114,C5,17,-7.914,S1O
114,C5,18,-7.426,S1O
114,C5,19,-7.426,S1O
114,C5,20,-8.403,S1O
114,C5,21,-8.891,S1O
114,C5,22,-9.867,S1O
114,C5,23,-9.379,S1O
114,C5,24,-8.403,S1O
114,C5,25,-7.426,S1O
114,C5,26,-6.938,S1O
114,C5,27,-7.426,S1O
114,C5,28,-8.891,S1O
114,C5,29,-10.356,S1O
114,C5,30,-11.332,S1O
114,C5,31,-10.844,S1O
114,C5,32,-9.867,S1O
114,C5,33,-9.867,S1O
114,C5,34,-10.356,S1O
114,C5,35,-10.844,S1O
114,C5,36,-11.332,S1O
114,C5,37,-10.844,S1O
114,C5,38,-10.356,S1O
114,C5,39,-9.867,S1O
114,C5,40,-10.356,S1O
114,C5,41,-10.844,S1O
114,C5,42,-10.844,S1O
114,C5,43,-9.867,S1O
114,C5,44,-8.403,S1O
114,C5,45,-7.426,S1O
114,C5,46,-7.914,S1O
114,C5,47,-8.403,S1O
114,C5,48,-8.403,S1O
114,C5,49,-7.914,S1O
114,C5,50,-6.449,S1O
114,C5,51,-4.985,S1O
114,C5,52,-3.520,S1O
114,C5,53,-1.567,S1O
114,C5,54,-0.102,S1O
114,C5,55,-0.102,S1O
114,C5,56,-0.590,S1O
114,C5,57,-1.567,S1O
114,C5,58,-2.543,S1O
114,C5,59,-1.567,S1O
114,C5,60,0.875,S1O
114,C5,61,2.340,S1O
114,C5,62,2.828,S1O
114,C5,63,0.387,S1O
114,C5,64,-2.543,S1O
114,C5,65,-4.496,S1O
114,C5,66,-4.985,S1O
114,C5,67,-3.520,S1O
114,C5,68,-3.520,S1O
114,C5,69,-4.985,S1O
114,C5,70,-7.914,S1O
114,C5,71,-10.844,S1O
114,C5,72,-12.309,S1O
114,C5,73,-11.820,S1O
114,C5,74,-10.844,S1O
114,C5,75,-11.332,S1O
114,C5,76,-12.309,S1O
114,C5,77,-13.774,S1O
114,C5,78,-14.262,S1O
114,C5,79,-14.262,S1O
114,C5,80,-13.774,S1O
114,C5,81,-13.774,S1O
114,C5,82,-14.262,S1O
114,C5,83,-15.238,S1O
114,C5,84,-15.238,S1O
114,C5,85,-14.262,S1O
114,C5,86,-12.309,S1O
114,C5,87,-10.844,S1O
114,C5,88,-10.356,S1O
114,C5,89,-9.379,S1O
114,C5,90,-8.891,S1O
114,C5,91,-7.426,S1O
114,C5,92,-5.961,S1O
114,C5,93,-5.961,S1O
114,C5,94,-7.426,S1O
114,C5,95,-9.379,S1O
114,C5,96,-11.820,S1O
114,C5,97,-12.309,S1O
114,C5,98,-11.332,S1O
114,C5,99,-9.867,S1O
114,C5,100,-9.379,S1O
114,C5,101,-9.379,S1O
114,C5,102,-9.867,S1O
114,C5,103,-10.356,S1O
114,C5,104,-9.867,S1O
114,C5,105,-8.891,S1O
114,C5,106,-7.914,S1O
114,C5,107,-7.914,S1O
114,C5,108,-8.403,S1O
114,C5,109,-9.379,S1O
114,C5,110,-9.867,S1O
114,C5,111,-8.891,S1O
114,C5,112,-7.426,S1O
114,C5,113,-5.961,S1O
114,C5,114,-5.473,S1O
114,C5,115,-5.961,S1O
114,C5,116,-6.449,S1O
114,C5,117,-6.449,S1O
114,C5,118,-6.449,S1O
114,C5,119,-6.449,S1O
114,C5,120,-7.914,S1O
114,C5,121,-10.356,S1O
114,C5,122,-12.309,S1O
114,C5,123,-12.797,S1O
114,C5,124,-11.332,S1O
114,C5,125,-8.403,S1O
114,C5,126,-6.449,S1O
114,C5,127,-6.449,S1O
114,C5,128,-8.403,S1O
114,C5,129,-10.356,S1O
114,C5,130,-10.844,S1O
114,C5,131,-9.867,S1O
114,C5,132,-7.914,S1O
114,C5,133,-7.914,S1O
114,C5,134,-9.867,S1O
114,C5,135,-13.285,S1O
114,C5,136,-15.238,S1O
114,C5,137,-13.774,S1O
114,C5,138,-10.844,S1O
114,C5,139,-7.914,S1O
114,C5,140,-6.938,S1O
114,C5,141,-7.914,S1O
114,C5,142,-8.891,S1O
114,C5,143,-8.403,S1O
114,C5,144,-5.961,S1O
114,C5,145,-3.520,S1O
114,C5,146,-3.520,S1O
114,C5,147,-4.985,S1O
114,C5,148,-5.961,S1O
114,C5,149,-4.985,S1O
114,C5,150,-2.543,S1O
114,C5,151,-0.102,S1O
114,C5,152,0.875,S1O
114,C5,153,-0.102,S1O
114,C5,154,-1.567,S1O
114,C5,155,-2.543,S1O
114,C5,156,-3.031,S1O
114,C5,157,-3.520,S1O
114,C5,158,-5.473,S1O
114,C5,159,-7.426,S1O
114,C5,160,-7.914,S1O
114,C5,161,-6.938,S1O
114,C5,162,-4.985,S1O
114,C5,163,-4.985,S1O
114,C5,164,-6.938,S1O
114,C5,165,-9.867,S1O
114,C5,166,-12.309,S1O
114,C5,167,-12.309,S1O
114,C5,168,-10.844,S1O
114,C5,169,-9.867,S1O
114,C5,170,-10.356,S1O
114,C5,171,-12.309,S1O
114,C5,172,-14.262,S1O
114,C5,173,-15.238,S1O
114,C5,174,-13.774,S1O
114,C5,175,-12.309,S1O
114,C5,176,-10.844,S1O
114,C5,177,-10.844,S1O
114,C5,178,-12.309,S1O
114,C5,179,-13.285,S1O
114,C5,180,-13.285,S1O
114,C5,181,-11.820,S1O
114,C5,182,-9.379,S1O
114,C5,183,-6.938,S1O
114,C5,184,-5.961,S1O
114,C5,185,-5.961,S1O
114,C5,186,-7.426,S1O
114,C5,187,-8.891,S1O
114,C5,188,-8.891,S1O
114,C5,189,-7.426,S1O
114,C5,190,-4.496,S1O
114,C5,191,-2.055,S1O
114,C5,192,-2.055,S1O
114,C5,193,-4.008,S1O
114,C5,194,-7.426,S1O
114,C5,195,-11.332,S1O
114,C5,196,-13.285,S1O
114,C5,197,-13.285,S1O
114,C5,198,-11.820,S1O
114,C5,199,-10.844,S1O
114,C5,200,-12.309,S1O
114,C5,201,-14.750,S1O
114,C5,202,-18.168,S1O
114,C5,203,-19.633,S1O
114,C5,204,-20.121,S1O
114,C5,205,-19.145,S1O
114,C5,206,-18.656,S1O
114,C5,207,-19.145,S1O
114,C5,208,-20.121,S1O
114,C5,209,-20.610,S1O
114,C5,210,-20.121,S1O
114,C5,211,-18.656,S1O
114,C5,212,-17.192,S1O
114,C5,213,-15.727,S1O
114,C5,214,-15.238,S1O
114,C5,215,-15.238,S1O
114,C5,216,-16.215,S1O
114,C5,217,-17.680,S1O
114,C5,218,-19.633,S1O
114,C5,219,-22.074,S1O
114,C5,220,-23.051,S1O
114,C5,221,-21.586,S1O
114,C5,222,-19.145,S1O
114,C5,223,-16.215,S1O
114,C5,224,-14.750,S1O
114,C5,225,-15.727,S1O
114,C5,226,-17.680,S1O
114,C5,227,-18.656,S1O
114,C5,228,-18.656,S1O
114,C5,229,-16.703,S1O
114,C5,230,-15.727,S1O
114,C5,231,-16.703,S1O
114,C5,232,-19.145,S1O
114,C5,233,-22.563,S1O
114,C5,234,-25.004,S1O
114,C5,235,-25.981,S1O
114,C5,236,-25.004,S1O
114,C5,237,-22.563,S1O
114,C5,238,-19.145,S1O
114,C5,239,-15.727,S1O
114,C5,240,-13.285,S1O
114,C5,241,-10.844,S1O
114,C5,242,-9.867,S1O
114,C5,243,-9.379,S1O
114,C5,244,-8.891,S1O
114,C5,245,-8.403,S1O
114,C5,246,-8.891,S1O
114,C5,247,-10.844,S1O
114,C5,248,-13.774,S1O
114,C5,249,-16.215,S1O
114,C5,250,-16.215,S1O
114,C5,251,-14.750,S1O
114,C5,252,-12.309,S1O
114,C5,253,-11.332,S1O
114,C5,254,-12.797,S1O
114,C5,255,-14.750,S1O
114,F2,0,-1.444,S1O
114,F2,1,-0.956,S1O
114,F2,2,0.509,S1O
114,F2,3,0.997,S1O
114,F2,4,0.997,S1O
114,F2,5,0.509,S1O
114,F2,6,0.020,S1O
114,F2,7,0.509,S1O
114,F2,8,1.485,S1O
114,F2,9,2.950,S1O
114,F2,10,4.415,S1O
114,F2,11,4.903,S1O
114,F2,12,4.415,S1O
114,F2,13,2.950,S1O
114,F2,14,1.485,S1O
114,F2,15,0.509,S1O
114,F2,16,0.997,S1O
114,F2,17,1.973,S1O
114,F2,18,2.950,S1O
114,F2,19,2.462,S1O
114,F2,20,0.509,S1O
114,F2,21,-2.421,S1O
114,F2,22,-4.862,S1O
114,F2,23,-5.351,S1O
114,F2,24,-5.351,S1O
114,F2,25,-3.398,S1O
114,F2,26,-2.421,S1O
114,F2,27,-2.909,S1O
114,F2,28,-4.862,S1O
114,F2,29,-6.816,S1O
114,F2,30,-8.280,S1O
114,F2,31,-8.280,S1O
114,F2,32,-6.816,S1O
114,F2,33,-3.886,S1O
114,F2,34,-1.444,S1O
114,F2,35,0.997,S1O
114,F2,36,1.973,S1O
114,F2,37,1.973,S1O
114,F2,38,0.509,S1O
114,F2,39,0.020,S1O
114,F2,40,0.020,S1O
114,F2,41,0.997,S1O
114,F2,42,2.462,S1O
114,F2,43,2.950,S1O
114,F2,44,2.950,S1O
114,F2,45,2.462,S1O
114,F2,46,1.973,S1O
114,F2,47,1.485,S1O
114,F2,48,0.997,S1O
114,F2,49,0.020,S1O
114,F2,50,-0.468,S1O
114,F2,51,-1.444,S1O
114,F2,52,-2.421,S1O
114,F2,53,-3.398,S1O
114,F2,54,-4.374,S1O
114,F2,55,-5.839,S1O
114,F2,56,-8.280,S1O
114,F2,57,-9.745,S1O
114,F2,58,-10.234,S1O
114,F2,59,-10.234,S1O
114,F2,60,-9.745,S1O
114,F2,61,-9.745,S1O
114,F2,62,-10.234,S1O
114,F2,63,-10.722,S1O
114,F2,64,-10.722,S1O
114,F2,65,-10.234,S1O
114,F2,66,-9.257,S1O
114,F2,67,-8.280,S1O
114,F2,68,-7.792,S1O
114,F2,69,-7.304,S1O
114,F2,70,-7.304,S1O
114,F2,71,-6.816,S1O
114,F2,72,-5.839,S1O
114,F2,73,-3.886,S1O
114,F2,74,-2.421,S1O
114,F2,75,-2.421,S1O
114,F2,76,-2.909,S1O
114,F2,77,-3.398,S1O
114,F2,78,-3.886,S1O
114,F2,79,-3.398,S1O
114,F2,80,-2.421,S1O
114,F2,81,-1.444,S1O
114,F2,82,-0.956,S1O
114,F2,83,-0.468,S1O
114,F2,84,0.020,S1O
114,F2,85,0.509,S1O
114,F2,86,1.485,S1O
114,F2,87,0.997,S1O
114,F2,88,0.509,S1O
114,F2,89,-0.468,S1O
114,F2,90,-1.444,S1O
114,F2,91,-2.421,S1O
114,F2,92,-2.909,S1O
114,F2,93,-3.398,S1O
114,F2,94,-3.886,S1O
114,F2,95,-3.398,S1O
114,F2,96,-2.421,S1O
114,F2,97,-0.956,S1O
114,F2,98,0.020,S1O
114,F2,99,0.020,S1O
114,F2,100,-0.956,S1O
114,F2,101,-1.933,S1O
114,F2,102,-2.909,S1O
114,F2,103,-2.909,S1O
114,F2,104,-1.444,S1O
114,F2,105,-0.468,S1O
114,F2,106,0.020,S1O
114,F2,107,-0.468,S1O
114,F2,108,-1.444,S1O
114,F2,109,-1.444,S1O
114,F2,110,-0.956,S1O
114,F2,111,0.020,S1O
114,F2,112,0.509,S1O
114,F2,113,0.509,S1O
114,F2,114,-0.468,S1O
114,F2,115,-1.444,S1O
114,F2,116,-2.421,S1O
114,F2,117,-2.909,S1O
114,F2,118,-2.909,S1O
114,F2,119,-2.421,S1O
114,F2,120,-1.444,S1O
114,F2,121,-0.956,S1O
114,F2,122,-0.468,S1O
114,F2,123,0.509,S1O
114,F2,124,0.020,S1O
114,F2,125,-0.468,S1O
114,F2,126,-1.444,S1O
114,F2,127,-1.933,S1O
114,F2,128,-2.421,S1O
114,F2,129,-2.421,S1O
114,F2,130,-2.909,S1O
114,F2,131,-2.909,S1O
114,F2,132,-3.398,S1O
114,F2,133,-2.909,S1O
114,F2,134,-1.444,S1O
114,F2,135,-0.468,S1O
114,F2,136,-0.468,S1O
114,F2,137,-1.444,S1O
114,F2,138,-2.421,S1O
114,F2,139,-3.886,S1O
114,F2,140,-4.374,S1O
114,F2,141,-4.374,S1O
114,F2,142,-4.862,S1O
114,F2,143,-5.839,S1O
114,F2,144,-6.816,S1O
114,F2,145,-7.792,S1O
114,F2,146,-6.816,S1O
114,F2,147,-5.351,S1O
114,F2,148,-3.398,S1O
114,F2,149,-2.421,S1O
114,F2,150,-3.398,S1O
114,F2,151,-4.862,S1O
114,F2,152,-6.327,S1O
114,F2,153,-6.816,S1O
114,F2,154,-6.816,S1O
114,F2,155,-6.327,S1O
114,F2,156,-6.327,S1O
114,F2,157,-6.816,S1O
114,F2,158,-7.792,S1O
114,F2,159,-9.257,S1O
114,F2,160,-10.234,S1O
114,F2,161,-10.234,S1O
114,F2,162,-8.769,S1O
114,F2,163,-7.304,S1O
114,F2,164,-6.327,S1O
114,F2,165,-6.327,S1O
114,F2,166,-7.792,S1O
114,F2,167,-9.257,S1O
114,F2,168,-10.234,S1O
114,F2,169,-9.745,S1O
114,F2,170,-7.792,S1O
114,F2,171,-4.862,S1O
114,F2,172,-3.398,S1O
114,F2,173,-3.398,S1O
114,F2,174,-4.862,S1O
114,F2,175,-6.327,S1O
114,F2,176,-7.304,S1O
114,F2,177,-6.327,S1O
114,F2,178,-5.351,S1O
114,F2,179,-4.862,S1O
114,F2,180,-5.839,S1O
114,F2,181,-7.304,S1O
114,F2,182,-8.280,S1O
114,F2,183,-8.280,S1O
114,F2,184,-6.816,S1O
114,F2,185,-4.862,S1O
114,F2,186,-2.421,S1O
114,F2,187,-1.444,S1O
114,F2,188,-1.933,S1O
114,F2,189,-2.909,S1O
114,F2,190,-3.886,S1O
114,F2,191,-3.886,S1O
114,F2,192,-2.909,S1O
114,F2,193,-2.421,S1O
114,F2,194,-2.421,S1O
114,F2,195,-3.886,S1O
114,F2,196,-4.862,S1O
114,F2,197,-5.839,S1O
114,F2,198,-5.351,S1O
114,F2,199,-3.886,S1O
114,F2,200,-2.909,S1O
114,F2,201,-2.421,S1O
114,F2,202,-3.398,S1O
114,F2,203,-4.374,S1O
114,F2,204,-4.862,S1O
114,F2,205,-4.374,S1O
114,F2,206,-2.909,S1O
114,F2,207,-1.444,S1O
114,F2,208,-1.444,S1O
114,F2,209,-3.398,S1O
114,F2,210,-6.816,S1O
114,F2,211,-9.745,S1O
114,F2,212,-11.698,S1O
114,F2,213,-11.210,S1O
114,F2,214,-9.257,S1O
114,F2,215,-6.816,S1O
114,F2,216,-5.351,S1O
114,F2,217,-5.351,S1O
114,F2,218,-6.327,S1O
114,F2,219,-6.816,S1O
114,F2,220,-7.304,S1O
114,F2,221,-6.327,S1O
114,F2,222,-5.351,S1O
114,F2,223,-4.862,S1O
114,F2,224,-5.351,S1O
114,F2,225,-6.327,S1O
114,F2,226,-7.304,S1O
114,F2,227,-8.280,S1O
114,F2,228,-7.304,S1O
114,F2,229,-6.816,S1O
114,F2,230,-5.351,S1O
114,F2,231,-4.862,S1O
114,F2,232,-4.862,S1O
114,F2,233,-5.351,S1O
114,F2,234,-5.839,S1O
114,F2,235,-5.839,S1O
114,F2,236,-4.862,S1O
114,F2,237,-3.398,S1O
114,F2,238,-1.933,S1O
114,F2,239,-0.956,S1O
114,F2,240,-0.468,S1O
114,F2,241,-1.444,S1O
114,F2,242,-2.909,S1O
114,F2,243,-4.862,S1O
114,F2,244,-5.351,S1O
114,F2,245,-5.839,S1O
114,F2,246,-5.351,S1O
114,F2,247,-4.374,S1O
114,F2,248,-3.398,S1O
114,F2,249,-4.374,S1O
114,F2,250,-4.862,S1O
114,F2,251,-6.327,S1O
114,F2,252,-6.816,S1O
114,F2,253,-6.816,S1O
114,F2,254,-6.816,S1O
114,F2,255,-6.816,S1O
114,F1,0,-2.309,S1O
114,F1,1,-1.821,S1O
114,F1,2,-1.333,S1O
114,F1,3,-0.356,S1O
114,F1,4,-0.356,S1O
114,F1,5,-0.356,S1O
114,F1,6,-0.844,S1O
114,F1,7,-0.844,S1O
114,F1,8,-0.356,S1O
114,F1,9,0.621,S1O
114,F1,10,1.597,S1O
114,F1,11,2.085,S1O
114,F1,12,1.597,S1O
114,F1,13,0.621,S1O
114,F1,14,-0.356,S1O
114,F1,15,-1.333,S1O
114,F1,16,-1.821,S1O
114,F1,17,-1.333,S1O
114,F1,18,-0.844,S1O
114,F1,19,-0.844,S1O
114,F1,20,-2.309,S1O
114,F1,21,-4.262,S1O
114,F1,22,-6.215,S1O
114,F1,23,-7.680,S1O
114,F1,24,-7.192,S1O
114,F1,25,-5.727,S1O
114,F1,26,-4.751,S1O
114,F1,27,-4.751,S1O
114,F1,28,-6.704,S1O
114,F1,29,-9.145,S1O
114,F1,30,-10.610,S1O
114,F1,31,-10.610,S1O
114,F1,32,-8.657,S1O
114,F1,33,-5.727,S1O
114,F1,34,-3.286,S1O
114,F1,35,-1.821,S1O
114,F1,36,-1.821,S1O
114,F1,37,-2.797,S1O
114,F1,38,-3.286,S1O
114,F1,39,-3.286,S1O
114,F1,40,-2.309,S1O
114,F1,41,-0.356,S1O
114,F1,42,1.109,S1O
114,F1,43,2.085,S1O
114,F1,44,2.574,S1O
114,F1,45,2.085,S1O
114,F1,46,1.109,S1O
114,F1,47,0.621,S1O
114,F1,48,0.132,S1O
114,F1,49,-0.844,S1O
114,F1,50,-1.821,S1O
114,F1,51,-2.797,S1O
114,F1,52,-3.774,S1O
114,F1,53,-3.774,S1O
114,F1,54,-4.751,S1O
114,F1,55,-6.215,S1O
114,F1,56,-8.169,S1O
114,F1,57,-10.122,S1O
114,F1,58,-11.098,S1O
114,F1,59,-11.098,S1O
114,F1,60,-10.122,S1O
114,F1,61,-9.145,S1O
114,F1,62,-9.145,S1O
114,F1,63,-10.122,S1O
114,F1,64,-11.098,S1O
114,F1,65,-11.098,S1O
114,F1,66,-10.610,S1O
114,F1,67,-9.633,S1O
114,F1,68,-9.145,S1O
114,F1,69,-9.145,S1O
114,F1,70,-9.633,S1O
114,F1,71,-9.145,S1O
114,F1,72,-8.169,S1O
114,F1,73,-6.704,S1O
114,F1,74,-5.239,S1O
114,F1,75,-4.751,S1O
114,F1,76,-5.727,S1O
114,F1,77,-6.704,S1O
114,F1,78,-7.680,S1O
114,F1,79,-8.169,S1O
114,F1,80,-8.169,S1O
114,F1,81,-7.192,S1O
114,F1,82,-6.704,S1O
114,F1,83,-5.727,S1O
114,F1,84,-4.751,S1O
114,F1,85,-3.774,S1O
114,F1,86,-2.797,S1O
114,F1,87,-2.309,S1O
114,F1,88,-2.309,S1O
114,F1,89,-2.797,S1O
114,F1,90,-3.286,S1O
114,F1,91,-4.262,S1O
114,F1,92,-4.751,S1O
114,F1,93,-5.727,S1O
114,F1,94,-6.704,S1O
114,F1,95,-7.192,S1O
114,F1,96,-7.192,S1O
114,F1,97,-6.215,S1O
114,F1,98,-5.727,S1O
114,F1,99,-5.239,S1O
114,F1,100,-5.727,S1O
114,F1,101,-6.215,S1O
114,F1,102,-6.704,S1O
114,F1,103,-6.215,S1O
114,F1,104,-4.262,S1O
114,F1,105,-3.286,S1O
114,F1,106,-2.309,S1O
114,F1,107,-2.309,S1O
114,F1,108,-2.309,S1O
114,F1,109,-2.797,S1O
114,F1,110,-2.309,S1O
114,F1,111,-1.821,S1O
114,F1,112,-1.333,S1O
114,F1,113,-1.333,S1O
114,F1,114,-2.309,S1O
114,F1,115,-3.286,S1O
114,F1,116,-4.262,S1O
114,F1,117,-4.751,S1O
114,F1,118,-4.751,S1O
114,F1,119,-4.262,S1O
114,F1,120,-3.774,S1O
114,F1,121,-3.286,S1O
114,F1,122,-2.797,S1O
114,F1,123,-2.309,S1O
114,F1,124,-1.821,S1O
114,F1,125,-2.309,S1O
114,F1,126,-2.797,S1O
114,F1,127,-3.286,S1O
114,F1,128,-3.774,S1O
114,F1,129,-4.262,S1O
114,F1,130,-4.751,S1O
114,F1,131,-4.262,S1O
114,F1,132,-4.262,S1O
114,F1,133,-3.774,S1O
114,F1,134,-2.797,S1O
114,F1,135,-2.309,S1O
114,F1,136,-2.797,S1O
114,F1,137,-3.286,S1O
114,F1,138,-3.774,S1O
114,F1,139,-4.751,S1O
114,F1,140,-4.262,S1O
114,F1,141,-4.262,S1O
114,F1,142,-4.262,S1O
114,F1,143,-4.751,S1O
114,F1,144,-5.727,S1O
114,F1,145,-6.215,S1O
114,F1,146,-5.727,S1O
114,F1,147,-4.262,S1O
114,F1,148,-2.309,S1O
114,F1,149,-1.821,S1O
114,F1,150,-1.821,S1O
114,F1,151,-2.797,S1O
114,F1,152,-3.774,S1O
114,F1,153,-4.262,S1O
114,F1,154,-4.262,S1O
114,F1,155,-3.774,S1O
114,F1,156,-3.774,S1O
114,F1,157,-4.262,S1O
114,F1,158,-5.727,S1O
114,F1,159,-7.680,S1O
114,F1,160,-8.657,S1O
114,F1,161,-8.657,S1O
114,F1,162,-8.169,S1O
114,F1,163,-6.704,S1O
114,F1,164,-6.215,S1O
114,F1,165,-6.215,S1O
114,F1,166,-7.192,S1O
114,F1,167,-8.169,S1O
114,F1,168,-9.145,S1O
114,F1,169,-8.169,S1O
114,F1,170,-6.215,S1O
114,F1,171,-4.262,S1O
114,F1,172,-3.774,S1O
114,F1,173,-4.262,S1O
114,F1,174,-6.215,S1O
114,F1,175,-8.169,S1O
114,F1,176,-8.169,S1O
114,F1,177,-7.680,S1O
114,F1,178,-6.215,S1O
114,F1,179,-5.727,S1O
114,F1,180,-6.215,S1O
114,F1,181,-7.192,S1O
114,F1,182,-7.680,S1O
114,F1,183,-6.704,S1O
114,F1,184,-4.262,S1O
114,F1,185,-1.821,S1O
114,F1,186,-0.356,S1O
114,F1,187,0.132,S1O
114,F1,188,-0.356,S1O
114,F1,189,-1.333,S1O
114,F1,190,-1.821,S1O
114,F1,191,-1.333,S1O
114,F1,192,-0.356,S1O
114,F1,193,-0.844,S1O
114,F1,194,-1.821,S1O
114,F1,195,-3.286,S1O
114,F1,196,-5.239,S1O
114,F1,197,-6.215,S1O
114,F1,198,-6.215,S1O
114,F1,199,-5.727,S1O
114,F1,200,-4.751,S1O
114,F1,201,-4.751,S1O
114,F1,202,-5.727,S1O
114,F1,203,-6.704,S1O
114,F1,204,-6.704,S1O
114,F1,205,-5.727,S1O
114,F1,206,-4.262,S1O
114,F1,207,-3.286,S1O
114,F1,208,-3.774,S1O
114,F1,209,-5.727,S1O
114,F1,210,-8.657,S1O
114,F1,211,-11.098,S1O
114,F1,212,-12.075,S1O
114,F1,213,-11.587,S1O
114,F1,214,-10.122,S1O
114,F1,215,-8.657,S1O
114,F1,216,-7.680,S1O
114,F1,217,-7.680,S1O
114,F1,218,-8.169,S1O
114,F1,219,-8.657,S1O
114,F1,220,-8.657,S1O
114,F1,221,-7.680,S1O
114,F1,222,-7.192,S1O
114,F1,223,-6.704,S1O
114,F1,224,-7.192,S1O
114,F1,225,-8.657,S1O
114,F1,226,-9.633,S1O
114,F1,227,-10.122,S1O
114,F1,228,-9.633,S1O
114,F1,229,-8.169,S1O
114,F1,230,-6.215,S1O
114,F1,231,-4.262,S1O
114,F1,232,-4.262,S1O
114,F1,233,-4.751,S1O
114,F1,234,-6.215,S1O
114,F1,235,-6.704,S1O
114,F1,236,-6.215,S1O
114,F1,237,-4.751,S1O
114,F1,238,-3.286,S1O
114,F1,239,-2.309,S1O
114,F1,240,-2.797,S1O
114,F1,241,-3.774,S1O
114,F1,242,-5.239,S1O
114,F1,243,-6.704,S1O
114,F1,244,-7.192,S1O
114,F1,245,-7.192,S1O
114,F1,246,-5.727,S1O
114,F1,247,-4.751,S1O
114,F1,248,-4.262,S1O
114,F1,249,-4.262,S1O
114,F1,250,-4.751,S1O
114,F1,251,-4.751,S1O
114,F1,252,-5.239,S1O
114,F1,253,-5.239,S1O
114,F1,254,-5.727,S1O
114,F1,255,-6.704,S1O
114,TP8,0,-4.069,S1O
114,TP8,1,-4.557,S1O
114,TP8,2,-4.557,S1O
114,TP8,3,-5.046,S1O
114,TP8,4,-6.022,S1O
114,TP8,5,-6.510,S1O
114,TP8,6,-6.510,S1O
114,TP8,7,-5.534,S1O
114,TP8,8,-4.557,S1O
114,TP8,9,-3.092,S1O
114,TP8,10,-1.139,S1O
114,TP8,11,-0.163,S1O
114,TP8,12,0.326,S1O
114,TP8,13,0.326,S1O
114,TP8,14,0.326,S1O
114,TP8,15,-0.651,S1O
114,TP8,16,-1.139,S1O
114,TP8,17,-1.628,S1O
114,TP8,18,-1.628,S1O
114,TP8,19,-1.628,S1O
114,TP8,20,-2.116,S1O
114,TP8,21,-2.116,S1O
114,TP8,22,-2.116,S1O
114,TP8,23,-2.604,S1O
114,TP8,24,-1.628,S1O
114,TP8,25,-1.139,S1O
114,TP8,26,-1.139,S1O
114,TP8,27,-1.628,S1O
114,TP8,28,-3.581,S1O
114,TP8,29,-6.022,S1O
114,TP8,30,-7.975,S1O
114,TP8,31,-8.952,S1O
114,TP8,32,-8.464,S1O
114,TP8,33,-6.022,S1O
114,TP8,34,-3.581,S1O
114,TP8,35,-1.628,S1O
114,TP8,36,-2.116,S1O
114,TP8,37,-4.069,S1O
114,TP8,38,-6.999,S1O
114,TP8,39,-9.440,S1O
114,TP8,40,-10.417,S1O
114,TP8,41,-10.417,S1O
114,TP8,42,-10.417,S1O
114,TP8,43,-10.905,S1O
114,TP8,44,-13.346,S1O
114,TP8,45,-16.276,S1O
114,TP8,46,-19.206,S1O
114,TP8,47,-20.671,S1O
114,TP8,48,-20.671,S1O
114,TP8,49,-18.229,S1O
114,TP8,50,-15.299,S1O
114,TP8,51,-11.393,S1O
114,TP8,52,-7.975,S1O
114,TP8,53,-5.046,S1O
114,TP8,54,-4.069,S1O
114,TP8,55,-4.069,S1O
114,TP8,56,-5.046,S1O
114,TP8,57,-5.046,S1O
114,TP8,58,-4.069,S1O
114,TP8,59,-1.628,S1O
114,TP8,60,1.302,S1O
114,TP8,61,3.255,S1O
114,TP8,62,4.232,S1O
114,TP8,63,4.720,S1O
114,TP8,64,5.208,S1O
114,TP8,65,6.185,S1O
114,TP8,66,8.138,S1O
114,TP8,67,9.115,S1O
114,TP8,68,8.626,S1O
114,TP8,69,6.185,S1O
114,TP8,70,3.255,S1O
114,TP8,71,0.814,S1O
114,TP8,72,-1.628,S1O
114,TP8,73,-3.092,S1O
114,TP8,74,-5.534,S1O
114,TP8,75,-7.975,S1O
114,TP8,76,-9.440,S1O
114,TP8,77,-9.440,S1O
114,TP8,78,-6.999,S1O
114,TP8,79,-3.092,S1O
114,TP8,80,0.326,S1O
114,TP8,81,1.302,S1O
114,TP8,82,0.814,S1O
114,TP8,83,-0.651,S1O
114,TP8,84,-1.628,S1O
114,TP8,85,-1.139,S1O
114,TP8,86,-0.163,S1O
114,TP8,87,0.814,S1O
114,TP8,88,0.814,S1O
114,TP8,89,0.326,S1O
114,TP8,90,-0.163,S1O
114,TP8,91,-0.651,S1O
114,TP8,92,-0.163,S1O
114,TP8,93,0.326,S1O
114,TP8,94,1.302,S1O
114,TP8,95,2.767,S1O
114,TP8,96,4.232,S1O
114,TP8,97,5.697,S1O
114,TP8,98,6.185,S1O
114,TP8,99,5.697,S1O
114,TP8,100,5.208,S1O
114,TP8,101,5.208,S1O
114,TP8,102,5.697,S1O
114,TP8,103,7.161,S1O
114,TP8,104,7.650,S1O
114,TP8,105,6.673,S1O
114,TP8,106,4.720,S1O
114,TP8,107,3.255,S1O
114,TP8,108,2.279,S1O
114,TP8,109,1.790,S1O
114,TP8,110,1.302,S1O
114,TP8,111,0.326,S1O
114,TP8,112,-0.651,S1O
114,TP8,113,-1.628,S1O
114,TP8,114,-1.139,S1O
114,TP8,115,0.814,S1O
114,TP8,116,3.255,S1O
114,TP8,117,5.208,S1O
114,TP8,118,5.208,S1O
114,TP8,119,4.720,S1O
114,TP8,120,3.743,S1O
114,TP8,121,3.255,S1O
114,TP8,122,2.279,S1O
114,TP8,123,1.302,S1O
114,TP8,124,-0.651,S1O
114,TP8,125,-2.604,S1O
114,TP8,126,-4.069,S1O
114,TP8,127,-4.557,S1O
114,TP8,128,-4.557,S1O
114,TP8,129,-5.534,S1O
114,TP8,130,-6.999,S1O
114,TP8,131,-8.464,S1O
114,TP8,132,-8.952,S1O
114,TP8,133,-7.975,S1O
114,TP8,134,-6.510,S1O
114,TP8,135,-5.046,S1O
114,TP8,136,-4.557,S1O
114,TP8,137,-4.557,S1O
114,TP8,138,-4.557,S1O
114,TP8,139,-4.069,S1O
114,TP8,140,-3.092,S1O
114,TP8,141,-3.581,S1O
114,TP8,142,-5.046,S1O
114,TP8,143,-7.975,S1O
114,TP8,144,-9.928,S1O
114,TP8,145,-10.417,S1O
114,TP8,146,-9.928,S1O
114,TP8,147,-8.952,S1O
114,TP8,148,-7.975,S1O
114,TP8,149,-7.975,S1O
114,TP8,150,-7.975,S1O
114,TP8,151,-7.975,S1O
114,TP8,152,-7.487,S1O
114,TP8,153,-6.510,S1O
114,TP8,154,-6.022,S1O
114,TP8,155,-6.510,S1O
114,TP8,156,-6.999,S1O
114,TP8,157,-6.999,S1O
114,TP8,158,-7.975,S1O
114,TP8,159,-7.975,S1O
114,TP8,160,-8.464,S1O
114,TP8,161,-8.952,S1O
114,TP8,162,-8.464,S1O
114,TP8,163,-8.464,S1O
114,TP8,164,-9.440,S1O
114,TP8,165,-10.417,S1O
114,TP8,166,-12.858,S1O
114,TP8,167,-15.299,S1O
114,TP8,168,-17.253,S1O
114,TP8,169,-17.253,S1O
114,TP8,170,-16.276,S1O
114,TP8,171,-14.811,S1O
114,TP8,172,-13.346,S1O
114,TP8,173,-12.370,S1O
114,TP8,174,-11.393,S1O
114,TP8,175,-10.417,S1O
114,TP8,176,-9.440,S1O
114,TP8,177,-8.464,S1O
114,TP8,178,-8.952,S1O
114,TP8,179,-9.928,S1O
114,TP8,180,-11.882,S1O
114,TP8,181,-12.858,S1O
114,TP8,182,-13.346,S1O
114,TP8,183,-12.858,S1O
114,TP8,184,-12.370,S1O
114,TP8,185,-11.882,S1O
114,TP8,186,-11.882,S1O
114,TP8,187,-10.905,S1O
114,TP8,188,-9.928,S1O
114,TP8,189,-8.464,S1O
114,TP8,190,-7.487,S1O
114,TP8,191,-7.487,S1O
114,TP8,192,-8.464,S1O
114,TP8,193,-9.928,S1O
114,TP8,194,-11.393,S1O
114,TP8,195,-11.882,S1O
114,TP8,196,-11.393,S1O
114,TP8,197,-9.928,S1O
114,TP8,198,-7.975,S1O
114,TP8,199,-6.510,S1O
114,TP8,200,-6.022,S1O
114,TP8,201,-6.999,S1O
114,TP8,202,-9.440,S1O
114,TP8,203,-11.882,S1O
114,TP8,204,-13.835,S1O
114,TP8,205,-14.323,S1O
114,TP8,206,-13.346,S1O
114,TP8,207,-12.370,S1O
114,TP8,208,-10.905,S1O
114,TP8,209,-11.393,S1O
114,TP8,210,-13.346,S1O
114,TP8,211,-15.788,S1O
114,TP8,212,-17.741,S1O
114,TP8,213,-17.741,S1O
114,TP8,214,-16.276,S1O
114,TP8,215,-14.811,S1O
114,TP8,216,-13.835,S1O
114,TP8,217,-14.811,S1O
114,TP8,218,-16.764,S1O
114,TP8,219,-18.717,S1O
114,TP8,220,-19.206,S1O
114,TP8,221,-17.253,S1O
114,TP8,222,-14.323,S1O
114,TP8,223,-11.882,S1O
114,TP8,224,-10.417,S1O
114,TP8,225,-10.417,S1O
114,TP8,226,-10.905,S1O
114,TP8,227,-11.393,S1O
114,TP8,228,-11.882,S1O
114,TP8,229,-12.370,S1O
114,TP8,230,-14.811,S1O
114,TP8,231,-17.741,S1O
114,TP8,232,-21.647,S1O
114,TP8,233,-25.553,S1O
114,TP8,234,-27.995,S1O
114,TP8,235,-28.483,S1O
114,TP8,236,-27.507,S1O
114,TP8,237,-25.065,S1O
114,TP8,238,-22.135,S1O
114,TP8,239,-19.206,S1O
114,TP8,240,-16.276,S1O
114,TP8,241,-14.811,S1O
114,TP8,242,-15.299,S1O
114,TP8,243,-16.276,S1O
114,TP8,244,-17.253,S1O
114,TP8,245,-18.229,S1O
114,TP8,246,-18.229,S1O
114,TP8,247,-18.229,S1O
114,TP8,248,-17.253,S1O
114,TP8,249,-16.764,S1O
114,TP8,250,-16.764,S1O
114,TP8,251,-16.764,S1O
114,TP8,252,-17.253,S1O
114,TP8,253,-16.276,S1O
114,TP8,254,-15.788,S1O
114,TP8,255,-14.811,S1O
114,TP7,0,-7.670,S1O
114,TP7,1,-9.135,S1O
114,TP7,2,-8.647,S1O
114,TP7,3,-8.158,S1O
114,TP7,4,-8.158,S1O
114,TP7,5,-9.135,S1O
114,TP7,6,-10.600,S1O
114,TP7,7,-11.088,S1O
114,TP7,8,-10.600,S1O
114,TP7,9,-9.623,S1O
114,TP7,10,-7.670,S1O
114,TP7,11,-5.717,S1O
114,TP7,12,-4.252,S1O
114,TP7,13,-3.276,S1O
114,TP7,14,-3.276,S1O
114,TP7,15,-4.252,S1O
114,TP7,16,-5.717,S1O
114,TP7,17,-6.694,S1O
114,TP7,18,-7.670,S1O
114,TP7,19,-8.158,S1O
114,TP7,20,-8.158,S1O
114,TP7,21,-8.647,S1O
114,TP7,22,-9.135,S1O
114,TP7,23,-9.623,S1O
114,TP7,24,-9.623,S1O
114,TP7,25,-9.135,S1O
114,TP7,26,-7.670,S1O
114,TP7,27,-6.694,S1O
114,TP7,28,-7.182,S1O
114,TP7,29,-9.135,S1O
114,TP7,30,-11.088,S1O
114,TP7,31,-13.529,S1O
114,TP7,32,-14.506,S1O
114,TP7,33,-13.529,S1O
114,TP7,34,-11.576,S1O
114,TP7,35,-10.111,S1O
114,TP7,36,-10.111,S1O
114,TP7,37,-11.576,S1O
114,TP7,38,-13.529,S1O
114,TP7,39,-14.994,S1O
114,TP7,40,-14.994,S1O
114,TP7,41,-14.506,S1O
114,TP7,42,-14.018,S1O
114,TP7,43,-14.018,S1O
114,TP7,44,-14.994,S1O
114,TP7,45,-16.459,S1O
114,TP7,46,-16.947,S1O
114,TP7,47,-16.459,S1O
114,TP7,48,-15.483,S1O
114,TP7,49,-14.018,S1O
114,TP7,50,-11.576,S1O
114,TP7,51,-8.647,S1O
114,TP7,52,-5.229,S1O
114,TP7,53,-2.299,S1O
114,TP7,54,-1.322,S1O
114,TP7,55,-1.811,S1O
114,TP7,56,-3.276,S1O
114,TP7,57,-4.740,S1O
114,TP7,58,-4.740,S1O
114,TP7,59,-2.787,S1O
114,TP7,60,-1.322,S1O
114,TP7,61,-0.346,S1O
114,TP7,62,-1.322,S1O
114,TP7,63,-3.276,S1O
114,TP7,64,-4.740,S1O
114,TP7,65,-5.229,S1O
114,TP7,66,-4.740,S1O
114,TP7,67,-4.740,S1O
114,TP7,68,-5.717,S1O
114,TP7,69,-7.670,S1O
114,TP7,70,-10.111,S1O
114,TP7,71,-12.065,S1O
114,TP7,72,-13.529,S1O
114,TP7,73,-14.994,S1O
114,TP7,74,-16.947,S1O
114,TP7,75,-17.924,S1O
114,TP7,76,-18.412,S1O
114,TP7,77,-17.436,S1O
114,TP7,78,-15.971,S1O
114,TP7,79,-14.994,S1O
114,TP7,80,-14.994,S1O
114,TP7,81,-15.483,S1O
114,TP7,82,-16.947,S1O
114,TP7,83,-17.436,S1O
114,TP7,84,-16.947,S1O
114,TP7,85,-15.971,S1O
114,TP7,86,-14.506,S1O
114,TP7,87,-13.529,S1O
114,TP7,88,-12.553,S1O
114,TP7,89,-12.065,S1O
114,TP7,90,-10.600,S1O
114,TP7,91,-9.135,S1O
114,TP7,92,-8.158,S1O
114,TP7,93,-7.670,S1O
114,TP7,94,-8.158,S1O
114,TP7,95,-9.135,S1O
114,TP7,96,-9.623,S1O
114,TP7,97,-9.623,S1O
114,TP7,98,-10.111,S1O
114,TP7,99,-10.600,S1O
114,TP7,100,-10.600,S1O
114,TP7,101,-11.088,S1O
114,TP7,102,-11.088,S1O
114,TP7,103,-11.088,S1O
114,TP7,104,-11.088,S1O
114,TP7,105,-11.088,S1O
114,TP7,106,-12.065,S1O
114,TP7,107,-12.553,S1O
114,TP7,108,-12.553,S1O
114,TP7,109,-12.065,S1O
114,TP7,110,-11.576,S1O
114,TP7,111,-11.576,S1O
114,TP7,112,-12.065,S1O
114,TP7,113,-13.041,S1O
114,TP7,114,-12.553,S1O
114,TP7,115,-11.576,S1O
114,TP7,116,-9.623,S1O
114,TP7,117,-8.158,S1O
114,TP7,118,-8.647,S1O
114,TP7,119,-9.623,S1O
114,TP7,120,-11.088,S1O
114,TP7,121,-12.065,S1O
114,TP7,122,-12.553,S1O
114,TP7,123,-13.041,S1O
114,TP7,124,-13.529,S1O
114,TP7,125,-14.018,S1O
114,TP7,126,-14.018,S1O
114,TP7,127,-14.018,S1O
114,TP7,128,-12.553,S1O
114,TP7,129,-12.065,S1O
114,TP7,130,-12.065,S1O
114,TP7,131,-13.041,S1O
114,TP7,132,-14.506,S1O
114,TP7,133,-15.971,S1O
114,TP7,134,-16.947,S1O
114,TP7,135,-16.947,S1O
114,TP7,136,-16.459,S1O
114,TP7,137,-14.994,S1O
114,TP7,138,-14.018,S1O
114,TP7,139,-13.529,S1O
114,TP7,140,-13.529,S1O
114,TP7,141,-14.506,S1O
114,TP7,142,-15.971,S1O
114,TP7,143,-16.459,S1O
114,TP7,144,-15.483,S1O
114,TP7,145,-13.529,S1O
114,TP7,146,-10.600,S1O
114,TP7,147,-9.135,S1O
114,TP7,148,-8.647,S1O
114,TP7,149,-8.647,S1O
114,TP7,150,-8.158,S1O
114,TP7,151,-6.694,S1O
114,TP7,152,-4.740,S1O
114,TP7,153,-3.276,S1O
114,TP7,154,-2.787,S1O
114,TP7,155,-4.740,S1O
114,TP7,156,-7.670,S1O
114,TP7,157,-11.088,S1O
114,TP7,158,-13.529,S1O
114,TP7,159,-14.506,S1O
114,TP7,160,-14.018,S1O
114,TP7,161,-13.529,S1O
114,TP7,162,-13.529,S1O
114,TP7,163,-14.506,S1O
114,TP7,164,-16.459,S1O
114,TP7,165,-17.436,S1O
114,TP7,166,-17.924,S1O
114,TP7,167,-17.436,S1O
114,TP7,168,-17.436,S1O
114,TP7,169,-17.924,S1O
114,TP7,170,-18.412,S1O
114,TP7,171,-19.389,S1O
114,TP7,172,-19.877,S1O
114,TP7,173,-19.877,S1O
114,TP7,174,-19.877,S1O
114,TP7,175,-19.389,S1O
114,TP7,176,-19.389,S1O
114,TP7,177,-19.389,S1O
114,TP7,178,-19.877,S1O
114,TP7,179,-19.877,S1O
114,TP7,180,-19.877,S1O
114,TP7,181,-19.389,S1O
114,TP7,182,-18.412,S1O
114,TP7,183,-17.436,S1O
114,TP7,184,-16.459,S1O
114,TP7,185,-15.971,S1O
114,TP7,186,-14.994,S1O
114,TP7,187,-14.506,S1O
114,TP7,188,-12.553,S1O
114,TP7,189,-10.111,S1O
114,TP7,190,-8.158,S1O
114,TP7,191,-7.670,S1O
114,TP7,192,-9.623,S1O
114,TP7,193,-13.529,S1O
114,TP7,194,-16.459,S1O
114,TP7,195,-18.901,S1O
114,TP7,196,-18.412,S1O
114,TP7,197,-16.947,S1O
114,TP7,198,-15.971,S1O
114,TP7,199,-16.459,S1O
114,TP7,200,-19.389,S1O
114,TP7,201,-23.295,S1O
114,TP7,202,-27.690,S1O
114,TP7,203,-30.131,S1O
114,TP7,204,-30.619,S1O
114,TP7,205,-30.131,S1O
114,TP7,206,-29.154,S1O
114,TP7,207,-29.154,S1O
114,TP7,208,-28.666,S1O
114,TP7,209,-28.178,S1O
114,TP7,210,-26.713,S1O
114,TP7,211,-24.760,S1O
114,TP7,212,-22.807,S1O
114,TP7,213,-22.319,S1O
114,TP7,214,-21.830,S1O
114,TP7,215,-22.319,S1O
114,TP7,216,-22.807,S1O
114,TP7,217,-23.295,S1O
114,TP7,218,-25.248,S1O
114,TP7,219,-27.201,S1O
114,TP7,220,-29.643,S1O
114,TP7,221,-30.131,S1O
114,TP7,222,-29.643,S1O
114,TP7,223,-28.178,S1O
114,TP7,224,-27.201,S1O
114,TP7,225,-27.201,S1O
114,TP7,226,-28.178,S1O
114,TP7,227,-28.178,S1O
114,TP7,228,-27.201,S1O
114,TP7,229,-25.736,S1O
114,TP7,230,-25.736,S1O
114,TP7,231,-28.178,S1O
114,TP7,232,-32.084,S1O
114,TP7,233,-35.990,S1O
114,TP7,234,-37.455,S1O
114,TP7,235,-36.479,S1O
114,TP7,236,-34.037,S1O
114,TP7,237,-31.108,S1O
114,TP7,238,-27.690,S1O
114,TP7,239,-23.295,S1O
114,TP7,240,-18.901,S1O
114,TP7,241,-14.994,S1O
114,TP7,242,-12.553,S1O
114,TP7,243,-11.576,S1O
114,TP7,244,-12.553,S1O
114,TP7,245,-14.018,S1O
114,TP7,246,-15.971,S1O
114,TP7,247,-17.924,S1O
114,TP7,248,-19.389,S1O
114,TP7,249,-20.365,S1O
114,TP7,250,-21.342,S1O
114,TP7,251,-21.830,S1O
114,TP7,252,-21.830,S1O
114,TP7,253,-22.319,S1O
114,TP7,254,-23.295,S1O
114,TP7,255,-24.760,S1O
114,AFZ,0,-3.103,S1O
114,AFZ,1,-2.614,S1O
114,AFZ,2,-1.149,S1O
114,AFZ,3,-0.173,S1O
114,AFZ,4,0.315,S1O
114,AFZ,5,0.315,S1O
114,AFZ,6,-0.173,S1O
114,AFZ,7,0.315,S1O
114,AFZ,8,0.804,S1O
114,AFZ,9,2.268,S1O
114,AFZ,10,3.245,S1O
114,AFZ,11,4.222,S1O
114,AFZ,12,3.733,S1O
114,AFZ,13,2.268,S1O
114,AFZ,14,1.292,S1O
114,AFZ,15,0.315,S1O
114,AFZ,16,-0.173,S1O
114,AFZ,17,-0.173,S1O
114,AFZ,18,0.315,S1O
114,AFZ,19,-0.173,S1O
114,AFZ,20,-2.126,S1O
114,AFZ,21,-4.567,S1O
114,AFZ,22,-6.521,S1O
114,AFZ,23,-8.474,S1O
114,AFZ,24,-7.985,S1O
114,AFZ,25,-7.009,S1O
114,AFZ,26,-6.521,S1O
114,AFZ,27,-7.009,S1O
114,AFZ,28,-8.962,S1O
114,AFZ,29,-11.403,S1O
114,AFZ,30,-12.868,S1O
114,AFZ,31,-12.380,S1O
114,AFZ,32,-9.939,S1O
114,AFZ,33,-6.521,S1O
114,AFZ,34,-3.103,S1O
114,AFZ,35,-1.149,S1O
114,AFZ,36,-1.149,S1O
114,AFZ,37,-1.638,S1O
114,AFZ,38,-2.126,S1O
114,AFZ,39,-2.126,S1O
114,AFZ,40,-1.149,S1O
114,AFZ,41,0.804,S1O
114,AFZ,42,2.268,S1O
114,AFZ,43,2.757,S1O
114,AFZ,44,2.757,S1O
114,AFZ,45,2.757,S1O
114,AFZ,46,2.268,S1O
114,AFZ,47,2.757,S1O
114,AFZ,48,2.268,S1O
114,AFZ,49,1.292,S1O
114,AFZ,50,0.315,S1O
114,AFZ,51,-1.149,S1O
114,AFZ,52,-1.638,S1O
114,AFZ,53,-2.126,S1O
114,AFZ,54,-3.591,S1O
114,AFZ,55,-5.544,S1O
114,AFZ,56,-8.474,S1O
114,AFZ,57,-10.915,S1O
114,AFZ,58,-11.892,S1O
114,AFZ,59,-11.403,S1O
114,AFZ,60,-10.427,S1O
114,AFZ,61,-10.427,S1O
114,AFZ,62,-11.403,S1O
114,AFZ,63,-12.868,S1O
114,AFZ,64,-13.845,S1O
114,AFZ,65,-13.357,S1O
114,AFZ,66,-12.380,S1O
114,AFZ,67,-11.403,S1O
114,AFZ,68,-10.427,S1O
114,AFZ,69,-11.403,S1O
114,AFZ,70,-11.892,S1O
114,AFZ,71,-11.403,S1O
114,AFZ,72,-10.427,S1O
114,AFZ,73,-8.474,S1O
114,AFZ,74,-7.497,S1O
114,AFZ,75,-7.009,S1O
114,AFZ,76,-7.985,S1O
114,AFZ,77,-9.450,S1O
114,AFZ,78,-10.427,S1O
114,AFZ,79,-9.939,S1O
114,AFZ,80,-8.474,S1O
114,AFZ,81,-7.497,S1O
114,AFZ,82,-6.032,S1O
114,AFZ,83,-5.056,S1O
114,AFZ,84,-3.591,S1O
114,AFZ,85,-2.614,S1O
114,AFZ,86,-1.638,S1O
114,AFZ,87,-1.149,S1O
114,AFZ,88,-1.149,S1O
114,AFZ,89,-2.126,S1O
114,AFZ,90,-3.103,S1O
114,AFZ,91,-3.591,S1O
114,AFZ,92,-4.079,S1O
114,AFZ,93,-4.567,S1O
114,AFZ,94,-5.056,S1O
114,AFZ,95,-4.567,S1O
114,AFZ,96,-4.079,S1O
114,AFZ,97,-3.103,S1O
114,AFZ,98,-2.126,S1O
114,AFZ,99,-2.126,S1O
114,AFZ,100,-3.103,S1O
114,AFZ,101,-3.591,S1O
114,AFZ,102,-4.079,S1O
114,AFZ,103,-3.591,S1O
114,AFZ,104,-2.126,S1O
114,AFZ,105,-1.149,S1O
114,AFZ,106,-0.661,S1O
114,AFZ,107,-1.149,S1O
114,AFZ,108,-2.126,S1O
114,AFZ,109,-2.614,S1O
114,AFZ,110,-2.126,S1O
114,AFZ,111,-1.638,S1O
114,AFZ,112,-1.149,S1O
114,AFZ,113,-2.126,S1O
114,AFZ,114,-2.614,S1O
114,AFZ,115,-3.591,S1O
114,AFZ,116,-4.079,S1O
114,AFZ,117,-4.079,S1O
114,AFZ,118,-3.591,S1O
114,AFZ,119,-3.103,S1O
114,AFZ,120,-2.126,S1O
114,AFZ,121,-1.149,S1O
114,AFZ,122,-0.173,S1O
114,AFZ,123,0.315,S1O
114,AFZ,124,0.804,S1O
114,AFZ,125,0.315,S1O
114,AFZ,126,-0.661,S1O
114,AFZ,127,-1.149,S1O
114,AFZ,128,-1.638,S1O
114,AFZ,129,-2.126,S1O
114,AFZ,130,-2.614,S1O
114,AFZ,131,-3.591,S1O
114,AFZ,132,-3.103,S1O
114,AFZ,133,-2.614,S1O
114,AFZ,134,-1.149,S1O
114,AFZ,135,0.315,S1O
114,AFZ,136,0.315,S1O
114,AFZ,137,-0.661,S1O
114,AFZ,138,-1.638,S1O
114,AFZ,139,-2.614,S1O
114,AFZ,140,-2.614,S1O
114,AFZ,141,-2.614,S1O
114,AFZ,142,-3.591,S1O
114,AFZ,143,-5.056,S1O
114,AFZ,144,-6.521,S1O
114,AFZ,145,-7.497,S1O
114,AFZ,146,-6.521,S1O
114,AFZ,147,-4.567,S1O
114,AFZ,148,-3.103,S1O
114,AFZ,149,-2.614,S1O
114,AFZ,150,-3.103,S1O
114,AFZ,151,-4.079,S1O
114,AFZ,152,-5.056,S1O
114,AFZ,153,-5.544,S1O
114,AFZ,154,-5.544,S1O
114,AFZ,155,-5.544,S1O
114,AFZ,156,-6.032,S1O
114,AFZ,157,-7.497,S1O
114,AFZ,158,-8.962,S1O
114,AFZ,159,-10.915,S1O
114,AFZ,160,-11.403,S1O
114,AFZ,161,-11.403,S1O
114,AFZ,162,-10.427,S1O
114,AFZ,163,-8.474,S1O
114,AFZ,164,-7.497,S1O
114,AFZ,165,-7.497,S1O
114,AFZ,166,-8.962,S1O
114,AFZ,167,-10.915,S1O
114,AFZ,168,-11.892,S1O
114,AFZ,169,-11.403,S1O
114,AFZ,170,-8.962,S1O
114,AFZ,171,-6.032,S1O
114,AFZ,172,-4.567,S1O
114,AFZ,173,-4.567,S1O
114,AFZ,174,-7.009,S1O
114,AFZ,175,-8.962,S1O
114,AFZ,176,-10.427,S1O
114,AFZ,177,-9.450,S1O
114,AFZ,178,-7.497,S1O
114,AFZ,179,-6.521,S1O
114,AFZ,180,-7.009,S1O
114,AFZ,181,-8.474,S1O
114,AFZ,182,-8.962,S1O
114,AFZ,183,-8.962,S1O
114,AFZ,184,-7.009,S1O
114,AFZ,185,-3.591,S1O
114,AFZ,186,-1.149,S1O
114,AFZ,187,0.315,S1O
114,AFZ,188,-0.173,S1O
114,AFZ,189,-1.149,S1O
114,AFZ,190,-1.638,S1O
114,AFZ,191,-1.638,S1O
114,AFZ,192,-1.149,S1O
114,AFZ,193,-1.149,S1O
114,AFZ,194,-2.126,S1O
114,AFZ,195,-4.079,S1O
114,AFZ,196,-5.544,S1O
114,AFZ,197,-6.521,S1O
114,AFZ,198,-6.032,S1O
114,AFZ,199,-5.056,S1O
114,AFZ,200,-4.567,S1O
114,AFZ,201,-4.567,S1O
114,AFZ,202,-5.544,S1O
114,AFZ,203,-6.521,S1O
114,AFZ,204,-7.009,S1O
114,AFZ,205,-6.032,S1O
114,AFZ,206,-4.567,S1O
114,AFZ,207,-3.103,S1O
114,AFZ,208,-3.103,S1O
114,AFZ,209,-5.544,S1O
114,AFZ,210,-8.962,S1O
114,AFZ,211,-12.380,S1O
114,AFZ,212,-14.333,S1O
114,AFZ,213,-13.845,S1O
114,AFZ,214,-11.892,S1O
114,AFZ,215,-9.939,S1O
114,AFZ,216,-8.474,S1O
114,AFZ,217,-8.474,S1O
114,AFZ,218,-8.962,S1O
114,AFZ,219,-9.450,S1O
114,AFZ,220,-8.962,S1O
114,AFZ,221,-7.497,S1O
114,AFZ,222,-6.521,S1O
114,AFZ,223,-6.032,S1O
114,AFZ,224,-7.009,S1O
114,AFZ,225,-7.985,S1O
114,AFZ,226,-9.450,S1O
114,AFZ,227,-10.427,S1O
114,AFZ,228,-9.939,S1O
114,AFZ,229,-7.985,S1O
114,AFZ,230,-6.521,S1O
114,AFZ,231,-5.544,S1O
114,AFZ,232,-5.544,S1O
114,AFZ,233,-6.521,S1O
114,AFZ,234,-7.497,S1O
114,AFZ,235,-7.009,S1O
114,AFZ,236,-5.544,S1O
114,AFZ,237,-3.591,S1O
114,AFZ,238,-1.638,S1O
114,AFZ,239,-0.661,S1O
114,AFZ,240,-0.661,S1O
114,AFZ,241,-2.126,S1O
114,AFZ,242,-4.079,S1O
114,AFZ,243,-5.544,S1O
114,AFZ,244,-6.032,S1O
114,AFZ,245,-6.032,S1O
114,AFZ,246,-5.056,S1O
114,AFZ,247,-4.567,S1O
114,AFZ,248,-4.079,S1O
114,AFZ,249,-4.567,S1O
114,AFZ,250,-4.567,S1O
114,AFZ,251,-5.056,S1O
114,AFZ,252,-5.056,S1O
114,AFZ,253,-5.056,S1O
114,AFZ,254,-5.544,S1O
114,AFZ,255,-6.032,S1O
114,CP3,0,-5.585,S1O
114,CP3,1,-6.561,S1O
114,CP3,2,-5.585,S1O
114,CP3,3,-5.096,S1O
114,CP3,4,-4.608,S1O
114,CP3,5,-5.585,S1O
114,CP3,6,-6.561,S1O
114,CP3,7,-7.050,S1O
114,CP3,8,-6.073,S1O
114,CP3,9,-4.120,S1O
114,CP3,10,-2.167,S1O
114,CP3,11,-1.190,S1O
114,CP3,12,-1.190,S1O
114,CP3,13,-2.167,S1O
114,CP3,14,-3.143,S1O
114,CP3,15,-4.120,S1O
114,CP3,16,-4.608,S1O
114,CP3,17,-5.096,S1O
114,CP3,18,-5.096,S1O
114,CP3,19,-5.585,S1O
114,CP3,20,-6.073,S1O
114,CP3,21,-7.050,S1O
114,CP3,22,-6.561,S1O
114,CP3,23,-6.073,S1O
114,CP3,24,-5.096,S1O
114,CP3,25,-4.120,S1O
114,CP3,26,-3.632,S1O
114,CP3,27,-3.632,S1O
114,CP3,28,-5.096,S1O
114,CP3,29,-6.073,S1O
114,CP3,30,-6.561,S1O
114,CP3,31,-6.561,S1O
114,CP3,32,-6.073,S1O
114,CP3,33,-6.073,S1O
114,CP3,34,-6.073,S1O
114,CP3,35,-6.561,S1O
114,CP3,36,-6.561,S1O
114,CP3,37,-6.561,S1O
114,CP3,38,-7.538,S1O
114,CP3,39,-8.026,S1O
114,CP3,40,-8.514,S1O
114,CP3,41,-8.514,S1O
114,CP3,42,-8.026,S1O
114,CP3,43,-7.050,S1O
114,CP3,44,-6.561,S1O
114,CP3,45,-7.050,S1O
114,CP3,46,-8.026,S1O
114,CP3,47,-8.514,S1O
114,CP3,48,-8.514,S1O
114,CP3,49,-7.538,S1O
114,CP3,50,-6.073,S1O
114,CP3,51,-4.608,S1O
114,CP3,52,-2.167,S1O
114,CP3,53,-0.214,S1O
114,CP3,54,1.251,S1O
114,CP3,55,1.740,S1O
114,CP3,56,0.763,S1O
114,CP3,57,0.275,S1O
114,CP3,58,0.275,S1O
114,CP3,59,1.740,S1O
114,CP3,60,3.693,S1O
114,CP3,61,4.181,S1O
114,CP3,62,3.204,S1O
114,CP3,63,1.251,S1O
114,CP3,64,-0.214,S1O
114,CP3,65,-0.702,S1O
114,CP3,66,-0.214,S1O
114,CP3,67,0.275,S1O
114,CP3,68,-0.214,S1O
114,CP3,69,-1.678,S1O
114,CP3,70,-3.143,S1O
114,CP3,71,-4.120,S1O
114,CP3,72,-4.608,S1O
114,CP3,73,-5.096,S1O
114,CP3,74,-6.073,S1O
114,CP3,75,-7.050,S1O
114,CP3,76,-7.538,S1O
114,CP3,77,-6.561,S1O
114,CP3,78,-5.096,S1O
114,CP3,79,-5.096,S1O
114,CP3,80,-5.585,S1O
114,CP3,81,-7.538,S1O
114,CP3,82,-9.003,S1O
114,CP3,83,-9.491,S1O
114,CP3,84,-9.003,S1O
114,CP3,85,-8.026,S1O
114,CP3,86,-6.561,S1O
114,CP3,87,-6.073,S1O
114,CP3,88,-6.073,S1O
114,CP3,89,-6.073,S1O
114,CP3,90,-4.608,S1O
114,CP3,91,-3.632,S1O
114,CP3,92,-2.167,S1O
114,CP3,93,-2.167,S1O
114,CP3,94,-3.143,S1O
114,CP3,95,-4.120,S1O
114,CP3,96,-5.585,S1O
114,CP3,97,-6.073,S1O
114,CP3,98,-6.073,S1O
114,CP3,99,-5.585,S1O
114,CP3,100,-5.096,S1O
114,CP3,101,-5.096,S1O
114,CP3,102,-5.096,S1O
114,CP3,103,-5.585,S1O
114,CP3,104,-5.585,S1O
114,CP3,105,-6.073,S1O
114,CP3,106,-6.561,S1O
114,CP3,107,-6.561,S1O
114,CP3,108,-6.561,S1O
114,CP3,109,-6.561,S1O
114,CP3,110,-6.073,S1O
114,CP3,111,-6.073,S1O
114,CP3,112,-5.585,S1O
114,CP3,113,-5.096,S1O
114,CP3,114,-4.120,S1O
114,CP3,115,-3.143,S1O
114,CP3,116,-2.655,S1O
114,CP3,117,-2.167,S1O
114,CP3,118,-2.655,S1O
114,CP3,119,-3.632,S1O
114,CP3,120,-4.608,S1O
114,CP3,121,-5.585,S1O
114,CP3,122,-5.585,S1O
114,CP3,123,-5.585,S1O
114,CP3,124,-4.608,S1O
114,CP3,125,-3.632,S1O
114,CP3,126,-3.632,S1O
114,CP3,127,-3.632,S1O
114,CP3,128,-3.632,S1O
114,CP3,129,-4.608,S1O
114,CP3,130,-5.096,S1O
114,CP3,131,-6.073,S1O
114,CP3,132,-6.561,S1O
114,CP3,133,-8.026,S1O
114,CP3,134,-9.491,S1O
114,CP3,135,-10.956,S1O
114,CP3,136,-10.956,S1O
114,CP3,137,-9.979,S1O
114,CP3,138,-8.514,S1O
114,CP3,139,-7.050,S1O
114,CP3,140,-6.073,S1O
114,CP3,141,-6.073,S1O
114,CP3,142,-5.585,S1O
114,CP3,143,-5.096,S1O
114,CP3,144,-4.120,S1O
114,CP3,145,-3.632,S1O
114,CP3,146,-3.632,S1O
114,CP3,147,-4.120,S1O
114,CP3,148,-4.608,S1O
114,CP3,149,-3.632,S1O
114,CP3,150,-2.167,S1O
114,CP3,151,-1.190,S1O
114,CP3,152,-0.702,S1O
114,CP3,153,-0.702,S1O
114,CP3,154,-1.190,S1O
114,CP3,155,-1.678,S1O
114,CP3,156,-2.655,S1O
114,CP3,157,-4.120,S1O
114,CP3,158,-5.096,S1O
114,CP3,159,-5.096,S1O
114,CP3,160,-3.632,S1O
114,CP3,161,-2.167,S1O
114,CP3,162,-1.678,S1O
114,CP3,163,-3.143,S1O
114,CP3,164,-5.585,S1O
114,CP3,165,-7.538,S1O
114,CP3,166,-8.026,S1O
114,CP3,167,-7.538,S1O
114,CP3,168,-6.561,S1O
114,CP3,169,-7.538,S1O
114,CP3,170,-9.491,S1O
114,CP3,171,-11.444,S1O
114,CP3,172,-12.421,S1O
114,CP3,173,-11.932,S1O
114,CP3,174,-10.468,S1O
114,CP3,175,-9.003,S1O
114,CP3,176,-8.026,S1O
114,CP3,177,-8.514,S1O
114,CP3,178,-9.003,S1O
114,CP3,179,-9.491,S1O
114,CP3,180,-9.491,S1O
114,CP3,181,-9.003,S1O
114,CP3,182,-7.538,S1O
114,CP3,183,-6.073,S1O
114,CP3,184,-5.585,S1O
114,CP3,185,-6.561,S1O
114,CP3,186,-7.538,S1O
114,CP3,187,-8.514,S1O
114,CP3,188,-8.026,S1O
114,CP3,189,-7.050,S1O
114,CP3,190,-5.585,S1O
114,CP3,191,-5.096,S1O
114,CP3,192,-5.585,S1O
114,CP3,193,-7.538,S1O
114,CP3,194,-9.003,S1O
114,CP3,195,-9.491,S1O
114,CP3,196,-9.003,S1O
114,CP3,197,-8.514,S1O
114,CP3,198,-8.026,S1O
114,CP3,199,-9.003,S1O
114,CP3,200,-9.979,S1O
114,CP3,201,-11.444,S1O
114,CP3,202,-12.909,S1O
114,CP3,203,-13.885,S1O
114,CP3,204,-14.862,S1O
114,CP3,205,-15.839,S1O
114,CP3,206,-15.839,S1O
114,CP3,207,-15.839,S1O
114,CP3,208,-14.374,S1O
114,CP3,209,-12.421,S1O
114,CP3,210,-10.956,S1O
114,CP3,211,-9.979,S1O
114,CP3,212,-9.491,S1O
114,CP3,213,-9.979,S1O
114,CP3,214,-9.979,S1O
114,CP3,215,-10.468,S1O
114,CP3,216,-10.468,S1O
114,CP3,217,-11.444,S1O
114,CP3,218,-12.909,S1O
114,CP3,219,-13.885,S1O
114,CP3,220,-13.885,S1O
114,CP3,221,-12.421,S1O
114,CP3,222,-10.956,S1O
114,CP3,223,-9.979,S1O
114,CP3,224,-10.468,S1O
114,CP3,225,-11.444,S1O
114,CP3,226,-11.932,S1O
114,CP3,227,-11.444,S1O
114,CP3,228,-10.468,S1O
114,CP3,229,-10.468,S1O
114,CP3,230,-11.444,S1O
114,CP3,231,-13.397,S1O
114,CP3,232,-15.350,S1O
114,CP3,233,-17.303,S1O
114,CP3,234,-17.792,S1O
114,CP3,235,-18.280,S1O
114,CP3,236,-18.280,S1O
114,CP3,237,-17.303,S1O
114,CP3,238,-15.350,S1O
114,CP3,239,-12.421,S1O
114,CP3,240,-9.491,S1O
114,CP3,241,-7.050,S1O
114,CP3,242,-6.073,S1O
114,CP3,243,-6.073,S1O
114,CP3,244,-6.073,S1O
114,CP3,245,-6.561,S1O
114,CP3,246,-7.538,S1O
114,CP3,247,-8.514,S1O
114,CP3,248,-9.491,S1O
114,CP3,249,-9.979,S1O
114,CP3,250,-9.979,S1O
114,CP3,251,-9.003,S1O
114,CP3,252,-8.514,S1O
114,CP3,253,-8.514,S1O
114,CP3,254,-9.003,S1O
114,CP3,255,-9.003,S1O
114,CP4,0,-2.197,S1O
114,CP4,1,-2.197,S1O
114,CP4,2,-2.197,S1O
114,CP4,3,-2.197,S1O
114,CP4,4,-2.686,S1O
114,CP4,5,-2.197,S1O
114,CP4,6,-2.197,S1O
114,CP4,7,-1.709,S1O
114,CP4,8,-1.221,S1O
114,CP4,9,-0.244,S1O
114,CP4,10,0.244,S1O
114,CP4,11,0.732,S1O
114,CP4,12,1.221,S1O
114,CP4,13,1.221,S1O
114,CP4,14,0.732,S1O
114,CP4,15,0.244,S1O
114,CP4,16,0.732,S1O
114,CP4,17,1.221,S1O
114,CP4,18,1.709,S1O
114,CP4,19,2.197,S1O
114,CP4,20,1.709,S1O
114,CP4,21,1.709,S1O
114,CP4,22,2.197,S1O
114,CP4,23,3.174,S1O
114,CP4,24,4.150,S1O
114,CP4,25,4.150,S1O
114,CP4,26,3.662,S1O
114,CP4,27,3.174,S1O
114,CP4,28,2.197,S1O
114,CP4,29,1.221,S1O
114,CP4,30,-0.244,S1O
114,CP4,31,-1.221,S1O
114,CP4,32,-1.221,S1O
114,CP4,33,-0.732,S1O
114,CP4,34,0.732,S1O
114,CP4,35,1.709,S1O
114,CP4,36,1.221,S1O
114,CP4,37,-0.244,S1O
114,CP4,38,-2.686,S1O
114,CP4,39,-4.150,S1O
114,CP4,40,-5.127,S1O
114,CP4,41,-4.639,S1O
114,CP4,42,-4.150,S1O
114,CP4,43,-4.639,S1O
114,CP4,44,-6.104,S1O
114,CP4,45,-8.057,S1O
114,CP4,46,-10.010,S1O
114,CP4,47,-10.498,S1O
114,CP4,48,-10.010,S1O
114,CP4,49,-8.545,S1O
114,CP4,50,-5.615,S1O
114,CP4,51,-2.686,S1O
114,CP4,52,-0.244,S1O
114,CP4,53,0.244,S1O
114,CP4,54,-0.244,S1O
114,CP4,55,-0.732,S1O
114,CP4,56,-1.221,S1O
114,CP4,57,-1.221,S1O
114,CP4,58,-0.244,S1O
114,CP4,59,0.732,S1O
114,CP4,60,2.197,S1O
114,CP4,61,3.174,S1O
114,CP4,62,3.662,S1O
114,CP4,63,4.639,S1O
114,CP4,64,5.127,S1O
114,CP4,65,6.104,S1O
114,CP4,66,6.592,S1O
114,CP4,67,6.592,S1O
114,CP4,68,6.592,S1O
114,CP4,69,5.615,S1O
114,CP4,70,3.662,S1O
114,CP4,71,1.221,S1O
114,CP4,72,-0.244,S1O
114,CP4,73,-1.709,S1O
114,CP4,74,-2.197,S1O
114,CP4,75,-2.686,S1O
114,CP4,76,-2.686,S1O
114,CP4,77,-2.197,S1O
114,CP4,78,-0.732,S1O
114,CP4,79,0.244,S1O
114,CP4,80,1.221,S1O
114,CP4,81,1.221,S1O
114,CP4,82,0.244,S1O
114,CP4,83,-0.244,S1O
114,CP4,84,-0.732,S1O
114,CP4,85,-0.244,S1O
114,CP4,86,-0.244,S1O
114,CP4,87,0.244,S1O
114,CP4,88,0.732,S1O
114,CP4,89,0.732,S1O
114,CP4,90,0.244,S1O
114,CP4,91,0.732,S1O
114,CP4,92,0.732,S1O
114,CP4,93,1.709,S1O
114,CP4,94,3.174,S1O
114,CP4,95,4.150,S1O
114,CP4,96,4.639,S1O
114,CP4,97,4.639,S1O
114,CP4,98,3.662,S1O
114,CP4,99,2.686,S1O
114,CP4,100,2.686,S1O
114,CP4,101,3.174,S1O
114,CP4,102,4.150,S1O
114,CP4,103,4.639,S1O
114,CP4,104,4.639,S1O
114,CP4,105,4.150,S1O
114,CP4,106,3.174,S1O
114,CP4,107,2.197,S1O
114,CP4,108,1.221,S1O
114,CP4,109,0.244,S1O
114,CP4,110,-1.221,S1O
114,CP4,111,-2.197,S1O
114,CP4,112,-2.686,S1O
114,CP4,113,-2.686,S1O
114,CP4,114,-1.709,S1O
114,CP4,115,-0.244,S1O
114,CP4,116,0.732,S1O
114,CP4,117,1.709,S1O
114,CP4,118,2.686,S1O
114,CP4,119,3.174,S1O
114,CP4,120,3.662,S1O
114,CP4,121,3.174,S1O
114,CP4,122,2.197,S1O
114,CP4,123,0.732,S1O
114,CP4,124,-0.732,S1O
114,CP4,125,-1.221,S1O
114,CP4,126,-0.732,S1O
114,CP4,127,-0.244,S1O
114,CP4,128,-0.244,S1O
114,CP4,129,-1.709,S1O
114,CP4,130,-3.174,S1O
114,CP4,131,-5.127,S1O
114,CP4,132,-5.615,S1O
114,CP4,133,-5.127,S1O
114,CP4,134,-4.639,S1O
114,CP4,135,-4.150,S1O
114,CP4,136,-4.639,S1O
114,CP4,137,-4.639,S1O
114,CP4,138,-4.150,S1O
114,CP4,139,-3.174,S1O
114,CP4,140,-1.709,S1O
114,CP4,141,-1.709,S1O
114,CP4,142,-2.686,S1O
114,CP4,143,-4.639,S1O
114,CP4,144,-5.615,S1O
114,CP4,145,-5.615,S1O
114,CP4,146,-5.615,S1O
114,CP4,147,-5.127,S1O
114,CP4,148,-5.615,S1O
114,CP4,149,-6.104,S1O
114,CP4,150,-6.592,S1O
114,CP4,151,-6.592,S1O
114,CP4,152,-6.104,S1O
114,CP4,153,-5.615,S1O
114,CP4,154,-5.615,S1O
114,CP4,155,-5.615,S1O
114,CP4,156,-5.615,S1O
114,CP4,157,-5.615,S1O
114,CP4,158,-5.615,S1O
114,CP4,159,-5.127,S1O
114,CP4,160,-4.639,S1O
114,CP4,161,-4.150,S1O
114,CP4,162,-4.150,S1O
114,CP4,163,-3.662,S1O
114,CP4,164,-4.150,S1O
114,CP4,165,-5.615,S1O
114,CP4,166,-7.080,S1O
114,CP4,167,-8.057,S1O
114,CP4,168,-9.033,S1O
114,CP4,169,-9.033,S1O
114,CP4,170,-9.521,S1O
114,CP4,171,-9.033,S1O
114,CP4,172,-8.545,S1O
114,CP4,173,-8.057,S1O
114,CP4,174,-7.080,S1O
114,CP4,175,-6.104,S1O
114,CP4,176,-5.615,S1O
114,CP4,177,-5.127,S1O
114,CP4,178,-5.615,S1O
114,CP4,179,-6.104,S1O
114,CP4,180,-6.592,S1O
114,CP4,181,-6.592,S1O
114,CP4,182,-6.592,S1O
114,CP4,183,-6.104,S1O
114,CP4,184,-6.592,S1O
114,CP4,185,-7.080,S1O
114,CP4,186,-7.080,S1O
114,CP4,187,-6.592,S1O
114,CP4,188,-5.615,S1O
114,CP4,189,-4.639,S1O
114,CP4,190,-4.150,S1O
114,CP4,191,-4.639,S1O
114,CP4,192,-5.127,S1O
114,CP4,193,-6.104,S1O
114,CP4,194,-6.104,S1O
114,CP4,195,-6.104,S1O
114,CP4,196,-5.615,S1O
114,CP4,197,-4.639,S1O
114,CP4,198,-3.662,S1O
114,CP4,199,-3.174,S1O
114,CP4,200,-2.686,S1O
114,CP4,201,-3.174,S1O
114,CP4,202,-4.639,S1O
114,CP4,203,-6.104,S1O
114,CP4,204,-7.568,S1O
114,CP4,205,-7.568,S1O
114,CP4,206,-6.592,S1O
114,CP4,207,-5.615,S1O
114,CP4,208,-5.127,S1O
114,CP4,209,-5.615,S1O
114,CP4,210,-7.080,S1O
114,CP4,211,-9.033,S1O
114,CP4,212,-9.521,S1O
114,CP4,213,-9.033,S1O
114,CP4,214,-8.057,S1O
114,CP4,215,-6.592,S1O
114,CP4,216,-6.104,S1O
114,CP4,217,-6.592,S1O
114,CP4,218,-8.057,S1O
114,CP4,219,-8.545,S1O
114,CP4,220,-8.545,S1O
114,CP4,221,-7.080,S1O
114,CP4,222,-5.127,S1O
114,CP4,223,-3.662,S1O
114,CP4,224,-3.174,S1O
114,CP4,225,-3.174,S1O
114,CP4,226,-4.150,S1O
114,CP4,227,-4.639,S1O
114,CP4,228,-5.127,S1O
114,CP4,229,-6.592,S1O
114,CP4,230,-8.057,S1O
114,CP4,231,-10.010,S1O
114,CP4,232,-11.963,S1O
114,CP4,233,-12.939,S1O
114,CP4,234,-13.428,S1O
114,CP4,235,-12.939,S1O
114,CP4,236,-11.963,S1O
114,CP4,237,-11.475,S1O
114,CP4,238,-10.010,S1O
114,CP4,239,-8.057,S1O
114,CP4,240,-6.592,S1O
114,CP4,241,-6.104,S1O
114,CP4,242,-7.080,S1O
114,CP4,243,-8.057,S1O
114,CP4,244,-9.033,S1O
114,CP4,245,-9.033,S1O
114,CP4,246,-8.545,S1O
114,CP4,247,-7.568,S1O
114,CP4,248,-7.080,S1O
114,CP4,249,-6.592,S1O
114,CP4,250,-6.592,S1O
114,CP4,251,-6.592,S1O
114,CP4,252,-7.080,S1O
114,CP4,253,-6.592,S1O
114,CP4,254,-6.592,S1O
114,CP4,255,-5.615,S1O
114,P5,0,-7.385,S1O
114,P5,1,-8.362,S1O
114,P5,2,-8.362,S1O
114,P5,3,-8.362,S1O
114,P5,4,-8.362,S1O
114,P5,5,-8.850,S1O
114,P5,6,-9.338,S1O
114,P5,7,-9.827,S1O
114,P5,8,-8.850,S1O
114,P5,9,-7.385,S1O
114,P5,10,-4.944,S1O
114,P5,11,-3.479,S1O
114,P5,12,-2.502,S1O
114,P5,13,-2.502,S1O
114,P5,14,-3.967,S1O
114,P5,15,-5.432,S1O
114,P5,16,-6.409,S1O
114,P5,17,-6.897,S1O
114,P5,18,-6.897,S1O
114,P5,19,-7.385,S1O
114,P5,20,-7.874,S1O
114,P5,21,-8.850,S1O
114,P5,22,-9.338,S1O
114,P5,23,-8.850,S1O
114,P5,24,-7.385,S1O
114,P5,25,-5.920,S1O
114,P5,26,-4.456,S1O
114,P5,27,-4.456,S1O
114,P5,28,-5.432,S1O
114,P5,29,-6.897,S1O
114,P5,30,-8.362,S1O
114,P5,31,-9.338,S1O
114,P5,32,-9.827,S1O
114,P5,33,-8.850,S1O
114,P5,34,-8.850,S1O
114,P5,35,-8.362,S1O
114,P5,36,-8.850,S1O
114,P5,37,-9.827,S1O
114,P5,38,-11.292,S1O
114,P5,39,-12.756,S1O
114,P5,40,-13.733,S1O
114,P5,41,-14.221,S1O
114,P5,42,-14.221,S1O
114,P5,43,-14.709,S1O
114,P5,44,-15.198,S1O
114,P5,45,-16.174,S1O
114,P5,46,-17.151,S1O
114,P5,47,-17.151,S1O
114,P5,48,-16.174,S1O
114,P5,49,-14.221,S1O
114,P5,50,-11.292,S1O
114,P5,51,-7.874,S1O
114,P5,52,-4.944,S1O
114,P5,53,-2.502,S1O
114,P5,54,-0.549,S1O
114,P5,55,-0.549,S1O
114,P5,56,-1.038,S1O
114,P5,57,-1.038,S1O
114,P5,58,-0.061,S1O
114,P5,59,1.892,S1O
114,P5,60,3.357,S1O
114,P5,61,3.845,S1O
114,P5,62,2.869,S1O
114,P5,63,1.892,S1O
114,P5,64,0.916,S1O
114,P5,65,0.916,S1O
114,P5,66,1.404,S1O
114,P5,67,1.404,S1O
114,P5,68,0.916,S1O
114,P5,69,-1.038,S1O
114,P5,70,-2.502,S1O
114,P5,71,-4.456,S1O
114,P5,72,-5.920,S1O
114,P5,73,-6.897,S1O
114,P5,74,-8.362,S1O
114,P5,75,-9.338,S1O
114,P5,76,-9.827,S1O
114,P5,77,-8.850,S1O
114,P5,78,-6.897,S1O
114,P5,79,-5.920,S1O
114,P5,80,-6.409,S1O
114,P5,81,-7.874,S1O
114,P5,82,-9.827,S1O
114,P5,83,-10.803,S1O
114,P5,84,-10.315,S1O
114,P5,85,-9.338,S1O
114,P5,86,-8.362,S1O
114,P5,87,-8.362,S1O
114,P5,88,-7.874,S1O
114,P5,89,-7.385,S1O
114,P5,90,-5.920,S1O
114,P5,91,-3.967,S1O
114,P5,92,-2.991,S1O
114,P5,93,-2.991,S1O
114,P5,94,-3.479,S1O
114,P5,95,-4.456,S1O
114,P5,96,-4.944,S1O
114,P5,97,-5.432,S1O
114,P5,98,-5.920,S1O
114,P5,99,-6.409,S1O
114,P5,100,-6.897,S1O
114,P5,101,-6.897,S1O
114,P5,102,-6.409,S1O
114,P5,103,-6.409,S1O
114,P5,104,-6.897,S1O
114,P5,105,-7.874,S1O
114,P5,106,-8.850,S1O
114,P5,107,-8.850,S1O
114,P5,108,-8.362,S1O
114,P5,109,-7.874,S1O
114,P5,110,-7.385,S1O
114,P5,111,-7.874,S1O
114,P5,112,-8.362,S1O
114,P5,113,-8.850,S1O
114,P5,114,-7.874,S1O
114,P5,115,-5.920,S1O
114,P5,116,-3.967,S1O
114,P5,117,-2.991,S1O
114,P5,118,-3.479,S1O
114,P5,119,-4.944,S1O
114,P5,120,-6.409,S1O
114,P5,121,-7.385,S1O
114,P5,122,-7.385,S1O
114,P5,123,-7.385,S1O
114,P5,124,-6.897,S1O
114,P5,125,-6.409,S1O
114,P5,126,-5.432,S1O
114,P5,127,-4.456,S1O
114,P5,128,-3.967,S1O
114,P5,129,-4.456,S1O
114,P5,130,-5.920,S1O
114,P5,131,-7.874,S1O
114,P5,132,-8.850,S1O
114,P5,133,-9.827,S1O
114,P5,134,-10.315,S1O
114,P5,135,-11.292,S1O
114,P5,136,-11.292,S1O
114,P5,137,-10.803,S1O
114,P5,138,-9.338,S1O
114,P5,139,-7.385,S1O
114,P5,140,-6.897,S1O
114,P5,141,-6.897,S1O
114,P5,142,-7.874,S1O
114,P5,143,-8.362,S1O
114,P5,144,-7.385,S1O
114,P5,145,-6.409,S1O
114,P5,146,-5.432,S1O
114,P5,147,-4.944,S1O
114,P5,148,-5.432,S1O
114,P5,149,-4.456,S1O
114,P5,150,-2.991,S1O
114,P5,151,-1.038,S1O
114,P5,152,0.427,S1O
114,P5,153,0.916,S1O
114,P5,154,-0.061,S1O
114,P5,155,-2.502,S1O
114,P5,156,-4.456,S1O
114,P5,157,-6.409,S1O
114,P5,158,-7.385,S1O
114,P5,159,-7.385,S1O
114,P5,160,-6.409,S1O
114,P5,161,-5.920,S1O
114,P5,162,-5.920,S1O
114,P5,163,-6.897,S1O
114,P5,164,-8.850,S1O
114,P5,165,-10.315,S1O
114,P5,166,-10.803,S1O
114,P5,167,-10.315,S1O
114,P5,168,-9.827,S1O
114,P5,169,-10.803,S1O
114,P5,170,-12.268,S1O
114,P5,171,-14.221,S1O
114,P5,172,-15.686,S1O
114,P5,173,-16.174,S1O
114,P5,174,-15.198,S1O
114,P5,175,-13.733,S1O
114,P5,176,-13.245,S1O
114,P5,177,-12.756,S1O
114,P5,178,-13.733,S1O
114,P5,179,-14.709,S1O
114,P5,180,-14.709,S1O
114,P5,181,-14.221,S1O
114,P5,182,-13.245,S1O
114,P5,183,-12.268,S1O
114,P5,184,-12.268,S1O
114,P5,185,-12.756,S1O
114,P5,186,-13.245,S1O
114,P5,187,-12.268,S1O
114,P5,188,-9.827,S1O
114,P5,189,-7.385,S1O
114,P5,190,-5.920,S1O
114,P5,191,-6.897,S1O
114,P5,192,-9.338,S1O
114,P5,193,-11.780,S1O
114,P5,194,-13.245,S1O
114,P5,195,-13.245,S1O
114,P5,196,-12.268,S1O
114,P5,197,-11.292,S1O
114,P5,198,-10.803,S1O
114,P5,199,-12.268,S1O
114,P5,200,-13.733,S1O
114,P5,201,-15.686,S1O
114,P5,202,-18.127,S1O
114,P5,203,-19.592,S1O
114,P5,204,-21.057,S1O
114,P5,205,-21.545,S1O
114,P5,206,-20.569,S1O
114,P5,207,-18.616,S1O
114,P5,208,-16.174,S1O
114,P5,209,-14.221,S1O
114,P5,210,-14.221,S1O
114,P5,211,-14.221,S1O
114,P5,212,-15.198,S1O
114,P5,213,-15.198,S1O
114,P5,214,-14.709,S1O
114,P5,215,-14.221,S1O
114,P5,216,-13.733,S1O
114,P5,217,-14.709,S1O
114,P5,218,-16.663,S1O
114,P5,219,-18.127,S1O
114,P5,220,-19.104,S1O
114,P5,221,-18.127,S1O
114,P5,222,-16.663,S1O
114,P5,223,-16.174,S1O
114,P5,224,-16.174,S1O
114,P5,225,-17.151,S1O
114,P5,226,-17.639,S1O
114,P5,227,-16.663,S1O
114,P5,228,-15.686,S1O
114,P5,229,-15.198,S1O
114,P5,230,-16.663,S1O
114,P5,231,-19.592,S1O
114,P5,232,-23.010,S1O
114,P5,233,-25.452,S1O
114,P5,234,-25.940,S1O
114,P5,235,-25.940,S1O
114,P5,236,-24.963,S1O
114,P5,237,-23.987,S1O
114,P5,238,-21.057,S1O
114,P5,239,-17.151,S1O
114,P5,240,-12.756,S1O
114,P5,241,-9.827,S1O
114,P5,242,-7.874,S1O
114,P5,243,-7.874,S1O
114,P5,244,-8.362,S1O
114,P5,245,-9.338,S1O
114,P5,246,-10.803,S1O
114,P5,247,-12.268,S1O
114,P5,248,-13.733,S1O
114,P5,249,-14.709,S1O
114,P5,250,-14.221,S1O
114,P5,251,-13.245,S1O
114,P5,252,-12.756,S1O
114,P5,253,-13.245,S1O
114,P5,254,-13.245,S1O
114,P5,255,-13.733,S1O
114,P6,0,-3.042,S1O
114,P6,1,-3.530,S1O
114,P6,2,-4.506,S1O
114,P6,3,-5.483,S1O
114,P6,4,-5.483,S1O
114,P6,5,-5.483,S1O
114,P6,6,-5.483,S1O
114,P6,7,-4.995,S1O
114,P6,8,-4.018,S1O
114,P6,9,-3.042,S1O
114,P6,10,-1.088,S1O
114,P6,11,0.376,S1O
114,P6,12,1.353,S1O
114,P6,13,1.353,S1O
114,P6,14,0.376,S1O
114,P6,15,-0.600,S1O
114,P6,16,-1.088,S1O
114,P6,17,-0.600,S1O
114,P6,18,-0.112,S1O
114,P6,19,0.376,S1O
114,P6,20,0.376,S1O
114,P6,21,-0.112,S1O
114,P6,22,-0.112,S1O
114,P6,23,0.376,S1O
114,P6,24,1.353,S1O
114,P6,25,2.330,S1O
114,P6,26,2.818,S1O
114,P6,27,3.306,S1O
114,P6,28,2.330,S1O
114,P6,29,0.376,S1O
114,P6,30,-1.577,S1O
114,P6,31,-3.042,S1O
114,P6,32,-3.042,S1O
114,P6,33,-1.088,S1O
114,P6,34,0.865,S1O
114,P6,35,1.841,S1O
114,P6,36,0.376,S1O
114,P6,37,-2.553,S1O
114,P6,38,-5.971,S1O
114,P6,39,-7.924,S1O
114,P6,40,-8.413,S1O
114,P6,41,-7.924,S1O
114,P6,42,-7.924,S1O
114,P6,43,-9.389,S1O
114,P6,44,-12.319,S1O
114,P6,45,-15.249,S1O
114,P6,46,-17.690,S1O
114,P6,47,-18.667,S1O
114,P6,48,-18.178,S1O
114,P6,49,-15.737,S1O
114,P6,50,-12.319,S1O
114,P6,51,-7.924,S1O
114,P6,52,-4.506,S1O
114,P6,53,-2.065,S1O
114,P6,54,-1.577,S1O
114,P6,55,-2.065,S1O
114,P6,56,-3.042,S1O
114,P6,57,-2.553,S1O
114,P6,58,-1.088,S1O
114,P6,59,1.353,S1O
114,P6,60,3.794,S1O
114,P6,61,5.747,S1O
114,P6,62,6.724,S1O
114,P6,63,7.701,S1O
114,P6,64,8.677,S1O
114,P6,65,10.142,S1O
114,P6,66,11.119,S1O
114,P6,67,10.630,S1O
114,P6,68,9.654,S1O
114,P6,69,7.212,S1O
114,P6,70,4.771,S1O
114,P6,71,2.818,S1O
114,P6,72,0.865,S1O
114,P6,73,-0.600,S1O
114,P6,74,-2.553,S1O
114,P6,75,-4.018,S1O
114,P6,76,-4.506,S1O
114,P6,77,-3.530,S1O
114,P6,78,-1.577,S1O
114,P6,79,0.865,S1O
114,P6,80,1.841,S1O
114,P6,81,1.353,S1O
114,P6,82,-0.112,S1O
114,P6,83,-1.088,S1O
114,P6,84,-1.088,S1O
114,P6,85,-0.600,S1O
114,P6,86,0.376,S1O
114,P6,87,0.865,S1O
114,P6,88,1.353,S1O
114,P6,89,1.841,S1O
114,P6,90,2.818,S1O
114,P6,91,3.306,S1O
114,P6,92,4.283,S1O
114,P6,93,5.259,S1O
114,P6,94,5.747,S1O
114,P6,95,7.212,S1O
114,P6,96,7.212,S1O
114,P6,97,6.724,S1O
114,P6,98,5.259,S1O
114,P6,99,4.283,S1O
114,P6,100,3.794,S1O
114,P6,101,4.771,S1O
114,P6,102,6.236,S1O
114,P6,103,7.212,S1O
114,P6,104,6.724,S1O
114,P6,105,5.259,S1O
114,P6,106,3.306,S1O
114,P6,107,1.841,S1O
114,P6,108,0.376,S1O
114,P6,109,-0.600,S1O
114,P6,110,-2.065,S1O
114,P6,111,-3.530,S1O
114,P6,112,-4.018,S1O
114,P6,113,-4.018,S1O
114,P6,114,-2.065,S1O
114,P6,115,0.376,S1O
114,P6,116,2.818,S1O
114,P6,117,3.794,S1O
114,P6,118,4.283,S1O
114,P6,119,4.283,S1O
114,P6,120,4.283,S1O
114,P6,121,3.794,S1O
114,P6,122,1.841,S1O
114,P6,123,-0.112,S1O
114,P6,124,-1.577,S1O
114,P6,125,-2.065,S1O
114,P6,126,-1.577,S1O
114,P6,127,-1.088,S1O
114,P6,128,-0.600,S1O
114,P6,129,-2.065,S1O
114,P6,130,-4.506,S1O
114,P6,131,-6.460,S1O
114,P6,132,-7.436,S1O
114,P6,133,-6.948,S1O
114,P6,134,-6.948,S1O
114,P6,135,-6.948,S1O
114,P6,136,-7.436,S1O
114,P6,137,-7.436,S1O
114,P6,138,-6.460,S1O
114,P6,139,-4.506,S1O
114,P6,140,-3.042,S1O
114,P6,141,-3.042,S1O
114,P6,142,-4.506,S1O
114,P6,143,-6.460,S1O
114,P6,144,-7.436,S1O
114,P6,145,-6.948,S1O
114,P6,146,-6.460,S1O
114,P6,147,-5.971,S1O
114,P6,148,-6.460,S1O
114,P6,149,-6.948,S1O
114,P6,150,-6.948,S1O
114,P6,151,-5.971,S1O
114,P6,152,-5.971,S1O
114,P6,153,-5.971,S1O
114,P6,154,-6.460,S1O
114,P6,155,-7.436,S1O
114,P6,156,-7.436,S1O
114,P6,157,-6.948,S1O
114,P6,158,-6.460,S1O
114,P6,159,-5.971,S1O
114,P6,160,-6.460,S1O
114,P6,161,-5.971,S1O
114,P6,162,-5.483,S1O
114,P6,163,-5.483,S1O
114,P6,164,-5.971,S1O
114,P6,165,-6.948,S1O
114,P6,166,-8.901,S1O
114,P6,167,-10.854,S1O
114,P6,168,-12.319,S1O
114,P6,169,-12.807,S1O
114,P6,170,-12.807,S1O
114,P6,171,-12.319,S1O
114,P6,172,-12.319,S1O
114,P6,173,-11.831,S1O
114,P6,174,-11.342,S1O
114,P6,175,-10.366,S1O
114,P6,176,-8.901,S1O
114,P6,177,-7.924,S1O
114,P6,178,-7.436,S1O
114,P6,179,-7.924,S1O
114,P6,180,-8.901,S1O
114,P6,181,-9.878,S1O
114,P6,182,-9.878,S1O
114,P6,183,-10.366,S1O
114,P6,184,-10.854,S1O
114,P6,185,-11.342,S1O
114,P6,186,-11.342,S1O
114,P6,187,-10.366,S1O
114,P6,188,-8.901,S1O
114,P6,189,-7.924,S1O
114,P6,190,-7.436,S1O
114,P6,191,-7.924,S1O
114,P6,192,-8.901,S1O
114,P6,193,-9.878,S1O
114,P6,194,-10.366,S1O
114,P6,195,-9.878,S1O
114,P6,196,-9.389,S1O
114,P6,197,-8.413,S1O
114,P6,198,-6.948,S1O
114,P6,199,-5.971,S1O
114,P6,200,-5.483,S1O
114,P6,201,-6.460,S1O
114,P6,202,-8.901,S1O
114,P6,203,-11.342,S1O
114,P6,204,-13.295,S1O
114,P6,205,-13.784,S1O
114,P6,206,-11.831,S1O
114,P6,207,-9.878,S1O
114,P6,208,-7.924,S1O
114,P6,209,-8.413,S1O
114,P6,210,-10.366,S1O
114,P6,211,-12.807,S1O
114,P6,212,-13.784,S1O
114,P6,213,-13.295,S1O
114,P6,214,-11.831,S1O
114,P6,215,-10.366,S1O
114,P6,216,-10.854,S1O
114,P6,217,-12.807,S1O
114,P6,218,-15.737,S1O
114,P6,219,-17.202,S1O
114,P6,220,-16.713,S1O
114,P6,221,-15.249,S1O
114,P6,222,-12.319,S1O
114,P6,223,-9.878,S1O
114,P6,224,-8.901,S1O
114,P6,225,-8.413,S1O
114,P6,226,-8.413,S1O
114,P6,227,-8.413,S1O
114,P6,228,-8.901,S1O
114,P6,229,-9.878,S1O
114,P6,230,-11.831,S1O
114,P6,231,-14.760,S1O
114,P6,232,-17.690,S1O
114,P6,233,-20.131,S1O
114,P6,234,-21.596,S1O
114,P6,235,-22.085,S1O
114,P6,236,-21.596,S1O
114,P6,237,-19.643,S1O
114,P6,238,-17.202,S1O
114,P6,239,-14.272,S1O
114,P6,240,-12.319,S1O
114,P6,241,-11.342,S1O
114,P6,242,-11.342,S1O
114,P6,243,-12.319,S1O
114,P6,244,-13.295,S1O
114,P6,245,-13.784,S1O
114,P6,246,-13.784,S1O
114,P6,247,-13.784,S1O
114,P6,248,-13.295,S1O
114,P6,249,-12.807,S1O
114,P6,250,-12.319,S1O
114,P6,251,-11.831,S1O
114,P6,252,-11.342,S1O
114,P6,253,-10.854,S1O
114,P6,254,-9.878,S1O
114,P6,255,-8.901,S1O
114,C1,0,-2.635,S1O
114,C1,1,-3.123,S1O
114,C1,2,-3.123,S1O
114,C1,3,-2.635,S1O
114,C1,4,-1.658,S1O
114,C1,5,-1.658,S1O
114,C1,6,-1.658,S1O
114,C1,7,-2.635,S1O
114,C1,8,-2.635,S1O
114,C1,9,-1.658,S1O
114,C1,10,-0.682,S1O
114,C1,11,-0.193,S1O
114,C1,12,-0.193,S1O
114,C1,13,-0.682,S1O
114,C1,14,-1.658,S1O
114,C1,15,-2.146,S1O
114,C1,16,-2.635,S1O
114,C1,17,-2.635,S1O
114,C1,18,-2.635,S1O
114,C1,19,-2.635,S1O
114,C1,20,-2.635,S1O
114,C1,21,-3.123,S1O
114,C1,22,-3.611,S1O
114,C1,23,-4.100,S1O
114,C1,24,-3.123,S1O
114,C1,25,-2.635,S1O
114,C1,26,-2.146,S1O
114,C1,27,-1.658,S1O
114,C1,28,-2.635,S1O
114,C1,29,-3.611,S1O
114,C1,30,-4.100,S1O
114,C1,31,-4.100,S1O
114,C1,32,-3.611,S1O
114,C1,33,-2.635,S1O
114,C1,34,-2.146,S1O
114,C1,35,-1.658,S1O
114,C1,36,-2.635,S1O
114,C1,37,-2.635,S1O
114,C1,38,-3.123,S1O
114,C1,39,-3.123,S1O
114,C1,40,-3.123,S1O
114,C1,41,-2.635,S1O
114,C1,42,-2.146,S1O
114,C1,43,-1.658,S1O
114,C1,44,-1.170,S1O
114,C1,45,-1.170,S1O
114,C1,46,-1.170,S1O
114,C1,47,-1.658,S1O
114,C1,48,-2.146,S1O
114,C1,49,-2.635,S1O
114,C1,50,-2.635,S1O
114,C1,51,-2.146,S1O
114,C1,52,-1.658,S1O
114,C1,53,-1.170,S1O
114,C1,54,-0.193,S1O
114,C1,55,-0.682,S1O
114,C1,56,-0.682,S1O
114,C1,57,-1.658,S1O
114,C1,58,-1.658,S1O
114,C1,59,-1.170,S1O
114,C1,60,-0.193,S1O
114,C1,61,0.295,S1O
114,C1,62,0.295,S1O
114,C1,63,-0.193,S1O
114,C1,64,-1.170,S1O
114,C1,65,-1.658,S1O
114,C1,66,-1.658,S1O
114,C1,67,-1.170,S1O
114,C1,68,-1.170,S1O
114,C1,69,-1.658,S1O
114,C1,70,-1.658,S1O
114,C1,71,-2.635,S1O
114,C1,72,-3.123,S1O
114,C1,73,-3.123,S1O
114,C1,74,-3.123,S1O
114,C1,75,-3.123,S1O
114,C1,76,-3.123,S1O
114,C1,77,-3.123,S1O
114,C1,78,-3.123,S1O
114,C1,79,-3.123,S1O
114,C1,80,-3.611,S1O
114,C1,81,-3.611,S1O
114,C1,82,-4.100,S1O
114,C1,83,-4.100,S1O
114,C1,84,-4.100,S1O
114,C1,85,-3.611,S1O
114,C1,86,-3.123,S1O
114,C1,87,-2.635,S1O
114,C1,88,-2.146,S1O
114,C1,89,-2.635,S1O
114,C1,90,-2.146,S1O
114,C1,91,-1.658,S1O
114,C1,92,-1.658,S1O
114,C1,93,-2.146,S1O
114,C1,94,-2.635,S1O
114,C1,95,-4.100,S1O
114,C1,96,-4.588,S1O
114,C1,97,-5.076,S1O
114,C1,98,-5.076,S1O
114,C1,99,-4.588,S1O
114,C1,100,-3.611,S1O
114,C1,101,-3.611,S1O
114,C1,102,-3.611,S1O
114,C1,103,-3.611,S1O
114,C1,104,-3.611,S1O
114,C1,105,-3.611,S1O
114,C1,106,-3.123,S1O
114,C1,107,-3.123,S1O
114,C1,108,-2.635,S1O
114,C1,109,-2.635,S1O
114,C1,110,-2.635,S1O
114,C1,111,-2.635,S1O
114,C1,112,-2.146,S1O
114,C1,113,-2.146,S1O
114,C1,114,-1.658,S1O
114,C1,115,-1.658,S1O
114,C1,116,-1.658,S1O
114,C1,117,-1.658,S1O
114,C1,118,-2.146,S1O
114,C1,119,-2.635,S1O
114,C1,120,-2.635,S1O
114,C1,121,-2.635,S1O
114,C1,122,-2.635,S1O
114,C1,123,-2.635,S1O
114,C1,124,-2.635,S1O
114,C1,125,-2.635,S1O
114,C1,126,-2.146,S1O
114,C1,127,-2.146,S1O
114,C1,128,-2.146,S1O
114,C1,129,-2.635,S1O
114,C1,130,-2.146,S1O
114,C1,131,-2.146,S1O
114,C1,132,-2.635,S1O
114,C1,133,-3.123,S1O
114,C1,134,-3.611,S1O
114,C1,135,-4.100,S1O
114,C1,136,-4.588,S1O
114,C1,137,-4.100,S1O
114,C1,138,-4.100,S1O
114,C1,139,-3.611,S1O
114,C1,140,-3.611,S1O
114,C1,141,-3.123,S1O
114,C1,142,-3.123,S1O
114,C1,143,-2.635,S1O
114,C1,144,-2.146,S1O
114,C1,145,-1.170,S1O
114,C1,146,-1.170,S1O
114,C1,147,-1.170,S1O
114,C1,148,-1.170,S1O
114,C1,149,-1.170,S1O
114,C1,150,-0.682,S1O
114,C1,151,-0.193,S1O
114,C1,152,-0.193,S1O
114,C1,153,-0.193,S1O
114,C1,154,-0.682,S1O
114,C1,155,-0.682,S1O
114,C1,156,-0.682,S1O
114,C1,157,-0.682,S1O
114,C1,158,-1.170,S1O
114,C1,159,-1.658,S1O
114,C1,160,-1.658,S1O
114,C1,161,-1.658,S1O
114,C1,162,-1.170,S1O
114,C1,163,-1.658,S1O
114,C1,164,-1.658,S1O
114,C1,165,-2.635,S1O
114,C1,166,-2.635,S1O
114,C1,167,-3.123,S1O
114,C1,168,-2.635,S1O
114,C1,169,-2.635,S1O
114,C1,170,-2.635,S1O
114,C1,171,-3.123,S1O
114,C1,172,-3.611,S1O
114,C1,173,-4.100,S1O
114,C1,174,-3.611,S1O
114,C1,175,-3.123,S1O
114,C1,176,-3.123,S1O
114,C1,177,-2.635,S1O
114,C1,178,-3.123,S1O
114,C1,179,-3.123,S1O
114,C1,180,-3.611,S1O
114,C1,181,-3.611,S1O
114,C1,182,-2.635,S1O
114,C1,183,-1.658,S1O
114,C1,184,-0.682,S1O
114,C1,185,-0.193,S1O
114,C1,186,-0.682,S1O
114,C1,187,-1.658,S1O
114,C1,188,-1.658,S1O
114,C1,189,-2.146,S1O
114,C1,190,-1.658,S1O
114,C1,191,-1.170,S1O
114,C1,192,-1.170,S1O
114,C1,193,-1.170,S1O
114,C1,194,-2.146,S1O
114,C1,195,-3.123,S1O
114,C1,196,-3.611,S1O
114,C1,197,-3.611,S1O
114,C1,198,-3.611,S1O
114,C1,199,-4.100,S1O
114,C1,200,-4.100,S1O
114,C1,201,-4.100,S1O
114,C1,202,-4.588,S1O
114,C1,203,-4.588,S1O
114,C1,204,-4.588,S1O
114,C1,205,-4.588,S1O
114,C1,206,-5.076,S1O
114,C1,207,-4.588,S1O
114,C1,208,-4.588,S1O
114,C1,209,-4.100,S1O
114,C1,210,-4.100,S1O
114,C1,211,-3.611,S1O
114,C1,212,-3.123,S1O
114,C1,213,-3.123,S1O
114,C1,214,-3.123,S1O
114,C1,215,-3.611,S1O
114,C1,216,-4.100,S1O
114,C1,217,-4.588,S1O
114,C1,218,-5.076,S1O
114,C1,219,-5.564,S1O
114,C1,220,-5.564,S1O
114,C1,221,-4.588,S1O
114,C1,222,-4.100,S1O
114,C1,223,-3.611,S1O
114,C1,224,-3.611,S1O
114,C1,225,-4.100,S1O
114,C1,226,-4.588,S1O
114,C1,227,-5.076,S1O
114,C1,228,-5.076,S1O
114,C1,229,-4.100,S1O
114,C1,230,-3.611,S1O
114,C1,231,-3.123,S1O
114,C1,232,-3.123,S1O
114,C1,233,-4.100,S1O
114,C1,234,-4.588,S1O
114,C1,235,-5.076,S1O
114,C1,236,-5.564,S1O
114,C1,237,-5.564,S1O
114,C1,238,-4.588,S1O
114,C1,239,-4.100,S1O
114,C1,240,-3.123,S1O
114,C1,241,-2.635,S1O
114,C1,242,-2.146,S1O
114,C1,243,-2.635,S1O
114,C1,244,-2.635,S1O
114,C1,245,-2.635,S1O
114,C1,246,-2.146,S1O
114,C1,247,-1.658,S1O
114,C1,248,-1.658,S1O
114,C1,249,-1.658,S1O
114,C1,250,-1.658,S1O
114,C1,251,-2.146,S1O
114,C1,252,-2.146,S1O
114,C1,253,-2.635,S1O
114,C1,254,-2.635,S1O
114,C1,255,-2.635,S1O
114,C2,0,-0.712,S1O
114,C2,1,-0.224,S1O
114,C2,2,0.264,S1O
114,C2,3,0.264,S1O
114,C2,4,0.264,S1O
114,C2,5,-0.224,S1O
114,C2,6,-0.224,S1O
114,C2,7,-0.224,S1O
114,C2,8,0.264,S1O
114,C2,9,0.264,S1O
114,C2,10,0.753,S1O
114,C2,11,1.241,S1O
114,C2,12,1.241,S1O
114,C2,13,0.753,S1O
114,C2,14,0.753,S1O
114,C2,15,0.264,S1O
114,C2,16,0.753,S1O
114,C2,17,1.241,S1O
114,C2,18,1.729,S1O
114,C2,19,2.218,S1O
114,C2,20,2.218,S1O
114,C2,21,1.729,S1O
114,C2,22,1.241,S1O
114,C2,23,1.241,S1O
114,C2,24,1.729,S1O
114,C2,25,2.218,S1O
114,C2,26,2.218,S1O
114,C2,27,1.729,S1O
114,C2,28,1.241,S1O
114,C2,29,0.264,S1O
114,C2,30,-0.224,S1O
114,C2,31,-0.712,S1O
114,C2,32,-0.712,S1O
114,C2,33,-0.224,S1O
114,C2,34,0.753,S1O
114,C2,35,1.241,S1O
114,C2,36,1.241,S1O
114,C2,37,0.753,S1O
114,C2,38,-0.224,S1O
114,C2,39,-1.200,S1O
114,C2,40,-1.689,S1O
114,C2,41,-1.689,S1O
114,C2,42,-1.689,S1O
114,C2,43,-1.689,S1O
114,C2,44,-1.689,S1O
114,C2,45,-2.665,S1O
114,C2,46,-3.153,S1O
114,C2,47,-3.153,S1O
114,C2,48,-3.153,S1O
114,C2,49,-2.665,S1O
114,C2,50,-1.689,S1O
114,C2,51,-1.200,S1O
114,C2,52,-0.712,S1O
114,C2,53,-0.712,S1O
114,C2,54,-1.200,S1O
114,C2,55,-1.689,S1O
114,C2,56,-2.177,S1O
114,C2,57,-2.177,S1O
114,C2,58,-1.689,S1O
114,C2,59,-1.200,S1O
114,C2,60,-1.200,S1O
114,C2,61,-0.712,S1O
114,C2,62,-0.712,S1O
114,C2,63,-0.224,S1O
114,C2,64,-0.224,S1O
114,C2,65,0.264,S1O
114,C2,66,0.753,S1O
114,C2,67,0.753,S1O
114,C2,68,0.753,S1O
114,C2,69,1.241,S1O
114,C2,70,0.753,S1O
114,C2,71,0.264,S1O
114,C2,72,-0.224,S1O
114,C2,73,-0.712,S1O
114,C2,74,-0.712,S1O
114,C2,75,-0.224,S1O
114,C2,76,-0.224,S1O
114,C2,77,-0.224,S1O
114,C2,78,-0.224,S1O
114,C2,79,0.264,S1O
114,C2,80,0.753,S1O
114,C2,81,0.753,S1O
114,C2,82,0.753,S1O
114,C2,83,0.753,S1O
114,C2,84,0.264,S1O
114,C2,85,0.264,S1O
114,C2,86,-0.224,S1O
114,C2,87,-0.224,S1O
114,C2,88,-0.224,S1O
114,C2,89,-0.224,S1O
114,C2,90,-0.224,S1O
114,C2,91,-0.712,S1O
114,C2,92,-0.224,S1O
114,C2,93,-0.224,S1O
114,C2,94,0.264,S1O
114,C2,95,1.241,S1O
114,C2,96,1.729,S1O
114,C2,97,1.729,S1O
114,C2,98,1.241,S1O
114,C2,99,1.241,S1O
114,C2,100,0.753,S1O
114,C2,101,0.264,S1O
114,C2,102,0.753,S1O
114,C2,103,0.753,S1O
114,C2,104,1.241,S1O
114,C2,105,1.241,S1O
114,C2,106,0.753,S1O
114,C2,107,0.753,S1O
114,C2,108,0.264,S1O
114,C2,109,-0.224,S1O
114,C2,110,-0.224,S1O
114,C2,111,-0.712,S1O
114,C2,112,-0.712,S1O
114,C2,113,-1.200,S1O
114,C2,114,-1.200,S1O
114,C2,115,-1.200,S1O
114,C2,116,-1.200,S1O
114,C2,117,-0.712,S1O
114,C2,118,-0.224,S1O
114,C2,119,0.264,S1O
114,C2,120,0.753,S1O
114,C2,121,1.241,S1O
114,C2,122,1.241,S1O
114,C2,123,0.753,S1O
114,C2,124,-0.224,S1O
114,C2,125,-0.224,S1O
114,C2,126,-0.712,S1O
114,C2,127,-0.712,S1O
114,C2,128,-0.712,S1O
114,C2,129,-0.712,S1O
114,C2,130,-1.200,S1O
114,C2,131,-2.177,S1O
114,C2,132,-2.665,S1O
114,C2,133,-2.665,S1O
114,C2,134,-2.177,S1O
114,C2,135,-1.200,S1O
114,C2,136,-1.200,S1O
114,C2,137,-1.200,S1O
114,C2,138,-1.200,S1O
114,C2,139,-1.200,S1O
114,C2,140,-1.200,S1O
114,C2,141,-1.200,S1O
114,C2,142,-1.200,S1O
114,C2,143,-2.177,S1O
114,C2,144,-3.153,S1O
114,C2,145,-3.642,S1O
114,C2,146,-3.642,S1O
114,C2,147,-3.153,S1O
114,C2,148,-2.665,S1O
114,C2,149,-2.665,S1O
114,C2,150,-2.665,S1O
114,C2,151,-3.153,S1O
114,C2,152,-3.153,S1O
114,C2,153,-2.665,S1O
114,C2,154,-2.665,S1O
114,C2,155,-2.665,S1O
114,C2,156,-2.665,S1O
114,C2,157,-3.153,S1O
114,C2,158,-3.153,S1O
114,C2,159,-3.153,S1O
114,C2,160,-2.665,S1O
114,C2,161,-2.665,S1O
114,C2,162,-2.177,S1O
114,C2,163,-2.177,S1O
114,C2,164,-2.177,S1O
114,C2,165,-2.177,S1O
114,C2,166,-2.665,S1O
114,C2,167,-3.153,S1O
114,C2,168,-3.642,S1O
114,C2,169,-3.642,S1O
114,C2,170,-3.642,S1O
114,C2,171,-3.153,S1O
114,C2,172,-2.177,S1O
114,C2,173,-2.177,S1O
114,C2,174,-1.689,S1O
114,C2,175,-2.177,S1O
114,C2,176,-2.177,S1O
114,C2,177,-2.177,S1O
114,C2,178,-2.177,S1O
114,C2,179,-2.177,S1O
114,C2,180,-2.177,S1O
114,C2,181,-2.665,S1O
114,C2,182,-3.153,S1O
114,C2,183,-3.153,S1O
114,C2,184,-2.665,S1O
114,C2,185,-2.665,S1O
114,C2,186,-2.177,S1O
114,C2,187,-1.689,S1O
114,C2,188,-1.689,S1O
114,C2,189,-1.689,S1O
114,C2,190,-1.689,S1O
114,C2,191,-1.689,S1O
114,C2,192,-1.200,S1O
114,C2,193,-1.200,S1O
114,C2,194,-1.200,S1O
114,C2,195,-1.200,S1O
114,C2,196,-1.200,S1O
114,C2,197,-1.200,S1O
114,C2,198,-0.712,S1O
114,C2,199,-0.224,S1O
114,C2,200,-0.224,S1O
114,C2,201,-0.224,S1O
114,C2,202,-0.224,S1O
114,C2,203,-0.712,S1O
114,C2,204,-1.200,S1O
114,C2,205,-1.689,S1O
114,C2,206,-1.689,S1O
114,C2,207,-1.200,S1O
114,C2,208,-1.200,S1O
114,C2,209,-1.200,S1O
114,C2,210,-2.665,S1O
114,C2,211,-3.642,S1O
114,C2,212,-4.130,S1O
114,C2,213,-4.130,S1O
114,C2,214,-2.665,S1O
114,C2,215,-1.689,S1O
114,C2,216,-0.712,S1O
114,C2,217,-1.200,S1O
114,C2,218,-1.689,S1O
114,C2,219,-2.177,S1O
114,C2,220,-2.177,S1O
114,C2,221,-1.689,S1O
114,C2,222,-1.200,S1O
114,C2,223,-0.224,S1O
114,C2,224,-0.224,S1O
114,C2,225,-0.224,S1O
114,C2,226,-0.712,S1O
114,C2,227,-1.200,S1O
114,C2,228,-1.200,S1O
114,C2,229,-1.689,S1O
114,C2,230,-2.177,S1O
114,C2,231,-2.665,S1O
114,C2,232,-3.153,S1O
114,C2,233,-3.153,S1O
114,C2,234,-3.153,S1O
114,C2,235,-3.153,S1O
114,C2,236,-3.153,S1O
114,C2,237,-3.153,S1O
114,C2,238,-2.665,S1O
114,C2,239,-1.689,S1O
114,C2,240,-0.712,S1O
114,C2,241,-0.712,S1O
114,C2,242,-1.200,S1O
114,C2,243,-1.689,S1O
114,C2,244,-2.665,S1O
114,C2,245,-2.665,S1O
114,C2,246,-2.665,S1O
114,C2,247,-2.177,S1O
114,C2,248,-1.689,S1O
114,C2,249,-1.689,S1O
114,C2,250,-2.177,S1O
114,C2,251,-2.665,S1O
114,C2,252,-2.665,S1O
114,C2,253,-2.665,S1O
114,C2,254,-2.665,S1O
114,C2,255,-2.177,S1O
114,PO7,0,-7.629,S1O
114,PO7,1,-9.094,S1O
114,PO7,2,-9.583,S1O
114,PO7,3,-9.583,S1O
114,PO7,4,-9.583,S1O
114,PO7,5,-10.559,S1O
114,PO7,6,-11.047,S1O
114,PO7,7,-11.047,S1O
114,PO7,8,-11.047,S1O
114,PO7,9,-9.583,S1O
114,PO7,10,-7.141,S1O
114,PO7,11,-5.188,S1O
114,PO7,12,-3.235,S1O
114,PO7,13,-2.747,S1O
114,PO7,14,-3.723,S1O
114,PO7,15,-5.188,S1O
114,PO7,16,-6.165,S1O
114,PO7,17,-6.165,S1O
114,PO7,18,-6.165,S1O
114,PO7,19,-5.676,S1O
114,PO7,20,-6.165,S1O
114,PO7,21,-7.629,S1O
114,PO7,22,-9.094,S1O
114,PO7,23,-10.071,S1O
114,PO7,24,-10.071,S1O
114,PO7,25,-8.606,S1O
114,PO7,26,-6.653,S1O
114,PO7,27,-5.188,S1O
114,PO7,28,-5.188,S1O
114,PO7,29,-6.653,S1O
114,PO7,30,-8.606,S1O
114,PO7,31,-10.071,S1O
114,PO7,32,-11.047,S1O
114,PO7,33,-10.559,S1O
114,PO7,34,-10.071,S1O
114,PO7,35,-9.583,S1O
114,PO7,36,-10.071,S1O
114,PO7,37,-11.536,S1O
114,PO7,38,-13.977,S1O
114,PO7,39,-16.907,S1O
114,PO7,40,-18.860,S1O
114,PO7,41,-19.348,S1O
114,PO7,42,-19.836,S1O
114,PO7,43,-19.836,S1O
114,PO7,44,-20.813,S1O
114,PO7,45,-22.278,S1O
114,PO7,46,-24.231,S1O
114,PO7,47,-24.719,S1O
114,PO7,48,-23.743,S1O
114,PO7,49,-20.325,S1O
114,PO7,50,-15.930,S1O
114,PO7,51,-11.047,S1O
114,PO7,52,-7.141,S1O
114,PO7,53,-4.700,S1O
114,PO7,54,-4.211,S1O
114,PO7,55,-4.211,S1O
114,PO7,56,-5.188,S1O
114,PO7,57,-5.676,S1O
114,PO7,58,-4.700,S1O
114,PO7,59,-2.258,S1O
114,PO7,60,-0.305,S1O
114,PO7,61,1.160,S1O
114,PO7,62,1.160,S1O
114,PO7,63,0.183,S1O
114,PO7,64,0.183,S1O
114,PO7,65,0.671,S1O
114,PO7,66,1.160,S1O
114,PO7,67,2.136,S1O
114,PO7,68,1.648,S1O
114,PO7,69,-0.305,S1O
114,PO7,70,-2.747,S1O
114,PO7,71,-5.676,S1O
114,PO7,72,-7.629,S1O
114,PO7,73,-9.583,S1O
114,PO7,74,-12.024,S1O
114,PO7,75,-13.489,S1O
114,PO7,76,-13.977,S1O
114,PO7,77,-13.000,S1O
114,PO7,78,-11.536,S1O
114,PO7,79,-9.583,S1O
114,PO7,80,-9.094,S1O
114,PO7,81,-10.071,S1O
114,PO7,82,-12.024,S1O
114,PO7,83,-13.977,S1O
114,PO7,84,-14.465,S1O
114,PO7,85,-13.489,S1O
114,PO7,86,-12.024,S1O
114,PO7,87,-10.559,S1O
114,PO7,88,-9.583,S1O
114,PO7,89,-9.094,S1O
114,PO7,90,-8.118,S1O
114,PO7,91,-6.653,S1O
114,PO7,92,-5.676,S1O
114,PO7,93,-5.188,S1O
114,PO7,94,-5.188,S1O
114,PO7,95,-6.165,S1O
114,PO7,96,-6.653,S1O
114,PO7,97,-6.653,S1O
114,PO7,98,-6.653,S1O
114,PO7,99,-7.141,S1O
114,PO7,100,-8.118,S1O
114,PO7,101,-8.606,S1O
114,PO7,102,-8.606,S1O
114,PO7,103,-8.118,S1O
114,PO7,104,-8.118,S1O
114,PO7,105,-9.094,S1O
114,PO7,106,-10.559,S1O
114,PO7,107,-12.024,S1O
114,PO7,108,-13.000,S1O
114,PO7,109,-13.000,S1O
114,PO7,110,-13.000,S1O
114,PO7,111,-13.489,S1O
114,PO7,112,-14.954,S1O
114,PO7,113,-16.418,S1O
114,PO7,114,-16.418,S1O
114,PO7,115,-14.465,S1O
114,PO7,116,-11.047,S1O
114,PO7,117,-8.606,S1O
114,PO7,118,-8.118,S1O
114,PO7,119,-9.094,S1O
114,PO7,120,-11.047,S1O
114,PO7,121,-12.024,S1O
114,PO7,122,-11.536,S1O
114,PO7,123,-11.047,S1O
114,PO7,124,-10.559,S1O
114,PO7,125,-11.047,S1O
114,PO7,126,-11.536,S1O
114,PO7,127,-11.047,S1O
114,PO7,128,-10.071,S1O
114,PO7,129,-9.583,S1O
114,PO7,130,-10.559,S1O
114,PO7,131,-13.000,S1O
114,PO7,132,-15.442,S1O
114,PO7,133,-17.395,S1O
114,PO7,134,-17.395,S1O
114,PO7,135,-17.395,S1O
114,PO7,136,-16.907,S1O
114,PO7,137,-16.907,S1O
114,PO7,138,-16.418,S1O
114,PO7,139,-15.442,S1O
114,PO7,140,-13.489,S1O
114,PO7,141,-13.000,S1O
114,PO7,142,-13.489,S1O
114,PO7,143,-14.465,S1O
114,PO7,144,-14.954,S1O
114,PO7,145,-14.465,S1O
114,PO7,146,-12.512,S1O
114,PO7,147,-11.047,S1O
114,PO7,148,-10.071,S1O
114,PO7,149,-10.071,S1O
114,PO7,150,-9.583,S1O
114,PO7,151,-8.118,S1O
114,PO7,152,-6.165,S1O
114,PO7,153,-4.211,S1O
114,PO7,154,-4.700,S1O
114,PO7,155,-6.653,S1O
114,PO7,156,-10.071,S1O
114,PO7,157,-13.000,S1O
114,PO7,158,-14.465,S1O
114,PO7,159,-14.954,S1O
114,PO7,160,-14.465,S1O
114,PO7,161,-14.954,S1O
114,PO7,162,-14.954,S1O
114,PO7,163,-15.442,S1O
114,PO7,164,-16.418,S1O
114,PO7,165,-16.907,S1O
114,PO7,166,-16.907,S1O
114,PO7,167,-17.395,S1O
114,PO7,168,-16.907,S1O
114,PO7,169,-16.907,S1O
114,PO7,170,-16.907,S1O
114,PO7,171,-17.395,S1O
114,PO7,172,-18.372,S1O
114,PO7,173,-19.348,S1O
114,PO7,174,-19.836,S1O
114,PO7,175,-19.836,S1O
114,PO7,176,-18.860,S1O
114,PO7,177,-18.860,S1O
114,PO7,178,-19.348,S1O
114,PO7,179,-21.301,S1O
114,PO7,180,-22.766,S1O
114,PO7,181,-23.254,S1O
114,PO7,182,-23.254,S1O
114,PO7,183,-22.278,S1O
114,PO7,184,-21.790,S1O
114,PO7,185,-21.790,S1O
114,PO7,186,-21.301,S1O
114,PO7,187,-19.836,S1O
114,PO7,188,-15.930,S1O
114,PO7,189,-12.024,S1O
114,PO7,190,-10.559,S1O
114,PO7,191,-12.024,S1O
114,PO7,192,-15.930,S1O
114,PO7,193,-20.325,S1O
114,PO7,194,-22.278,S1O
114,PO7,195,-20.813,S1O
114,PO7,196,-17.883,S1O
114,PO7,197,-15.442,S1O
114,PO7,198,-14.954,S1O
114,PO7,199,-16.907,S1O
114,PO7,200,-19.348,S1O
114,PO7,201,-21.790,S1O
114,PO7,202,-23.743,S1O
114,PO7,203,-25.696,S1O
114,PO7,204,-26.672,S1O
114,PO7,205,-27.161,S1O
114,PO7,206,-26.184,S1O
114,PO7,207,-24.231,S1O
114,PO7,208,-21.790,S1O
114,PO7,209,-19.836,S1O
114,PO7,210,-19.836,S1O
114,PO7,211,-21.790,S1O
114,PO7,212,-23.743,S1O
114,PO7,213,-25.208,S1O
114,PO7,214,-25.208,S1O
114,PO7,215,-23.743,S1O
114,PO7,216,-22.278,S1O
114,PO7,217,-21.790,S1O
114,PO7,218,-23.254,S1O
114,PO7,219,-25.208,S1O
114,PO7,220,-27.161,S1O
114,PO7,221,-27.649,S1O
114,PO7,222,-27.649,S1O
114,PO7,223,-26.672,S1O
114,PO7,224,-26.672,S1O
114,PO7,225,-26.672,S1O
114,PO7,226,-26.672,S1O
114,PO7,227,-25.208,S1O
114,PO7,228,-23.743,S1O
114,PO7,229,-22.766,S1O
114,PO7,230,-23.254,S1O
114,PO7,231,-26.184,S1O
114,PO7,232,-29.602,S1O
114,PO7,233,-32.043,S1O
114,PO7,234,-33.508,S1O
114,PO7,235,-33.020,S1O
114,PO7,236,-31.555,S1O
114,PO7,237,-30.090,S1O
114,PO7,238,-27.161,S1O
114,PO7,239,-23.743,S1O
114,PO7,240,-19.348,S1O
114,PO7,241,-14.954,S1O
114,PO7,242,-12.024,S1O
114,PO7,243,-10.559,S1O
114,PO7,244,-12.024,S1O
114,PO7,245,-14.465,S1O
114,PO7,246,-16.907,S1O
114,PO7,247,-19.348,S1O
114,PO7,248,-20.325,S1O
114,PO7,249,-20.813,S1O
114,PO7,250,-20.325,S1O
114,PO7,251,-19.836,S1O
114,PO7,252,-19.348,S1O
114,PO7,253,-19.348,S1O
114,PO7,254,-19.836,S1O
114,PO7,255,-19.836,S1O
114,PO8,0,-4.456,S1O
114,PO8,1,-5.432,S1O
114,PO8,2,-6.409,S1O
114,PO8,3,-7.385,S1O
114,PO8,4,-8.850,S1O
114,PO8,5,-9.338,S1O
114,PO8,6,-9.338,S1O
114,PO8,7,-7.874,S1O
114,PO8,8,-6.409,S1O
114,PO8,9,-4.944,S1O
114,PO8,10,-2.991,S1O
114,PO8,11,-1.038,S1O
114,PO8,12,-0.061,S1O
114,PO8,13,0.427,S1O
114,PO8,14,-0.061,S1O
114,PO8,15,-1.526,S1O
114,PO8,16,-2.502,S1O
114,PO8,17,-3.479,S1O
114,PO8,18,-2.991,S1O
114,PO8,19,-2.014,S1O
114,PO8,20,-1.526,S1O
114,PO8,21,-1.526,S1O
114,PO8,22,-2.502,S1O
114,PO8,23,-3.479,S1O
114,PO8,24,-3.479,S1O
114,PO8,25,-2.502,S1O
114,PO8,26,-0.549,S1O
114,PO8,27,0.916,S1O
114,PO8,28,0.916,S1O
114,PO8,29,-0.549,S1O
114,PO8,30,-3.479,S1O
114,PO8,31,-5.432,S1O
114,PO8,32,-5.432,S1O
114,PO8,33,-3.479,S1O
114,PO8,34,-0.549,S1O
114,PO8,35,0.916,S1O
114,PO8,36,0.427,S1O
114,PO8,37,-2.991,S1O
114,PO8,38,-7.385,S1O
114,PO8,39,-10.803,S1O
114,PO8,40,-12.268,S1O
114,PO8,41,-11.780,S1O
114,PO8,42,-12.268,S1O
114,PO8,43,-14.221,S1O
114,PO8,44,-17.639,S1O
114,PO8,45,-22.034,S1O
114,PO8,46,-25.940,S1O
114,PO8,47,-27.405,S1O
114,PO8,48,-26.428,S1O
114,PO8,49,-23.987,S1O
114,PO8,50,-20.081,S1O
114,PO8,51,-15.686,S1O
114,PO8,52,-11.292,S1O
114,PO8,53,-7.874,S1O
114,PO8,54,-5.920,S1O
114,PO8,55,-5.432,S1O
114,PO8,56,-6.409,S1O
114,PO8,57,-6.897,S1O
114,PO8,58,-6.409,S1O
114,PO8,59,-3.479,S1O
114,PO8,60,0.427,S1O
114,PO8,61,4.333,S1O
114,PO8,62,6.287,S1O
114,PO8,63,7.263,S1O
114,PO8,64,7.751,S1O
114,PO8,65,8.240,S1O
114,PO8,66,9.705,S1O
114,PO8,67,10.193,S1O
114,PO8,68,8.728,S1O
114,PO8,69,5.798,S1O
114,PO8,70,2.380,S1O
114,PO8,71,-0.061,S1O
114,PO8,72,-1.526,S1O
114,PO8,73,-2.502,S1O
114,PO8,74,-4.456,S1O
114,PO8,75,-6.897,S1O
114,PO8,76,-8.850,S1O
114,PO8,77,-8.850,S1O
114,PO8,78,-6.897,S1O
114,PO8,79,-3.479,S1O
114,PO8,80,-2.014,S1O
114,PO8,81,-2.014,S1O
114,PO8,82,-3.967,S1O
114,PO8,83,-5.920,S1O
114,PO8,84,-6.409,S1O
114,PO8,85,-5.920,S1O
114,PO8,86,-4.456,S1O
114,PO8,87,-3.479,S1O
114,PO8,88,-2.502,S1O
114,PO8,89,-1.526,S1O
114,PO8,90,-0.061,S1O
114,PO8,91,1.404,S1O
114,PO8,92,2.869,S1O
114,PO8,93,3.845,S1O
114,PO8,94,4.333,S1O
114,PO8,95,4.333,S1O
114,PO8,96,4.333,S1O
114,PO8,97,3.357,S1O
114,PO8,98,1.892,S1O
114,PO8,99,0.427,S1O
114,PO8,100,-0.549,S1O
114,PO8,101,-0.549,S1O
114,PO8,102,0.916,S1O
114,PO8,103,1.404,S1O
114,PO8,104,1.404,S1O
114,PO8,105,-0.061,S1O
114,PO8,106,-2.502,S1O
114,PO8,107,-4.456,S1O
114,PO8,108,-6.409,S1O
114,PO8,109,-7.385,S1O
114,PO8,110,-8.362,S1O
114,PO8,111,-9.338,S1O
114,PO8,112,-10.803,S1O
114,PO8,113,-10.803,S1O
114,PO8,114,-8.850,S1O
114,PO8,115,-5.920,S1O
114,PO8,116,-2.502,S1O
114,PO8,117,-0.549,S1O
114,PO8,118,0.427,S1O
114,PO8,119,-0.061,S1O
114,PO8,120,-1.038,S1O
114,PO8,121,-2.014,S1O
114,PO8,122,-3.479,S1O
114,PO8,123,-4.944,S1O
114,PO8,124,-6.897,S1O
114,PO8,125,-7.874,S1O
114,PO8,126,-8.362,S1O
114,PO8,127,-7.874,S1O
114,PO8,128,-7.874,S1O
114,PO8,129,-8.362,S1O
114,PO8,130,-10.315,S1O
114,PO8,131,-12.268,S1O
114,PO8,132,-13.733,S1O
114,PO8,133,-13.733,S1O
114,PO8,134,-13.245,S1O
114,PO8,135,-12.756,S1O
114,PO8,136,-12.756,S1O
114,PO8,137,-12.756,S1O
114,PO8,138,-11.780,S1O
114,PO8,139,-10.315,S1O
114,PO8,140,-8.850,S1O
114,PO8,141,-8.362,S1O
114,PO8,142,-9.338,S1O
114,PO8,143,-11.780,S1O
114,PO8,144,-13.733,S1O
114,PO8,145,-14.221,S1O
114,PO8,146,-13.733,S1O
114,PO8,147,-13.245,S1O
114,PO8,148,-13.245,S1O
114,PO8,149,-13.245,S1O
114,PO8,150,-13.245,S1O
114,PO8,151,-12.268,S1O
114,PO8,152,-11.292,S1O
114,PO8,153,-11.292,S1O
114,PO8,154,-12.756,S1O
114,PO8,155,-13.733,S1O
114,PO8,156,-15.198,S1O
114,PO8,157,-15.686,S1O
114,PO8,158,-14.709,S1O
114,PO8,159,-14.221,S1O
114,PO8,160,-14.221,S1O
114,PO8,161,-14.221,S1O
114,PO8,162,-14.709,S1O
114,PO8,163,-14.709,S1O
114,PO8,164,-14.221,S1O
114,PO8,165,-13.733,S1O
114,PO8,166,-14.709,S1O
114,PO8,167,-16.174,S1O
114,PO8,168,-17.639,S1O
114,PO8,169,-18.616,S1O
114,PO8,170,-18.127,S1O
114,PO8,171,-17.639,S1O
114,PO8,172,-16.663,S1O
114,PO8,173,-16.663,S1O
114,PO8,174,-17.151,S1O
114,PO8,175,-17.151,S1O
114,PO8,176,-16.663,S1O
114,PO8,177,-15.686,S1O
114,PO8,178,-15.198,S1O
114,PO8,179,-15.686,S1O
114,PO8,180,-16.663,S1O
114,PO8,181,-18.127,S1O
114,PO8,182,-19.104,S1O
114,PO8,183,-19.104,S1O
114,PO8,184,-18.616,S1O
114,PO8,185,-18.127,S1O
114,PO8,186,-17.639,S1O
114,PO8,187,-16.663,S1O
114,PO8,188,-15.686,S1O
114,PO8,189,-14.221,S1O
114,PO8,190,-13.733,S1O
114,PO8,191,-14.221,S1O
114,PO8,192,-15.686,S1O
114,PO8,193,-17.151,S1O
114,PO8,194,-17.639,S1O
114,PO8,195,-17.639,S1O
114,PO8,196,-17.151,S1O
114,PO8,197,-16.174,S1O
114,PO8,198,-15.198,S1O
114,PO8,199,-14.221,S1O
114,PO8,200,-13.733,S1O
114,PO8,201,-14.221,S1O
114,PO8,202,-16.174,S1O
114,PO8,203,-18.616,S1O
114,PO8,204,-21.545,S1O
114,PO8,205,-23.010,S1O
114,PO8,206,-22.034,S1O
114,PO8,207,-19.104,S1O
114,PO8,208,-16.663,S1O
114,PO8,209,-16.174,S1O
114,PO8,210,-18.127,S1O
114,PO8,211,-21.545,S1O
114,PO8,212,-23.987,S1O
114,PO8,213,-23.987,S1O
114,PO8,214,-21.545,S1O
114,PO8,215,-19.104,S1O
114,PO8,216,-18.127,S1O
114,PO8,217,-20.081,S1O
114,PO8,218,-23.987,S1O
114,PO8,219,-26.917,S1O
114,PO8,220,-27.893,S1O
114,PO8,221,-25.940,S1O
114,PO8,222,-23.499,S1O
114,PO8,223,-21.057,S1O
114,PO8,224,-19.104,S1O
114,PO8,225,-18.616,S1O
114,PO8,226,-18.616,S1O
114,PO8,227,-18.616,S1O
114,PO8,228,-19.104,S1O
114,PO8,229,-20.081,S1O
114,PO8,230,-22.034,S1O
114,PO8,231,-24.475,S1O
114,PO8,232,-27.405,S1O
114,PO8,233,-29.846,S1O
114,PO8,234,-31.311,S1O
114,PO8,235,-31.799,S1O
114,PO8,236,-31.799,S1O
114,PO8,237,-29.358,S1O
114,PO8,238,-25.940,S1O
114,PO8,239,-22.522,S1O
114,PO8,240,-19.592,S1O
114,PO8,241,-18.127,S1O
114,PO8,242,-18.127,S1O
114,PO8,243,-19.104,S1O
114,PO8,244,-20.569,S1O
114,PO8,245,-21.057,S1O
114,PO8,246,-22.034,S1O
114,PO8,247,-23.010,S1O
114,PO8,248,-23.499,S1O
114,PO8,249,-23.499,S1O
114,PO8,250,-22.034,S1O
114,PO8,251,-20.081,S1O
114,PO8,252,-17.639,S1O
114,PO8,253,-16.174,S1O
114,PO8,254,-15.198,S1O
114,PO8,255,-14.221,S1O
114,FCZ,0,-0.804,S1O
114,FCZ,1,-0.315,S1O
114,FCZ,2,0.661,S1O
114,FCZ,3,1.638,S1O
114,FCZ,4,1.638,S1O
114,FCZ,5,0.661,S1O
114,FCZ,6,0.173,S1O
114,FCZ,7,-0.315,S1O
114,FCZ,8,-0.315,S1O
114,FCZ,9,0.173,S1O
114,FCZ,10,1.149,S1O
114,FCZ,11,1.638,S1O
114,FCZ,12,1.638,S1O
114,FCZ,13,1.149,S1O
114,FCZ,14,0.173,S1O
114,FCZ,15,0.173,S1O
114,FCZ,16,0.173,S1O
114,FCZ,17,1.149,S1O
114,FCZ,18,1.638,S1O
114,FCZ,19,1.638,S1O
114,FCZ,20,0.661,S1O
114,FCZ,21,-0.804,S1O
114,FCZ,22,-2.268,S1O
114,FCZ,23,-3.245,S1O
114,FCZ,24,-2.757,S1O
114,FCZ,25,-1.780,S1O
114,FCZ,26,-0.804,S1O
114,FCZ,27,-0.804,S1O
114,FCZ,28,-1.292,S1O
114,FCZ,29,-2.757,S1O
114,FCZ,30,-3.733,S1O
114,FCZ,31,-3.733,S1O
114,FCZ,32,-2.757,S1O
114,FCZ,33,-1.292,S1O
114,FCZ,34,0.661,S1O
114,FCZ,35,2.126,S1O
114,FCZ,36,2.614,S1O
114,FCZ,37,2.126,S1O
114,FCZ,38,1.638,S1O
114,FCZ,39,1.638,S1O
114,FCZ,40,1.638,S1O
114,FCZ,41,2.126,S1O
114,FCZ,42,3.103,S1O
114,FCZ,43,3.591,S1O
114,FCZ,44,3.103,S1O
114,FCZ,45,3.103,S1O
114,FCZ,46,2.614,S1O
114,FCZ,47,2.614,S1O
114,FCZ,48,2.126,S1O
114,FCZ,49,1.149,S1O
114,FCZ,50,0.661,S1O
114,FCZ,51,-0.315,S1O
114,FCZ,52,-1.292,S1O
114,FCZ,53,-1.292,S1O
114,FCZ,54,-2.268,S1O
114,FCZ,55,-3.245,S1O
114,FCZ,56,-4.222,S1O
114,FCZ,57,-5.686,S1O
114,FCZ,58,-5.686,S1O
114,FCZ,59,-5.686,S1O
114,FCZ,60,-4.710,S1O
114,FCZ,61,-4.710,S1O
114,FCZ,62,-4.222,S1O
114,FCZ,63,-4.710,S1O
114,FCZ,64,-4.710,S1O
114,FCZ,65,-4.710,S1O
114,FCZ,66,-4.710,S1O
114,FCZ,67,-3.733,S1O
114,FCZ,68,-2.757,S1O
114,FCZ,69,-2.268,S1O
114,FCZ,70,-2.268,S1O
114,FCZ,71,-1.780,S1O
114,FCZ,72,-1.292,S1O
114,FCZ,73,0.173,S1O
114,FCZ,74,0.661,S1O
114,FCZ,75,1.638,S1O
114,FCZ,76,1.638,S1O
114,FCZ,77,1.149,S1O
114,FCZ,78,1.149,S1O
114,FCZ,79,0.661,S1O
114,FCZ,80,0.661,S1O
114,FCZ,81,0.661,S1O
114,FCZ,82,0.661,S1O
114,FCZ,83,1.638,S1O
114,FCZ,84,1.638,S1O
114,FCZ,85,2.126,S1O
114,FCZ,86,2.614,S1O
114,FCZ,87,2.126,S1O
114,FCZ,88,2.126,S1O
114,FCZ,89,1.638,S1O
114,FCZ,90,1.149,S1O
114,FCZ,91,0.173,S1O
114,FCZ,92,-0.804,S1O
114,FCZ,93,-1.292,S1O
114,FCZ,94,-1.780,S1O
114,FCZ,95,-2.268,S1O
114,FCZ,96,-1.780,S1O
114,FCZ,97,-1.292,S1O
114,FCZ,98,-0.315,S1O
114,FCZ,99,0.173,S1O
114,FCZ,100,-0.315,S1O
114,FCZ,101,-1.292,S1O
114,FCZ,102,-1.292,S1O
114,FCZ,103,-1.780,S1O
114,FCZ,104,-1.292,S1O
114,FCZ,105,-0.315,S1O
114,FCZ,106,0.173,S1O
114,FCZ,107,0.173,S1O
114,FCZ,108,0.661,S1O
114,FCZ,109,0.173,S1O
114,FCZ,110,0.661,S1O
114,FCZ,111,1.149,S1O
114,FCZ,112,1.638,S1O
114,FCZ,113,1.149,S1O
114,FCZ,114,0.661,S1O
114,FCZ,115,0.173,S1O
114,FCZ,116,-1.292,S1O
114,FCZ,117,-1.780,S1O
114,FCZ,118,-1.780,S1O
114,FCZ,119,-1.780,S1O
114,FCZ,120,-1.292,S1O
114,FCZ,121,-1.292,S1O
114,FCZ,122,-0.315,S1O
114,FCZ,123,-0.315,S1O
114,FCZ,124,-0.315,S1O
114,FCZ,125,-0.804,S1O
114,FCZ,126,-1.292,S1O
114,FCZ,127,-1.780,S1O
114,FCZ,128,-1.780,S1O
114,FCZ,129,-1.780,S1O
114,FCZ,130,-1.780,S1O
114,FCZ,131,-0.804,S1O
114,FCZ,132,-0.315,S1O
114,FCZ,133,0.173,S1O
114,FCZ,134,0.661,S1O
114,FCZ,135,1.149,S1O
114,FCZ,136,1.149,S1O
114,FCZ,137,0.173,S1O
114,FCZ,138,-0.315,S1O
114,FCZ,139,-1.292,S1O
114,FCZ,140,-1.292,S1O
114,FCZ,141,-1.292,S1O
114,FCZ,142,-1.292,S1O
114,FCZ,143,-1.292,S1O
114,FCZ,144,-1.780,S1O
114,FCZ,145,-2.268,S1O
114,FCZ,146,-1.780,S1O
114,FCZ,147,-1.292,S1O
114,FCZ,148,0.173,S1O
114,FCZ,149,0.173,S1O
114,FCZ,150,0.173,S1O
114,FCZ,151,-1.292,S1O
114,FCZ,152,-1.780,S1O
114,FCZ,153,-2.268,S1O
114,FCZ,154,-1.780,S1O
114,FCZ,155,-1.292,S1O
114,FCZ,156,-0.315,S1O
114,FCZ,157,-0.804,S1O
114,FCZ,158,-1.292,S1O
114,FCZ,159,-3.245,S1O
114,FCZ,160,-4.222,S1O
114,FCZ,161,-4.710,S1O
114,FCZ,162,-3.733,S1O
114,FCZ,163,-2.268,S1O
114,FCZ,164,-1.292,S1O
114,FCZ,165,-0.804,S1O
114,FCZ,166,-1.292,S1O
114,FCZ,167,-1.780,S1O
114,FCZ,168,-2.757,S1O
114,FCZ,169,-2.757,S1O
114,FCZ,170,-1.780,S1O
114,FCZ,171,-0.315,S1O
114,FCZ,172,0.661,S1O
114,FCZ,173,0.173,S1O
114,FCZ,174,-1.292,S1O
114,FCZ,175,-2.268,S1O
114,FCZ,176,-3.245,S1O
114,FCZ,177,-2.757,S1O
114,FCZ,178,-2.268,S1O
114,FCZ,179,-1.292,S1O
114,FCZ,180,-1.292,S1O
114,FCZ,181,-2.757,S1O
114,FCZ,182,-3.733,S1O
114,FCZ,183,-3.733,S1O
114,FCZ,184,-2.757,S1O
114,FCZ,185,-1.292,S1O
114,FCZ,186,0.173,S1O
114,FCZ,187,0.661,S1O
114,FCZ,188,-0.315,S1O
114,FCZ,189,-1.780,S1O
114,FCZ,190,-2.268,S1O
114,FCZ,191,-1.780,S1O
114,FCZ,192,-1.292,S1O
114,FCZ,193,-0.315,S1O
114,FCZ,194,-0.315,S1O
114,FCZ,195,-1.292,S1O
114,FCZ,196,-2.757,S1O
114,FCZ,197,-3.733,S1O
114,FCZ,198,-3.245,S1O
114,FCZ,199,-2.757,S1O
114,FCZ,200,-1.780,S1O
114,FCZ,201,-1.292,S1O
114,FCZ,202,-1.780,S1O
114,FCZ,203,-2.268,S1O
114,FCZ,204,-1.780,S1O
114,FCZ,205,-1.780,S1O
114,FCZ,206,-0.804,S1O
114,FCZ,207,-0.315,S1O
114,FCZ,208,-0.315,S1O
114,FCZ,209,-1.292,S1O
114,FCZ,210,-2.757,S1O
114,FCZ,211,-4.710,S1O
114,FCZ,212,-6.175,S1O
114,FCZ,213,-5.686,S1O
114,FCZ,214,-4.710,S1O
114,FCZ,215,-3.733,S1O
114,FCZ,216,-3.245,S1O
114,FCZ,217,-3.245,S1O
114,FCZ,218,-3.733,S1O
114,FCZ,219,-3.733,S1O
114,FCZ,220,-3.733,S1O
114,FCZ,221,-3.245,S1O
114,FCZ,222,-3.245,S1O
114,FCZ,223,-3.245,S1O
114,FCZ,224,-3.733,S1O
114,FCZ,225,-4.222,S1O
114,FCZ,226,-5.198,S1O
114,FCZ,227,-5.686,S1O
114,FCZ,228,-5.686,S1O
114,FCZ,229,-4.222,S1O
114,FCZ,230,-2.757,S1O
114,FCZ,231,-1.780,S1O
114,FCZ,232,-0.804,S1O
114,FCZ,233,-1.292,S1O
114,FCZ,234,-1.780,S1O
114,FCZ,235,-2.757,S1O
114,FCZ,236,-3.245,S1O
114,FCZ,237,-2.757,S1O
114,FCZ,238,-1.780,S1O
114,FCZ,239,-1.292,S1O
114,FCZ,240,-0.804,S1O
114,FCZ,241,-1.780,S1O
114,FCZ,242,-3.245,S1O
114,FCZ,243,-4.710,S1O
114,FCZ,244,-5.198,S1O
114,FCZ,245,-4.710,S1O
114,FCZ,246,-4.222,S1O
114,FCZ,247,-3.245,S1O
114,FCZ,248,-2.757,S1O
114,FCZ,249,-2.757,S1O
114,FCZ,250,-3.733,S1O
114,FCZ,251,-4.710,S1O
114,FCZ,252,-5.198,S1O
114,FCZ,253,-5.198,S1O
114,FCZ,254,-5.198,S1O
114,FCZ,255,-5.686,S1O
114,POZ,0,-3.642,S1O
114,POZ,1,-4.130,S1O
114,POZ,2,-4.130,S1O
114,POZ,3,-4.130,S1O
114,POZ,4,-4.618,S1O
114,POZ,5,-4.618,S1O
114,POZ,6,-5.107,S1O
114,POZ,7,-5.107,S1O
114,POZ,8,-5.107,S1O
114,POZ,9,-4.130,S1O
114,POZ,10,-2.665,S1O
114,POZ,11,-1.200,S1O
114,POZ,12,0.264,S1O
114,POZ,13,0.264,S1O
114,POZ,14,-0.712,S1O
114,POZ,15,-2.177,S1O
114,POZ,16,-3.642,S1O
114,POZ,17,-4.130,S1O
114,POZ,18,-3.153,S1O
114,POZ,19,-2.177,S1O
114,POZ,20,-1.689,S1O
114,POZ,21,-1.689,S1O
114,POZ,22,-2.177,S1O
114,POZ,23,-2.177,S1O
114,POZ,24,-1.200,S1O
114,POZ,25,0.264,S1O
114,POZ,26,1.729,S1O
114,POZ,27,2.706,S1O
114,POZ,28,2.706,S1O
114,POZ,29,1.729,S1O
114,POZ,30,0.264,S1O
114,POZ,31,-1.200,S1O
114,POZ,32,-2.177,S1O
114,POZ,33,-2.177,S1O
114,POZ,34,-2.177,S1O
114,POZ,35,-2.177,S1O
114,POZ,36,-3.153,S1O
114,POZ,37,-5.595,S1O
114,POZ,38,-8.525,S1O
114,POZ,39,-10.966,S1O
114,POZ,40,-12.919,S1O
114,POZ,41,-13.407,S1O
114,POZ,42,-13.407,S1O
114,POZ,43,-13.407,S1O
114,POZ,44,-14.872,S1O
114,POZ,45,-16.825,S1O
114,POZ,46,-18.778,S1O
114,POZ,47,-19.755,S1O
114,POZ,48,-18.778,S1O
114,POZ,49,-15.849,S1O
114,POZ,50,-12.919,S1O
114,POZ,51,-9.013,S1O
114,POZ,52,-5.595,S1O
114,POZ,53,-3.153,S1O
114,POZ,54,-1.689,S1O
114,POZ,55,-1.200,S1O
114,POZ,56,-2.177,S1O
114,POZ,57,-3.153,S1O
114,POZ,58,-3.153,S1O
114,POZ,59,-2.177,S1O
114,POZ,60,0.264,S1O
114,POZ,61,1.729,S1O
114,POZ,62,2.706,S1O
114,POZ,63,2.706,S1O
114,POZ,64,2.218,S1O
114,POZ,65,2.218,S1O
114,POZ,66,2.706,S1O
114,POZ,67,3.682,S1O
114,POZ,68,3.682,S1O
114,POZ,69,2.218,S1O
114,POZ,70,-0.224,S1O
114,POZ,71,-2.665,S1O
114,POZ,72,-5.107,S1O
114,POZ,73,-6.571,S1O
114,POZ,74,-7.548,S1O
114,POZ,75,-8.525,S1O
114,POZ,76,-8.525,S1O
114,POZ,77,-8.036,S1O
114,POZ,78,-7.060,S1O
114,POZ,79,-5.107,S1O
114,POZ,80,-4.618,S1O
114,POZ,81,-5.595,S1O
114,POZ,82,-7.060,S1O
114,POZ,83,-9.013,S1O
114,POZ,84,-10.478,S1O
114,POZ,85,-9.989,S1O
114,POZ,86,-9.013,S1O
114,POZ,87,-7.548,S1O
114,POZ,88,-6.571,S1O
114,POZ,89,-6.083,S1O
114,POZ,90,-5.595,S1O
114,POZ,91,-4.618,S1O
114,POZ,92,-3.153,S1O
114,POZ,93,-2.177,S1O
114,POZ,94,-1.689,S1O
114,POZ,95,-1.689,S1O
114,POZ,96,-2.177,S1O
114,POZ,97,-2.665,S1O
114,POZ,98,-2.665,S1O
114,POZ,99,-2.665,S1O
114,POZ,100,-2.665,S1O
114,POZ,101,-1.689,S1O
114,POZ,102,-1.200,S1O
114,POZ,103,-1.200,S1O
114,POZ,104,-1.200,S1O
114,POZ,105,-2.665,S1O
114,POZ,106,-4.618,S1O
114,POZ,107,-7.060,S1O
114,POZ,108,-9.013,S1O
114,POZ,109,-9.989,S1O
114,POZ,110,-10.966,S1O
114,POZ,111,-11.943,S1O
114,POZ,112,-12.919,S1O
114,POZ,113,-12.919,S1O
114,POZ,114,-11.454,S1O
114,POZ,115,-9.013,S1O
114,POZ,116,-6.083,S1O
114,POZ,117,-3.153,S1O
114,POZ,118,-1.689,S1O
114,POZ,119,-1.689,S1O
114,POZ,120,-2.177,S1O
114,POZ,121,-3.153,S1O
114,POZ,122,-4.130,S1O
114,POZ,123,-4.618,S1O
114,POZ,124,-5.595,S1O
114,POZ,125,-6.571,S1O
114,POZ,126,-7.060,S1O
114,POZ,127,-6.571,S1O
114,POZ,128,-6.083,S1O
114,POZ,129,-6.083,S1O
114,POZ,130,-7.060,S1O
114,POZ,131,-9.013,S1O
114,POZ,132,-10.966,S1O
114,POZ,133,-12.431,S1O
114,POZ,134,-12.919,S1O
114,POZ,135,-12.431,S1O
114,POZ,136,-11.943,S1O
114,POZ,137,-11.454,S1O
114,POZ,138,-10.478,S1O
114,POZ,139,-9.013,S1O
114,POZ,140,-7.060,S1O
114,POZ,141,-5.595,S1O
114,POZ,142,-5.595,S1O
114,POZ,143,-7.060,S1O
114,POZ,144,-8.036,S1O
114,POZ,145,-9.013,S1O
114,POZ,146,-8.525,S1O
114,POZ,147,-8.036,S1O
114,POZ,148,-8.036,S1O
114,POZ,149,-7.548,S1O
114,POZ,150,-7.548,S1O
114,POZ,151,-7.060,S1O
114,POZ,152,-5.595,S1O
114,POZ,153,-5.107,S1O
114,POZ,154,-4.618,S1O
114,POZ,155,-5.595,S1O
114,POZ,156,-7.060,S1O
114,POZ,157,-7.548,S1O
114,POZ,158,-7.548,S1O
114,POZ,159,-7.060,S1O
114,POZ,160,-5.595,S1O
114,POZ,161,-5.107,S1O
114,POZ,162,-5.107,S1O
114,POZ,163,-5.595,S1O
114,POZ,164,-6.571,S1O
114,POZ,165,-7.548,S1O
114,POZ,166,-8.036,S1O
114,POZ,167,-9.013,S1O
114,POZ,168,-9.013,S1O
114,POZ,169,-9.501,S1O
114,POZ,170,-9.501,S1O
114,POZ,171,-10.478,S1O
114,POZ,172,-10.966,S1O
114,POZ,173,-11.943,S1O
114,POZ,174,-12.431,S1O
114,POZ,175,-11.943,S1O
114,POZ,176,-10.478,S1O
114,POZ,177,-8.525,S1O
114,POZ,178,-8.036,S1O
114,POZ,179,-8.525,S1O
114,POZ,180,-9.501,S1O
114,POZ,181,-9.989,S1O
114,POZ,182,-9.989,S1O
114,POZ,183,-9.501,S1O
114,POZ,184,-9.013,S1O
114,POZ,185,-9.501,S1O
114,POZ,186,-9.989,S1O
114,POZ,187,-9.501,S1O
114,POZ,188,-8.036,S1O
114,POZ,189,-6.083,S1O
114,POZ,190,-5.107,S1O
114,POZ,191,-5.595,S1O
114,POZ,192,-7.548,S1O
114,POZ,193,-9.989,S1O
114,POZ,194,-11.454,S1O
114,POZ,195,-11.454,S1O
114,POZ,196,-9.501,S1O
114,POZ,197,-8.036,S1O
114,POZ,198,-7.060,S1O
114,POZ,199,-7.060,S1O
114,POZ,200,-7.548,S1O
114,POZ,201,-8.525,S1O
114,POZ,202,-9.501,S1O
114,POZ,203,-10.966,S1O
114,POZ,204,-12.431,S1O
114,POZ,205,-13.896,S1O
114,POZ,206,-13.896,S1O
114,POZ,207,-12.431,S1O
114,POZ,208,-9.989,S1O
114,POZ,209,-8.036,S1O
114,POZ,210,-8.036,S1O
114,POZ,211,-9.501,S1O
114,POZ,212,-11.943,S1O
114,POZ,213,-12.919,S1O
114,POZ,214,-11.943,S1O
114,POZ,215,-9.989,S1O
114,POZ,216,-8.525,S1O
114,POZ,217,-8.525,S1O
114,POZ,218,-10.478,S1O
114,POZ,219,-12.431,S1O
114,POZ,220,-13.407,S1O
114,POZ,221,-12.919,S1O
114,POZ,222,-11.454,S1O
114,POZ,223,-10.478,S1O
114,POZ,224,-9.989,S1O
114,POZ,225,-10.478,S1O
114,POZ,226,-10.966,S1O
114,POZ,227,-10.966,S1O
114,POZ,228,-10.478,S1O
114,POZ,229,-9.989,S1O
114,POZ,230,-11.454,S1O
114,POZ,231,-13.896,S1O
114,POZ,232,-16.337,S1O
114,POZ,233,-17.802,S1O
114,POZ,234,-17.802,S1O
114,POZ,235,-16.825,S1O
114,POZ,236,-15.849,S1O
114,POZ,237,-14.872,S1O
114,POZ,238,-12.919,S1O
114,POZ,239,-10.966,S1O
114,POZ,240,-8.525,S1O
114,POZ,241,-6.083,S1O
114,POZ,242,-5.107,S1O
114,POZ,243,-5.595,S1O
114,POZ,244,-7.060,S1O
114,POZ,245,-9.013,S1O
114,POZ,246,-9.501,S1O
114,POZ,247,-9.989,S1O
114,POZ,248,-9.501,S1O
114,POZ,249,-9.501,S1O
114,POZ,250,-9.013,S1O
114,POZ,251,-8.036,S1O
114,POZ,252,-7.548,S1O
114,POZ,253,-6.571,S1O
114,POZ,254,-5.107,S1O
114,POZ,255,-3.153,S1O
114,OZ,0,-4.618,S1O
114,OZ,1,-5.595,S1O
114,OZ,2,-6.571,S1O
114,OZ,3,-7.060,S1O
114,OZ,4,-8.036,S1O
114,OZ,5,-8.525,S1O
114,OZ,6,-8.525,S1O
114,OZ,7,-8.036,S1O
114,OZ,8,-7.548,S1O
114,OZ,9,-5.595,S1O
114,OZ,10,-3.642,S1O
114,OZ,11,-1.689,S1O
114,OZ,12,0.264,S1O
114,OZ,13,1.241,S1O
114,OZ,14,0.264,S1O
114,OZ,15,-1.689,S1O
114,OZ,16,-3.153,S1O
114,OZ,17,-3.642,S1O
114,OZ,18,-3.642,S1O
114,OZ,19,-2.665,S1O
114,OZ,20,-2.177,S1O
114,OZ,21,-2.665,S1O
114,OZ,22,-4.130,S1O
114,OZ,23,-5.595,S1O
114,OZ,24,-5.595,S1O
114,OZ,25,-4.130,S1O
114,OZ,26,-2.665,S1O
114,OZ,27,-1.689,S1O
114,OZ,28,-1.689,S1O
114,OZ,29,-3.642,S1O
114,OZ,30,-5.595,S1O
114,OZ,31,-7.548,S1O
114,OZ,32,-8.036,S1O
114,OZ,33,-6.571,S1O
114,OZ,34,-4.618,S1O
114,OZ,35,-3.642,S1O
114,OZ,36,-4.130,S1O
114,OZ,37,-6.571,S1O
114,OZ,38,-10.478,S1O
114,OZ,39,-13.896,S1O
114,OZ,40,-15.849,S1O
114,OZ,41,-15.849,S1O
114,OZ,42,-15.849,S1O
114,OZ,43,-15.849,S1O
114,OZ,44,-17.802,S1O
114,OZ,45,-20.732,S1O
114,OZ,46,-23.173,S1O
114,OZ,47,-24.150,S1O
114,OZ,48,-23.173,S1O
114,OZ,49,-19.755,S1O
114,OZ,50,-15.849,S1O
114,OZ,51,-11.454,S1O
114,OZ,52,-7.548,S1O
114,OZ,53,-4.618,S1O
114,OZ,54,-3.642,S1O
114,OZ,55,-4.130,S1O
114,OZ,56,-5.595,S1O
114,OZ,57,-6.571,S1O
114,OZ,58,-7.060,S1O
114,OZ,59,-5.595,S1O
114,OZ,60,-2.665,S1O
114,OZ,61,0.264,S1O
114,OZ,62,1.729,S1O
114,OZ,63,1.729,S1O
114,OZ,64,1.241,S1O
114,OZ,65,1.729,S1O
114,OZ,66,2.706,S1O
114,OZ,67,3.194,S1O
114,OZ,68,2.218,S1O
114,OZ,69,-0.224,S1O
114,OZ,70,-3.153,S1O
114,OZ,71,-6.083,S1O
114,OZ,72,-7.548,S1O
114,OZ,73,-9.013,S1O
114,OZ,74,-10.966,S1O
114,OZ,75,-12.431,S1O
114,OZ,76,-13.896,S1O
114,OZ,77,-13.407,S1O
114,OZ,78,-11.943,S1O
114,OZ,79,-9.989,S1O
114,OZ,80,-8.525,S1O
114,OZ,81,-9.013,S1O
114,OZ,82,-11.454,S1O
114,OZ,83,-13.407,S1O
114,OZ,84,-14.384,S1O
114,OZ,85,-13.896,S1O
114,OZ,86,-12.431,S1O
114,OZ,87,-10.966,S1O
114,OZ,88,-9.989,S1O
114,OZ,89,-9.013,S1O
114,OZ,90,-8.525,S1O
114,OZ,91,-6.571,S1O
114,OZ,92,-5.107,S1O
114,OZ,93,-4.130,S1O
114,OZ,94,-3.642,S1O
114,OZ,95,-3.642,S1O
114,OZ,96,-4.618,S1O
114,OZ,97,-5.595,S1O
114,OZ,98,-6.083,S1O
114,OZ,99,-6.571,S1O
114,OZ,100,-7.060,S1O
114,OZ,101,-7.060,S1O
114,OZ,102,-6.571,S1O
114,OZ,103,-6.571,S1O
114,OZ,104,-6.571,S1O
114,OZ,105,-7.548,S1O
114,OZ,106,-9.989,S1O
114,OZ,107,-11.943,S1O
114,OZ,108,-13.896,S1O
114,OZ,109,-14.872,S1O
114,OZ,110,-15.849,S1O
114,OZ,111,-17.314,S1O
114,OZ,112,-18.290,S1O
114,OZ,113,-18.778,S1O
114,OZ,114,-17.314,S1O
114,OZ,115,-14.384,S1O
114,OZ,116,-10.966,S1O
114,OZ,117,-8.036,S1O
114,OZ,118,-7.060,S1O
114,OZ,119,-7.548,S1O
114,OZ,120,-8.525,S1O
114,OZ,121,-9.501,S1O
114,OZ,122,-9.989,S1O
114,OZ,123,-10.478,S1O
114,OZ,124,-11.454,S1O
114,OZ,125,-12.431,S1O
114,OZ,126,-12.919,S1O
114,OZ,127,-11.943,S1O
114,OZ,128,-11.454,S1O
114,OZ,129,-10.966,S1O
114,OZ,130,-12.431,S1O
114,OZ,131,-14.872,S1O
114,OZ,132,-16.825,S1O
114,OZ,133,-18.290,S1O
114,OZ,134,-18.778,S1O
114,OZ,135,-18.778,S1O
114,OZ,136,-18.778,S1O
114,OZ,137,-18.778,S1O
114,OZ,138,-17.802,S1O
114,OZ,139,-16.337,S1O
114,OZ,140,-13.896,S1O
114,OZ,141,-12.431,S1O
114,OZ,142,-12.919,S1O
114,OZ,143,-13.407,S1O
114,OZ,144,-14.872,S1O
114,OZ,145,-15.361,S1O
114,OZ,146,-14.872,S1O
114,OZ,147,-14.384,S1O
114,OZ,148,-14.384,S1O
114,OZ,149,-14.384,S1O
114,OZ,150,-13.896,S1O
114,OZ,151,-12.919,S1O
114,OZ,152,-11.454,S1O
114,OZ,153,-10.478,S1O
114,OZ,154,-10.966,S1O
114,OZ,155,-12.431,S1O
114,OZ,156,-14.384,S1O
114,OZ,157,-15.849,S1O
114,OZ,158,-15.849,S1O
114,OZ,159,-15.849,S1O
114,OZ,160,-15.849,S1O
114,OZ,161,-15.849,S1O
114,OZ,162,-16.337,S1O
114,OZ,163,-16.337,S1O
114,OZ,164,-16.825,S1O
114,OZ,165,-17.314,S1O
114,OZ,166,-17.314,S1O
114,OZ,167,-17.802,S1O
114,OZ,168,-18.290,S1O
114,OZ,169,-18.778,S1O
114,OZ,170,-18.290,S1O
114,OZ,171,-18.290,S1O
114,OZ,172,-18.778,S1O
114,OZ,173,-19.267,S1O
114,OZ,174,-19.755,S1O
114,OZ,175,-19.267,S1O
114,OZ,176,-18.778,S1O
114,OZ,177,-17.802,S1O
114,OZ,178,-17.802,S1O
114,OZ,179,-19.267,S1O
114,OZ,180,-21.220,S1O
114,OZ,181,-22.196,S1O
114,OZ,182,-22.685,S1O
114,OZ,183,-21.708,S1O
114,OZ,184,-21.220,S1O
114,OZ,185,-21.220,S1O
114,OZ,186,-21.220,S1O
114,OZ,187,-20.243,S1O
114,OZ,188,-17.802,S1O
114,OZ,189,-14.872,S1O
114,OZ,190,-12.431,S1O
114,OZ,191,-12.919,S1O
114,OZ,192,-15.361,S1O
114,OZ,193,-19.267,S1O
114,OZ,194,-21.220,S1O
114,OZ,195,-21.220,S1O
114,OZ,196,-19.267,S1O
114,OZ,197,-16.825,S1O
114,OZ,198,-15.849,S1O
114,OZ,199,-16.337,S1O
114,OZ,200,-17.314,S1O
114,OZ,201,-18.290,S1O
114,OZ,202,-19.267,S1O
114,OZ,203,-20.732,S1O
114,OZ,204,-22.685,S1O
114,OZ,205,-24.638,S1O
114,OZ,206,-25.126,S1O
114,OZ,207,-23.173,S1O
114,OZ,208,-20.732,S1O
114,OZ,209,-18.778,S1O
114,OZ,210,-19.267,S1O
114,OZ,211,-21.708,S1O
114,OZ,212,-25.126,S1O
114,OZ,213,-27.079,S1O
114,OZ,214,-26.591,S1O
114,OZ,215,-24.638,S1O
114,OZ,216,-23.173,S1O
114,OZ,217,-22.685,S1O
114,OZ,218,-24.150,S1O
114,OZ,219,-26.103,S1O
114,OZ,220,-27.568,S1O
114,OZ,221,-27.079,S1O
114,OZ,222,-26.103,S1O
114,OZ,223,-24.638,S1O
114,OZ,224,-24.150,S1O
114,OZ,225,-24.150,S1O
114,OZ,226,-24.638,S1O
114,OZ,227,-24.150,S1O
114,OZ,228,-24.150,S1O
114,OZ,229,-24.150,S1O
114,OZ,230,-25.126,S1O
114,OZ,231,-28.056,S1O
114,OZ,232,-30.986,S1O
114,OZ,233,-33.427,S1O
114,OZ,234,-34.403,S1O
114,OZ,235,-33.915,S1O
114,OZ,236,-31.962,S1O
114,OZ,237,-30.009,S1O
114,OZ,238,-26.103,S1O
114,OZ,239,-22.196,S1O
114,OZ,240,-18.778,S1O
114,OZ,241,-14.872,S1O
114,OZ,242,-12.919,S1O
114,OZ,243,-12.919,S1O
114,OZ,244,-14.384,S1O
114,OZ,245,-16.825,S1O
114,OZ,246,-19.267,S1O
114,OZ,247,-21.220,S1O
114,OZ,248,-23.173,S1O
114,OZ,249,-23.661,S1O
114,OZ,250,-22.685,S1O
114,OZ,251,-21.220,S1O
114,OZ,252,-20.243,S1O
114,OZ,253,-19.267,S1O
114,OZ,254,-18.290,S1O
114,OZ,255,-17.314,S1O
114,P2,0,-3.703,S1O
114,P2,1,-3.703,S1O
114,P2,2,-3.703,S1O
114,P2,3,-3.703,S1O
114,P2,4,-3.703,S1O
114,P2,5,-4.191,S1O
114,P2,6,-4.679,S1O
114,P2,7,-4.679,S1O
114,P2,8,-4.191,S1O
114,P2,9,-3.703,S1O
114,P2,10,-3.215,S1O
114,P2,11,-2.238,S1O
114,P2,12,-1.261,S1O
114,P2,13,-1.261,S1O
114,P2,14,-1.750,S1O
114,P2,15,-3.215,S1O
114,P2,16,-3.703,S1O
114,P2,17,-3.703,S1O
114,P2,18,-3.215,S1O
114,P2,19,-2.238,S1O
114,P2,20,-1.750,S1O
114,P2,21,-1.261,S1O
114,P2,22,-1.261,S1O
114,P2,23,-1.261,S1O
114,P2,24,-0.285,S1O
114,P2,25,1.180,S1O
114,P2,26,2.157,S1O
114,P2,27,2.645,S1O
114,P2,28,2.157,S1O
114,P2,29,1.180,S1O
114,P2,30,0.203,S1O
114,P2,31,-0.773,S1O
114,P2,32,-0.773,S1O
114,P2,33,-0.285,S1O
114,P2,34,-0.285,S1O
114,P2,35,0.203,S1O
114,P2,36,-0.773,S1O
114,P2,37,-2.726,S1O
114,P2,38,-4.679,S1O
114,P2,39,-6.632,S1O
114,P2,40,-8.097,S1O
114,P2,41,-8.097,S1O
114,P2,42,-8.097,S1O
114,P2,43,-7.609,S1O
114,P2,44,-8.097,S1O
114,P2,45,-9.562,S1O
114,P2,46,-11.027,S1O
114,P2,47,-11.515,S1O
114,P2,48,-11.027,S1O
114,P2,49,-9.074,S1O
114,P2,50,-6.144,S1O
114,P2,51,-3.215,S1O
114,P2,52,-0.285,S1O
114,P2,53,1.668,S1O
114,P2,54,2.645,S1O
114,P2,55,2.645,S1O
114,P2,56,1.668,S1O
114,P2,57,1.180,S1O
114,P2,58,1.668,S1O
114,P2,59,2.645,S1O
114,P2,60,4.598,S1O
114,P2,61,5.575,S1O
114,P2,62,6.551,S1O
114,P2,63,6.551,S1O
114,P2,64,6.063,S1O
114,P2,65,6.063,S1O
114,P2,66,7.039,S1O
114,P2,67,7.528,S1O
114,P2,68,7.528,S1O
114,P2,69,6.063,S1O
114,P2,70,4.598,S1O
114,P2,71,2.645,S1O
114,P2,72,1.180,S1O
114,P2,73,-0.285,S1O
114,P2,74,-0.773,S1O
114,P2,75,-1.750,S1O
114,P2,76,-1.750,S1O
114,P2,77,-0.773,S1O
114,P2,78,0.203,S1O
114,P2,79,2.157,S1O
114,P2,80,3.133,S1O
114,P2,81,3.133,S1O
114,P2,82,1.668,S1O
114,P2,83,0.203,S1O
114,P2,84,-1.261,S1O
114,P2,85,-1.261,S1O
114,P2,86,-0.285,S1O
114,P2,87,0.692,S1O
114,P2,88,1.180,S1O
114,P2,89,1.180,S1O
114,P2,90,1.668,S1O
114,P2,91,2.645,S1O
114,P2,92,3.621,S1O
114,P2,93,4.598,S1O
114,P2,94,5.575,S1O
114,P2,95,5.575,S1O
114,P2,96,5.575,S1O
114,P2,97,4.598,S1O
114,P2,98,4.598,S1O
114,P2,99,4.110,S1O
114,P2,100,4.110,S1O
114,P2,101,4.598,S1O
114,P2,102,5.575,S1O
114,P2,103,5.575,S1O
114,P2,104,5.575,S1O
114,P2,105,5.086,S1O
114,P2,106,3.621,S1O
114,P2,107,2.157,S1O
114,P2,108,0.692,S1O
114,P2,109,-0.773,S1O
114,P2,110,-1.750,S1O
114,P2,111,-2.726,S1O
114,P2,112,-3.703,S1O
114,P2,113,-3.215,S1O
114,P2,114,-2.238,S1O
114,P2,115,0.203,S1O
114,P2,116,2.645,S1O
114,P2,117,4.598,S1O
114,P2,118,5.086,S1O
114,P2,119,5.086,S1O
114,P2,120,5.086,S1O
114,P2,121,4.598,S1O
114,P2,122,4.598,S1O
114,P2,123,3.621,S1O
114,P2,124,2.645,S1O
114,P2,125,2.157,S1O
114,P2,126,1.668,S1O
114,P2,127,2.157,S1O
114,P2,128,2.645,S1O
114,P2,129,2.157,S1O
114,P2,130,0.692,S1O
114,P2,131,-1.261,S1O
114,P2,132,-2.726,S1O
114,P2,133,-3.215,S1O
114,P2,134,-3.215,S1O
114,P2,135,-2.726,S1O
114,P2,136,-2.726,S1O
114,P2,137,-2.238,S1O
114,P2,138,-1.750,S1O
114,P2,139,-0.285,S1O
114,P2,140,1.180,S1O
114,P2,141,1.668,S1O
114,P2,142,1.668,S1O
114,P2,143,0.692,S1O
114,P2,144,-0.773,S1O
114,P2,145,-1.750,S1O
114,P2,146,-1.750,S1O
114,P2,147,-1.261,S1O
114,P2,148,-0.773,S1O
114,P2,149,-0.773,S1O
114,P2,150,-1.261,S1O
114,P2,151,-1.261,S1O
114,P2,152,-0.773,S1O
114,P2,153,-0.285,S1O
114,P2,154,-0.285,S1O
114,P2,155,-0.285,S1O
114,P2,156,-0.773,S1O
114,P2,157,-1.261,S1O
114,P2,158,-0.773,S1O
114,P2,159,-0.285,S1O
114,P2,160,0.692,S1O
114,P2,161,1.180,S1O
114,P2,162,1.668,S1O
114,P2,163,1.180,S1O
114,P2,164,0.203,S1O
114,P2,165,-0.773,S1O
114,P2,166,-1.750,S1O
114,P2,167,-2.726,S1O
114,P2,168,-3.215,S1O
114,P2,169,-3.703,S1O
114,P2,170,-4.191,S1O
114,P2,171,-4.679,S1O
114,P2,172,-5.656,S1O
114,P2,173,-6.144,S1O
114,P2,174,-6.144,S1O
114,P2,175,-5.656,S1O
114,P2,176,-4.191,S1O
114,P2,177,-2.726,S1O
114,P2,178,-2.238,S1O
114,P2,179,-2.726,S1O
114,P2,180,-3.215,S1O
114,P2,181,-3.215,S1O
114,P2,182,-3.215,S1O
114,P2,183,-3.215,S1O
114,P2,184,-2.726,S1O
114,P2,185,-3.215,S1O
114,P2,186,-4.191,S1O
114,P2,187,-4.679,S1O
114,P2,188,-3.703,S1O
114,P2,189,-2.726,S1O
114,P2,190,-1.750,S1O
114,P2,191,-2.238,S1O
114,P2,192,-3.215,S1O
114,P2,193,-4.679,S1O
114,P2,194,-5.168,S1O
114,P2,195,-5.168,S1O
114,P2,196,-4.191,S1O
114,P2,197,-3.215,S1O
114,P2,198,-2.238,S1O
114,P2,199,-1.750,S1O
114,P2,200,-1.750,S1O
114,P2,201,-1.750,S1O
114,P2,202,-2.726,S1O
114,P2,203,-3.703,S1O
114,P2,204,-5.168,S1O
114,P2,205,-6.632,S1O
114,P2,206,-6.632,S1O
114,P2,207,-5.168,S1O
114,P2,208,-3.703,S1O
114,P2,209,-2.726,S1O
114,P2,210,-3.215,S1O
114,P2,211,-4.191,S1O
114,P2,212,-5.656,S1O
114,P2,213,-6.632,S1O
114,P2,214,-6.144,S1O
114,P2,215,-5.168,S1O
114,P2,216,-4.191,S1O
114,P2,217,-4.679,S1O
114,P2,218,-6.144,S1O
114,P2,219,-7.609,S1O
114,P2,220,-8.097,S1O
114,P2,221,-7.121,S1O
114,P2,222,-5.656,S1O
114,P2,223,-4.191,S1O
114,P2,224,-3.703,S1O
114,P2,225,-3.703,S1O
114,P2,226,-3.703,S1O
114,P2,227,-4.191,S1O
114,P2,228,-3.703,S1O
114,P2,229,-4.679,S1O
114,P2,230,-6.144,S1O
114,P2,231,-8.097,S1O
114,P2,232,-10.539,S1O
114,P2,233,-11.515,S1O
114,P2,234,-12.004,S1O
114,P2,235,-11.027,S1O
114,P2,236,-10.539,S1O
114,P2,237,-9.562,S1O
114,P2,238,-8.586,S1O
114,P2,239,-7.121,S1O
114,P2,240,-5.168,S1O
114,P2,241,-3.703,S1O
114,P2,242,-3.215,S1O
114,P2,243,-4.191,S1O
114,P2,244,-5.168,S1O
114,P2,245,-6.144,S1O
114,P2,246,-6.632,S1O
114,P2,247,-6.144,S1O
114,P2,248,-5.168,S1O
114,P2,249,-4.679,S1O
114,P2,250,-4.679,S1O
114,P2,251,-4.191,S1O
114,P2,252,-3.703,S1O
114,P2,253,-3.215,S1O
114,P2,254,-2.726,S1O
114,P2,255,-1.750,S1O
114,P1,0,-5.076,S1O
114,P1,1,-5.564,S1O
114,P1,2,-5.564,S1O
114,P1,3,-5.076,S1O
114,P1,4,-4.588,S1O
114,P1,5,-5.076,S1O
114,P1,6,-5.564,S1O
114,P1,7,-6.053,S1O
114,P1,8,-6.053,S1O
114,P1,9,-5.076,S1O
114,P1,10,-3.611,S1O
114,P1,11,-1.658,S1O
114,P1,12,-1.170,S1O
114,P1,13,-1.170,S1O
114,P1,14,-2.635,S1O
114,P1,15,-4.100,S1O
114,P1,16,-5.076,S1O
114,P1,17,-5.076,S1O
114,P1,18,-4.588,S1O
114,P1,19,-4.100,S1O
114,P1,20,-4.588,S1O
114,P1,21,-4.588,S1O
114,P1,22,-4.588,S1O
114,P1,23,-4.100,S1O
114,P1,24,-3.123,S1O
114,P1,25,-1.658,S1O
114,P1,26,-0.193,S1O
114,P1,27,0.295,S1O
114,P1,28,-0.193,S1O
114,P1,29,-1.170,S1O
114,P1,30,-2.146,S1O
114,P1,31,-3.123,S1O
114,P1,32,-3.611,S1O
114,P1,33,-3.611,S1O
114,P1,34,-3.611,S1O
114,P1,35,-4.100,S1O
114,P1,36,-5.076,S1O
114,P1,37,-6.541,S1O
114,P1,38,-8.006,S1O
114,P1,39,-9.471,S1O
114,P1,40,-10.447,S1O
114,P1,41,-10.935,S1O
114,P1,42,-10.935,S1O
114,P1,43,-10.447,S1O
114,P1,44,-10.935,S1O
114,P1,45,-11.424,S1O
114,P1,46,-12.400,S1O
114,P1,47,-12.889,S1O
114,P1,48,-12.889,S1O
114,P1,49,-11.424,S1O
114,P1,50,-8.982,S1O
114,P1,51,-6.053,S1O
114,P1,52,-3.123,S1O
114,P1,53,-0.682,S1O
114,P1,54,0.783,S1O
114,P1,55,1.272,S1O
114,P1,56,1.272,S1O
114,P1,57,0.783,S1O
114,P1,58,1.272,S1O
114,P1,59,2.248,S1O
114,P1,60,3.713,S1O
114,P1,61,4.690,S1O
114,P1,62,4.690,S1O
114,P1,63,3.713,S1O
114,P1,64,2.736,S1O
114,P1,65,2.736,S1O
114,P1,66,2.736,S1O
114,P1,67,3.225,S1O
114,P1,68,3.225,S1O
114,P1,69,2.248,S1O
114,P1,70,0.295,S1O
114,P1,71,-1.170,S1O
114,P1,72,-2.635,S1O
114,P1,73,-3.611,S1O
114,P1,74,-4.588,S1O
114,P1,75,-5.564,S1O
114,P1,76,-5.564,S1O
114,P1,77,-5.076,S1O
114,P1,78,-3.611,S1O
114,P1,79,-2.146,S1O
114,P1,80,-2.146,S1O
114,P1,81,-3.123,S1O
114,P1,82,-5.076,S1O
114,P1,83,-6.541,S1O
114,P1,84,-7.029,S1O
114,P1,85,-6.541,S1O
114,P1,86,-5.564,S1O
114,P1,87,-4.588,S1O
114,P1,88,-4.100,S1O
114,P1,89,-3.611,S1O
114,P1,90,-3.123,S1O
114,P1,91,-1.658,S1O
114,P1,92,-0.682,S1O
114,P1,93,-0.193,S1O
114,P1,94,-0.193,S1O
114,P1,95,-0.682,S1O
114,P1,96,-1.170,S1O
114,P1,97,-1.658,S1O
114,P1,98,-2.146,S1O
114,P1,99,-2.146,S1O
114,P1,100,-1.170,S1O
114,P1,101,-1.170,S1O
114,P1,102,-0.682,S1O
114,P1,103,-0.682,S1O
114,P1,104,-0.682,S1O
114,P1,105,-1.658,S1O
114,P1,106,-3.123,S1O
114,P1,107,-4.588,S1O
114,P1,108,-5.564,S1O
114,P1,109,-5.564,S1O
114,P1,110,-6.053,S1O
114,P1,111,-6.541,S1O
114,P1,112,-7.029,S1O
114,P1,113,-7.029,S1O
114,P1,114,-6.053,S1O
114,P1,115,-4.100,S1O
114,P1,116,-2.146,S1O
114,P1,117,-0.193,S1O
114,P1,118,0.295,S1O
114,P1,119,0.295,S1O
114,P1,120,-0.682,S1O
114,P1,121,-1.658,S1O
114,P1,122,-2.146,S1O
114,P1,123,-2.146,S1O
114,P1,124,-2.146,S1O
114,P1,125,-2.146,S1O
114,P1,126,-1.658,S1O
114,P1,127,-1.658,S1O
114,P1,128,-1.658,S1O
114,P1,129,-2.146,S1O
114,P1,130,-3.611,S1O
114,P1,131,-5.564,S1O
114,P1,132,-7.029,S1O
114,P1,133,-8.006,S1O
114,P1,134,-8.006,S1O
114,P1,135,-8.006,S1O
114,P1,136,-8.006,S1O
114,P1,137,-7.517,S1O
114,P1,138,-6.541,S1O
114,P1,139,-5.076,S1O
114,P1,140,-3.611,S1O
114,P1,141,-2.635,S1O
114,P1,142,-3.123,S1O
114,P1,143,-3.611,S1O
114,P1,144,-4.100,S1O
114,P1,145,-4.588,S1O
114,P1,146,-4.100,S1O
114,P1,147,-4.100,S1O
114,P1,148,-3.611,S1O
114,P1,149,-3.611,S1O
114,P1,150,-3.123,S1O
114,P1,151,-2.146,S1O
114,P1,152,-0.682,S1O
114,P1,153,-0.193,S1O
114,P1,154,-0.682,S1O
114,P1,155,-1.658,S1O
114,P1,156,-3.123,S1O
114,P1,157,-4.100,S1O
114,P1,158,-4.100,S1O
114,P1,159,-3.611,S1O
114,P1,160,-2.635,S1O
114,P1,161,-2.146,S1O
114,P1,162,-1.658,S1O
114,P1,163,-2.146,S1O
114,P1,164,-3.123,S1O
114,P1,165,-4.100,S1O
114,P1,166,-5.564,S1O
114,P1,167,-6.053,S1O
114,P1,168,-6.541,S1O
114,P1,169,-6.541,S1O
114,P1,170,-7.029,S1O
114,P1,171,-8.494,S1O
114,P1,172,-9.471,S1O
114,P1,173,-10.447,S1O
114,P1,174,-10.447,S1O
114,P1,175,-9.471,S1O
114,P1,176,-8.006,S1O
114,P1,177,-7.029,S1O
114,P1,178,-7.029,S1O
114,P1,179,-7.517,S1O
114,P1,180,-7.517,S1O
114,P1,181,-7.517,S1O
114,P1,182,-7.029,S1O
114,P1,183,-6.541,S1O
114,P1,184,-6.541,S1O
114,P1,185,-7.029,S1O
114,P1,186,-7.517,S1O
114,P1,187,-7.517,S1O
114,P1,188,-6.541,S1O
114,P1,189,-4.588,S1O
114,P1,190,-3.611,S1O
114,P1,191,-4.100,S1O
114,P1,192,-5.564,S1O
114,P1,193,-8.006,S1O
114,P1,194,-9.471,S1O
114,P1,195,-8.982,S1O
114,P1,196,-7.517,S1O
114,P1,197,-6.541,S1O
114,P1,198,-5.564,S1O
114,P1,199,-5.564,S1O
114,P1,200,-6.541,S1O
114,P1,201,-7.517,S1O
114,P1,202,-8.982,S1O
114,P1,203,-9.959,S1O
114,P1,204,-11.424,S1O
114,P1,205,-12.400,S1O
114,P1,206,-12.400,S1O
114,P1,207,-11.424,S1O
114,P1,208,-9.959,S1O
114,P1,209,-8.006,S1O
114,P1,210,-7.029,S1O
114,P1,211,-7.029,S1O
114,P1,212,-8.006,S1O
114,P1,213,-8.982,S1O
114,P1,214,-8.494,S1O
114,P1,215,-7.517,S1O
114,P1,216,-7.029,S1O
114,P1,217,-7.029,S1O
114,P1,218,-8.494,S1O
114,P1,219,-9.471,S1O
114,P1,220,-10.447,S1O
114,P1,221,-9.959,S1O
114,P1,222,-8.982,S1O
114,P1,223,-8.494,S1O
114,P1,224,-8.006,S1O
114,P1,225,-8.494,S1O
114,P1,226,-8.494,S1O
114,P1,227,-8.494,S1O
114,P1,228,-7.517,S1O
114,P1,229,-7.517,S1O
114,P1,230,-8.494,S1O
114,P1,231,-10.447,S1O
114,P1,232,-12.889,S1O
114,P1,233,-14.842,S1O
114,P1,234,-15.818,S1O
114,P1,235,-15.330,S1O
114,P1,236,-14.353,S1O
114,P1,237,-13.377,S1O
114,P1,238,-11.912,S1O
114,P1,239,-9.959,S1O
114,P1,240,-7.517,S1O
114,P1,241,-5.076,S1O
114,P1,242,-4.100,S1O
114,P1,243,-3.611,S1O
114,P1,244,-4.588,S1O
114,P1,245,-5.564,S1O
114,P1,246,-6.541,S1O
114,P1,247,-7.029,S1O
114,P1,248,-7.029,S1O
114,P1,249,-7.029,S1O
114,P1,250,-6.541,S1O
114,P1,251,-5.564,S1O
114,P1,252,-5.564,S1O
114,P1,253,-5.076,S1O
114,P1,254,-4.588,S1O
114,P1,255,-3.611,S1O
114,CPZ,0,-2.024,S1O
114,CPZ,1,-2.024,S1O
114,CPZ,2,-2.024,S1O
114,CPZ,3,-1.536,S1O
114,CPZ,4,-1.048,S1O
114,CPZ,5,-1.048,S1O
114,CPZ,6,-1.048,S1O
114,CPZ,7,-1.048,S1O
114,CPZ,8,-1.048,S1O
114,CPZ,9,-1.536,S1O
114,CPZ,10,-1.048,S1O
114,CPZ,11,-1.048,S1O
114,CPZ,12,-1.048,S1O
114,CPZ,13,-1.048,S1O
114,CPZ,14,-1.048,S1O
114,CPZ,15,-1.536,S1O
114,CPZ,16,-2.024,S1O
114,CPZ,17,-2.024,S1O
114,CPZ,18,-1.536,S1O
114,CPZ,19,-1.536,S1O
114,CPZ,20,-1.048,S1O
114,CPZ,21,-0.559,S1O
114,CPZ,22,-0.559,S1O
114,CPZ,23,-0.071,S1O
114,CPZ,24,0.905,S1O
114,CPZ,25,1.394,S1O
114,CPZ,26,1.394,S1O
114,CPZ,27,1.394,S1O
114,CPZ,28,1.394,S1O
114,CPZ,29,0.905,S1O
114,CPZ,30,0.417,S1O
114,CPZ,31,0.417,S1O
114,CPZ,32,-0.071,S1O
114,CPZ,33,-0.071,S1O
114,CPZ,34,-0.559,S1O
114,CPZ,35,-1.048,S1O
114,CPZ,36,-1.536,S1O
114,CPZ,37,-2.024,S1O
114,CPZ,38,-3.001,S1O
114,CPZ,39,-3.489,S1O
114,CPZ,40,-3.977,S1O
114,CPZ,41,-4.466,S1O
114,CPZ,42,-4.466,S1O
114,CPZ,43,-3.977,S1O
114,CPZ,44,-3.977,S1O
114,CPZ,45,-4.466,S1O
114,CPZ,46,-4.954,S1O
114,CPZ,47,-4.954,S1O
114,CPZ,48,-4.954,S1O
114,CPZ,49,-4.466,S1O
114,CPZ,50,-3.489,S1O
114,CPZ,51,-2.024,S1O
114,CPZ,52,-1.048,S1O
114,CPZ,53,-0.071,S1O
114,CPZ,54,0.417,S1O
114,CPZ,55,0.417,S1O
114,CPZ,56,0.417,S1O
114,CPZ,57,0.417,S1O
114,CPZ,58,0.905,S1O
114,CPZ,59,1.394,S1O
114,CPZ,60,1.882,S1O
114,CPZ,61,2.370,S1O
114,CPZ,62,1.882,S1O
114,CPZ,63,1.394,S1O
114,CPZ,64,0.905,S1O
114,CPZ,65,0.905,S1O
114,CPZ,66,0.905,S1O
114,CPZ,67,0.905,S1O
114,CPZ,68,0.905,S1O
114,CPZ,69,-0.071,S1O
114,CPZ,70,-0.559,S1O
114,CPZ,71,-1.536,S1O
114,CPZ,72,-2.024,S1O
114,CPZ,73,-2.513,S1O
114,CPZ,74,-3.001,S1O
114,CPZ,75,-3.001,S1O
114,CPZ,76,-3.001,S1O
114,CPZ,77,-2.513,S1O
114,CPZ,78,-1.536,S1O
114,CPZ,79,-1.048,S1O
114,CPZ,80,-1.048,S1O
114,CPZ,81,-1.048,S1O
114,CPZ,82,-1.536,S1O
114,CPZ,83,-2.513,S1O
114,CPZ,84,-3.001,S1O
114,CPZ,85,-3.001,S1O
114,CPZ,86,-3.001,S1O
114,CPZ,87,-2.513,S1O
114,CPZ,88,-2.024,S1O
114,CPZ,89,-2.513,S1O
114,CPZ,90,-2.024,S1O
114,CPZ,91,-1.536,S1O
114,CPZ,92,-0.559,S1O
114,CPZ,93,0.417,S1O
114,CPZ,94,0.905,S1O
114,CPZ,95,0.905,S1O
114,CPZ,96,-0.071,S1O
114,CPZ,97,-0.071,S1O
114,CPZ,98,-0.559,S1O
114,CPZ,99,-0.559,S1O
114,CPZ,100,-0.559,S1O
114,CPZ,101,-0.071,S1O
114,CPZ,102,0.417,S1O
114,CPZ,103,0.417,S1O
114,CPZ,104,0.905,S1O
114,CPZ,105,-0.071,S1O
114,CPZ,106,-0.559,S1O
114,CPZ,107,-1.048,S1O
114,CPZ,108,-2.024,S1O
114,CPZ,109,-2.513,S1O
114,CPZ,110,-2.513,S1O
114,CPZ,111,-3.001,S1O
114,CPZ,112,-3.489,S1O
114,CPZ,113,-3.489,S1O
114,CPZ,114,-2.513,S1O
114,CPZ,115,-2.024,S1O
114,CPZ,116,-0.559,S1O
114,CPZ,117,0.417,S1O
114,CPZ,118,0.905,S1O
114,CPZ,119,0.417,S1O
114,CPZ,120,0.417,S1O
114,CPZ,121,-0.071,S1O
114,CPZ,122,-0.071,S1O
114,CPZ,123,-0.559,S1O
114,CPZ,124,-0.559,S1O
114,CPZ,125,-0.559,S1O
114,CPZ,126,-0.559,S1O
114,CPZ,127,-0.071,S1O
114,CPZ,128,-0.071,S1O
114,CPZ,129,-0.071,S1O
114,CPZ,130,-1.048,S1O
114,CPZ,131,-2.024,S1O
114,CPZ,132,-3.001,S1O
114,CPZ,133,-3.489,S1O
114,CPZ,134,-3.977,S1O
114,CPZ,135,-3.489,S1O
114,CPZ,136,-3.489,S1O
114,CPZ,137,-3.001,S1O
114,CPZ,138,-2.513,S1O
114,CPZ,139,-2.024,S1O
114,CPZ,140,-1.536,S1O
114,CPZ,141,-1.048,S1O
114,CPZ,142,-1.536,S1O
114,CPZ,143,-2.024,S1O
114,CPZ,144,-2.024,S1O
114,CPZ,145,-2.024,S1O
114,CPZ,146,-2.024,S1O
114,CPZ,147,-2.024,S1O
114,CPZ,148,-2.513,S1O
114,CPZ,149,-2.513,S1O
114,CPZ,150,-2.024,S1O
114,CPZ,151,-1.536,S1O
114,CPZ,152,-1.048,S1O
114,CPZ,153,-0.559,S1O
114,CPZ,154,-0.559,S1O
114,CPZ,155,-1.048,S1O
114,CPZ,156,-1.536,S1O
114,CPZ,157,-1.536,S1O
114,CPZ,158,-1.536,S1O
114,CPZ,159,-0.559,S1O
114,CPZ,160,0.417,S1O
114,CPZ,161,0.905,S1O
114,CPZ,162,0.905,S1O
114,CPZ,163,0.905,S1O
114,CPZ,164,-0.071,S1O
114,CPZ,165,-0.559,S1O
114,CPZ,166,-0.559,S1O
114,CPZ,167,-1.048,S1O
114,CPZ,168,-1.048,S1O
114,CPZ,169,-1.048,S1O
114,CPZ,170,-1.536,S1O
114,CPZ,171,-2.513,S1O
114,CPZ,172,-3.001,S1O
114,CPZ,173,-3.489,S1O
114,CPZ,174,-3.001,S1O
114,CPZ,175,-2.024,S1O
114,CPZ,176,-1.536,S1O
114,CPZ,177,-1.048,S1O
114,CPZ,178,-1.536,S1O
114,CPZ,179,-2.024,S1O
114,CPZ,180,-2.024,S1O
114,CPZ,181,-2.024,S1O
114,CPZ,182,-1.536,S1O
114,CPZ,183,-1.048,S1O
114,CPZ,184,-1.048,S1O
114,CPZ,185,-1.048,S1O
114,CPZ,186,-1.536,S1O
114,CPZ,187,-2.024,S1O
114,CPZ,188,-1.536,S1O
114,CPZ,189,-1.048,S1O
114,CPZ,190,-0.559,S1O
114,CPZ,191,-0.559,S1O
114,CPZ,192,-1.048,S1O
114,CPZ,193,-2.024,S1O
114,CPZ,194,-2.024,S1O
114,CPZ,195,-2.024,S1O
114,CPZ,196,-1.536,S1O
114,CPZ,197,-1.048,S1O
114,CPZ,198,-0.559,S1O
114,CPZ,199,-0.559,S1O
114,CPZ,200,-1.048,S1O
114,CPZ,201,-1.048,S1O
114,CPZ,202,-1.048,S1O
114,CPZ,203,-1.536,S1O
114,CPZ,204,-2.024,S1O
114,CPZ,205,-3.001,S1O
114,CPZ,206,-3.001,S1O
114,CPZ,207,-3.001,S1O
114,CPZ,208,-2.513,S1O
114,CPZ,209,-1.536,S1O
114,CPZ,210,-1.048,S1O
114,CPZ,211,-0.559,S1O
114,CPZ,212,-0.559,S1O
114,CPZ,213,-1.048,S1O
114,CPZ,214,-1.048,S1O
114,CPZ,215,-1.048,S1O
114,CPZ,216,-1.048,S1O
114,CPZ,217,-1.048,S1O
114,CPZ,218,-1.536,S1O
114,CPZ,219,-1.536,S1O
114,CPZ,220,-1.536,S1O
114,CPZ,221,-0.559,S1O
114,CPZ,222,-0.071,S1O
114,CPZ,223,0.417,S1O
114,CPZ,224,-0.071,S1O
114,CPZ,225,-0.071,S1O
114,CPZ,226,-0.559,S1O
114,CPZ,227,-0.071,S1O
114,CPZ,228,-0.071,S1O
114,CPZ,229,-0.071,S1O
114,CPZ,230,-1.048,S1O
114,CPZ,231,-2.024,S1O
114,CPZ,232,-3.001,S1O
114,CPZ,233,-3.977,S1O
114,CPZ,234,-3.489,S1O
114,CPZ,235,-3.001,S1O
114,CPZ,236,-2.513,S1O
114,CPZ,237,-2.513,S1O
114,CPZ,238,-2.024,S1O
114,CPZ,239,-2.024,S1O
114,CPZ,240,-1.536,S1O
114,CPZ,241,-0.559,S1O
114,CPZ,242,0.417,S1O
114,CPZ,243,0.417,S1O
114,CPZ,244,-0.071,S1O
114,CPZ,245,-0.071,S1O
114,CPZ,246,-0.071,S1O
114,CPZ,247,-0.071,S1O
114,CPZ,248,-0.071,S1O
114,CPZ,249,0.417,S1O
114,CPZ,250,0.905,S1O
114,CPZ,251,0.905,S1O
114,CPZ,252,0.905,S1O
114,CPZ,253,1.394,S1O
114,CPZ,254,1.394,S1O
114,CPZ,255,1.882,S1O
114,nd,0,-6.460,S1O
114,nd,1,-8.413,S1O
114,nd,2,-8.901,S1O
114,nd,3,-9.878,S1O
114,nd,4,-10.366,S1O
114,nd,5,-10.854,S1O
114,nd,6,-10.854,S1O
114,nd,7,-10.854,S1O
114,nd,8,-10.366,S1O
114,nd,9,-8.901,S1O
114,nd,10,-6.460,S1O
114,nd,11,-4.018,S1O
114,nd,12,-2.065,S1O
114,nd,13,-1.577,S1O
114,nd,14,-3.042,S1O
114,nd,15,-4.506,S1O
114,nd,16,-6.460,S1O
114,nd,17,-6.460,S1O
114,nd,18,-6.460,S1O
114,nd,19,-5.971,S1O
114,nd,20,-5.971,S1O
114,nd,21,-6.948,S1O
114,nd,22,-8.413,S1O
114,nd,23,-9.389,S1O
114,nd,24,-8.901,S1O
114,nd,25,-7.924,S1O
114,nd,26,-6.460,S1O
114,nd,27,-5.971,S1O
114,nd,28,-5.971,S1O
114,nd,29,-7.436,S1O
114,nd,30,-8.901,S1O
114,nd,31,-10.366,S1O
114,nd,32,-10.854,S1O
114,nd,33,-10.854,S1O
114,nd,34,-9.389,S1O
114,nd,35,-8.413,S1O
114,nd,36,-8.901,S1O
114,nd,37,-10.854,S1O
114,nd,38,-13.784,S1O
114,nd,39,-17.202,S1O
114,nd,40,-19.155,S1O
114,nd,41,-19.643,S1O
114,nd,42,-19.643,S1O
114,nd,43,-19.643,S1O
114,nd,44,-21.108,S1O
114,nd,45,-23.549,S1O
114,nd,46,-25.991,S1O
114,nd,47,-26.967,S1O
114,nd,48,-25.503,S1O
114,nd,49,-22.085,S1O
114,nd,50,-17.690,S1O
114,nd,51,-13.784,S1O
114,nd,52,-9.878,S1O
114,nd,53,-7.436,S1O
114,nd,54,-5.971,S1O
114,nd,55,-6.460,S1O
114,nd,56,-7.924,S1O
114,nd,57,-8.901,S1O
114,nd,58,-8.413,S1O
114,nd,59,-6.460,S1O
114,nd,60,-4.018,S1O
114,nd,61,-2.065,S1O
114,nd,62,-1.577,S1O
114,nd,63,-1.577,S1O
114,nd,64,-1.577,S1O
114,nd,65,-1.088,S1O
114,nd,66,-0.600,S1O
114,nd,67,-0.600,S1O
114,nd,68,-1.088,S1O
114,nd,69,-3.042,S1O
114,nd,70,-5.971,S1O
114,nd,71,-8.413,S1O
114,nd,72,-10.366,S1O
114,nd,73,-11.831,S1O
114,nd,74,-13.784,S1O
114,nd,75,-15.737,S1O
114,nd,76,-16.713,S1O
114,nd,77,-16.713,S1O
114,nd,78,-14.760,S1O
114,nd,79,-12.807,S1O
114,nd,80,-11.831,S1O
114,nd,81,-12.807,S1O
114,nd,82,-14.760,S1O
114,nd,83,-16.713,S1O
114,nd,84,-17.202,S1O
114,nd,85,-16.713,S1O
114,nd,86,-14.760,S1O
114,nd,87,-13.295,S1O
114,nd,88,-12.807,S1O
114,nd,89,-12.319,S1O
114,nd,90,-11.342,S1O
114,nd,91,-9.878,S1O
114,nd,92,-8.413,S1O
114,nd,93,-7.436,S1O
114,nd,94,-7.436,S1O
114,nd,95,-7.924,S1O
114,nd,96,-8.901,S1O
114,nd,97,-8.901,S1O
114,nd,98,-9.389,S1O
114,nd,99,-9.389,S1O
114,nd,100,-9.878,S1O
114,nd,101,-9.878,S1O
114,nd,102,-9.878,S1O
114,nd,103,-9.389,S1O
114,nd,104,-9.878,S1O
114,nd,105,-10.854,S1O
114,nd,106,-13.295,S1O
114,nd,107,-14.760,S1O
114,nd,108,-16.225,S1O
114,nd,109,-16.713,S1O
114,nd,110,-17.690,S1O
114,nd,111,-18.667,S1O
114,nd,112,-20.131,S1O
114,nd,113,-21.108,S1O
114,nd,114,-20.620,S1O
114,nd,115,-17.690,S1O
114,nd,116,-13.784,S1O
114,nd,117,-10.854,S1O
114,nd,118,-9.878,S1O
114,nd,119,-10.854,S1O
114,nd,120,-11.831,S1O
114,nd,121,-12.807,S1O
114,nd,122,-12.807,S1O
114,nd,123,-12.807,S1O
114,nd,124,-12.807,S1O
114,nd,125,-12.807,S1O
114,nd,126,-13.295,S1O
114,nd,127,-12.319,S1O
114,nd,128,-11.342,S1O
114,nd,129,-11.342,S1O
114,nd,130,-12.807,S1O
114,nd,131,-15.249,S1O
114,nd,132,-17.690,S1O
114,nd,133,-18.667,S1O
114,nd,134,-19.643,S1O
114,nd,135,-19.643,S1O
114,nd,136,-19.643,S1O
114,nd,137,-19.643,S1O
114,nd,138,-18.667,S1O
114,nd,139,-16.713,S1O
114,nd,140,-14.760,S1O
114,nd,141,-13.295,S1O
114,nd,142,-13.295,S1O
114,nd,143,-14.272,S1O
114,nd,144,-15.737,S1O
114,nd,145,-16.225,S1O
114,nd,146,-15.737,S1O
114,nd,147,-14.760,S1O
114,nd,148,-14.272,S1O
114,nd,149,-13.784,S1O
114,nd,150,-13.295,S1O
114,nd,151,-11.831,S1O
114,nd,152,-10.366,S1O
114,nd,153,-9.389,S1O
114,nd,154,-9.878,S1O
114,nd,155,-11.342,S1O
114,nd,156,-14.272,S1O
114,nd,157,-16.225,S1O
114,nd,158,-17.202,S1O
114,nd,159,-17.690,S1O
114,nd,160,-17.690,S1O
114,nd,161,-17.690,S1O
114,nd,162,-17.690,S1O
114,nd,163,-18.178,S1O
114,nd,164,-18.667,S1O
114,nd,165,-18.667,S1O
114,nd,166,-19.155,S1O
114,nd,167,-19.643,S1O
114,nd,168,-19.643,S1O
114,nd,169,-19.643,S1O
114,nd,170,-19.155,S1O
114,nd,171,-19.155,S1O
114,nd,172,-20.131,S1O
114,nd,173,-21.108,S1O
114,nd,174,-22.085,S1O
114,nd,175,-21.596,S1O
114,nd,176,-20.620,S1O
114,nd,177,-20.131,S1O
114,nd,178,-20.620,S1O
114,nd,179,-22.085,S1O
114,nd,180,-24.038,S1O
114,nd,181,-24.526,S1O
114,nd,182,-24.526,S1O
114,nd,183,-23.549,S1O
114,nd,184,-23.061,S1O
114,nd,185,-23.549,S1O
114,nd,186,-23.549,S1O
114,nd,187,-22.573,S1O
114,nd,188,-19.155,S1O
114,nd,189,-15.737,S1O
114,nd,190,-14.272,S1O
114,nd,191,-15.249,S1O
114,nd,192,-18.667,S1O
114,nd,193,-22.573,S1O
114,nd,194,-24.038,S1O
114,nd,195,-23.549,S1O
114,nd,196,-21.108,S1O
114,nd,197,-18.667,S1O
114,nd,198,-18.178,S1O
114,nd,199,-19.155,S1O
114,nd,200,-20.620,S1O
114,nd,201,-21.596,S1O
114,nd,202,-23.061,S1O
114,nd,203,-25.014,S1O
114,nd,204,-26.967,S1O
114,nd,205,-28.432,S1O
114,nd,206,-27.944,S1O
114,nd,207,-25.991,S1O
114,nd,208,-23.061,S1O
114,nd,209,-21.108,S1O
114,nd,210,-21.596,S1O
114,nd,211,-24.526,S1O
114,nd,212,-26.967,S1O
114,nd,213,-28.920,S1O
114,nd,214,-28.432,S1O
114,nd,215,-26.967,S1O
114,nd,216,-25.503,S1O
114,nd,217,-25.014,S1O
114,nd,218,-26.479,S1O
114,nd,219,-28.432,S1O
114,nd,220,-29.897,S1O
114,nd,221,-29.897,S1O
114,nd,222,-29.409,S1O
114,nd,223,-28.432,S1O
114,nd,224,-28.432,S1O
114,nd,225,-28.432,S1O
114,nd,226,-28.432,S1O
114,nd,227,-27.944,S1O
114,nd,228,-26.967,S1O
114,nd,229,-26.479,S1O
114,nd,230,-27.944,S1O
114,nd,231,-30.874,S1O
114,nd,232,-33.803,S1O
114,nd,233,-36.733,S1O
114,nd,234,-37.221,S1O
114,nd,235,-36.733,S1O
114,nd,236,-35.268,S1O
114,nd,237,-33.315,S1O
114,nd,238,-29.897,S1O
114,nd,239,-26.479,S1O
114,nd,240,-22.085,S1O
114,nd,241,-18.178,S1O
114,nd,242,-15.737,S1O
114,nd,243,-15.249,S1O
114,nd,244,-16.713,S1O
114,nd,245,-19.155,S1O
114,nd,246,-21.596,S1O
114,nd,247,-24.038,S1O
114,nd,248,-25.503,S1O
114,nd,249,-25.991,S1O
114,nd,250,-25.503,S1O
114,nd,251,-24.526,S1O
114,nd,252,-23.549,S1O
114,nd,253,-23.061,S1O
114,nd,254,-22.573,S1O
114,nd,255,-22.085,S1O
114,Y,0,-8.219,S1O
114,Y,1,-9.684,S1O
114,Y,2,-9.684,S1O
114,Y,3,-9.196,S1O
114,Y,4,-9.196,S1O
114,Y,5,-9.684,S1O
114,Y,6,-9.684,S1O
114,Y,7,-9.196,S1O
114,Y,8,-9.196,S1O
114,Y,9,-8.708,S1O
114,Y,10,-8.708,S1O
114,Y,11,-8.708,S1O
114,Y,12,-8.219,S1O
114,Y,13,-7.731,S1O
114,Y,14,-7.243,S1O
114,Y,15,-7.731,S1O
114,Y,16,-8.219,S1O
114,Y,17,-9.196,S1O
114,Y,18,-9.684,S1O
114,Y,19,-10.661,S1O
114,Y,20,-11.637,S1O
114,Y,21,-12.614,S1O
114,Y,22,-14.079,S1O
114,Y,23,-14.567,S1O
114,Y,24,-14.567,S1O
114,Y,25,-14.079,S1O
114,Y,26,-13.590,S1O
114,Y,27,-15.055,S1O
114,Y,28,-17.497,S1O
114,Y,29,-21.891,S1O
114,Y,30,-25.309,S1O
114,Y,31,-26.286,S1O
114,Y,32,-24.821,S1O
114,Y,33,-20.915,S1O
114,Y,34,-16.520,S1O
114,Y,35,-14.079,S1O
114,Y,36,-14.079,S1O
114,Y,37,-16.520,S1O
114,Y,38,-19.450,S1O
114,Y,39,-21.891,S1O
114,Y,40,-21.891,S1O
114,Y,41,-20.426,S1O
114,Y,42,-17.985,S1O
114,Y,43,-16.520,S1O
114,Y,44,-16.032,S1O
114,Y,45,-16.520,S1O
114,Y,46,-16.520,S1O
114,Y,47,-15.544,S1O
114,Y,48,-14.079,S1O
114,Y,49,-12.614,S1O
114,Y,50,-11.149,S1O
114,Y,51,-9.684,S1O
114,Y,52,-7.731,S1O
114,Y,53,-5.778,S1O
114,Y,54,-4.801,S1O
114,Y,55,-4.801,S1O
114,Y,56,-6.266,S1O
114,Y,57,-7.731,S1O
114,Y,58,-8.219,S1O
114,Y,59,-7.243,S1O
114,Y,60,-5.778,S1O
114,Y,61,-4.313,S1O
114,Y,62,-4.313,S1O
114,Y,63,-5.290,S1O
114,Y,64,-6.266,S1O
114,Y,65,-7.731,S1O
114,Y,66,-8.708,S1O
114,Y,67,-10.173,S1O
114,Y,68,-12.614,S1O
114,Y,69,-15.544,S1O
114,Y,70,-18.473,S1O
114,Y,71,-20.915,S1O
114,Y,72,-21.891,S1O
114,Y,73,-22.380,S1O
114,Y,74,-23.356,S1O
114,Y,75,-25.798,S1O
114,Y,76,-28.727,S1O
114,Y,77,-30.680,S1O
114,Y,78,-30.192,S1O
114,Y,79,-28.239,S1O
114,Y,80,-26.286,S1O
114,Y,81,-25.309,S1O
114,Y,82,-25.798,S1O
114,Y,83,-26.774,S1O
114,Y,84,-27.262,S1O
114,Y,85,-25.798,S1O
114,Y,86,-22.868,S1O
114,Y,87,-20.426,S1O
114,Y,88,-17.985,S1O
114,Y,89,-17.008,S1O
114,Y,90,-16.520,S1O
114,Y,91,-15.544,S1O
114,Y,92,-15.055,S1O
114,Y,93,-14.079,S1O
114,Y,94,-14.079,S1O
114,Y,95,-14.567,S1O
114,Y,96,-15.055,S1O
114,Y,97,-15.055,S1O
114,Y,98,-14.567,S1O
114,Y,99,-13.102,S1O
114,Y,100,-12.614,S1O
114,Y,101,-12.614,S1O
114,Y,102,-13.102,S1O
114,Y,103,-13.590,S1O
114,Y,104,-12.614,S1O
114,Y,105,-11.149,S1O
114,Y,106,-9.684,S1O
114,Y,107,-8.708,S1O
114,Y,108,-8.708,S1O
114,Y,109,-9.196,S1O
114,Y,110,-10.173,S1O
114,Y,111,-10.661,S1O
114,Y,112,-12.126,S1O
114,Y,113,-13.590,S1O
114,Y,114,-14.567,S1O
114,Y,115,-14.567,S1O
114,Y,116,-13.590,S1O
114,Y,117,-12.126,S1O
114,Y,118,-11.637,S1O
114,Y,119,-12.126,S1O
114,Y,120,-13.102,S1O
114,Y,121,-13.102,S1O
114,Y,122,-11.637,S1O
114,Y,123,-9.684,S1O
114,Y,124,-9.196,S1O
114,Y,125,-10.661,S1O
114,Y,126,-13.590,S1O
114,Y,127,-16.032,S1O
114,Y,128,-16.032,S1O
114,Y,129,-15.055,S1O
114,Y,130,-14.079,S1O
114,Y,131,-14.567,S1O
114,Y,132,-16.032,S1O
114,Y,133,-17.008,S1O
114,Y,134,-16.520,S1O
114,Y,135,-14.079,S1O
114,Y,136,-11.637,S1O
114,Y,137,-9.684,S1O
114,Y,138,-8.708,S1O
114,Y,139,-7.731,S1O
114,Y,140,-6.266,S1O
114,Y,141,-5.290,S1O
114,Y,142,-5.778,S1O
114,Y,143,-7.731,S1O
114,Y,144,-10.661,S1O
114,Y,145,-11.149,S1O
114,Y,146,-9.196,S1O
114,Y,147,-5.778,S1O
114,Y,148,-2.360,S1O
114,Y,149,-1.872,S1O
114,Y,150,-2.848,S1O
114,Y,151,-3.825,S1O
114,Y,152,-3.825,S1O
114,Y,153,-1.872,S1O
114,Y,154,-0.407,S1O
114,Y,155,-0.895,S1O
114,Y,156,-3.825,S1O
114,Y,157,-8.219,S1O
114,Y,158,-11.637,S1O
114,Y,159,-13.102,S1O
114,Y,160,-13.102,S1O
114,Y,161,-13.102,S1O
114,Y,162,-13.102,S1O
114,Y,163,-13.590,S1O
114,Y,164,-14.079,S1O
114,Y,165,-14.567,S1O
114,Y,166,-14.567,S1O
114,Y,167,-15.544,S1O
114,Y,168,-16.032,S1O
114,Y,169,-16.520,S1O
114,Y,170,-16.032,S1O
114,Y,171,-14.567,S1O
114,Y,172,-13.102,S1O
114,Y,173,-13.102,S1O
114,Y,174,-15.544,S1O
114,Y,175,-19.450,S1O
114,Y,176,-21.891,S1O
114,Y,177,-21.891,S1O
114,Y,178,-19.450,S1O
114,Y,179,-16.032,S1O
114,Y,180,-13.590,S1O
114,Y,181,-13.590,S1O
114,Y,182,-14.079,S1O
114,Y,183,-14.079,S1O
114,Y,184,-12.126,S1O
114,Y,185,-8.219,S1O
114,Y,186,-3.825,S1O
114,Y,187,0.081,S1O
114,Y,188,2.523,S1O
114,Y,189,3.988,S1O
114,Y,190,4.476,S1O
114,Y,191,3.988,S1O
114,Y,192,1.546,S1O
114,Y,193,-1.872,S1O
114,Y,194,-6.266,S1O
114,Y,195,-9.196,S1O
114,Y,196,-10.173,S1O
114,Y,197,-10.173,S1O
114,Y,198,-10.173,S1O
114,Y,199,-11.149,S1O
114,Y,200,-14.079,S1O
114,Y,201,-17.497,S1O
114,Y,202,-20.426,S1O
114,Y,203,-21.891,S1O
114,Y,204,-22.380,S1O
114,Y,205,-21.403,S1O
114,Y,206,-20.426,S1O
114,Y,207,-19.938,S1O
114,Y,208,-20.426,S1O
114,Y,209,-21.891,S1O
114,Y,210,-23.356,S1O
114,Y,211,-24.821,S1O
114,Y,212,-25.798,S1O
114,Y,213,-25.309,S1O
114,Y,214,-24.333,S1O
114,Y,215,-22.868,S1O
114,Y,216,-22.380,S1O
114,Y,217,-21.403,S1O
114,Y,218,-21.403,S1O
114,Y,219,-21.403,S1O
114,Y,220,-20.426,S1O
114,Y,221,-19.450,S1O
114,Y,222,-17.497,S1O
114,Y,223,-16.520,S1O
114,Y,224,-17.497,S1O
114,Y,225,-19.450,S1O
114,Y,226,-22.380,S1O
114,Y,227,-24.333,S1O
114,Y,228,-24.333,S1O
114,Y,229,-23.356,S1O
114,Y,230,-21.891,S1O
114,Y,231,-22.380,S1O
114,Y,232,-24.821,S1O
114,Y,233,-27.751,S1O
114,Y,234,-29.704,S1O
114,Y,235,-28.727,S1O
114,Y,236,-25.309,S1O
114,Y,237,-21.403,S1O
114,Y,238,-17.008,S1O
114,Y,239,-14.079,S1O
114,Y,240,-12.126,S1O
114,Y,241,-10.661,S1O
114,Y,242,-10.661,S1O
114,Y,243,-10.173,S1O
114,Y,244,-11.149,S1O
114,Y,245,-12.126,S1O
114,Y,246,-13.590,S1O
114,Y,247,-14.567,S1O
114,Y,248,-14.567,S1O
114,Y,249,-13.590,S1O
114,Y,250,-12.126,S1O
114,Y,251,-11.149,S1O
114,Y,252,-11.149,S1O
114,Y,253,-11.637,S1O
114,Y,254,-12.614,S1O
114,Y,255,-13.590,S1O
